0.0301563 5.54098341807896e-06 7.695033263564788e-08 1.633666684555303 18
0.0603126 3.45286650573903e-05 6.825169838792106e-07 3.120140373195284 62
0.0904689 0.0001073257925656224 2.094101427526343e-06 4.262625117205759 98
0.120625 0.0002406254199293828 7.478786773203288e-06 5.339006510043428 210
0.150782 0.0004502339892578243 1.791615487445457e-05 6.492150997722164 350
0.180938 0.0006193653291672698 3.163580495781021e-05 6.24304946727802 450
0.211094 0.0009532635889797503 5.200858403594359e-05 7.011143524070661 602
0.24125 0.001249977836726421 8.715487169190313e-05 7.004690083919301 762
0.271407 0.001582103579623044 0.0001573046879242821 7.040231554156132 1142
0.301563 0.002003469965341472 0.0002234350210460623 7.250359527818151 1250
0.331719 0.002389065010651422 0.000324942786538724 7.124515393517329 1458
0.361876 0.003152978830081376 0.0004416299721976157 7.879912996615346 1814
0.392032 0.003563885559486127 0.0006111069948128159 7.601151593864841 2178
0.422188 0.004360294330664219 0.0008166947383233727 8.024544183257593 2498
0.452344 0.005068773748822861 0.001122183318380843 8.106740336962465 2622
0.482501 0.005638507114372833 0.001394571213669868 7.921354948571603 3338
0.512657 0.00630816217307161 0.001731675407174349 7.864256289605429 3722
0.542813 0.00725033922953765 0.002198874908609484 8.072221753339273 4170
0.57297 0.008014912554756563 0.002708030078677414 8.002091707015982 4358
0.603126 0.00867881906032842 0.003390284748895618 7.813771440643205 5034
0.633282 0.009909824104440523 0.004074952472841433 8.098016760707321 5714
0.663439 0.01079762751405891 0.004850689063160975 8.041220915324642 5982
0.693595 0.01222444919300962 0.005897812682844281 8.324201468026235 6602
0.723751 0.01293633541083796 0.006714681815088787 8.086122991869559 7130
0.753908 0.01420389563864626 0.008143422911440329 8.184794738720102 8034
0.784064 0.01517745679390333 0.009731883747958551 8.090755942529542 8606
0.81422 0.01644865805706958 0.01118617680647955 8.130929982083225 9066
0.844376 0.01778072993981183 0.01313381486870127 8.172611642558973 9962
0.874533 0.01904354332198697 0.01476737162311036 8.160379821864144 10550
0.904689 0.02025088315225373 0.01676420076465652 8.107495619110484 11226
0.934845 0.02223622518707782 0.01906644650408644 8.335983241922586 12146
0.965002 0.02353301254263723 0.02156021821486436 8.275948109238458 12303
0.995158 0.0162140491530882 0.0159737743626999 5.360335575015688 12584
1.02531 2.303031079745937e-33 1.320586173038766e-33 7.17202872957749e-31 12120
1.05547 2.375482910113886e-33 1.394156950495169e-33 6.98061378656146e-31 11180
1.08563 2.47107561464573e-33 1.460604878931375e-33 6.863232312349126e-31 11096
1.11578 2.448605054207376e-33 1.562335962455683e-33 6.43904141098356e-31 10056
1.14594 2.616995885247097e-33 1.605896018453617e-33 6.524249132775058e-31 9716
1.1761 2.628600976245063e-33 1.666980090815847e-33 6.220786915987043e-31 8604
1.20625 2.779001554893781e-33 1.690263004596926e-33 6.250596927081763e-31 8060
1.23641 2.770781420196322e-33 1.700194680983435e-33 5.932006488808473e-31 7320
1.26656 2.802615884608236e-33 1.685880043823031e-33 5.719965037967526e-31 6356
1.29672 2.844280423683794e-33 1.703353166749001e-33 5.537174144279938e-31 5348
1.32688 2.702657241018344e-33 1.601796307172333e-33 5.023142032239204e-31 4308
1.35703 2.755670122990549e-33 1.580182458504476e-33 4.896757782758682e-31 3563
1.38719 2.581255771479281e-33 1.534615542324957e-33 4.391365571526413e-31 2448
1.41735 2.72223433085601e-33 1.609643209504043e-33 4.434019006867237e-31 1868
1.4475 2.835228817969069e-33 1.567730674867253e-33 4.424209733129029e-31 1358
1.47766 3.025951076901512e-33 1.791992203902898e-33 4.529748464845143e-31 1062
1.50782 2.771889136756467e-33 1.957796085707593e-33 3.99072089463357e-31 776
1.53797 3.001342604606477e-33 1.66033734522164e-33 4.158876324608028e-31 432
1.56813 3.255838247048339e-33 1.585840445987291e-33 4.325232072483337e-31 200
1.59828 2.831152716192309e-33 1.734621212116149e-33 3.614346809233153e-31 168
1.62844 2.995675697407605e-33 1.318328192232553e-33 3.690169699331924e-31 56
1.6586 5.333952003221963e-33 1.289712856252235e-33 6.338408496663642e-31 7


0.0301563 24.4642422120698 2.647971998590476 118658710.6348818 18
0.0603126 296.0387501010711 10.58071692995109 222650883.50134 62
0.0904689 1190.644876960689 10.83411937242513 354695383.1426178 98
0.120625 2540.037601052955 2.974213580270285 409820899.3051654 210
0.150782 2157.514150035125 13.43325653030198 223620166.4646256 350
0.180938 359.3671418544175 37.02469808973093 26312758.48879361 450
0.211094 207.4379546051914 29.06563214606283 11056640.49824615 602
0.24125 702.9422891000737 3.179549055210583 27932293.610193 762
0.271407 288.846358746669 5.45213703952987 9105089.678849168 1142
0.301563 26.53011245514303 7.443858087142829 691430.9965815219 1250
0.331719 116.8379735609994 0.9082674541386557 2460227.538676363 1458
0.361876 49.09172006683372 1.551198799785507 866684.8499741317 1814
0.392032 9.369184534903003 1.50450967505792 141808.2809608681 2178
0.422188 23.79382578461311 0.180548963502105 308644.1343570796 2498
0.452344 5.553591696182538 0.5255408741354993 62744.75384105512 2622
0.482501 3.805919700704367 0.2641213342540644 37724.08209795698 3338
0.512657 4.160172124284272 0.09265909337634309 36532.15311622104 3722
0.542813 1.269361709852976 0.1324318120210798 9969.809094643811 4170
0.57297 1.293807676409242 0.06271947117900284 9099.195366338337 4358
0.603126 0.8391535120689771 0.04986879846771807 5321.426711789286 5034
0.633282 0.6116818451247461 0.0331577393248074 3519.738280320551 5714
0.663439 0.3994271319481583 0.03023998247165306 2094.852069776756 5982
0.693595 0.2559738768183635 0.02653223545847051 1227.782007128141 6602
0.723751 0.2609193089073745 0.01605830625808541 1148.009224593373 7130
0.753908 0.2254457581369781 0.01275104634351934 914.239719101125 8034
0.784064 0.1692123113122101 0.01212968344477806 634.8102779747643 8606
0.81422 0.133932845092286 0.0110993619660581 465.9319210358947 9066
0.844376 0.1105685520884792 0.01099337048490009 357.6689916573234 9962
0.874533 0.09515035407096455 0.01058537392636802 286.9570866284876 10550
0.904689 0.09303890196331827 0.009345414750122785 262.1024812318428 11226
0.934845 0.08982596865619245 0.009115935716353928 236.9398994789475 12146
0.965002 0.08528420799593042 0.007311426330118027 210.9920722803841 12303
0.995158 0.04418349536644406 0.004080344251746418 102.755027763546 12584
1.02531 4.747849483281415e-27 5.2416922605035e-28 1.040567393299068e-23 12120
1.05547 5.073454581579208e-27 5.833314820426352e-28 1.049212193790038e-23 11180
1.08563 5.593046565018057e-27 6.449529190365659e-28 1.093178287040592e-23 11096
1.11578 6.172051520436055e-27 7.079262821087962e-28 1.142102291401426e-23 10056
1.14594 6.533577537099128e-27 8.166082567954478e-28 1.146208002612004e-23 9716
1.1761 6.939270009132641e-27 8.88389324353147e-28 1.155609082024969e-23 8604
1.20625 7.515615204240005e-27 9.784384355447128e-28 1.189513152865072e-23 8060
1.23641 8.229079154093731e-27 1.054554395578664e-27 1.239676759436127e-23 7320
1.26656 8.970003077429799e-27 1.178002982655381e-27 1.288190550041693e-23 6356
1.29672 9.333696392629797e-27 1.307094687580468e-27 1.278598499745125e-23 5348
1.32688 9.770863587363519e-27 1.381551448507537e-27 1.27783145197256e-23 4308
1.35703 1.047193243751031e-26 1.586184273469263e-27 1.309411919628413e-23 3563
1.38719 1.042502308628377e-26 1.724768410124177e-27 1.248006620312622e-23 2448
1.41735 1.185049356621875e-26 1.898299687266456e-27 1.358182873732732e-23 1868
1.4475 1.222762553703016e-26 1.99970659589013e-27 1.342570582670384e-23 1358
1.47766 1.236923973946583e-26 2.257438425645936e-27 1.302955478297707e-23 1062
1.50782 1.527430600600586e-26 2.508075291285692e-27 1.547258724630137e-23 776
1.53797 1.466093338496579e-26 2.761814430532839e-27 1.429494095799434e-23 432
1.56813 1.271094519477193e-26 2.800930041038911e-27 1.188302515516097e-23 200
1.59828 1.627144611859987e-26 2.940408953478762e-27 1.461546404372416e-23 168
1.62844 1.423340628265997e-26 4.4045362217763e-27 1.234077268974369e-23 56
1.6586 2.229662436869602e-26 4.793112105209431e-27 1.864430255401481e-23 7


0.0301563 60.49873236615842 0.1078709267743652 394877385.8775049 18
0.0603126 229.3854539142484 2.387914943441975 316120140.0257214 62
0.0904689 154.8922197866351 11.57915626219708 93819289.90479334 98
0.120625 68.74091743548546 21.02211775369314 25620111.98923093 210
0.150782 765.7591529907509 6.304207493243543 148215688.6029465 350
0.180938 534.6264574755269 5.324001416731805 71741868.54495578 450
0.211094 70.95132923980675 11.51156245682859 7188715.612860103 602
0.24125 300.444246714743 1.208303145485977 22209417.78516738 762
0.271407 49.84540242970135 3.715952064932757 2951358.180808265 1142
0.301563 87.59862349966023 0.6765302382674112 4167623.18380282 1250
0.331719 15.86400495601775 1.350090164235658 626263.055162142 1458
0.361876 28.84099537082595 0.2991223461060384 945951.1590830678 1814
0.392032 5.670796257488701 0.490941621896651 159519.3327619716 2178
0.422188 9.219442141642922 0.1142836812189608 222393.2961415683 2498
0.452344 2.304109794649257 0.1805150291875056 48460.52358343756 2622
0.482501 2.740477636364644 0.05866113380970939 50439.75400992859 3338
0.512657 1.240345878514511 0.05514120340446488 20271.64817254755 3722
0.542813 0.8739706773691054 0.03309007500724695 12747.29899540614 4170
0.57297 0.6095734937166697 0.02141644841508016 7969.347305216413 4358
0.603126 0.347498950653656 0.01813054332210839 4097.769208971648 5034
0.633282 0.3007856216378145 0.01050499355376265 3216.820225103543 5714
0.663439 0.1751783931935207 0.01047719794362077 1708.167978333173 5982
0.693595 0.1577792244343497 0.007037949648457924 1405.915861357153 6602
0.723751 0.1301987885773629 0.005108159822136431 1064.639718449039 7130
0.753908 0.08434506881647728 0.005202262243383586 635.9986343220309 8034
0.784064 0.07116173179534281 0.00435512121715863 496.2981501124852 8606
0.81422 0.07208954713837416 0.003208985849507669 466.013581180018 9066
0.844376 0.06577966620369022 0.002952928269093448 395.3369774548577 9962
0.874533 0.05812359723122367 0.002809090947082512 325.660841511972 10550
0.904689 0.0473285106209031 0.002928941888255335 247.7765676525055 11226
0.934845 0.0475176475758424 0.002752025366175095 232.9113705796255 12146
0.965002 0.03987100405631025 0.002438569826932153 183.3231255920595 12303
0.995158 0.02436295950932434 0.001127827830755086 105.2769988096623 12584
1.02531 4.822055423646272e-27 3.237514590575963e-28 1.963901101798058e-23 12120
1.05547 5.139990183025479e-27 3.63631360670651e-28 1.975318582382479e-23 11180
1.08563 5.515652729941773e-27 4.15348954128256e-28 2.003416182755176e-23 11096
1.11578 6.061948644747715e-27 4.456766005030808e-28 2.084538008355772e-23 10056
1.14594 6.726813336582162e-27 4.937173077210215e-28 2.192895816147634e-23 9716
1.1761 7.098356476068446e-27 5.53603462228676e-28 2.196645136355488e-23 8604
1.20625 7.387415520369095e-27 6.108811536878246e-28 2.172759009009249e-23 8060
1.23641 8.050393442692783e-27 6.658800171558309e-28 2.253669421873625e-23 7320
1.26656 8.665796396056818e-27 7.377959804304954e-28 2.312656684275341e-23 6356
1.29672 8.896585289175945e-27 7.944347416368119e-28 2.264719892169707e-23 5348
1.32688 9.854788855758113e-27 8.241803106485588e-28 2.394841822099594e-23 4308
1.35703 1.007323666114379e-26 9.130359166324586e-28 2.340513497289296e-23 3563
1.38719 1.077698853895206e-26 1.001815085199864e-27 2.397264251630004e-23 2448
1.41735 1.133631765314874e-26 1.173506382074837e-27 2.414385915601895e-23 1868
1.4475 1.230914469050032e-26 1.242229310151585e-27 2.511431027434246e-23 1358
1.47766 1.319197630781376e-26 1.267966211014272e-27 2.581993910664655e-23 1062
1.50782 1.482802415397734e-26 1.473014744466151e-27 2.791092246460353e-23 776
1.53797 1.444551284523448e-26 1.626981358437472e-27 2.617242202668299e-23 432
1.56813 1.365976043162023e-26 1.573271731271153e-27 2.372713977191114e-23 200
1.59828 1.624060728112619e-26 1.807884739446151e-27 2.710691393362742e-23 168
1.62844 1.683694109728858e-26 1.586912293342266e-27 2.711609706866651e-23 56
1.6586 5.18162410736102e-27 2.049348143167017e-27 8.060985049983991e-24 7


0.0301563 0.9914322310369234 0.7024855242535119 75076248.78700295 18
0.0603126 56.52800488848287 2.66140709714954 131529076.0516739 62
0.0904689 332.5807552587336 1.352896398078757 272585841.4823135 98
0.120625 535.2105411060921 1.878253804958171 236998191.152763 210
0.150782 84.39687753345554 11.19385227541659 26115622.94135895 350
0.180938 322.2744320725635 2.367549649509418 63349591.31412975 450
0.211094 148.3207736570789 4.138252570645587 21322729.64264984 602
0.24125 117.5287997315545 1.930796967922499 12764084.1101261 762
0.271407 45.61464951790028 1.645776567269805 3937625.947487843 1142
0.301563 50.24156589201758 0.4107456049057146 3498154.673228879 1250
0.331719 9.188416884963324 0.7219861262859611 532220.1894861092 1458
0.361876 14.65526170336405 0.2364495249156948 703777.2998849947 1814
0.392032 7.233939045171904 0.1544023050343344 296332.3411456314 2178
0.422188 2.840404701200257 0.1370040015351805 100575.0726202751 2498
0.452344 2.744149314042075 0.05720950127601307 84159.60960388368 2622
0.482501 1.308392629111561 0.04106294354840368 35255.96972547127 3338
0.512657 0.8714023723614811 0.0256269196394598 20822.20877538314 3722
0.542813 0.4976181548330552 0.01836278058711014 10618.91257384194 4170
0.57297 0.3648762983179404 0.01157379492882759 6977.368530147968 4358
0.603126 0.2478638139090653 0.008230473006537032 4272.900009189486 5034
0.633282 0.1566199957393584 0.006456991881442975 2450.777025135326 5714
0.663439 0.123766094729839 0.004878195907774399 1764.342864703751 5982
0.693595 0.1072618622939446 0.003297211461814794 1397.360622548953 6602
0.723751 0.06402051671593302 0.003250266287479761 765.9617019162728 7130
0.753908 0.0655717629445715 0.002162757942714897 722.6663487024829 8034
0.784064 0.05190900871117934 0.001950153533447073 529.2076213624302 8606
0.81422 0.03636084453116724 0.001998336471235609 343.8554601402349 9066
0.844376 0.03625564532719319 0.001691187585491395 318.6811905301311 9962
0.874533 0.03795791546387912 0.001367158042276309 310.9423090419402 10550
0.904689 0.03341964445782912 0.001328184140153108 255.7689498132727 11226
0.934845 0.03051911197430032 0.001383893373741789 218.7196826586789 12146
0.965002 0.02545356561146486 0.001217260991769869 171.1141679694327 12303
0.995158 0.01488937154452503 0.0005890595183409477 94.07334477057641 12584
1.02531 4.542012330512572e-27 2.388413190996252e-28 2.704637833605601e-23 12120
1.05547 4.758644636596252e-27 2.660250466228312e-28 2.673829578549518e-23 11180
1.08563 5.279332345045953e-27 2.982211975152201e-28 2.80355369764408e-23 11096
1.11578 5.628409044473232e-27 3.23905653677071e-28 2.829760436499982e-23 10056
1.14594 6.212810670363953e-27 3.559405591303733e-28 2.961141048405458e-23 9716
1.1761 6.626238770401952e-27 3.955376219429282e-28 2.997942174428751e-23 8604
1.20625 6.993731869613266e-27 4.435417814070167e-28 3.007346166516624e-23 8060
1.23641 7.422472343575973e-27 4.83213808492145e-28 3.037961563001311e-23 7320
1.26656 8.09101319717054e-27 5.303571085580136e-28 3.156881892516993e-23 6356
1.29672 8.341363323858492e-27 5.723798604240239e-28 3.104418654279767e-23 5348
1.32688 9.10176479105792e-27 6.13874295666591e-28 3.233827046288801e-23 4308
1.35703 9.322827215757233e-27 6.732246580257494e-28 3.166992868318912e-23 3563
1.38719 1.044641873810952e-26 6.941664612930662e-28 3.397125629643527e-23 2448
1.41735 1.098593807745564e-26 7.955225385500939e-28 3.420521800026943e-23 1868
1.4475 1.173571495823734e-26 8.780262616141573e-28 3.500578661204306e-23 1358
1.47766 1.289327795085536e-26 9.155125392563079e-28 3.689267137166671e-23 1062
1.50782 1.380018387013565e-26 9.739604972225398e-28 3.797505311605154e-23 776
1.53797 1.526040106995902e-26 9.506425660259084e-28 4.041493371528789e-23 432
1.56813 1.330815207134185e-26 8.824013967164487e-28 3.379065083194611e-23 200
1.59828 1.340328179021117e-26 1.194359684780576e-27 3.270716287235581e-23 168
1.62844 1.820274381917974e-26 1.302917081293804e-27 4.285803815860915e-23 56
1.6586 1.887740715427282e-26 5.894249952644673e-28 4.286487059765323e-23 7


0.0301563 24.32423003723055 0.00270714049266612 320869109.9766337 18
0.0603126 97.79278948565423 0.6323596474818806 266108474.9124609 62
0.0904689 47.80548229731974 4.463974166647366 63071802.11142997 98
0.120625 82.18070346547142 6.628709914247052 53623067.09651563 210
0.150782 353.4635499980348 1.23899298455152 132078255.3969682 350
0.180938 39.79856696194499 5.306817342296913 11177741.34610449 450
0.211094 174.3155397201352 1.036053944509244 32772384.15844658 602
0.24125 30.74483204198986 2.34850852064289 4506106.21598228 762
0.271407 49.93000688188083 0.6336556711283681 5650963.319070024 1142
0.301563 27.19443343503886 0.4213353337889101 2498873.973393971 1250
0.331719 7.509285817844527 0.4374711099672183 572479.9813280414 1458
0.361876 9.121377176914066 0.1727050985613391 577328.9056829481 1814
0.392032 5.509311176910643 0.08624337746805179 297066.438527992 2178
0.422188 2.334806509050751 0.07682197092637678 108775.9008846774 2498
0.452344 1.388927466633804 0.04955814957850352 56193.96596937396 2622
0.482501 0.992652993507548 0.02390025255888534 35208.06152368795 3338
0.512657 0.5379641067398568 0.01806533555661083 16936.13727922268 3722
0.542813 0.3858165940820847 0.01046183153083917 10835.60817597457 4170
0.57297 0.2625703341445188 0.006986397125199317 6609.727541179097 4358
0.603126 0.155716042978698 0.005731586016669392 3535.594180432433 5034
0.633282 0.1240543554706006 0.003590378929842879 2554.534285356857 5714
0.663439 0.07975279981004815 0.003280327397416153 1497.176282355259 5982
0.693595 0.0773470320316642 0.00198864168777083 1326.317833967137 6602
0.723751 0.04642062471648617 0.00198408018258997 731.0796868620632 7130
0.753908 0.04473435099532286 0.001399770432414975 649.0150208154289 8034
0.784064 0.03589111075589284 0.001235528449480125 481.6659399606152 8606
0.81422 0.02772906023830041 0.001160286762524412 345.1099147792415 9066
0.844376 0.0283883745600403 0.0009526925754252905 328.3755845978496 9962
0.874533 0.02483898398860455 0.0009232229840470389 267.8618555238929 10550
0.904689 0.02168597636013884 0.0008978643756802532 218.4905249348517 11226
0.934845 0.0236897287121812 0.0007768310769497589 223.4227052463315 12146
0.965002 0.01997272955056454 0.000680715976591173 176.6928961641145 12303
0.995158 0.009393657376243295 0.0004120816553694449 78.13218309856509 12584
1.02531 4.316816744577933e-27 1.923943811350987e-28 3.383248608685615e-23 12120
1.05547 4.589827127504461e-27 2.149294815817117e-28 3.39429781907008e-23 11180
1.08563 4.981711103214046e-27 2.365924524135632e-28 3.481839567115816e-23 11096
1.11578 5.413318933626136e-27 2.607205188364983e-28 3.581987848424564e-23 10056
1.14594 5.769434737096897e-27 2.88233956127699e-28 3.619214493056663e-23 9716
1.1761 6.16623673971649e-27 3.143501354585005e-28 3.67178053581235e-23 8604
1.20625 6.737171675496113e-27 3.513621451112515e-28 3.812753691813686e-23 8060
1.23641 7.10439978837099e-27 3.773643697480756e-28 3.826866554868799e-23 7320
1.26656 7.496996213092623e-27 4.143376027794129e-28 3.849762294810717e-23 6356
1.29672 8.105623051246522e-27 4.420572901722527e-28 3.970088829347468e-23 5348
1.32688 8.555731357014225e-27 4.873102721930294e-28 4.000705034849171e-23 4308
1.35703 8.611339121983765e-27 5.318841305182442e-28 3.850025909825078e-23 3563
1.38719 1.000597725694907e-26 5.279985727380442e-28 4.282246607274887e-23 2448
1.41735 1.063605500766111e-26 6.063447426678777e-28 4.358126520989482e-23 1868
1.4475 1.170319113465872e-26 7.048672758640169e-28 4.594129302262187e-23 1358
1.47766 1.06587810912898e-26 7.468513202211675e-28 4.014323709959438e-23 1062
1.50782 1.238584375017037e-26 8.07734493240535e-28 4.485842806812006e-23 776
1.53797 1.255452593782948e-26 8.566999382072122e-28 4.376394816890275e-23 432
1.56813 1.028641102370612e-26 7.69441190451235e-28 3.43791964856565e-23 200
1.59828 1.377585895110992e-26 9.518250312126021e-28 4.423926866408086e-23 168
1.62844 1.281475791014998e-26 1.220732175427538e-27 3.972000518644034e-23 56
1.6586 7.586967791070005e-27 1.456592513768822e-27 2.270418999641937e-23 7


0.0301563 0.1355808598203991 0.3457226336687572 83002605.38503008 18
0.0603126 16.56374409992512 1.496904508874521 82767463.55446826 62
0.0904689 156.3833681475442 0.7399336052276189 212955175.3380871 98
0.120625 230.8962574096714 1.438693881444771 169251008.86861 210
0.150782 58.29401994396527 4.907175422861137 29652742.40550574 350
0.180938 176.715982739994 0.7749763516165649 56851767.31109691 450
0.211094 43.23629435970005 2.505130567961152 10422179.15134167 602
0.24125 57.92559323046899 0.9417413495652758 10314052.42648728 762
0.271407 33.04613519306423 0.5189297366498766 4651184.207767338 1142
0.301563 12.27994018491786 0.4754994930579478 1411267.517234898 1250
0.331719 8.102796262736625 0.2543254540287439 763403.6395006124 1458
0.361876 7.094768352393187 0.1133471483347645 557196.6357696377 1814
0.392032 3.845542851420629 0.06674786274761996 257454.0724962787 2178
0.422188 1.799696574426794 0.05277081349030889 104054.3544223525 2498
0.452344 1.091366578198171 0.03331165327203193 54784.99836808653 2622
0.482501 0.6968421912663351 0.01791842930993069 30681.11399731021 3338
0.512657 0.4437475110019012 0.01155205481210499 17326.0335560398 3722
0.542813 0.2513801823507922 0.008318041192615196 8766.145911946654 4170
0.57297 0.1862075585954094 0.005216817927380923 5817.143984556825 4358
0.603126 0.1314268139977605 0.003590728684331071 3700.498394443296 5034
0.633282 0.08475291774735995 0.002741633017582389 2165.952953251965 5714
0.663439 0.07438217265597277 0.001863898858962701 1730.94991190464 5982
0.693595 0.04664330257647291 0.00172968540198948 992.9340913766105 6602
0.723751 0.04420995451143353 0.001098329724370026 863.0875919093028 7130
0.753908 0.02802605117828675 0.001150768152515704 504.6836778369183 8034
0.784064 0.02974914351893927 0.0007706847384065546 495.1044371147393 8606
0.81422 0.02116792216800947 0.0008021464839125636 326.7933332674597 9066
0.844376 0.02084456090284247 0.0006809233392656193 299.0980823159355 9962
0.874533 0.01860987352408907 0.0006455766072604293 248.9363839003864 10550
0.904689 0.01649029319486374 0.0006166183099403945 206.0782882544589 11226
0.934845 0.01758926474122473 0.0005467334518181164 205.7635452484046 12146
0.965002 0.01403285053631996 0.0005097427122764189 154.0035823687751 12303
0.995158 0.007278379217278907 0.0002781866144720252 75.08455676327725 12584
1.02531 4.145354327107832e-27 1.634925892314975e-28 4.029546438193421e-23 12120
1.05547 4.405330850571612e-27 1.825257455904982e-28 4.040689401625447e-23 11180
1.08563 4.711414824246858e-27 2.010199844746676e-28 4.08422025867742e-23 11096
1.11578 5.042121961394457e-27 2.252088172987639e-28 4.138206583770846e-23 10056
1.14594 5.701883460766111e-27 2.396203876999017e-28 4.436035800022741e-23 9716
1.1761 5.946540480244442e-27 2.61419533909447e-28 4.39163716858063e-23 8604
1.20625 6.337055655721687e-27 2.916753496464478e-28 4.447949235605198e-23 8060
1.23641 6.733564083478535e-27 3.166896089404554e-28 4.49854644700368e-23 7320
1.26656 7.402085231856893e-27 3.366737269872943e-28 4.713948157800679e-23 6356
1.29672 7.737843770649114e-27 3.730584858500339e-28 4.700454426622027e-23 5348
1.32688 7.954901233761053e-27 4.171845680458878e-28 4.613544806938882e-23 4308
1.35703 8.633794419133897e-27 4.291612013450853e-28 4.787053624616709e-23 3563
1.38719 8.771773743118249e-27 4.958875339255113e-28 4.656537353535352e-23 2448
1.41735 9.774451422987198e-27 5.069061496934424e-28 4.967310292375085e-23 1868
1.4475 1.109557541946551e-26 5.861231731929771e-28 5.401903177221125e-23 1358
1.47766 1.163595187016795e-26 5.746221543891538e-28 5.434240934365272e-23 1062
1.50782 1.19382079180284e-26 6.566425697792891e-28 5.36216688370054e-23 776
1.53797 1.330080047983523e-26 6.731958064659748e-28 5.749668532426192e-23 432
1.56813 1.263493871525907e-26 5.319106174709805e-28 5.235790596273781e-23 200
1.59828 1.25684610019515e-26 7.523289388817658e-28 5.005657247469154e-23 168
1.62844 1.495697856770661e-26 8.19734643716449e-28 5.747908961144606e-23 56
1.6586 1.146250253968256e-26 5.574547974440755e-28 4.249244200761132e-23 7


0.0301563 13.03742438606497 0.00966525919015891 271423228.5205861 18
0.0603126 62.79363483601142 0.1770046048133651 255582076.4913678 62
0.0904689 35.10469633047742 2.296208585161053 69532526.47042428 98
0.120625 56.71416338714162 3.456687899455485 55758415.64076805 210
0.150782 175.0238131304539 1.153038891867111 97801731.37164654 350
0.180938 42.15774257581417 2.489002451939771 17088775.5225064 450
0.211094 77.04036262185932 1.025140326745566 21634083.74551974 602
0.24125 48.69037889587705 0.6152347120806555 10352854.73074213 762
0.271407 16.74632936868019 0.586682263132586 2842867.972595352 1142
0.301563 10.63364413142221 0.34033324285046 1459214.210121703 1250
0.331719 9.19524795831822 0.1271832644122463 1030717.583458218 1458
0.361876 5.210145226531225 0.09193790413559845 489150.7216756696 1814
0.392032 2.645508078226858 0.05848723013266057 211828.7832350612 2178
0.422188 1.359003810905538 0.04093493951492211 93913.83009689581 2498
0.452344 0.8846480833480616 0.02430264831075197 53037.07296489995 2622
0.482501 0.5319017197659004 0.01379256361795548 27977.78455530265 3338
0.512657 0.3663685386667526 0.008198411498040755 17079.31858072364 3722
0.542813 0.2030310890449396 0.006081746953834095 8454.737388053814 4170
0.57297 0.1407378230367825 0.004037167290962134 5251.65580023217 4358
0.603126 0.1080529622917111 0.002562925963806931 3632.281283438108 5034
0.633282 0.07010262309501122 0.001955519238435626 2138.877815923644 5714
0.663439 0.04972146402499772 0.001638358329802596 1382.545045965698 5982
0.693595 0.04434215914688036 0.001079040524824757 1126.318333202438 6602
0.723751 0.02768872355896436 0.001024157478283324 645.9594289913015 7130
0.753908 0.02808175344775916 0.0006821440507908887 603.2981368074363 8034
0.784064 0.0194308837162111 0.0006962443012093491 386.3312513807088 8606
0.81422 0.01979327932494654 0.0005015524542944149 364.6506983866803 9066
0.844376 0.01566671277096708 0.0005332464195781386 268.4346047165868 9962
0.874533 0.01547516237716717 0.000455324057333519 247.1088901424322 10550
0.904689 0.01345584716794412 0.0004462645877872326 200.7456943178367 11226
0.934845 0.01320051287805804 0.0004289126685349378 184.3811302444583 12146
0.965002 0.01099020952230926 0.0003822684755341898 143.997355691824 12303
0.995158 0.005992795446088766 0.0001994086821002266 73.80023266359102 12584
1.02531 3.892107737718306e-27 1.446115524735136e-28 4.516790902609832e-23 12120
1.05547 4.265972797943997e-27 1.568584473616824e-28 4.671035717624929e-23 11180
1.08563 4.603238223586208e-27 1.724156929842141e-28 4.763581966744732e-23 11096
1.11578 4.952694436062324e-27 1.904449304754664e-28 4.852231097904156e-23 10056
1.14594 5.288642319671361e-27 2.139569991004784e-28 4.912102312802129e-23 9716
1.1761 5.586970034228047e-27 2.298962962122583e-28 4.925724735786372e-23 8604
1.20625 6.12692364070784e-27 2.531856131003489e-28 5.133684721008361e-23 8060
1.23641 6.564280538243079e-27 2.693066084621242e-28 5.234988435833574e-23 7320
1.26656 6.762998023417945e-27 3.001026698900973e-28 5.141772236177327e-23 6356
1.29672 7.623512073633604e-27 3.144900886903409e-28 5.528007385684458e-23 5348
1.32688 8.00440462580552e-27 3.580641229250816e-28 5.541400516523039e-23 4308
1.35703 8.497902694052929e-27 3.65759936818354e-28 5.624364039750318e-23 3563
1.38719 8.576274915861754e-27 4.253352256237482e-28 5.434673906016114e-23 2448
1.41735 9.743764366096614e-27 4.324271632193239e-28 5.910769881783225e-23 1868
1.4475 1.068177553324446e-26 4.937599670068917e-28 6.207766354253367e-23 1358
1.47766 1.044438311681142e-26 5.225512550723992e-28 5.823164093959274e-23 1062
1.50782 1.207389503523382e-26 5.399915468435412e-28 6.473244494293148e-23 776
1.53797 1.051343837202927e-26 6.121150359402271e-28 5.426085785217591e-23 432
1.56813 1.016033930247168e-26 5.444443896220694e-28 5.027012072967171e-23 200
1.59828 1.19014476164621e-26 6.98120704978682e-28 5.658513273886307e-23 168
1.62844 1.45858177378541e-26 7.819802537178411e-28 6.691437255941685e-23 56
1.6586 6.082015116819837e-27 7.667596232049155e-28 2.693803020065822e-23 7


0.0301563 1.076660676635015 0.1926022233597577 108495900.7770283 18
0.0603126 4.1110906208356 1.038904932901183 55610983.34161335 62
0.0904689 85.71923036023075 0.656888640618557 166506273.5145348 98
0.120625 139.1310777764089 0.9224160099215586 143189073.3987803 210
0.150782 51.96432399542157 2.662258963323998 36293054.62904143 350
0.180938 87.06371875420528 0.9209126228458517 39299242.68638936 450
0.211094 49.85990842211501 1.039499926570867 16422519.97440191 602
0.24125 19.43779576608881 0.9062257600642151 4920582.775829056 762
0.271407 19.89543856562938 0.3313757722160244 3900820.713425186 1142
0.301563 13.05483865578243 0.1711874402735713 2070797.603445073 1250
0.331719 6.566007515785165 0.1176170198395486 857626.2952538596 1458
0.361876 3.402302631317657 0.09030564653658239 372639.9158716702 1814
0.392032 1.834357554712897 0.05311663320213958 171191.7168143594 2178
0.422188 1.13457515335288 0.03148713009978796 91186.75883635307 2498
0.452344 0.7323317062495919 0.01876120770157308 51060.3306034155 2622
0.482501 0.4302657199621291 0.01085804772994959 26322.19649691689 3338
0.512657 0.2964069448040665 0.006460077681862261 16068.78270917884 3722
0.542813 0.1701606916703516 0.004640360867917213 8238.576636896507 4170
0.57297 0.1149356474445445 0.00314715258671541 4987.01749765944 4358
0.603126 0.08393839228859826 0.002108733724378742 3281.539831861497 5034
0.633282 0.05832418211348971 0.001499764884884533 2068.814822627712 5714
0.663439 0.04217410794780849 0.001232841108918278 1363.199816701692 5982
0.693595 0.03229273294712997 0.0009481152764254562 954.0814486218197 6602
0.723751 0.0269633466049623 0.000678706759001175 730.7953804116398 7130
0.753908 0.01869266954112266 0.0006516175424986882 467.2283334252986 8034
0.784064 0.01815374677317131 0.0004779042701016401 419.4081915583762 8606
0.81422 0.01372888477391105 0.0004628476918159247 294.1893404870509 9066
0.844376 0.01383310835792201 0.000384840471230674 275.4665647008046 9962
0.874533 0.01190843526501115 0.0003766888939598667 221.0903134686068 10550
0.904689 0.01126063136175055 0.0003389351336257243 195.2765742917026 11226
0.934845 0.01097099669899007 0.000329240473159896 178.1269882754101 12146
0.965002 0.009495054483747377 0.000282082107358182 144.5967535829706 12303
0.995158 0.004766194408142935 0.0001596542193285224 68.23369276392781 12584
1.02531 3.708417047217394e-27 1.290209935520418e-28 5.002560298785237e-23 12120
1.05547 4.070694667512738e-27 1.414105983315687e-28 5.181118315920865e-23 11180
1.08563 4.31942325597646e-27 1.554248954656915e-28 5.195897910762506e-23 11096
1.11578 4.760523090525466e-27 1.682545552210588e-28 5.421199143926075e-23 10056
1.14594 5.190851019331579e-27 1.884564577308648e-28 5.603891270699414e-23 9716
1.1761 5.425169077437023e-27 2.032835716341928e-28 5.559561153958222e-23 8604
1.20625 5.962738489983079e-27 2.22520486546476e-28 5.807112645233438e-23 8060
1.23641 6.233777858588822e-27 2.409383854417301e-28 5.778610451108652e-23 7320
1.26656 6.602003085073629e-27 2.645025743226134e-28 5.83409999274018e-23 6356
1.29672 7.183800940106813e-27 2.847798744538461e-28 6.05499039124284e-23 5348
1.32688 7.661529335552929e-27 3.114605904000345e-28 6.164974634893465e-23 4308
1.35703 7.954826943559671e-27 3.417439774969584e-28 6.119983604917388e-23 3563
1.38719 8.672383783115354e-27 3.653928795568431e-28 6.387209533312766e-23 2448
1.41735 8.599392201100136e-27 4.103378706375174e-28 6.064147171334367e-23 1868
1.4475 1.037545480679696e-26 4.302160717390746e-28 7.008358180575616e-23 1358
1.47766 1.043423976666978e-26 4.447678057740786e-28 6.761416072141385e-23 1062
1.50782 1.121020907765749e-26 4.747921190822342e-28 6.985826502187274e-23 776
1.53797 1.112460824255398e-26 4.791652052949084e-28 6.672321692509699e-23 432
1.56813 1.094470675284857e-26 4.862585748606154e-28 6.293477054249919e-23 200
1.59828 1.118631015395328e-26 6.361882724761018e-28 6.182154019325527e-23 168
1.62844 1.198853607975735e-26 6.483238918909378e-28 6.393075787091681e-23 56
1.6586 9.340293591186199e-27 5.252527663146989e-28 4.804753441591268e-23 7


0.0301563 7.260443324785345 0.03145980895979934 224825628.3819964 18
0.0603126 45.0638331280488 0.03720970225800898 245184851.7519253 62
0.0904689 33.84453853308542 1.28891782537021 85661754.30081333 98
0.120625 36.18960330076568 2.28990142917091 49410863.99789402 210
0.150782 105.4037274034591 0.9500154799960429 78919641.52961242 350
0.180938 43.8769670229761 1.298816147566695 23191553.95157783 450
0.211094 36.05769961867919 0.9690695554029521 13657968.79743554 602
0.24125 34.50559497892891 0.3587404397116363 9740433.482743768 762
0.271407 14.43306941829798 0.3101495349194333 3240262.65300766 1142
0.301563 8.231843740187758 0.1933545698518417 1497415.103022729 1250
0.331719 3.903969996749376 0.1295136487072736 585398.0570592616 1458
0.361876 2.894043492760162 0.07231805892788143 361563.6882324762 1814
0.392032 1.576867184081325 0.04218278794784296 167823.1799952436 2178
0.422188 1.089555059181427 0.02229492093570964 99725.4381249555 2498
0.452344 0.6295552760221643 0.01478001385063219 50045.31622749101 2622
0.482501 0.3607050181314278 0.008750586805418263 25162.85611348564 3338
0.512657 0.2425184849456409 0.00534395691192064 14992.99839551963 3722
0.542813 0.1417940093467496 0.003762753737098034 7827.930573884679 4170
0.57297 0.09524564344043561 0.002565993802985322 4712.16307496398 4358
0.603126 0.06736170998706512 0.001775089919594365 3003.104274382297 5034
0.633282 0.05023498383334513 0.001173416718538404 2031.061037397758 5714
0.663439 0.03579788550778804 0.0009850480042606579 1319.026289134767 5982
0.693595 0.02608343403984907 0.0007883693306304458 878.6609909835347 6602
0.723751 0.02278168413926504 0.0005436999292398638 703.8257062595737 7130
0.753908 0.01778000436297417 0.0004662238394865978 506.3256415465958 8034
0.784064 0.01363736295822796 0.0004287040579799401 359.2937727717681 8606
0.81422 0.01328625872865956 0.0003236288165988853 324.3575758147331 9066
0.844376 0.01082545023533527 0.000332049524976628 245.7796677981782 9962
0.874533 0.01023447950035301 0.0002956941100297801 216.5647476270122 10550
0.904689 0.009260911801527083 0.0002792378722872155 183.065335579086 11226
0.934845 0.009359257902588741 0.0002616423950694959 173.1950399094976 12146
0.965002 0.008022449476497063 0.0002259188851252526 139.2465290438188 12303
0.995158 0.004232310018618949 0.0001221596982784805 69.05021948728228 12584
1.02531 3.623734920810055e-27 1.180487276764053e-28 5.57144193776611e-23 12120
1.05547 3.888298829871598e-27 1.302688047512814e-28 5.64072616196072e-23 11180
1.08563 4.149804918535049e-27 1.418383305606709e-28 5.689492256087261e-23 11096
1.11578 4.602098465037745e-27 1.517554214452682e-28 5.973026580302868e-23 10056
1.14594 4.949229277814585e-27 1.711648287499327e-28 6.089691968612236e-23 9716
1.1761 5.325272842847136e-27 1.833787904685556e-28 6.219513725934922e-23 8604
1.20625 5.755455973927848e-27 2.05454849459926e-28 6.38847284489456e-23 8060
1.23641 6.17135918778323e-27 2.198796026266332e-28 6.519846019490661e-23 7320
1.26656 6.42456599309469e-27 2.334742106238263e-28 6.470218709254691e-23 6356
1.29672 6.957240107665664e-27 2.609132112527029e-28 6.683270292403956e-23 5348
1.32688 7.201618582971562e-27 2.863739389967411e-28 6.604698360336962e-23 4308
1.35703 7.542916341985112e-27 3.017863173994916e-28 6.613685061128293e-23 3563
1.38719 8.365420594654761e-27 3.218883222074649e-28 7.021609670399351e-23 2448
1.41735 9.099079703458406e-27 3.438897739553497e-28 7.311710222715232e-23 1868
1.4475 9.628291862551901e-27 4.116079454423672e-28 7.412682981366308e-23 1358
1.47766 9.82963447110706e-27 4.12053900164405e-28 7.259593478600688e-23 1062
1.50782 1.014849664827459e-26 4.75245251591917e-28 7.208539282322681e-23 776
1.53797 1.194838916381302e-26 4.291563341844282e-28 8.166691677044643e-23 432
1.56813 1.161320574197513e-26 4.372575359512923e-28 7.610052640935445e-23 200
1.59828 1.272962591041597e-26 5.010961975735762e-28 8.015736687463076e-23 168
1.62844 1.265287439858551e-26 5.31982938550474e-28 7.688638278333236e-23 56
1.6586 1.182968900866275e-26 2.921007796047339e-28 6.932594982946345e-23 7


0.0301563 2.180763236881029 0.1050222633967105 141403831.7876523 18
0.0603126 0.9465306750439076 0.7572998358169216 48162256.47007577 62
0.0904689 48.52226614720566 0.6683244571511674 126498134.9231841 98
0.120625 98.90971281258783 0.5813133009994053 131357826.2201869 210
0.150782 41.56012362094478 1.725722617931056 37371272.73858601 350
0.180938 50.0049725161229 0.8428114906565075 29311805.73292681 450
0.211094 42.38640935034657 0.5599689847198571 17839241.16313262 602
0.24125 17.13620832882743 0.544699892691872 5537569.824888042 762
0.271407 11.75566452400894 0.2702683761689785 2971926.648704545 1142
0.301563 6.47554731310868 0.1732278493039021 1327020.294493285 1250
0.331719 4.624080007749106 0.08043647081890837 774480.5829621715 1458
0.361876 2.893560167425036 0.05080850226021279 405231.2675097076 1814
0.392032 1.588419846986556 0.02962418620823221 189510.1960989959 2178
0.422188 0.9965683721073644 0.01693667286896395 102383.563009637 2498
0.452344 0.5477431362898596 0.01200433483139568 48899.98154425888 2622
0.482501 0.3115820345273562 0.007158837342404256 24411.2389935903 3338
0.512657 0.1999905876771252 0.004588013993124867 13889.83092895744 3722
0.542813 0.1165989822523125 0.003224166604422059 7231.677794396309 4170
0.57297 0.08108065470762484 0.002132368685416867 4505.030057964191 4358
0.603126 0.05695873001424751 0.001484071509070419 2851.79854755147 5034
0.633282 0.04369072482844768 0.0009507328842434109 1983.347217812959 5714
0.663439 0.03130342232298299 0.0007972922579538193 1295.005475062368 5982
0.693595 0.02220048336709993 0.0006546630245981311 839.7825142618422 6602
0.723751 0.01864279389086187 0.0004708624653892111 646.8211211704403 7130
0.753908 0.01510845624817933 0.0003893040710850594 483.0972432593149 8034
0.784064 0.01261541669898709 0.0003284013926630077 373.0550631652544 8606
0.81422 0.01035355023282774 0.0002952249818867757 283.8917310007892 9066
0.844376 0.009801099581483234 0.0002592420564938449 249.7839256603702 9962
0.874533 0.008515046066796698 0.0002515549321543709 202.31664833235 10550
0.904689 0.00851102497169153 0.0002143245593191132 188.8433945506139 11226
0.934845 0.008044063270014718 0.0002148424536612091 167.1185976807932 12146
0.965002 0.006715773799333529 0.0001901489711676169 130.8753330722343 12303
0.995158 0.003195355637801064 0.0001123264883758628 58.54932899853355 12584
1.02531 3.516032008656533e-27 1.078459771599896e-28 6.068827175076379e-23 12120
1.05547 3.777864277803987e-27 1.190504310032548e-28 6.152627039809849e-23 11180
1.08563 4.088054110122645e-27 1.305237036429568e-28 6.292066855080135e-23 11096
1.11578 4.465325130610751e-27 1.41449154445659e-28 6.506305773326994e-23 10056
1.14594 4.683034069872977e-27 1.59665386808122e-28 6.469073898120681e-23 9716
1.1761 5.124008871119041e-27 1.703510104711245e-28 6.7183961925776e-23 8604
1.20625 5.512160070811412e-27 1.891639673741663e-28 6.868756346584694e-23 8060
1.23641 5.931407527099119e-27 1.992076246710881e-28 7.034623335326712e-23 7320
1.26656 6.302326676804643e-27 2.114887689452172e-28 7.125080944693113e-23 6356
1.29672 6.732420444681639e-27 2.4315516470239e-28 7.260353769349513e-23 5348
1.32688 7.190367136105697e-27 2.576110363995157e-28 7.402450039875086e-23 4308
1.35703 7.40846628769361e-27 2.714695733130203e-28 7.291906781506639e-23 3563
1.38719 8.126532956739354e-27 3.028274684147675e-28 7.657447300333468e-23 2448
1.41735 8.658446317395579e-27 3.254773990779565e-28 7.810850061133117e-23 1868
1.4475 9.842636490930524e-27 3.529067929812642e-28 8.50568509083144e-23 1358
1.47766 9.813019054820314e-27 3.745241179804597e-28 8.135414497527666e-23 1062
1.50782 1.050072648809254e-26 3.847318978970426e-28 8.371665134415127e-23 776
1.53797 1.111009821401927e-26 4.224200089627545e-28 8.525196879734507e-23 432
1.56813 1.112107607738996e-26 4.534199605238636e-28 8.181613360150124e-23 200
1.59828 1.149440613590871e-26 4.837588810392245e-28 8.125840521787418e-23 168
1.62844 1.414450591256201e-26 4.889339314509126e-28 9.647518916255155e-23 56
1.6586 5.913125296307868e-27 2.85321638048416e-28 3.891326247176812e-23 7


0.0301563 3.773104019689715 0.05117617054738936 181756526.6561758 18
0.0603126 32.70880988622991 0.02012168178851307 225832386.91255 62
0.0904689 34.81559626465647 0.7197430801084849 105360566.2418631 98
0.120625 23.25061025558564 1.705445664020553 42341871.73265001 210
0.150782 73.22988922064515 0.7370008329240164 68982365.47088227 350
0.180938 38.02110771804184 0.8059442577925786 24991434.22969059 450
0.211094 22.66144227387916 0.7614709082192115 10860759.18601177 602
0.24125 20.42800522794156 0.3511455893456629 7250908.776713712 762
0.271407 11.37203410166652 0.2037461394584887 3184436.236789008 1142
0.301563 7.284960503295175 0.1111032875240891 1648138.11634596 1250
0.331719 3.696431873487886 0.07404036799098845 688483.0848956434 1458
0.361876 2.114266051245011 0.05121352138643022 329692.2492698596 1814
0.392032 1.319103189788855 0.02620122806803865 174803.7905740683 2178
0.422188 0.7250861004276086 0.01735006659158474 82865.27055200176 2498
0.452344 0.465114447313743 0.01035755019407779 46097.75037083877 2622
0.482501 0.2760539582855613 0.005912791726404461 23997.45914721594 3338
0.512657 0.1673510692847344 0.004018451831028482 12902.93409738584 3722
0.542813 0.09651653156088573 0.00283620492131156 6646.094307722777 4170
0.57297 0.07189977613395206 0.001765602259959483 4432.224699896165 4358
0.603126 0.05024216604618447 0.001234233882811236 2790.895923116281 5034
0.633282 0.03821799405191482 0.0007949413384709126 1924.810272065753 5714
0.663439 0.02769441514737236 0.000659629736743886 1271.022963749962 5982
0.693595 0.01900331592454525 0.0005601580180962927 797.643306405385 6602
0.723751 0.01572067055801954 0.0004089087282874681 605.2290371900067 7130
0.753908 0.01280412829478618 0.0003370231077342541 454.2747883957686 8034
0.784064 0.0110993536476054 0.0002737018165950706 364.1122385487781 8606
0.81422 0.008929480180470864 0.0002504691936674771 271.6390616397333 9066
0.844376 0.008177156744785226 0.0002279668883120651 231.2293140145874 9962
0.874533 0.007890315101380857 0.0001992414873038316 207.9256351669376 10550
0.904689 0.007300931676173559 0.0001830655911247402 179.7125391437365 11226
0.934845 0.006558279865092116 0.0001925787749097218 151.1798134176022 12146
0.965002 0.005446369580826978 0.000171277497567685 117.7686490354418 12303
0.995158 0.003029927423936685 8.749309768202181e-05 61.5704872445564 12584
1.02531 3.381568718774224e-27 1.019997705455671e-28 6.474880886892977e-23 12120
1.05547 3.629641665807278e-27 1.105820768898453e-28 6.557308578083653e-23 11180
1.08563 3.901618124661711e-27 1.218828933232067e-28 6.661521648098808e-23 11096
1.11578 4.193622695256111e-27 1.368155134445425e-28 6.778758085448742e-23 10056
1.14594 4.611581531739551e-27 1.477334024806714e-28 7.066202518013316e-23 9716
1.1761 4.862991758820758e-27 1.612214737315413e-28 7.073166583344073e-23 8604
1.20625 5.317372619052253e-27 1.761251571879098e-28 7.34999641479047e-23 8060
1.23641 5.691003280984305e-27 1.858224256001466e-28 7.486970566511648e-23 7320
1.26656 6.202376519929934e-27 1.978197012625793e-28 7.778020922996994e-23 6356
1.29672 6.61359011115727e-27 2.249211651878772e-28 7.911152159439558e-23 5348
1.32688 7.107768900395458e-27 2.364299352757939e-28 8.11645139329298e-23 4308
1.35703 7.184418874566866e-27 2.547254106477676e-28 7.843870800186978e-23 3563
1.38719 8.079196216874378e-27 2.778601538933224e-28 8.44404973751566e-23 2448
1.41735 8.353514633448628e-27 3.041590644457603e-28 8.35896289833234e-23 1868
1.4475 9.444371916346976e-27 3.283956646778723e-28 9.053012632061371e-23 1358
1.47766 9.052645380567942e-27 3.552412134143104e-28 8.325269769172555e-23 1062
1.50782 1.022662450050356e-26 3.43707669676975e-28 9.043177524484469e-23 776
1.53797 9.279813101333066e-27 4.759224753031283e-28 7.90111904997775e-23 432
1.56813 9.862916878291277e-27 4.57399256095535e-28 8.049822822086128e-23 200
1.59828 1.099625525641492e-26 4.307846885183935e-28 8.622374182265007e-23 168
1.62844 1.348791848909633e-26 4.637447093702327e-28 1.020454552455503e-22 56
1.6586 2.239740858722651e-27 1.270185543117965e-28 1.635407630745926e-23 7


0.0301563 3.001118989922595 0.05096797168645555 173204687.9421962 18
0.0603126 1.795256970553574 0.5426893504711472 57797554.73957931 62
0.0904689 26.34577616257475 0.690583647671276 91599767.46748118 98
0.120625 76.13430800911432 0.3800038188360284 124059255.5133368 210
0.150782 32.14896996202376 1.258779231949237 35755029.85033511 350
0.180938 33.65694360040256 0.6967904415747108 24385980.62058677 450
0.211094 32.74407867764939 0.3940127590876836 16852240.08087571 602
0.24125 16.44629451747422 0.3287352965340829 6446109.289803621 762
0.271407 8.421868427470917 0.2069886954602174 2609217.661285905 1142
0.301563 4.829137550974588 0.127835181244044 1210500.145926801 1250
0.331719 2.761310860402294 0.073975296272666 567779.4379566776 1458
0.361876 1.890559968533137 0.04338857407832478 324073.0317047732 1814
0.392032 0.9930544484559732 0.0261092515612584 145056.9399422727 2178
0.422188 0.5618832120055107 0.0165798264077739 70735.51283710948 2498
0.452344 0.3957714140815992 0.009181074813936022 43132.95778598513 2622
0.482501 0.2426732765563188 0.005073501081559536 23185.15833639812 3338
0.512657 0.1458676845318346 0.003481563806725804 12361.3190216276 3722
0.542813 0.08506192791855098 0.002434216500599025 6437.2530767223 4170
0.57297 0.06630177885614857 0.001443499388961451 4489.531134393368 4358
0.603126 0.04543897070832713 0.00102929716808049 2772.978865561864 5034
0.633282 0.03364478791554201 0.0006806693509550269 1861.825652778535 5714
0.663439 0.02419141345738439 0.000569489817246407 1219.956881603346 5982
0.693595 0.01645071280429622 0.0004875577331325332 758.7946586161526 6602
0.723751 0.01355827917863315 0.0003575432795744824 573.5769293492357 7130
0.753908 0.0114473338223616 0.0002841495606855053 446.1821026962292 8034
0.784064 0.009550097706470721 0.0002405198683065691 344.2381543997666 8606
0.81422 0.008215307956241624 0.000205146571413742 274.5115004425724 9066
0.844376 0.006976704281505142 0.0002013929396613621 216.7760567780842 9962
0.874533 0.007338153354787462 0.0001603155690551095 212.3974570678859 10550
0.904689 0.00596613024246074 0.000169055890833155 161.3829249679059 11226
0.934845 0.005586562129175667 0.0001698668197440595 141.4962739038804 12146
0.965002 0.004956979951385141 0.0001421198412650703 117.7400834440249 12303
0.995158 0.002863557376510025 7.037454632900322e-05 63.91193892673564 12584
1.02531 3.230718268609234e-27 9.757289786494948e-29 6.796140194274017e-23 12120
1.05547 3.544046542078952e-27 1.026740571336798e-28 7.033476403759502e-23 11180
1.08563 3.801494961924555e-27 1.133206473979829e-28 7.130033841754534e-23 11096
1.11578 4.130345765340504e-27 1.265467736420466e-28 7.334057229828345e-23 10056
1.14594 4.563260160393477e-27 1.366863855245599e-28 7.680762566303274e-23 9716
1.1761 4.817304993070482e-27 1.501890270388206e-28 7.696762597680534e-23 8604
1.20625 5.226693728570037e-27 1.649844636435936e-28 7.936289126313842e-23 8060
1.23641 5.342894855857834e-27 1.813625836980696e-28 7.722192449175665e-23 7320
1.26656 5.80243732978874e-27 1.891540649061144e-28 7.993796095298357e-23 6356
1.29672 6.498439580946786e-27 2.142256275149998e-28 8.539173628123117e-23 5348
1.32688 6.736859128062307e-27 2.208471177043019e-28 8.450859659623611e-23 4308
1.35703 6.959277191464109e-27 2.355738982693395e-28 8.346373585077345e-23 3563
1.38719 7.870853241845779e-27 2.647593735396631e-28 9.036622744929173e-23 2448
1.41735 8.161557953648873e-27 2.862373030420505e-28 8.971219218671492e-23 1868
1.4475 9.285295419800304e-27 3.048614841149684e-28 9.776899174173003e-23 1358
1.47766 9.014691381603402e-27 3.251689887398245e-28 9.106423264142734e-23 1062
1.50782 9.453516333242902e-27 3.342140828632332e-28 9.183471598599378e-23 776
1.53797 9.246709738727126e-27 4.13575393503387e-28 8.64739749977217e-23 432
1.56813 9.796299842959271e-27 4.119834012068411e-28 8.782273535173829e-23 200
1.59828 1.15508245561538e-26 3.676053963640759e-28 9.9477079305405e-23 168
1.62844 1.362733795202491e-26 3.328922102754317e-28 1.132273440997163e-22 56
1.6586 4.039840780802322e-27 7.525313618240198e-29 3.237630902258142e-23 7


0.0301563 1.647460133416622 0.06341220109584725 146818943.5038556 18
0.0603126 22.85254240642528 0.05659260575928543 196722918.4438048 62
0.0904689 35.47263340177991 0.3733845445076062 124463864.1372266 98
0.120625 15.95838368996844 1.339271969741078 37501527.37768959 210
0.150782 55.77899549432892 0.5656570494279374 63431978.90782298 350
0.180938 31.00297074188431 0.5770778097711378 24498194.23062475 450
0.211094 17.34119019619826 0.5793161523440424 10040822.58255011 602
0.24125 13.23857853469686 0.3162263666503647 5692477.602509048 762
0.271407 8.937443312965859 0.1507680379914237 3004279.083221611 1142
0.301563 5.074287618127891 0.09546637994893772 1381330.757183197 1250
0.331719 3.173403001027722 0.04942796722880374 707556.0996306422 1458
0.361876 1.912659851731929 0.0328274640449628 356683.9310904206 1814
0.392032 0.9980744682757237 0.02027940829796548 158646.7725011101 2178
0.422188 0.6378756381523573 0.0114347374387511 87228.34832656913 2498
0.452344 0.3567188586736277 0.007881455162366746 42381.30782502036 2622
0.482501 0.2038709958736949 0.004676505085004 21250.26170431783 3338
0.512657 0.1318292376757178 0.002981740008761987 12177.05026013573 3722
0.542813 0.08227731647900934 0.001967037210544762 6781.94221225709 4170
0.57297 0.06110957653772691 0.001204225807778406 4509.11897647459 4358
0.603126 0.04097164781772328 0.0008808428066241479 2725.093001131153 5034
0.633282 0.02943881835257875 0.0006023949462523604 1775.804679919893 5714
0.663439 0.02082686755283715 0.0005112287684502044 1145.015859955658 5982
0.693595 0.01440517832586635 0.0004296262685953455 724.3074743270504 6602
0.723751 0.01192783692625819 0.0003141538837997974 550.0098400649997 7130
0.753908 0.01038564297092963 0.0002416262801534114 441.1298556245627 8034
0.784064 0.008413817533882989 0.0002111563647887075 330.5483168396857 8606
0.81422 0.007354196389273784 0.0001770532356937493 267.8038915700915 9066
0.844376 0.006361177229205415 0.0001709469034117748 215.3806051651423 9962
0.874533 0.006393087477084201 0.0001429361354878969 201.6741609359935 10550
0.904689 0.005163037074790354 0.0001505353070074099 152.2192876973999 11226
0.934845 0.005006008184242595 0.0001465090218179651 138.1730633920295 12146
0.965002 0.004409228093817998 0.0001239562737541184 114.1328399537786 12303
0.995158 0.002761951924305002 5.511921347401097e-05 67.15826028628128 12584
1.02531 3.298233365539478e-27 8.799405577853341e-29 7.55959103311346e-23 12120
1.05547 3.443233872545349e-27 9.826155823017746e-29 7.446755101848074e-23 11180
1.08563 3.704699262057466e-27 1.067399542829629e-28 7.571942124875906e-23 11096
1.11578 4.063738277313677e-27 1.193833523701039e-28 7.863051912664605e-23 10056
1.14594 4.264284813685912e-27 1.319434714350177e-28 7.822203774158535e-23 9716
1.1761 4.691840347077274e-27 1.412255497240211e-28 8.168774667201798e-23 8604
1.20625 5.058702726967201e-27 1.563868639496556e-28 8.370352698117508e-23 8060
1.23641 5.412415824420879e-27 1.641215578243072e-28 8.523442704801495e-23 7320
1.26656 5.668160704692823e-27 1.779149882521406e-28 8.509152362453519e-23 6356
1.29672 6.305963407709378e-27 2.048303111853916e-28 9.029625234021145e-23 5348
1.32688 6.592840849401706e-27 2.110316379162667e-28 9.011963204910206e-23 4308
1.35703 6.843203073079983e-27 2.191408227546876e-28 8.94295363233276e-23 3563
1.38719 7.555252811973323e-27 2.462824758070341e-28 9.452186599472614e-23 2448
1.41735 8.037169214116559e-27 2.718722036243116e-28 9.626696606939406e-23 1868
1.4475 9.029312001924977e-27 2.814310563299477e-28 1.035965953388353e-22 1358
1.47766 9.148784111687247e-27 3.058698233911056e-28 1.007012584144385e-22 1062
1.50782 9.175596999189902e-27 3.278425760475168e-28 9.713156470156786e-23 776
1.53797 8.852113699023654e-27 3.872504564422694e-28 9.020836906688003e-23 432
1.56813 8.968414599562993e-27 4.254529262416796e-28 8.762745446808389e-23 200
1.59828 1.176608586039693e-26 3.615197376786121e-28 1.104151478836006e-22 168
1.62844 1.341562950815476e-26 3.309047058031032e-28 1.214644569294896e-22 56
1.6586 3.478759184046601e-27 1.105493903801058e-28 3.038809361101201e-23 7


0.0301563 3.386773850297468 0.01921900677190182 197138923.9257664 18
0.0603126 4.300468495144106 0.3672626579936019 80028801.78992149 62
0.0904689 12.81537870201533 0.6933680056950691 63151539.92846315 98
0.120625 60.50277722569472 0.2752424203592351 117159513.0406567 210
0.150782 24.87516350125913 0.9880179538112428 33298889.41742808 350
0.180938 25.53266043322172 0.5585162151979858 22061698.82290224 450
0.211094 25.19215608600255 0.3164494210790125 15377258.27925487 602
0.24125 14.29370936583213 0.2276887099458814 6609501.620892111 762
0.271407 6.42339360465695 0.1646494200100496 2360313.418629187 1142
0.301563 4.331022468484631 0.08811077902806243 1279531.105797898 1250
0.331719 2.120099391021605 0.05837847484903715 516089.1350485214 1458
0.361876 1.354724099227762 0.03640493670613189 275139.7922558908 1814
0.392032 0.9113305195482326 0.01745151764883508 156849.8993400875 2178
0.422188 0.5607789945752737 0.01026875206094617 83073.29119510655 2498
0.452344 0.3240271807634805 0.00684225826792175 41683.34045597135 2622
0.482501 0.1749059366055268 0.004291312236747369 19754.6831298201 3338
0.512657 0.1177882828143544 0.002631859740530563 11781.61265092078 3722
0.542813 0.08066299727289715 0.001572808535306766 7192.332549343348 4170
0.57297 0.05311408360517143 0.001096526449751193 4244.319409482361 4358
0.603126 0.0359159047347628 0.0007929453678713663 2586.738557205167 5034
0.633282 0.02523350071030327 0.0005568111009639739 1648.427434204812 5714
0.663439 0.01796469751616981 0.0004666597142827697 1069.564876740629 5982
0.693595 0.01282054144121181 0.0003806304226353013 697.928924484298 6602
0.723751 0.01070250090375748 0.0002763486611015138 534.2463431012784 7130
0.753908 0.009416674761649679 0.0002099172101230508 432.9422020886851 8034
0.784064 0.007594696327685804 0.0001844708521693074 322.9690164012404 8606
0.81422 0.006454357803189891 0.0001595131687523161 254.4488863598374 9066
0.844376 0.00587369798128861 0.0001459090386393406 215.2427882362625 9962
0.874533 0.005543447121346141 0.0001308132922482988 189.3149282578353 10550
0.904689 0.004757273968321324 0.0001288481426693278 151.7998566614805 11226
0.934845 0.004339247172031054 0.0001331373024583197 129.6635544235479 12146
0.965002 0.004133693720288448 0.0001042116596327816 115.7978886190179 12303
0.995158 0.002268954657155598 5.41222023872074e-05 59.73356152635404 12584
1.02531 3.165993754729664e-27 8.637827831397208e-29 7.854919179843732e-23 12120
1.05547 3.314151423777506e-27 9.446499657607311e-29 7.758363006790054e-23 11180
1.08563 3.557674308591663e-27 1.028425408363452e-28 7.870709651875177e-23 11096
1.11578 3.949083102978321e-27 1.143449393118394e-28 8.270687870961607e-23 10056
1.14594 4.345006695398823e-27 1.198575881567643e-28 8.62546152355935e-23 9716
1.1761 4.557040332500777e-27 1.331864087115592e-28 8.587362285228245e-23 8604
1.20625 4.929691978149706e-27 1.487638542031451e-28 8.828562666558949e-23 8060
1.23641 5.198747567422167e-27 1.575018479729848e-28 8.861357423239007e-23 7320
1.26656 5.391256962374412e-27 1.70640951949238e-28 8.760235914536231e-23 6356
1.29672 6.365878642913463e-27 1.858577478235426e-28 9.864829840404328e-23 5348
1.32688 6.411683969483653e-27 1.975042122721332e-28 9.485713240234553e-23 4308
1.35703 6.591051688259431e-27 2.105128588051044e-28 9.322764933918406e-23 3563
1.38719 7.054619753349958e-27 2.397182595133932e-28 9.553133710752618e-23 2448
1.41735 7.839896766899021e-27 2.550415894247159e-28 1.016324597513255e-22 1868
1.4475 8.482622792691337e-27 2.701011557318001e-28 1.053396371241015e-22 1358
1.47766 8.886082316471447e-27 2.85273955229697e-28 1.058583333103386e-22 1062
1.50782 9.219500691533146e-27 3.153274592177813e-28 1.056273602920205e-22 776
1.53797 8.260516006333449e-27 3.700197296203267e-28 9.111511775018781e-23 432
1.56813 8.770402117889694e-27 4.138235537496122e-28 9.274873550567481e-23 200
1.59828 1.017935956845715e-26 3.482438393098269e-28 1.03399006692582e-22 168
1.62844 1.375208309225887e-26 3.211260156331896e-28 1.347521887431429e-22 56
1.6586 5.9831465392836e-27 1.269892011079491e-28 5.655120437144272e-23 7


0.0301563 0.489515968677436 0.06671174726897283 124140643.1585983 18
0.0603126 14.80636993295778 0.1112565601741422 161203756.0751722 62
0.0904689 34.7776727567193 0.1671631190031887 139180720.0408109 98
0.120625 12.5849400106237 1.068857499584588 36103539.43527081 210
0.150782 44.93131488493246 0.439116335418719 59933238.31277747 350
0.180938 24.81842358120279 0.4569178872826264 23017742.50515312 450
0.211094 14.41912867954856 0.4478973475333267 9778730.81974867 602
0.24125 9.856411158338627 0.264988149505509 4983264.103156404 762
0.271407 7.295201997864823 0.1163311685465613 2863610.073708561 1142
0.301563 3.68837280187888 0.08316571136595984 1176562.303720135 1250
0.331719 2.421637288820577 0.04156412837694592 630938.9092836424 1458
0.361876 1.485181958166942 0.02694425689847423 323399.1633480354 1814
0.392032 0.7137153258091551 0.01784130452770777 132684.5903069467 2178
0.422188 0.3898915159171396 0.01163461010668428 62503.87016416551 2498
0.452344 0.2830069130557513 0.006288705792943543 39220.44218026364 2622
0.482501 0.1684789338088849 0.003584732409510755 20468.79560545936 3338
0.512657 0.1047056173420964 0.002374760946455854 11277.25308477216 3722
0.542813 0.07201688638806725 0.001413580243069821 6913.219340862592 4170
0.57297 0.04366845926204991 0.001071840437731676 3759.947598918401 4358
0.603126 0.03109954623520079 0.0007349075115259474 2411.962867074734 5034
0.633282 0.02138523835680899 0.0005275481766998608 1504.56856219632 5714
0.663439 0.01608183496624975 0.0004185320903074101 1030.669076312801 5982
0.693595 0.01175884167785802 0.000334361196047793 688.9333194088003 6602
0.723751 0.009782544395053785 0.0002428429616060279 525.5412819019666 7130
0.753908 0.008563777771422601 0.0001851191389078822 423.7338602694625 8034
0.784064 0.006882422188157637 0.0001632750833537655 314.9878952309349 8606
0.81422 0.005778778990623783 0.0001432550936462909 245.1953983160322 9066
0.844376 0.005287250723350977 0.0001300394534545545 208.5219982172118 9962
0.874533 0.005055544164894726 0.0001149699128664046 185.7978398504456 10550
0.904689 0.004238419005449199 0.0001161607229285287 145.5588254369814 11226
0.934845 0.004034939506474876 0.000115289328789534 129.739172300724 12146
0.965002 0.003749796092753278 9.224290261123296e-05 113.0417143680766 12303
0.995158 0.001949433669627967 5.054193274406808e-05 55.24004840581988 12584
1.02531 3.04647045012552e-27 8.420775473287934e-29 8.134416476017884e-23 12120
1.05547 3.268274447049442e-27 8.945849058584817e-29 8.233132010477639e-23 11180
1.08563 3.561991585890122e-27 9.61030288583589e-29 8.479412152037449e-23 11096
1.11578 3.89380964507692e-27 1.083804506497376e-28 8.775347580192582e-23 10056
1.14594 4.004461244618726e-27 1.20905029404592e-28 8.556035076822549e-23 9716
1.1761 4.367365403411645e-27 1.28557552038335e-28 8.856662678025661e-23 8604
1.20625 4.900888993122334e-27 1.393066987706834e-28 9.444349453420057e-23 8060
1.23641 5.088856626797819e-27 1.509784934214214e-28 9.334078345374956e-23 7320
1.26656 5.49981356332937e-27 1.561351238195383e-28 9.615417028392395e-23 6356
1.29672 6.004777123394437e-27 1.835666500483011e-28 1.00141379343572e-22 5348
1.32688 6.256285346910635e-27 1.903469078685103e-28 9.960084401410885e-23 4308
1.35703 6.49562321835569e-27 1.980032390866974e-28 9.886426150717516e-23 3563
1.38719 7.169516530504838e-27 2.208719909667207e-28 1.044634193260165e-22 2448
1.41735 7.807597349262241e-27 2.329534499300473e-28 1.089045177667418e-22 1868
1.4475 8.002017849190806e-27 2.631232195974833e-28 1.069366755658299e-22 1358
1.47766 8.506995815553999e-27 2.758937601531399e-28 1.090545397538277e-22 1062
1.50782 9.171916158153725e-27 2.857244393249118e-28 1.130655279022508e-22 776
1.53797 9.237579079654446e-27 3.108594269855297e-28 1.096072751173383e-22 432
1.56813 1.011775541065059e-26 3.38300236570295e-28 1.150897835430836e-22 200
1.59828 9.558571213480674e-27 3.723970295870255e-28 1.044937537230111e-22 168
1.62844 9.983240738887041e-27 3.870187611604692e-28 1.053104558033392e-22 56
1.6586 4.842410951506383e-27 1.642466233920204e-28 4.92671344211859e-23 7


0.0301563 3.327875209535821 0.003874363892738049 209057092.7662485 18
0.0603126 7.098233869696038 0.2259854878536283 108700855.9274057 62
0.0904689 5.164466852391846 0.6641442051039567 43280723.13852733 98
0.120625 48.23978409682502 0.2357563540311979 108787763.1747422 210
0.150782 19.6001236518165 0.8097257060176073 30939467.88822236 350
0.180938 21.01388111906391 0.4440697744081619 21074643.93174205 450
0.211094 19.81689373000795 0.2676257968726863 14027843.63278146 602
0.24125 11.85651575226132 0.1785653096973181 6337003.69252775 762
0.271407 5.087263363532501 0.1353277904714492 2166301.247855157 1142
0.301563 3.695330301462418 0.06739702863680083 1259632.876111016 1250
0.331719 1.916522220521182 0.04302012492593371 537352.8888584961 1458
0.361876 1.254869399755464 0.02608974088640909 293358.4004997329 1814
0.392032 0.7349183536660937 0.0141887653301753 146011.2402795421 2178
0.422188 0.454866683640171 0.008303789502200556 77750.52709237748 2498
0.452344 0.2573417936099352 0.005637900018315479 38209.19980069221 2622
0.482501 0.1573403697585495 0.003120340027825476 20469.69562953402 3338
0.512657 0.09712024138928725 0.002086894271548121 11202.17815589637 3722
0.542813 0.05923797107227073 0.001406315201537296 6098.285450367719 4170
0.57297 0.03828920813090404 0.0009937711183146947 3532.801343978028 4358
0.603126 0.0281526266134277 0.0006619223219057301 2338.683017840282 5034
0.633282 0.01875232995526782 0.0004892736190818503 1413.556292315669 5714
0.663439 0.01519748212519295 0.0003623211288070843 1042.799486947707 5982
0.693595 0.01119437185100419 0.0002880632059628489 702.1501965940164 6602
0.723751 0.009108387472940774 0.0002124945792544311 523.9404720455985 7130
0.753908 0.007824302922773595 0.0001650118347461292 414.5744394888432 8034
0.784064 0.006172644780653549 0.000148268524193576 302.5531508321518 8606
0.81422 0.005324308027212646 0.0001268278023229127 241.9034209968318 9066
0.844376 0.004691403313395767 0.0001194063554607823 198.1588255868728 9962
0.874533 0.004680925731296863 0.0001007292681956053 184.1957328524317 10550
0.904689 0.00379165639033309 0.0001059658145318673 139.4525625130784 11226
0.934845 0.003851503794168223 9.861493657772893e-05 132.579918667365 12146
0.965002 0.003325371745583223 8.490964837519899e-05 107.3560698891463 12303
0.995158 0.001733568814300043 4.619764144101842e-05 52.60537671914574 12584
1.02531 2.945063876361772e-27 8.062619316588661e-29 8.420372184740663e-23 12120
1.05547 3.176312429307274e-27 8.552635645443106e-29 8.567744751908164e-23 11180
1.08563 3.418106416731695e-27 9.411241507541031e-29 8.713253264361593e-23 11096
1.11578 3.696651448623844e-27 1.05595212550811e-28 8.921208042607569e-23 10056
1.14594 4.04560990936256e-27 1.117530467383024e-28 9.254332545547925e-23 9716
1.1761 4.344382249716399e-27 1.216198383553814e-28 9.432769839917148e-23 8604
1.20625 4.715256827029747e-27 1.336568075624706e-28 9.729577557354287e-23 8060
1.23641 5.061079479827651e-27 1.409616755630798e-28 9.939027898115458e-23 7320
1.26656 5.21317140005557e-27 1.545749976763761e-28 9.759729100006341e-23 6356
1.29672 5.941519454474871e-27 1.726705177964767e-28 1.060890566471645e-22 5348
1.32688 6.121591466078516e-27 1.805444050766785e-28 1.043467339882884e-22 4308
1.35703 6.382058862134135e-27 1.879976997443124e-28 1.040020107878917e-22 3563
1.38719 7.046923467535773e-27 2.108235208607139e-28 1.099353112384186e-22 2448
1.41735 7.231034507841588e-27 2.349031238572613e-28 1.080078154770145e-22 1868
1.4475 7.848277069348467e-27 2.535772481189971e-28 1.122980654303438e-22 1358
1.47766 8.52165080010928e-27 2.557439663309897e-28 1.169576147763293e-22 1062
1.50782 8.96122519613609e-27 2.767300495012556e-28 1.18279019351188e-22 776
1.53797 1.029273947597414e-26 2.597888688863329e-28 1.307243255311221e-22 432
1.56813 1.235847948503004e-26 2.575805882790062e-28 1.504556257744024e-22 200
1.59828 1.054518917927641e-26 3.593804545075429e-28 1.234130848622628e-22 168
1.62844 9.035999707838195e-27 4.401773804975786e-28 1.020895457256461e-22 56
1.6586 4.993779185833608e-27 2.512520553269038e-28 5.442844587825868e-23 7


0.0301563 0.04435930752525825 0.06183916080730394 115605915.5086542 18
0.0603126 8.520347878646694 0.162514385671849 124815666.6050443 62
0.0904689 32.36814378811084 0.0606523007112721 146460420.0986802 98
0.120625 11.83766712197918 0.847304455967986 38437796.80678772 210
0.150782 37.35918260046652 0.3499086079598162 57255712.09410824 350
0.180938 19.77081749814112 0.386798138178958 21155617.15621861 450
0.211094 12.39213757390997 0.3557667307917621 9636355.141274961 602
0.24125 8.08447903204954 0.2170543826417265 4694335.595690348 762
0.271407 6.076698464189804 0.09356850850495331 2730320.020050587 1142
0.301563 2.986330522006548 0.06892641385524526 1091687.174617867 1250
0.331719 1.777387630560192 0.03839773291288608 531667.6669695308 1458
0.361876 1.050189556772902 0.0256055131735133 262639.7245825474 1814
0.392032 0.6488413804857357 0.01327782397738311 137640.6475953023 2178
0.422188 0.4096917415086862 0.007609263202476848 74722.60018827197 2498
0.452344 0.2401422494957932 0.004986553706664223 38020.29719468374 2622
0.482501 0.1310795652820721 0.003093919947608163 18216.19891360515 3338
0.512657 0.08838356093649417 0.001894252030805391 10873.61373182488 3722
0.542813 0.05222107516713267 0.001315183888570394 5736.440319346637 4170
0.57297 0.03783244171119411 0.000835125427813283 3719.222739725459 4358
0.603126 0.0265192443444158 0.0005807630349500985 2348.545684438276 5034
0.633282 0.01758778948814944 0.0004322002838430229 1413.428358002415 5714
0.663439 0.01443803900412523 0.0003149410829442355 1056.040941956758 5982
0.693595 0.01087399133897659 0.0002452005084062503 726.9083917141501 6602
0.723751 0.008622269050630372 0.0001848597426902902 528.7037442010363 7130
0.753908 0.007115360339490827 0.0001499369947959174 401.9944125215178 8034
0.784064 0.005481929990107115 0.0001376745652392648 286.550113272149 8606
0.81422 0.004932644664983175 0.0001130091409131357 238.9269045708046 9066
0.844376 0.004227051205790693 0.000109416773406508 190.3824273160397 9962
0.874533 0.004219522832361632 9.218797169491869e-05 177.0367317584441 10550
0.904689 0.00355357690247374 9.374717283621112e-05 139.3278813163042 11226
0.934845 0.003617261796127478 8.679820570126809e-05 132.7367992394837 12146
0.965002 0.003040800169224824 7.659942514380531e-05 104.6619722067419 12303
0.995158 0.001515204030162336 4.354945804802059e-05 49.03062495947049 12584
1.02531 2.888603468289659e-27 7.67299971710342e-29 8.804748071112253e-23 12120
1.05547 3.13599183937586e-27 8.237731665422574e-29 9.018043974117869e-23 11180
1.08563 3.363921274178426e-27 9.008192347768e-29 9.14177360273693e-23 11096
1.11578 3.678987475382105e-27 9.930655851937147e-29 9.464707618834687e-23 10056
1.14594 3.97546108564025e-27 1.054451660235587e-28 9.694451623018836e-23 9716
1.1761 4.262842027737046e-27 1.171625888593591e-28 9.867335811486573e-23 8604
1.20625 4.478745700333492e-27 1.324972614281544e-28 9.853246536270506e-23 8060
1.23641 4.768372556573839e-27 1.39601736692555e-28 9.984001346974804e-23 7320
1.26656 5.207157270792075e-27 1.482516277181836e-28 1.039218166961002e-22 6356
1.29672 5.804647537725109e-27 1.647198631495081e-28 1.104908848140467e-22 5348
1.32688 5.843836387832487e-27 1.775135883328485e-28 1.061995435430709e-22 4308
1.35703 6.104859076324687e-27 1.847374330779951e-28 1.060627394463625e-22 3563
1.38719 6.759237156352475e-27 2.037251144457474e-28 1.124159234556401e-22 2448
1.41735 7.437597150965457e-27 2.167101705546838e-28 1.184160380210855e-22 1868
1.4475 8.259447256216071e-27 2.263108590871006e-28 1.259636025805469e-22 1358
1.47766 8.137792962226027e-27 2.574990285935754e-28 1.190757347433972e-22 1062
1.50782 8.325214836432575e-27 2.719203875800692e-28 1.171507921422174e-22 776
1.53797 7.775347654989596e-27 3.143571557494392e-28 1.053333870518747e-22 432
1.56813 8.524464113771225e-27 3.801301415018923e-28 1.107258039416437e-22 200
1.59828 1.195520373446593e-26 2.925374913588733e-28 1.49108163762481e-22 168
1.62844 1.344087964549307e-26 2.739900414687033e-28 1.617381207302606e-22 56
1.6586 3.077680703656413e-27 2.003328006247682e-28 3.577482285095668e-23 7


0.0301563 2.904022784576115 0.0003613104814883386 207928970.293187 18
0.0603126 9.333114005067436 0.1199706877939421 136962533.9850814 62
0.0904689 1.823136343413567 0.6007517277484956 33655805.58648475 98
0.120625 37.88221513651458 0.2383235665676981 98347847.45430669 210
0.150782 15.9497332709967 0.6790896496762656 29155819.38921608 350
0.180938 18.24747890192665 0.3526148336874214 20804929.49516129 450
0.211094 15.99599003581285 0.2316242416046057 12908323.90365868 602
0.24125 9.747831273129718 0.1504748291996635 5926519.931406051 762
0.271407 4.200483643940074 0.1128246150044812 2035494.79348996 1142
0.301563 3.052753323175214 0.0563587864352297 1181877.534944386 1250
0.331719 1.797137112195203 0.03150849481892752 569796.2661416041 1458
0.361876 1.175299245755041 0.01891031926891054 310748.9492924039 1814
0.392032 0.552014892901419 0.01300890518254988 124704.9678854502 2178
0.422188 0.2975032043623544 0.008594836553157801 57972.6261487612 2498
0.452344 0.2141300477879259 0.004670753533838785 36045.52811796524 2622
0.482501 0.1236265831620394 0.002745636348845987 18247.40514602498 3338
0.512657 0.07758853333555728 0.001799813842447996 10148.93511147392 3722
0.542813 0.0518869671038542 0.001109172269818962 6049.034516552175 4170
0.57297 0.03621473543444179 0.0007257972156149295 3780.290386693476 4358
0.603126 0.02406369675001583 0.0005344605308892876 2264.192062646467 5034
0.633282 0.01701540863736286 0.0003733352533471359 1451.82557205457 5714
0.663439 0.01295033401072707 0.000293214385290167 1006.403766657645 5982
0.693595 0.01041446238193691 0.0002128652340143248 739.2341708184025 6602
0.723751 0.00816424894051029 0.000162330500342291 531.619517908198 7130
0.753908 0.006338274667406425 0.0001409695245727322 380.4341832508351 8034
0.784064 0.004909924611599756 0.0001281562393061169 272.6555128461822 8606
0.81422 0.004450750001545263 0.0001045760043559101 229.0047451156225 9066
0.844376 0.003952991026282478 9.79406828466736e-05 189.0791046730781 9962
0.874533 0.003688148527896367 8.81438569174063e-05 164.3949897026597 10550
0.904689 0.003420401214487982 8.15045497466265e-05 142.3969761045272 11226
0.934845 0.003381204024695366 7.770209963149584e-05 131.7650944265611 12146
0.965002 0.002835759553350505 6.851605035801967e-05 103.654408557247 12303
0.995158 0.001377419099077572 3.998205447153899e-05 47.34127512651687 12584
1.02531 2.844332835882195e-27 7.320636033433716e-29 9.207304184533536e-23 12120
1.05547 3.064098922888688e-27 7.94544712733288e-29 9.357895630976494e-23 11180
1.08563 3.288249594701293e-27 8.709457408948284e-29 9.490454026528461e-23 11096
1.11578 3.649309254223774e-27 9.484705909344383e-29 9.970099325249587e-23 10056
1.14594 3.856614457117997e-27 1.027960439321317e-28 9.988164397898916e-23 9716
1.1761 4.192859488223321e-27 1.131733086852559e-28 1.030706506076333e-22 8604
1.20625 4.544573980579973e-27 1.224865318800933e-28 1.061647433317772e-22 8060
1.23641 4.779996981317087e-27 1.321243839377647e-28 1.062803019606726e-22 7320
1.26656 5.162651898857252e-27 1.420403389134065e-28 1.094166859223492e-22 6356
1.29672 5.627520033274522e-27 1.614114172315459e-28 1.137632730602518e-22 5348
1.32688 6.071663317073901e-27 1.607933127619917e-28 1.171572312947957e-22 4308
1.35703 6.201287843153723e-27 1.730771600380566e-28 1.144043964286576e-22 3563
1.38719 6.747856785358484e-27 1.926344908535605e-28 1.191746940624388e-22 2448
1.41735 7.025879392869648e-27 2.1481359126488e-28 1.1880285222942e-22 1868
1.4475 7.067013930995195e-27 2.378914332460037e-28 1.14490401984685e-22 1358
1.47766 8.418730298166875e-27 2.417924970334402e-28 1.308056522267363e-22 1062
1.50782 8.426047495577379e-27 2.415859541768927e-28 1.258989054426379e-22 776
1.53797 9.276705063495297e-27 2.350828186587334e-28 1.333835056142261e-22 432
1.56813 1.075413577795362e-26 2.774797691663061e-28 1.482424119003996e-22 200
1.59828 8.747168128364275e-27 3.53461549405986e-28 1.159231794179618e-22 168
1.62844 8.641946534596879e-27 3.535022479058134e-28 1.105118087809105e-22 56
1.6586 6.941099426895264e-27 9.54019533464192e-29 8.554095186310372e-23 7


0.0301563 0.08929110277295763 0.05097074837144157 120272646.2428024 18
0.0603126 4.066149141511531 0.1972338814409204 93613329.55627489 62
0.0904689 28.33464291794021 0.02739463872302624 144578656.4825569 98
0.120625 12.69919027135189 0.6570604187712386 44090854.47801381 210
0.150782 31.54322879642339 0.2899079028474456 54717544.59462696 350
0.180938 15.73750846142264 0.3419817368479996 19191682.68189086 450
0.211094 10.83732823429481 0.2898361527679587 9512206.878655521 602
0.24125 6.971482214610432 0.1783184456390417 4568721.91065537 762
0.271407 5.107848424669065 0.07844258057050121 2587979.159018892 1142
0.301563 2.566323064157997 0.05660021051215775 1057049.181848177 1250
0.331719 1.332957933452637 0.03547484628875198 451352.2377733365 1458
0.361876 0.8236559625144929 0.022670846783989 232652.0757094152 1814
0.392032 0.5767562096918922 0.010481950114315 137578.418677726 2178
0.422188 0.3682967583854395 0.005886938743633326 75506.26856858259 2498
0.452344 0.1986523381198184 0.004249301969065349 35410.78948317814 2622
0.482501 0.1215684469899678 0.00234882503231146 18980.20886355617 3338
0.512657 0.07465120043484055 0.001579637415104657 10332.83631702706 3722
0.542813 0.04976474947100233 0.0009715000551260704 6139.409005034577 4170
0.57297 0.03164416386825841 0.0007021625062174821 3499.631554670425 4358
0.603126 0.02150409476979695 0.0005039123139033057 2142.98392455343 5034
0.633282 0.01605379263625777 0.0003330454870289551 1449.790390651883 5714
0.663439 0.01138388817126334 0.0002806326612987905 937.0156461048961 5982
0.693595 0.009570408019982561 0.0001953650206465754 719.1484441090921 6602
0.723751 0.007465543717247423 0.0001499846604388322 514.6287066847533 7130
0.753908 0.005534943234660485 0.0001361854122282251 351.8276306134943 8034
0.784064 0.004540650016133061 0.0001170377226864636 266.9124780793592 8606
0.81422 0.00388848589440365 0.0001006242735529418 211.8660242073779 9066
0.844376 0.003787437633929865 8.637121528166221e-05 191.7147957399572 9962
0.874533 0.003261536294190383 8.388785521077773e-05 153.9235881909818 10550
0.904689 0.003231008273167064 7.267330807480639e-05 142.3592304292293 11226
0.934845 0.003142174703746655 7.063930032547152e-05 129.6045506235677 12146
0.965002 0.002651407443414651 6.180326541401748e-05 102.5742549771496 12303
0.995158 0.001316703410346271 3.541170666085038e-05 47.8915252132477 12584
1.02531 2.786753044631868e-27 7.036406030389475e-29 9.547879521449532e-23 12120
1.05547 2.991402903314493e-27 7.698352915800824e-29 9.66975397563768e-23 11180
1.08563 3.180945675331234e-27 8.441680099600746e-29 9.71739417270656e-23 11096
1.11578 3.619291088616862e-27 9.094147585565268e-29 1.046520512248065e-22 10056
1.14594 3.779207367577014e-27 1.000334164888121e-28 1.035943220657156e-22 9716
1.1761 4.149502181021284e-27 1.082848302107776e-28 1.079571748435473e-22 8604
1.20625 4.537310057075129e-27 1.157782093917036e-28 1.121757959326473e-22 8060
1.23641 4.758919585033238e-27 1.257854439655929e-28 1.119835161188575e-22 7320
1.26656 5.083067916386923e-27 1.37789975251109e-28 1.140189749895855e-22 6356
1.29672 5.545953320448706e-27 1.541641405545787e-28 1.186561684016326e-22 5348
1.32688 5.650814958264661e-27 1.65099524164277e-28 1.154214215677757e-22 4308
1.35703 5.852344958644612e-27 1.715352984764791e-28 1.142798889122678e-22 3563
1.38719 6.356480112826813e-27 1.868184078159433e-28 1.18822607694261e-22 2448
1.41735 7.249662953372811e-27 1.985971885825062e-28 1.297240806029516e-22 1868
1.4475 7.82097373485067e-27 2.111707771507555e-28 1.340609393160777e-22 1358
1.47766 7.887693626150343e-27 2.416985396100713e-28 1.297201869861156e-22 1062
1.50782 7.708440084783285e-27 2.447384500186398e-28 1.219153829683144e-22 776
1.53797 7.682119469439007e-27 2.584962478943764e-28 1.169433803373809e-22 432
1.56813 8.579890257050485e-27 2.942314867323413e-28 1.252157496925987e-22 200
1.59828 1.122060435073922e-26 2.646460598744109e-28 1.572819675422184e-22 168
1.62844 1.091961999101086e-26 2.826767017976579e-28 1.477102552755296e-22 56
1.6586 4.268149504195321e-27 2.257875064477878e-28 5.574573412931474e-23 7


0.0301563 2.24874007623597 0.004415249856379759 195731426.9677633 18
0.0603126 10.5238360326821 0.05013685164342004 158574801.463959 62
0.0904689 1.601348341194285 0.5086183431406434 34678382.85977786 98
0.120625 28.93526804218099 0.2643966775668464 86139583.21298675 210
0.150782 13.56229933861048 0.574923110519248 28183564.46961618 350
0.180938 16.39714318066541 0.2802197505029302 20918072.58710331 450
0.211094 13.20199147344326 0.2035090547818166 11983492.26640793 602
0.24125 8.082167101491823 0.1312764067311414 5518286.750228698 762
0.271407 3.596001514084631 0.09487572513008388 1954248.239536288 1142
0.301563 2.535813106397478 0.04884877951369726 1100625.327442565 1250
0.331719 1.643935998588476 0.02425860877149521 581996.845867007 1458
0.361876 0.9961369637387876 0.01605250198986793 294693.1708033814 1814
0.392032 0.4738961657376135 0.01089002286481573 119762.4996954884 2178
0.422188 0.2856815853253784 0.006565237016912143 62090.40225316071 2498
0.452344 0.186706442046809 0.003848377301709744 35128.86274380987 2622
0.482501 0.1027067797174682 0.002369693652593945 16957.92337541514 3338
0.512657 0.07029339251623216 0.00142769216583129 10268.48194488329 3722
0.542813 0.04274063574225469 0.0009668833912164622 5572.215604280103 4170
0.57297 0.0285659412448587 0.0006628140708095513 3335.96674398995 4358
0.603126 0.02065926242441477 0.0004471223106437218 2172.116662403296 5034
0.633282 0.01450621930607563 0.0003143527735842033 1383.066912857967 5714
0.663439 0.01093306018987362 0.0002493314661302146 949.446409015493 5982
0.693595 0.008429815091286949 0.0001895226343382994 668.8473516089041 6602
0.723751 0.006454457685858603 0.0001484389316756654 469.8475089871172 7130
0.753908 0.004954540676960297 0.0001291886185035546 332.4742089052781 8034
0.784064 0.004329165650709015 0.0001047938588893311 268.5060762006497 8606
0.81422 0.003467238009474079 9.557744278349427e-05 199.4273212795942 9066
0.844376 0.003546343468434021 7.850840620023313e-05 189.4240156348032 9962
0.874533 0.003110195429795785 7.509118975839968e-05 154.8690950863015 10550
0.904689 0.002916305647313195 6.848677656766951e-05 135.6148784657584 11226
0.934845 0.002843633240966875 6.650683499708786e-05 123.7874044439737 12146
0.965002 0.002479512682328506 5.628894428673127e-05 101.2187516708291 12303
0.995158 0.001279311824514764 3.108045345214288e-05 49.09009450539947 12584
1.02531 2.737814807401173e-27 6.80314736203401e-29 9.898137296432016e-23 12120
1.05547 2.929886448335665e-27 7.451360916233876e-29 9.993831072565304e-23 11180
1.08563 3.105514752699554e-27 8.137870924030728e-29 1.00107427281723e-22 11096
1.11578 3.531654939731268e-27 8.727506528803065e-29 1.07753512123116e-22 10056
1.14594 3.657047732039782e-27 9.798793556299724e-29 1.057841011175595e-22 9716
1.1761 4.027327557553182e-27 1.066344334233435e-28 1.105669816489972e-22 8604
1.20625 4.415172693701079e-27 1.136298582792358e-28 1.151837228023776e-22 8060
1.23641 4.641516064578327e-27 1.202696915715418e-28 1.152455478456193e-22 7320
1.26656 4.896436993585367e-27 1.34891909592297e-28 1.158980067397319e-22 6356
1.29672 5.524210894322715e-27 1.463795845362616e-28 1.247037671410289e-22 5348
1.32688 5.603686138429868e-27 1.589026779167385e-28 1.20769115021795e-22 4308
1.35703 5.908399602899377e-27 1.602131723716546e-28 1.217259076012135e-22 3563
1.38719 6.380299967357446e-27 1.779844896274907e-28 1.258388674611155e-22 2448
1.41735 6.748250187777681e-27 2.004301593925861e-28 1.274292954505671e-22 1868
1.4475 7.463066013272092e-27 2.129409436970127e-28 1.349934845735668e-22 1358
1.47766 8.083093124113013e-27 2.238226523770781e-28 1.402475451996904e-22 1062
1.50782 8.123510561615676e-27 2.213235987934113e-28 1.355398633727235e-22 776
1.53797 8.491481127146217e-27 2.184151121769485e-28 1.363478243687355e-22 432
1.56813 1.015319059614228e-26 2.454692702758536e-28 1.562837035955196e-22 200
1.59828 8.780467352880787e-27 3.361279033710658e-28 1.299433974193243e-22 168
1.62844 9.155258902775242e-27 3.244970813355881e-28 1.307239242138725e-22 56
1.6586 5.691883209545509e-27 1.030987130979828e-28 7.834310130352599e-23 7


