501187.2333435700 99999999.9247634528 00001
501187.2333435700 31622776.5777977620 00002
501187.2333435700 9999999.9934168021 00003
501187.2333435700 3162277.6580771747 00004
501187.2333435700 999999.9994357258 00005
334965.4389594938 99999999.9247634528 00006
334965.4389594938 31622776.5777977620 00007
334965.4389594938 9999999.9934168021 00008
334965.4389594938 3162277.6580771747 00009
334965.4389594938 999999.9994357258 00010
223872.1137408358 99999999.9247634528 00011
223872.1137408358 31622776.5777977620 00012
223872.1137408358 9999999.9934168021 00013
223872.1137408358 3162277.6580771747 00014
223872.1137408358 999999.9994357258 00015
149623.5655280202 99999999.9247634528 00016
149623.5655280202 31622776.5777977620 00017
149623.5655280202 9999999.9934168021 00018
149623.5655280202 3162277.6580771747 00019
149623.5655280202 999999.9994357258 00020
99999.9999529771 99999999.9247634528 00021
99999.9999529771 31622776.5777977620 00022
99999.9999529771 9999999.9934168021 00023
99999.9999529771 3162277.6580771747 00024
99999.9999529771 999999.9994357258 00025
