0.04 3.937996013327441e-06 5.699591696169291e-07 0.6093976244989628 18
0.08 2.627103673152864e-05 5.292493882653571e-06 1.071857464431254 62
0.12 0.0001393723473525038 1.413945987107003e-05 2.40786882649279 98
0.16 0.0003038576772897078 4.489614573906591e-05 2.918030599682565 210
0.2 0.0004873264539994345 8.912927633313761e-05 3.033498964459738 350
0.24 0.0008110465712073985 0.0001537090918990011 3.520077374297549 450
0.28 0.001172117636042847 0.0002656162424997455 3.709696809496243 602
0.32 0.001568792074651116 0.0004136348989948081 3.780414948623417 762
0.36 0.002410853609034 0.0006328962275881022 4.608113912711499 1142
0.4 0.002894701228464332 0.0008738759258172988 4.499381951241657 1250
0.44 0.004122030418195259 0.001180457975617081 5.275515402425214 1458
0.48 0.004754323500972869 0.001748950751088469 5.100927078279327 1814
0.52 0.005696261663120671 0.002395887158595653 5.214778502943818 2178
0.56 0.006775612905503375 0.003045086767390146 5.35154474427515 2498
0.6 0.007767836586067768 0.003841926687490988 5.330787587008373 2622
0.64 0.009001737757294209 0.004926353901822774 5.426056425780872 3338
0.68 0.01007240257624734 0.006229700050444238 5.387848214479965 3722
0.72 0.0117636180726038 0.007504719291671924 5.61845011629986 4170
0.76 0.01303083255873199 0.009723110890552366 5.581705119080649 4358
0.8 0.01473394138671858 0.01167165213132397 5.690410141707535 5034
0.84 0.01665652335208761 0.01413069721355739 5.838621048458487 5714
0.88 0.01780987167452228 0.0168336438193438 5.689645214068778 5982
0.92 0.02044961279428713 0.02017772912971327 5.973084545537153 6602
0.96 0.02164997785774606 0.02290483562863628 5.804670725844757 7130
1 0.02394261289686307 0.02695782099678402 5.917452503846087 8034
1.04 0.02649418321117741 0.03137859323254751 6.05718634549019 8606
1.08 0.02832155723652367 0.03724557491345323 6.004552000055528 9066
1.12 0.03021700055716559 0.04155795046331884 5.956480460201844 9962
1.16 0.03197120973150721 0.049308220936286 5.876105542261007 10550
1.2 0.03502068381954325 0.05537620064931784 6.013140657160484 11226
1.24 0.03704582382759399 0.06102114517619893 5.956117336424406 12146
1.28 0.03964909173146292 0.06976929747585268 5.979977975296193 12303
1.32 0.04312360826683859 0.07633320173600031 6.113625740965797 12584
1.36 0.04429057489043405 0.08890911289536485 5.917680680850498 12120
1.4 0.04852536627751197 0.1003532613002195 6.117739353063108 11180
1.44 0.04993361045259945 0.1097147814667837 5.950153065246038 11096
1.48 0.05365153697257612 0.1214134661574846 6.052783013653476 10056
1.52 0.05741209692784361 0.1377928148748522 6.140703487911915 9716
1.56 0.05854934377324485 0.1495500351932197 5.944874304739514 8604
1.6 0.06155993047770583 0.1708158177879604 5.941094531587622 8060
1.64 0.06836154289429656 0.1846515935248807 6.27912486789963 7320
1.68 0.0694886388753395 0.2027984814776873 6.085088351068729 6356
1.72 0.0709761492421504 0.2146981279520562 5.928553213803249 5348
1.76 0.07636798131187483 0.2361942236821111 6.089867929049033 4308
1.8 0.08344209434477531 0.254873242339771 6.361313116759731 3563
1.84 0.08134329891766502 0.2811261112841361 5.937814409132396 2448
1.88 0.08805621559750129 0.2909123358759429 6.15330256089639 1868
1.92 0.0917493868575507 0.3263510486652538 6.142650072803795 1358
1.96 0.09572484110687644 0.362219008393884 6.148540255120797 1062
2 0.08911664785564281 0.3592048616315414 5.505161363028315 776
2.04 0.101658275663987 0.4396094409932224 6.044786291030647 432
2.08 0.1129175045585526 0.4348820808738501 6.43578168871844 200
2.12 0.110115335388027 0.5107758644537435 6.032143282720675 168
2.16 0.1394263236131395 0.245462436589047 7.362819088579207 56
2.2 0.082892154821429 0.2733951851955492 4.224571849007243 7


0.04 3.778502568589449e-07 3.196536365688219e-10 4.147997841234503 18
0.08 2.978928401270781e-06 1.866435529043925e-09 5.146228665221786 62
0.12 1.451128128193714e-05 4.303256332594118e-08 9.25283775890316 98
0.16 2.672202873588237e-05 3.628039436916884e-07 8.865419152069425 210
0.2 3.541158522162092e-05 1.602387087846966e-06 7.455687859812442 350
0.24 3.450169593706075e-05 4.701001133002879e-06 5.193763255095128 450
0.28 2.215086512049558e-05 9.55690540634764e-06 2.701910940545369 602
0.32 6.147201094574052e-06 1.433243934637845e-05 0.9215938548777114 762
0.36 1.036233750788973e-05 1.897559107324071e-05 0.9961904558591648 1142
0.4 6.475812590270188e-05 1.681417853767572e-05 3.299762832244863 1250
0.44 0.000158591515332689 7.749505684557836e-06 6.246413644340373 1458
0.48 0.0002415251877967027 1.972352543771641e-06 7.868034174978947 1814
0.52 0.0002401722534149818 8.009671720635402e-06 6.685162027850601 2178
0.56 0.0001450755115025607 2.75999022652274e-05 3.554528443609431 2498
0.6 4.654057150020312e-05 4.410102320974006e-05 1.080924283363835 2622
0.64 6.863294609683971e-05 4.681635761071218e-05 1.343716574327041 3338
0.68 0.00022486077774595 3.213323166798687e-05 3.670673350342124 3722
0.72 0.0003740067288039483 1.474779640673793e-05 5.387604582065124 4170
0.76 0.0004435988011840958 1.963375945562873e-05 5.725410017977588 4358
0.8 0.0003276263718345101 4.538408872624291e-05 3.835367695687199 5034
0.84 0.0002167765676801527 7.278329135839531e-05 2.330100374292131 5714
0.88 0.0002475248880003033 8.12989510729173e-05 2.418152132084264 5982
0.92 0.0004233489530256292 7.119586933678428e-05 3.740728972752983 6602
0.96 0.0005724352062381121 5.821494793555036e-05 4.621929782216891 7130
1 0.0005819227905348006 7.314983468446807e-05 4.332906083825224 8034
1.04 0.0005716976856794234 9.708480984409381e-05 3.942411472993033 8606
1.08 0.0005747744915827556 0.000118207584316631 3.678008031622729 9066
1.12 0.0006625687240579166 0.0001200164200114295 3.9354621235013 9962
1.16 0.000849136037066675 0.0001183484532465835 4.692161046503273 10550
1.2 0.0009718605069526704 0.0001226729798634399 5.012634555658776 11226
1.24 0.001021960499660628 0.0001366791833277681 4.934794900461943 12146
1.28 0.001076680706415729 0.0001575465653987227 4.876913518038124 12303
1.32 0.0009873906601394089 0.0001938088586067323 4.208466509793991 12584
1.36 0.001102783541736676 0.0002077503869948842 4.426482903141483 12120
1.4 0.001255297416247572 0.0002206422921768793 4.751325775399504 11180
1.44 0.001234830790123029 0.0002496755661273169 4.41872356487624 11096
1.48 0.001273920909802654 0.0002748591037560611 4.315900099189688 10056
1.52 0.001457429567880929 0.0002933452552137687 4.678228579832989 9716
1.56 0.00166308737352824 0.0002852471771476321 5.063212361101836 8604
1.6 0.001904314877563298 0.0003057727177429546 5.50782478957017 8060
1.64 0.001973714437521586 0.0003363809366744244 5.433537514541884 7320
1.68 0.002273165525463558 0.0003322483960116302 5.962141192860106 6356
1.72 0.002440569948834556 0.0003236297775858419 6.103574052348023 5348
1.76 0.002608432313977146 0.0003572556812108669 6.227398775311577 4308
1.8 0.002599008926674761 0.0004059400721489416 5.933333197633178 3563
1.84 0.002371458581330201 0.0005054125561329466 5.186472948762947 2448
1.88 0.002132873022844243 0.0005851307571092231 4.468978376890151 1868
1.92 0.001736653626591983 0.0007529001168077306 3.492616128283206 1358
1.96 0.001770224007287232 0.0008401776379744158 3.416356652002107 1062
2 0.001956007294581271 0.0007615601688468676 3.62573294566373 776
2.04 0.003186785658478462 0.0007554352402716065 5.674472941276259 432
2.08 0.003676523372494889 0.0006813791674970014 6.27205406093372 200
2.12 0.004198630628392858 0.000707403776634051 6.881020902002846 168
2.16 0.002981351318556946 0.0004295631893197993 4.713259955969782 56
2.2 0.001874728775943369 0.0004619917995297425 2.861825114894728 7


0.04 1.276654651650621e-08 1.661751820536056e-08 3.246929923706475 18
0.08 1.67485650994323e-07 1.213680839846734e-07 2.950748879660361 62
0.12 1.419481237816623e-06 5.192089761666168e-07 4.460670079230677 98
0.16 4.735508912749369e-06 7.664687952152949e-07 4.617142370874173 210
0.2 1.198207288345327e-05 6.406825248554326e-07 5.532214133863079 350
0.24 2.306302989136378e-05 2.084562487543093e-07 6.594766448938878 450
0.28 3.21019910997915e-05 1.517937616526273e-07 6.481774728068575 602
0.32 3.029771101886926e-05 1.385607062650935e-06 4.724962934729577 762
0.36 1.775630639206117e-05 5.053957213869362e-06 2.479424372065128 1142
0.4 3.308365970062143e-06 8.985820915052916e-06 0.7706780506256333 1250
0.44 1.625642384748535e-05 8.579880602993517e-06 1.565991112221581 1458
0.48 6.164411010944508e-05 4.340465862038472e-06 4.10385306148255 1814
0.52 9.946005915838682e-05 1.155631949667333e-06 5.495998458038546 2178
0.56 8.234602609185847e-05 5.706258003793921e-06 3.974227305123409 2498
0.6 2.96407890420853e-05 1.394213102857364e-05 1.359442320696933 2622
0.64 2.524578964326616e-05 1.673509170517031e-05 1.042054032407646 3338
0.68 9.08954411128829e-05 1.050193621356441e-05 2.961239460180467 3722
0.72 0.0001403462799488208 5.169650736290281e-06 4.010911995672721 4170
0.76 0.0001295908333731381 1.196087823371529e-05 3.343159121497044 4358
0.8 7.686513715318944e-05 2.217696308483493e-05 1.833314390837988 5034
0.84 9.201741817418201e-05 2.368742735259838e-05 1.975345612374282 5714
0.88 0.0001610927181438524 1.86565089050708e-05 3.088433197642485 5982
0.92 0.000194535762119947 2.013642988512126e-05 3.399164343866539 6602
0.96 0.0001718332047813575 2.704446151006984e-05 2.766563525526534 7130
1 0.0001783024901617297 3.14610709099105e-05 2.646342623128704 8034
1.04 0.0002306294409856092 3.131396119328825e-05 3.150132760145989 8606
1.08 0.0002909319750363964 3.011525221327684e-05 3.670743218200839 9066
1.12 0.0002875555924094948 3.642649148481265e-05 3.375880634463091 9962
1.16 0.0002886850143897725 4.634683925309345e-05 3.163883893698339 10550
1.2 0.0003105341537082819 5.135930129641155e-05 3.177397501347298 11226
1.24 0.0003460381340262471 5.346443317605353e-05 3.310152043979676 12146
1.28 0.0003788629869848989 5.860251052901193e-05 3.396968379932856 12303
1.32 0.0004222465246301229 5.968009315070939e-05 3.553781571125938 12584
1.36 0.0004621510151488228 6.531014313960855e-05 3.66290477683237 12120
1.4 0.0004928220695900081 7.37443729606037e-05 3.685035878503427 11180
1.44 0.0005354125870539952 7.608698586675111e-05 3.780498885041733 11096
1.48 0.0004995812131518867 9.287856865801835e-05 3.344297715420807 10056
1.52 0.0005152043955152048 0.0001075893038586524 3.270921834075644 9716
1.56 0.0005890598884731364 0.0001051645749871736 3.544064130385214 8604
1.6 0.0006968731814590004 0.0001096861148607083 3.979990846489203 8060
1.64 0.000782876410085671 0.0001108977519853231 4.251896897346644 7320
1.68 0.0008960931823460381 0.0001105560689117842 4.635178806768792 6356
1.72 0.0008860828641927158 0.0001200430070468787 4.372364535968448 5348
1.76 0.0008483686541087268 0.0001481984164390853 4.000227937765027 4308
1.8 0.00077257804908789 0.000175570135975167 3.487113417559565 3563
1.84 0.0008673511323399036 0.0001777077486354347 3.744363573783921 2448
1.88 0.0009736695091485211 0.0001708515016588265 4.019989069161464 1868
1.92 0.001287640667140744 0.0001495233263855395 5.084188811530875 1358
1.96 0.001745014297915652 0.0001077190784647594 6.599898383413518 1062
2 0.001668854391245856 0.0001075384559756634 6.069780294842321 776
2.04 0.001709232616018641 0.000181806572126636 5.988310882168982 432
2.08 0.001533795469712128 0.0002187106961192935 5.155314663157521 200
2.12 0.001541666607973503 0.0002615632945367886 4.981358646927385 168
2.16 0.0008634214754572213 0.0001965365284412917 2.694829947884055 56
2.2 0.0009449608520949249 0.0001224726461527663 2.839112749977883 7


0.04 4.58374606942267e-08 4.071189466373612e-09 3.569562490601362 18
0.08 2.972730988265059e-07 4.033609192984776e-08 3.502227053246376 62
0.12 1.028036577402393e-06 2.577202653222627e-07 4.811693113159507 98
0.16 1.000584236136651e-06 6.456195850768672e-07 3.36635548729104 210
0.2 2.544741399815484e-07 1.210347469188601e-06 2.03739911096105 350
0.24 1.012703392988558e-06 1.67818404534093e-06 1.761111060711966 450
0.28 6.501504368266594e-06 1.557775991323545e-06 2.702913320802804 602
0.32 1.654545134211154e-05 7.349150329594598e-07 4.009147394418686 762
0.36 2.880068920825269e-05 1.700997259889534e-07 5.199754706729824 1142
0.4 2.634620254539678e-05 1.62608458698899e-06 3.974874039286427 1250
0.44 8.766090390319946e-06 4.786067187443311e-06 1.397810375019664 1458
0.48 4.702065749715861e-06 6.390323088302036e-06 0.8111959039851984 1814
0.52 3.100130170118721e-05 3.838144662613165e-06 2.727646530551094 2178
0.56 6.042481974019514e-05 9.930533760450871e-07 4.336241091983323 2498
0.6 4.730025232490686e-05 3.359233081340149e-06 2.994303260934343 2622
0.64 1.765692254182511e-05 8.676325107104023e-06 1.106989460667699 3338
0.68 2.636588691230568e-05 9.062687517399119e-06 1.386745611722533 3722
0.72 6.688344095059898e-05 4.280653247807662e-06 2.896679716286279 4170
0.76 8.33668197207419e-05 4.843725997383222e-06 3.221581839962967 4358
0.8 5.396595376378908e-05 1.045588839589474e-05 1.928407761704661 5034
0.84 5.331390557110356e-05 1.257474378090694e-05 1.734194060380945 5714
0.88 8.859426507030328e-05 1.028251225188996e-05 2.56011314732001 5982
0.92 0.000101923634270459 1.179935665076652e-05 2.685548736896461 6602
0.96 8.850033863197554e-05 1.561611932351422e-05 2.154398453375727 7130
1 0.0001055460385101878 1.61110905961201e-05 2.354427032348341 8034
1.04 0.0001378694946278114 1.561896541053628e-05 2.824517604451734 8606
1.08 0.0001546801090086223 1.738290055397005e-05 2.933238381561006 9066
1.12 0.000148156553285584 2.140835087497193e-05 2.617527265222265 9962
1.16 0.0001591893130664992 2.522479034662034e-05 2.621631314257599 10550
1.2 0.0001829259639155264 2.630518186480187e-05 2.806441253420227 11226
1.24 0.0001986176433375921 2.808704883414316e-05 2.849122801297474 12146
1.28 0.0002145923940897527 3.1207467250889e-05 2.885342291847821 12303
1.32 0.0002349715996707695 3.232044595030272e-05 2.964955639249752 12584
1.36 0.0002455641049670557 3.705085213303177e-05 2.920029776234042 12120
1.4 0.0002618925071775413 4.175723459513676e-05 2.937705741008269 11180
1.44 0.0002724429536049266 4.492736293875652e-05 2.886975303548949 11096
1.48 0.0003096608920166346 4.53592598118702e-05 3.100619234775757 10056
1.52 0.0003625958791351793 4.677286264559256e-05 3.43605033653383 9716
1.56 0.0003819921365931279 4.891571052190092e-05 3.434004621466202 8604
1.6 0.0004150696360315385 5.557766087487541e-05 3.545567508857688 8060
1.64 0.0004179673750020437 6.305325275446919e-05 3.39960453464311 7320
1.68 0.0004295930261136058 7.062781638243544e-05 3.33148216482864 6356
1.72 0.0004629343327749326 6.951338928296343e-05 3.420404445765037 5348
1.76 0.000543375058133633 6.8938069745175e-05 3.827186556872842 4308
1.8 0.0005804444928489538 7.15193079355677e-05 3.906689963077919 3563
1.84 0.0005069375667047036 9.253512758273711e-05 3.273281837228356 2448
1.88 0.0004743301239962247 0.0001033340843978876 2.935148757128676 1868
1.92 0.0004387023033859932 0.0001249979551616806 2.606181771040728 1358
1.96 0.0006115735594138264 0.0001152997440279817 3.471559414036465 1062
2 0.0007516872413044449 8.644700169007262e-05 4.091500389683636 776
2.04 0.001132289437318626 6.994721162747634e-05 5.919882440131143 432
2.08 0.001189074472622889 6.534431756429912e-05 5.95806972316568 200
2.12 0.001366170586316858 6.108182676160107e-05 6.574986973664305 168
2.16 0.0006503352441004049 7.929148419977848e-05 3.026870321627392 56
2.2 0.0007037636938491716 3.825528280245703e-05 3.153064688809541 7


0.04 3.734890966973024e-08 1.590364028185341e-09 3.595750050504549 18
0.08 3.279489443960602e-07 7.902867615256419e-09 3.801878272587369 62
0.12 1.804750245842973e-06 1.458421250526513e-08 6.281816121086823 98
0.16 3.745662727673592e-06 5.681091403961341e-09 5.986941466929394 210
0.2 5.420776874729142e-06 8.827772050552064e-08 5.249139775226126 350
0.24 5.177768290723569e-06 4.993060593453632e-07 3.797997286489717 450
0.28 2.521288916085745e-06 1.261942031116902e-06 2.019239385159103 602
0.32 4.67726459311811e-07 1.875165097397935e-06 1.005383939387807 762
0.36 5.901131895542488e-06 1.83284019281075e-06 1.973074570379901 1142
0.4 1.998248523656234e-05 6.55455210044569e-07 4.020850867875941 1250
0.44 2.620700490275657e-05 3.441525885901362e-07 4.202123653824893 1458
0.48 1.551995237724228e-05 2.506849690736675e-06 2.282847528232904 1814
0.52 3.662542346182807e-06 4.777876400790415e-06 0.7427831281880461 2178
0.56 1.800332946462604e-05 3.548513418874992e-06 1.908132048106332 2498
0.6 3.978132325515336e-05 9.427031921658783e-07 3.327859805479105 2622
0.64 3.44207135161611e-05 2.524016151442265e-06 2.568090665906452 3338
0.68 1.443007362754097e-05 6.315129550622915e-06 1.077011608362013 3722
0.72 2.461948733864767e-05 5.414966490251536e-06 1.507912236299651 4170
0.76 5.457191158072027e-05 3.11709082807925e-06 2.82977180172213 4358
0.8 4.998845803880239e-05 4.758317825341476e-06 2.352936657467142 5034
0.84 3.736023226195867e-05 7.845767850493878e-06 1.634862240494672 5714
0.88 5.271557410786104e-05 7.429397361914681e-06 2.0578250590637 5982
0.92 6.793857577489544e-05 7.496987771163334e-06 2.399958871603718 6602
0.96 6.020532030644406e-05 9.819118003534829e-06 1.966127870711557 7130
1 6.563568474045831e-05 1.095182227307917e-05 1.970480068581639 8034
1.04 8.699503876740452e-05 1.06158894921986e-05 2.390673061379918 8606
1.08 0.000101002935702586 1.133361798056757e-05 2.56402836173246 9066
1.12 9.925384649261361e-05 1.358027040664222e-05 2.346441377267879 9962
1.16 0.0001088189293776125 1.573117156866262e-05 2.396116088618925 10550
1.2 0.0001231620924117047 1.661928310352947e-05 2.52598715373012 11226
1.24 0.0001328873854805244 1.785224548227724e-05 2.547825668229397 12146
1.28 0.0001436260147236939 1.983749116446918e-05 2.580536547056412 12303
1.32 0.0001540724761884488 2.097006415362529e-05 2.598220933002 12584
1.36 0.0001561948321039139 2.47237827710476e-05 2.484427306177175 12120
1.4 0.0001728775531633759 2.690518030096683e-05 2.590906749212775 11180
1.44 0.0001882710293640473 2.772122658796106e-05 2.661891280616452 11096
1.48 0.0002205985713121666 2.692743258860899e-05 2.943842141378916 10056
1.52 0.0002461507286727972 2.922809731837263e-05 3.110817548021843 9716
1.56 0.000239108817917315 3.343991986472571e-05 2.87096589103423 8604
1.6 0.0002554095028399635 3.848090745134774e-05 2.914695306526006 8060
1.64 0.0002669430711117823 4.18505502315531e-05 2.898686576028372 7320
1.68 0.0002880751014710047 4.475366741990201e-05 2.979690040736731 6356
1.72 0.0002959887230302151 4.622037502966064e-05 2.918544770453134 5348
1.76 0.0003074554336072112 5.209453083424127e-05 2.894801121007806 4308
1.8 0.0002977602415817267 5.874384117423781e-05 2.683037158628876 3563
1.84 0.0003524119480457042 5.672706356083174e-05 3.032215601115729 2448
1.88 0.0004037912737263821 5.277053343422217e-05 3.319413755441787 1868
1.92 0.0005201061194647963 4.590513106886799e-05 4.0857614796968 1358
1.96 0.0005911605716277485 4.675759879887769e-05 4.451716985619949 1062
2 0.0004771620960143352 5.934418590838812e-05 3.461882401259016 776
2.04 0.0003834204863428367 0.0001006271462478009 2.692791132317241 432
2.08 0.0003278546633677099 0.0001114665509520054 2.213810017523643 200
2.12 0.0002822732316373642 0.0001331490993569567 1.840376157802449 168
2.16 0.0003180453171016904 6.773699659541141e-05 1.979030951868011 56
2.2 0.0001829121597999698 6.74414772156781e-05 1.104009031737506 7


0.04 8.287251487452242e-10 4.626176339478755e-09 3.376830420895096 18
0.08 1.428361763390444e-09 3.697632105337924e-08 3.076093854757367 62
0.12 3.41475403426234e-08 1.787479781882046e-07 4.155006380145071 98
0.16 4.071393150419531e-07 3.072948111434816e-07 3.477170626475076 210
0.2 1.920931651462021e-06 3.221651465039679e-07 3.577013772500662 350
0.24 5.133344021653751e-06 1.618544355272873e-07 4.348262475280162 450
0.28 8.329610882529072e-06 2.810260143978497e-08 4.570655430459811 602
0.32 8.00975936840642e-06 3.208886703280375e-07 3.434111706845351 762
0.36 3.700149725393712e-06 1.399594191587926e-06 1.767264251681586 1142
0.4 1.114728700177532e-06 2.253202449805866e-06 0.9436439441217859 1250
0.44 9.886189890146803e-06 1.433146157997204e-06 2.280459939090764 1458
0.48 2.218317968699635e-05 2.914705911551982e-07 3.732553136178965 1814
0.52 1.84832060955051e-05 1.292740636674683e-06 2.737264454150315 2178
0.56 4.996752894433653e-06 3.637936538751996e-06 0.8951614200173797 2498
0.6 1.029054112033544e-05 3.148684763364208e-06 1.265536741368985 2622
0.64 2.945751469189057e-05 1.143098631895419e-06 2.733347164461454 3338
0.68 2.771010525466751e-05 2.165435179167147e-06 2.307477397421166 3722
0.72 1.263694454185798e-05 4.586519898797672e-06 1.041362473090997 4170
0.76 2.447519506352698e-05 4.244118218104657e-06 1.667775137895281 4358
0.8 3.974658024242119e-05 2.866057110308195e-06 2.341784734386235 5034
0.84 3.396360221218444e-05 4.641155112601528e-06 1.844041593907756 5714
0.88 3.377503728247627e-05 5.894860143556718e-06 1.679593895085038 5982
0.92 4.909672437609487e-05 5.330065474882439e-06 2.182976627124513 6602
0.96 4.905725299940086e-05 6.225625462700494e-06 2.003542723072242 7130
1 4.402272368011913e-05 8.280377094863982e-06 1.673599819669487 8034
1.04 5.648163524088785e-05 8.441452086918668e-06 1.962648987604225 8606
1.08 7.10924614874835e-05 8.316046942362003e-06 2.26943878819433 9066
1.12 7.255771541584976e-05 9.545106424524056e-06 2.153871347885578 9962
1.16 7.96152128053524e-05 1.106382889806677e-05 2.200805023149035 10550
1.2 8.847481422580224e-05 1.190592543059685e-05 2.278355517702578 11226
1.24 9.546793285568629e-05 1.278687527624211e-05 2.297318152308778 12146
1.28 0.0001060509900923857 1.38109478466524e-05 2.388478650034549 12303
1.32 0.0001111822643768796 1.495141727839219e-05 2.351443139582215 12584
1.36 0.0001129170545031356 1.760037319944325e-05 2.252837011052074 12120
1.4 0.0001248559127974745 1.916755486581308e-05 2.346399943936031 11180
1.44 0.0001382868977153831 1.942385986979808e-05 2.449397426680815 11096
1.48 0.0001582213555858736 1.935506092254519e-05 2.645187335117487 10056
1.52 0.0001751724812301577 2.120220017587621e-05 2.773275846667022 9716
1.56 0.0001720125650784842 2.391077670573144e-05 2.587047993472076 8604
1.6 0.0001856926152628763 2.722302154372124e-05 2.65364157441185 8060
1.64 0.0001948172581997866 2.95171514309088e-05 2.648682794524327 7320
1.68 0.0002057022896593473 3.223400096678894e-05 2.664887002066316 6356
1.72 0.0002035445584487082 3.440859804741821e-05 2.515625134268115 5348
1.76 0.0002119852304319134 3.852861733957011e-05 2.501617734457095 4308
1.8 0.0002375035570875404 3.850173570860505e-05 2.67389337426779 3563
1.84 0.0003067698352903536 3.282852828584165e-05 3.291904885066491 2448
1.88 0.0003215498708480202 3.333841717482931e-05 3.301242884044461 1868
1.92 0.0003447035831778724 3.745930785167331e-05 3.389958066196249 1358
1.96 0.0002383579383778008 6.101276691335763e-05 2.267628806333423 1062
2 0.000176267127249448 6.680726780399111e-05 1.622736227580746 776
2.04 0.000233209993888259 7.76255320097862e-05 2.059179667201852 432
2.08 0.0002848186167063466 7.184227553705059e-05 2.399207520690345 200
2.12 0.0003554322635613621 7.195774752567019e-05 2.868097160721978 168
2.16 0.0003131624329828585 3.592570151205851e-05 2.426621066343604 56
2.2 0.0001798821476407002 4.070790008301156e-05 1.351351505951229 7


0.04 2.555809244892997e-08 2.050982870531652e-10 3.616531482649139 18
0.08 1.857848695078786e-07 3.616387875787946e-09 3.711544593565965 62
0.12 7.773187641225717e-07 3.661335862934739e-08 5.549099425597725 98
0.16 1.049134172485399e-06 1.37271604313149e-07 4.367285729843291 210
0.2 6.375680591194006e-07 3.58602703327521e-07 2.87603796035736 350
0.24 9.698557231840386e-08 6.349614710204773e-07 1.863264811303763 450
0.28 1.243030763887188e-06 7.018716559234834e-07 1.957650800215162 602
0.32 5.003366815856318e-06 3.853985755978892e-07 2.839331828885883 762
0.36 1.019248546409433e-05 7.363001291428089e-08 3.904029937052836 1142
0.4 8.841806628412675e-06 6.508000884784208e-07 2.931003097966409 1250
0.44 1.961595659188715e-06 1.851294316568432e-06 1.018171688862052 1458
0.48 4.025551649094629e-06 1.952558477157575e-06 1.221525003576472 1814
0.52 1.654025912517109e-05 6.404868586861991e-07 2.914488138631124 2178
0.56 1.884475528470364e-05 7.424821826228245e-07 2.828935794824982 2498
0.6 6.393913230673294e-06 2.608879347571291e-06 1.032996147747422 2622
0.64 8.170024924520377e-06 2.805038064710295e-06 1.08901231780001 3338
0.68 2.406880692354824e-05 1.235812447172752e-06 2.398834709450129 3722
0.72 2.112723587428867e-05 1.933453014101779e-06 1.903338004604472 4170
0.76 1.284133959423159e-05 4.037009199076008e-06 1.129201513545641 4358
0.8 2.20979673349479e-05 3.299048200929905e-06 1.623596572624431 5034
0.84 3.011021308216038e-05 2.950810595254939e-06 1.955873823973576 5714
0.88 2.588024635555335e-05 4.474700258857173e-06 1.56174077272604 5982
0.92 3.359263080405065e-05 4.587926796725788e-06 1.821641640360109 6602
0.96 4.156397121164612e-05 4.165840791183219e-06 2.037733016724451 7130
1 3.662002000299777e-05 5.887557711259752e-06 1.674958622965899 8034
1.04 4.013710208787586e-05 6.836803365325271e-06 1.694575775546681 8606
1.08 5.062838791129662e-05 6.824548568031856e-06 1.958381529292194 9066
1.12 5.447692129243647e-05 7.380907698287772e-06 1.953391130975021 9962
1.16 5.993503969448725e-05 8.52797697503777e-06 2.000502494428853 10550
1.2 6.491479326189168e-05 9.416728513185715e-06 2.019944928757381 11226
1.24 6.950133085193913e-05 1.019130864602032e-05 2.020686202069575 12146
1.28 8.147105144362107e-05 1.043325061205989e-05 2.210352907635422 12303
1.32 8.549352746955718e-05 1.128477975286312e-05 2.177638847027455 12584
1.36 8.880145997673319e-05 1.30201298893501e-05 2.13215569262421 12120
1.4 9.466261196914639e-05 1.466794117964526e-05 2.143477722654928 11180
1.44 0.0001050932547889519 1.484181611415873e-05 2.241443275186903 11096
1.48 0.0001194720844956095 1.491310506782823e-05 2.404182470122384 10056
1.52 0.0001324584460724082 1.630776935803221e-05 2.523449400271659 9716
1.56 0.0001334213961427232 1.788516319861796e-05 2.413100138060797 8604
1.6 0.0001459679723946964 2.010815725231124e-05 2.507387628105582 8060
1.64 0.0001509447745953737 2.213643557830963e-05 2.467681883339369 7320
1.68 0.0001562124619240898 2.463312143699082e-05 2.434667284229755 6356
1.72 0.0001545148123719456 2.627657259555686e-05 2.297481629377118 5348
1.76 0.0001658442743214687 2.869191024086073e-05 2.35261228511152 4308
1.8 0.0001961526021999747 2.714254266754206e-05 2.650234320346021 3563
1.84 0.0002377460463209617 2.453064065810078e-05 3.064234327337136 2448
1.88 0.0002322940829463454 2.732881506529061e-05 2.868053366440636 1868
1.92 0.0002202015897851303 3.472337048210066e-05 2.610907221211483 1358
1.96 0.0001462982213966247 5.134672005856775e-05 1.685956097451989 1062
2 0.0001535863027183492 4.779852680211439e-05 1.695562652833386 776
2.04 0.0002822404542596231 4.375786305570954e-05 2.965487301226716 432
2.08 0.0003382816294133604 3.705311365104577e-05 3.396203826566112 200
2.12 0.0004292827312217926 3.186133153076387e-05 4.13084016639172 168
2.16 0.0002581808680427266 2.464199436824487e-05 2.399563660336754 56
2.2 0.0002166135732566955 1.944218908843826e-05 1.940829908836582 7


0.04 6.961972923750803e-09 1.928779570046864e-09 3.469756552072905 18
0.08 7.584775936164771e-08 1.23220418009476e-08 3.422714586424431 62
0.12 5.221650448489955e-07 4.116927350447003e-08 5.29096175692867 98
0.16 1.379183930238888e-06 3.511308702341537e-08 4.993713613993696 210
0.2 2.583151190460545e-06 6.829810640268854e-09 4.76768203160443 350
0.24 3.226023430281444e-06 8.491528056012384e-08 4.071492001776208 450
0.28 2.229749634178822e-06 3.951704215427349e-07 2.623005095765427 602
0.32 4.552591009153204e-07 7.803814786727395e-07 1.281469211122382 762
0.36 1.798424177598724e-06 8.999410752151073e-07 1.562337754799524 1142
0.4 8.272881874855157e-06 3.426752034466073e-07 3.138707778372879 1250
0.44 1.12020980062807e-05 1.757993794602739e-07 3.293794107308847 1458
0.48 5.419755980239042e-06 1.26129653956646e-06 1.642810135965403 1814
0.52 2.073375691895478e-06 2.000995302663043e-06 0.829037052471714 2178
0.56 1.214046668895168e-05 9.619281427743963e-07 2.228311779008478 2498
0.6 1.707530279108965e-05 4.512716378003623e-07 2.574228177844676 2622
0.64 8.047533359420202e-06 2.027519983731298e-06 1.223757816502783 3338
0.68 7.706969488686453e-06 2.527667284336974e-06 1.060118313576548 3722
0.72 1.916714050531874e-05 1.204906075295418e-06 2.005960346318275 4170
0.76 1.932985469205436e-05 1.970258404184104e-06 1.836196610605333 4358
0.8 1.357894264279433e-05 3.168868177771673e-06 1.222681807939859 5034
0.84 2.143002878756742e-05 2.681135190028496e-06 1.656991117777118 5714
0.88 2.434740476055943e-05 3.036206699183151e-06 1.70331082123476 5982
0.92 2.30734041960415e-05 4.141499907014714e-06 1.495147969453791 6602
0.96 3.023921675970076e-05 3.689298743090404e-06 1.753974988351978 7130
1 3.474341945695446e-05 3.901781647937764e-06 1.843372150022213 8034
1.04 3.4611081737092e-05 5.061666460958423e-06 1.707809956756959 8606
1.08 3.843460901481067e-05 5.671428075379302e-06 1.751717222553206 9066
1.12 4.26673578721436e-05 5.948132680646798e-06 1.797599213443044 9962
1.16 4.745956143097106e-05 6.795854101046746e-06 1.85942464216612 10550
1.2 5.031060197129175e-05 7.654553232241859e-06 1.83938012755114 11226
1.24 5.27610600910166e-05 8.434609542448143e-06 1.803774429210437 12146
1.28 6.228319457599071e-05 8.626262499290579e-06 1.984037725743292 12303
1.32 6.8376702957891e-05 8.903258139571487e-06 2.039873141439243 12584
1.36 7.409757783749605e-05 9.84929668631134e-06 2.079742749653449 12120
1.4 7.576477163255123e-05 1.157481900398986e-05 2.009193757841802 11180
1.44 8.222295529649711e-05 1.196995557613922e-05 2.054754289364881 11096
1.48 9.337225407082726e-05 1.206788796783575e-05 2.200317373458708 10056
1.52 0.0001021035706201717 1.339562721611387e-05 2.278384242526194 9716
1.56 0.0001067773506175345 1.410061327168635e-05 2.259015022212172 8604
1.6 0.0001204289752399416 1.535310237505822e-05 2.417130897790501 8060
1.64 0.000123996925070966 1.701729840425082e-05 2.368900547518863 7320
1.68 0.000127293956845841 1.912055347954721e-05 2.31907821334786 6356
1.72 0.0001246172102768128 2.060288056278513e-05 2.166699422215089 5348
1.76 0.0001333654051281711 2.255106849287287e-05 2.212224782452085 4308
1.8 0.0001589784891047689 2.11278548892041e-05 2.509789421930813 3563
1.84 0.0001877135471902477 1.969927308011164e-05 2.827257217879969 2448
1.88 0.0001790542936568238 2.251944894851504e-05 2.585115795766864 1868
1.92 0.000163970028283894 2.912604382815885e-05 2.276567087510244 1358
1.96 0.0001200035202947433 4.010379802792568e-05 1.617771320776668 1062
2 0.0001449314813283155 3.458360181442328e-05 1.862427092542659 776
2.04 0.000266777686421217 2.869425994456613e-05 3.263611164046696 432
2.08 0.0003080274728034347 2.391068863361077e-05 3.603183482964866 200
2.12 0.0003826282688810382 1.955353074793285e-05 4.291199335888888 168
2.16 0.0002030205633078052 1.994554183058811e-05 2.203566712384974 56
2.2 0.0001958328848327231 1.212733582658651e-05 2.044699230913093 7


0.04 5.532835400477971e-09 1.614659295695715e-09 3.4778154059031 18
0.08 2.764988805084359e-08 1.477995131369974e-08 3.300692285701592 62
0.12 5.26188999144941e-08 8.410641550075544e-08 4.498569785415929 98
0.16 1.827748733259697e-08 1.773663930547318e-07 3.416332419095997 210
0.2 2.966962903298264e-07 2.479320126151433e-07 2.829855033402398 350
0.24 1.635550681821814e-06 2.021608462040667e-07 3.186655918525025 450
0.28 3.789591908046288e-06 5.920986826361302e-08 3.720219681653002 602
0.32 4.689041240256941e-06 6.231386641347759e-08 3.304819755212651 762
0.36 2.886499536189246e-06 5.520599436977871e-07 2.097878740200943 1142
0.4 5.112659575080706e-07 1.122454953360581e-06 1.020802354029759 1250
0.44 4.473200387225215e-06 7.701841188265425e-07 1.87956647691387 1458
0.48 1.097638672708948e-05 1.514165596935945e-07 3.069557686038173 1814
0.52 8.126811588726625e-06 7.801553774707713e-07 2.085898182883219 2178
0.56 2.069627007157646e-06 1.852449728667753e-06 0.7795118120555971 2498
0.6 8.16409356759488e-06 1.148583847150032e-06 1.564199228629544 2622
0.64 1.513053952262975e-05 5.057649496696961e-07 2.301730406158898 3338
0.68 8.779163836590101e-06 1.744225542719928e-06 1.310954476388843 3722
0.72 7.675922049811852e-06 2.073116247056743e-06 1.046841838660385 4170
0.76 1.818011419336033e-05 1.289981231954997e-06 1.961214383972917 4358
0.8 1.641087696830477e-05 1.880301526057098e-06 1.620137162962898 5034
0.84 1.472473409282647e-05 2.583957689042993e-06 1.345244550549758 5714
0.88 2.164028643751618e-05 2.254372249553733e-06 1.731396616554432 5982
0.92 2.113663867652505e-05 3.089136569150986e-06 1.562377780007184 6602
0.96 2.012202568640628e-05 3.658256159524643e-06 1.373824408592957 7130
1 2.860498231275962e-05 3.173425134623755e-06 1.745790353669587 8034
1.04 3.141521340544118e-05 3.726498838593237e-06 1.769728211201829 8606
1.08 3.229601087191897e-05 4.538397486477622e-06 1.690776215427939 9066
1.12 3.548156644270608e-05 4.80188966792604e-06 1.717428295364192 9962
1.16 4.040324042009333e-05 5.359153984319609e-06 1.81517597313317 10550
1.2 4.373598259186531e-05 5.925724423659873e-06 1.830912380084127 11226
1.24 4.558199495948491e-05 6.586065281176433e-06 1.784975223684239 12146
1.28 4.87086444724362e-05 7.385560974856041e-06 1.786866951350059 12303
1.32 5.556378702615879e-05 7.35711144555798e-06 1.903516852599382 12584
1.36 6.286064515264525e-05 7.768013705862629e-06 2.021139714444746 12120
1.4 6.459916536066883e-05 9.131037310483814e-06 1.962222727182972 11180
1.44 6.678611338947635e-05 9.885433161415425e-06 1.915666513862087 11096
1.48 7.44106478922715e-05 1.017665227303477e-05 2.013182237362726 10056
1.52 7.877557302434983e-05 1.164975120311736e-05 2.020576144118325 9716
1.56 8.579397827392282e-05 1.17838961424539e-05 2.08230011785367 8604
1.6 0.0001005750098053824 1.231154134982591e-05 2.311817820243012 8060
1.64 0.0001061136662726686 1.33101060233439e-05 2.319668764179603 7320
1.68 0.0001105619095288282 1.478671473979495e-05 2.303699182653796 6356
1.72 0.0001061897824160255 1.630061637070293e-05 2.113159456673037 5348
1.76 0.0001101579894309368 1.834193706990941e-05 2.093538655537273 4308
1.8 0.0001290518362504934 1.748257319218245e-05 2.334121323322697 3563
1.84 0.0001546765086851474 1.602957696927085e-05 2.666622861654105 2448
1.88 0.0001483936420439069 1.821175153051107e-05 2.452317290566883 1868
1.92 0.0001377564011701067 2.335220538000666e-05 2.189330617935853 1358
1.96 9.8784684583485e-05 3.271168386901921e-05 1.527685331743857 1062
2 0.0001194268951054435 2.819114328059021e-05 1.75847095369041 776
2.04 0.0002209388935413624 2.320852297133994e-05 3.092314073862947 432
2.08 0.0002549208485907229 1.929869033738776e-05 3.41058904025595 200
2.12 0.0003173446268217773 1.559667285026481e-05 4.069330687824514 168
2.16 0.0001662632143979387 1.637804816721961e-05 2.064563739717146 56
2.2 0.0001632968308921858 9.58822503422712e-06 1.949308037757099 7


0.04 1.40147650222807e-08 9.847590083633422e-11 3.579086247579983 18
0.08 1.145958109292186e-07 1.767065777992789e-10 3.674681012303506 62
0.12 5.642376259028555e-07 1.142744744234733e-09 5.685319480069934 98
0.16 9.704586376610218e-07 2.160867449741771e-08 4.86429538323968 210
0.2 9.618121713502274e-07 1.137285776577234e-07 3.638525679535972 350
0.24 3.764675364632749e-07 3.037225971347237e-07 2.333698533412102 450
0.28 1.526378137396758e-07 4.540589779325841e-07 1.676969978688581 602
0.32 1.682929201358671e-06 3.510613099601335e-07 2.043577359495489 762
0.36 5.23146056843092e-06 8.456035219705458e-08 3.236647186057527 1142
0.4 5.740414474539655e-06 2.318699676961035e-07 2.909688692759017 1250
0.44 1.5966116681618e-06 9.386392309252218e-07 1.196280348824157 1458
0.48 1.992402151876673e-06 1.093179657566136e-06 1.118981313528491 1814
0.52 9.098255979956048e-06 3.428578761526825e-07 2.502238053326506 2178
0.56 9.534276723468695e-06 5.073959496798027e-07 2.259498180328074 2498
0.6 2.631761887654487e-06 1.535113826273827e-06 0.8027844953455073 2622
0.64 6.545011317467751e-06 1.248466192536801e-06 1.285599793731143 3338
0.68 1.377113774345884e-05 5.952040714154031e-07 2.10495563652938 3722
0.72 8.262721164592758e-06 1.496402863212098e-06 1.22533054635876 4170
0.76 8.497554477343558e-06 1.994571523997689e-06 1.14765522903991 4358
0.8 1.521347522428332e-05 1.376572649649421e-06 1.684749497020762 5034
0.84 1.391881270895321e-05 1.95538632586756e-06 1.423500710223508 5714
0.88 1.536611966817964e-05 2.268683109451472e-06 1.423762386899126 5982
0.92 2.103494086300764e-05 2.139565674313267e-06 1.732167723490918 6602
0.96 1.856810099841116e-05 2.839478473433518e-06 1.424428553676514 7130
1 2.004801276748393e-05 3.198076549039783e-06 1.411551223027462 8034
1.04 2.525324199214432e-05 3.271285679521621e-06 1.617360218583503 8606
1.08 2.76554229851595e-05 3.727181986295123e-06 1.637088718186593 9066
1.12 2.980995576175105e-05 4.019628434048202e-06 1.633301522154528 9962
1.16 3.428326209684696e-05 4.439668916816322e-06 1.741297024408265 10550
1.2 3.880842581721032e-05 4.678253522059829e-06 1.830451993555077 11226
1.24 4.199561306315579e-05 5.006465003173503e-06 1.848269133153887 12146
1.28 4.181946644375941e-05 6.061898618728238e-06 1.732231025498654 12303
1.32 4.515648397807335e-05 6.369192791097587e-06 1.751583417881316 12584
1.36 5.183349764658441e-05 6.634706550932119e-06 1.884242683143493 12120
1.4 5.690331746726826e-05 7.280396770367471e-06 1.947351543984041 11180
1.44 5.713764398820801e-05 8.134533354496526e-06 1.84927127968687 11096
1.48 6.089216423472039e-05 8.745006187443992e-06 1.862383363860693 10056
1.52 6.330315717227639e-05 1.015158142368205e-05 1.83721795867024 9716
1.56 6.921904775780742e-05 1.025920552115045e-05 1.899516932802446 8604
1.6 8.166093322061083e-05 1.06962555749057e-05 2.120495710585425 8060
1.64 9.06006206806809e-05 1.093895708549682e-05 2.232611826606662 7320
1.68 9.827102877446811e-05 1.162966071690691e-05 2.304712405008247 6356
1.72 9.426706712704809e-05 1.294352863226602e-05 2.111745286276724 5348
1.76 9.496395188051238e-05 1.502089961976131e-05 2.034035201462228 4308
1.8 0.0001053828068846872 1.506457078952601e-05 2.151285400009346 3563
1.84 0.000129564237358253 1.347281020100945e-05 2.517543784178209 2448
1.88 0.0001286842763372746 1.467994909696875e-05 2.394722223423986 1868
1.92 0.0001262445429218946 1.806657283389756e-05 2.256061064067292 1358
1.96 8.277586018160453e-05 2.740352796438972e-05 1.44602662134539 1062
2 8.917891243157695e-05 2.516533592490691e-05 1.488401574245663 776
2.04 0.0001671591785493829 2.203870383509925e-05 2.642658801206324 432
2.08 0.0001986080867703921 1.836364489752449e-05 2.997221674716513 200
2.12 0.0002538801633829046 1.487768371107298e-05 3.668331077100856 168
2.16 0.0001420010031213185 1.338911874989001e-05 1.985260116229393 56
2.2 0.0001308669309292584 8.931609347925482e-06 1.760171663858012 7


0.04 3.289314368741978e-10 1.636051988881948e-09 3.438901153828279 18
0.08 8.603317505776653e-09 1.204004114942758e-08 3.275908049378881 62
0.12 1.067599467134654e-07 5.085120318392706e-08 4.745216739809608 98
0.16 4.550978993163385e-07 6.786420992368817e-08 4.218313813553503 210
0.2 1.262108052290296e-06 3.765300734104658e-08 4.118721904343733 350
0.24 2.20895661852839e-06 7.223551009105339e-09 4.039820207627171 450
0.28 2.208617179699204e-06 1.113193182230154e-07 3.156676549110843 602
0.32 8.872711033062361e-07 3.751937489003986e-07 1.7218138099991 762
0.36 4.482019314752747e-07 6.099607017802619e-07 1.290469320899668 1142
0.4 3.851709240983185e-06 3.360211580064162e-07 2.410732020131401 1250
0.44 6.828365023478642e-06 6.911495040544043e-08 2.964154194335945 1458
0.48 3.851610393276392e-06 6.492183465641121e-07 1.708955395791431 1814
0.52 1.234113893299686e-06 1.17108781069965e-06 0.8416112144031069 2178
0.56 7.284704057929382e-06 5.447987767846399e-07 1.992556108113389 2498
0.6 9.589765142381078e-06 3.246647992613124e-07 2.141889678308938 2622
0.64 3.893479724739225e-06 1.298909694185258e-06 0.9692882679857461 3338
0.68 6.101962429945845e-06 1.269137369444218e-06 1.192091388562978 3722
0.72 1.160652852732684e-05 6.62801929918531e-07 1.776588184627199 4170
0.76 8.680673470757008e-06 1.515509123798389e-06 1.276480234407311 4358
0.8 9.079714347272418e-06 1.705626983087622e-06 1.195968611208286 5034
0.84 1.345764141204191e-05 1.456606294090989e-06 1.51835433718999 5714
0.88 1.196346097693962e-05 2.096997229370948e-06 1.262043515848907 5982
0.92 1.579222929176338e-05 2.122127821185134e-06 1.47916038105632 6602
0.96 1.93724852105917e-05 1.948046051781681e-06 1.628054436495115 7130
1 1.712265646253519e-05 2.734893513946411e-06 1.351333312338891 8034
1.04 1.995383162563016e-05 3.01551338100307e-06 1.441902797033029 8606
1.08 2.347276543551281e-05 3.203278673223978e-06 1.555304912971099 9066
1.12 2.497312808574479e-05 3.50036745197739e-06 1.532692085173505 9962
1.16 2.784382266313052e-05 3.988616672974266e-06 1.587289752590016 10550
1.2 3.109721604060986e-05 4.276035268628982e-06 1.646389403432355 11226
1.24 3.512040895754277e-05 4.378361788373452e-06 1.728322096657491 12146
1.28 3.796449195104212e-05 4.871740069439934e-06 1.748605570010468 12303
1.32 3.760538027132467e-05 5.574356978340731e-06 1.631359729975979 12584
1.36 4.189611506564989e-05 5.995641083126536e-06 1.705346630709957 12120
1.4 4.871101252499654e-05 6.204650595625635e-06 1.85929386207316 11180
1.44 5.059155063286292e-05 6.704070189711586e-06 1.822846632347272 11096
1.48 5.2056840826204e-05 7.467157837548657e-06 1.775747288405814 10056
1.52 5.652836946136962e-05 8.335276949261597e-06 1.825530367190039 9716
1.56 5.849170655299868e-05 8.852306870417895e-06 1.790736779007918 8604
1.6 6.48208815281883e-05 9.819023371909775e-06 1.882564641596855 8060
1.64 7.425791197455543e-05 9.778301739614198e-06 2.04243227271673 7320
1.68 8.38154015622039e-05 9.952403191272985e-06 2.189799766673135 6356
1.72 8.353064030106859e-05 1.063881553050903e-05 2.081624956015028 5348
1.76 8.509830467871623e-05 1.227922115571115e-05 2.026968955875771 4308
1.8 8.671411966774416e-05 1.333387166908134e-05 1.974749549948355 3563
1.84 0.0001062028950783871 1.213883083709318e-05 2.300394587283475 2448
1.88 0.0001126256747628435 1.216579906854725e-05 2.331457357688349 1868
1.92 0.0001216772428712734 1.349690202606921e-05 2.411828937796534 1358
1.96 8.045061477660978e-05 2.202713576931674e-05 1.557775624438423 1062
2 6.700868763587549e-05 2.276823353768311e-05 1.254904069292062 776
2.04 0.0001140433608264499 2.286217644089221e-05 2.021697573179049 432
2.08 0.000140943547834478 1.972954027957472e-05 2.378246976775423 200
2.12 0.0001863629084737629 1.702196918978311e-05 3.004713250176585 168
2.16 0.0001221733549178298 1.13263759132157e-05 1.899840674894744 56
2.2 9.681909955041851e-05 9.746371577547038e-06 1.45266307412953 7


0.04 8.178813299114998e-09 3.702483728364765e-10 3.542417429726764 18
0.08 5.292711699942491e-08 4.415345192655413e-09 3.494358556615714 62
0.12 1.800144183585685e-07 3.264058354077505e-08 4.987814287446807 98
0.16 1.547933641775228e-07 9.11997972254624e-08 3.820723706450303 210
0.2 2.919327540834034e-08 1.750033658546113e-07 2.748590657476356 350
0.24 3.788488316410167e-07 2.108912928530815e-07 2.485852679704189 450
0.28 1.693824327528315e-06 1.249069360618777e-07 2.931609838212989 602
0.32 3.054442043405723e-06 1.941281035193587e-08 3.091162560250477 762
0.36 2.806543711777766e-06 2.070989501190635e-07 2.511046338904958 1142
0.4 5.842044200384723e-07 6.617553057356674e-07 1.20865711574315 1250
0.44 1.848451792435821e-06 6.035802108350237e-07 1.431676245347453 1458
0.48 6.488478729518567e-06 1.388517341494968e-07 2.619086219647241 1814
0.52 5.550197309125862e-06 4.169218580844873e-07 2.015457618600527 2178
0.56 1.408463296028341e-06 1.133144212301655e-06 0.8091156488374652 2498
0.6 5.288201117369285e-06 6.852338888524212e-07 1.456404007115584 2622
0.64 9.12462259016338e-06 3.528636511676452e-07 1.971468714555021 3338
0.68 4.698180190478417e-06 1.183552560274112e-06 1.064735329361928 3722
0.72 5.933326608283899e-06 1.129915829848012e-06 1.11881179137075 4170
0.76 1.149090313163849e-05 7.778991729438424e-07 1.746301341647179 4358
0.8 8.662702713635254e-06 1.374619679997528e-06 1.249162556739994 5034
0.84 1.025688057951892e-05 1.453853305318887e-06 1.311249081475028 5714
0.88 1.298785329206797e-05 1.464508468085442e-06 1.472395911297357 5982
0.92 1.167035766880034e-05 2.115375072426565e-06 1.24269418931464 6602
0.96 1.475636129771506e-05 1.964766471526407e-06 1.395719673861922 7130
1 1.759646529556085e-05 1.998464885873945e-06 1.50936496631117 8034
1.04 1.828225034180982e-05 2.483493796356526e-06 1.455277316641597 8606
1.08 2.06754185402979e-05 2.734669383805435e-06 1.514750200100873 9066
1.12 2.201847763621583e-05 2.986362208056115e-06 1.493664070228836 9962
1.16 2.423313677235188e-05 3.44704005673944e-06 1.528442853065051 10550
1.2 2.52248029587028e-05 3.945355560950305e-06 1.486315408444157 11226
1.24 2.744668453247967e-05 4.20724116124279e-06 1.506179325247798 12146
1.28 3.290959667053258e-05 4.224594599997157e-06 1.675330260998085 12303
1.32 3.369809145668451e-05 4.684603564939742e-06 1.611958160378298 12584
1.36 3.572268145531416e-05 5.28405201171523e-06 1.608720142121384 12120
1.4 4.00554083981127e-05 5.679508125651518e-06 1.694413763525614 11180
1.44 4.412690590389238e-05 5.777707269979431e-06 1.755019836917321 11096
1.48 4.610600712586721e-05 6.34332591586756e-06 1.73446785902837 10056
1.52 5.373395198222451e-05 6.580103323451887e-06 1.905969770624019 9716
1.56 5.327744313688339e-05 7.325020694587496e-06 1.795729921453432 8604
1.6 5.488645304912202e-05 8.697600675681527e-06 1.761758415410843 8060
1.64 5.986483198070536e-05 9.10372288636731e-06 1.823234140184909 7320
1.68 6.703040566223927e-05 9.408412553130076e-06 1.938626771406032 6356
1.72 7.145991990897317e-05 9.356032676490294e-06 1.965150847484384 5348
1.76 7.695244832961237e-05 1.020765197012671e-05 2.017993560646437 4308
1.8 7.318206459219488e-05 1.18427029931646e-05 1.840436638579624 3563
1.84 8.355606314968142e-05 1.171537595022164e-05 2.002501307757763 2448
1.88 9.567293585783626e-05 1.08279965017428e-05 2.184317654696614 1868
1.92 0.000115333879647083 1.033631048513373e-05 2.512198928331606 1358
1.96 9.406838078627315e-05 1.570504577844855e-05 1.983662618936571 1062
2 6.342867638205779e-05 1.899261543408634e-05 1.305651894349637 776
2.04 7.370277117499026e-05 2.333770589559514e-05 1.460533236966773 432
2.08 8.921017041202784e-05 2.171837286256013e-05 1.678594359284137 200
2.12 0.0001161460496108493 2.111774064690827e-05 2.083381041830661 168
2.16 0.0001009165016587592 1.052913943918479e-05 1.730540312998349 56
2.2 6.218622434663454e-05 1.149674326611033e-05 1.036571455818928 7


0.04 5.858135052509603e-09 4.970971716235494e-10 3.519264659114703 18
0.08 5.604296302812438e-08 2.567770965868117e-09 3.531024843894863 62
0.12 3.318834189195799e-07 5.347030812879318e-09 5.437447663058101 98
0.16 7.228984830534677e-07 1.669522846147033e-09 4.864256345348106 210
0.2 1.01877185131772e-06 2.135728870882577e-08 4.090822712773658 350
0.24 7.857299744612583e-07 1.25391932547828e-07 2.967109109329353 450
0.28 1.814715888770154e-07 2.846457923969313e-07 1.855176231032562 602
0.32 4.103824718450189e-07 3.200353145949183e-07 1.561533936074303 762
0.36 2.728729845182594e-06 1.449913692080073e-07 2.603429041068288 1142
0.4 4.360700180946829e-06 6.650937931592573e-08 2.949212582246945 1250
0.44 1.876629293542978e-06 4.980404511244696e-07 1.519072353642812 1458
0.48 8.396347355923084e-07 7.722770256739785e-07 0.9637998124316809 1814
0.52 5.359383034436446e-06 2.983705265836284e-07 2.097979945763579 2178
0.56 6.487060575211494e-06 2.915951825193816e-07 2.10688553398289 2498
0.6 1.841437676740143e-06 9.79902743276854e-07 0.8109256658595045 2622
0.64 4.489867680403503e-06 7.808932018850936e-07 1.227375443534598 3338
0.68 8.747294337138326e-06 4.166706335383412e-07 1.837933758746027 3722
0.72 4.822312420884515e-06 1.046318271889898e-06 1.029128403383664 4170
0.76 6.603328290952655e-06 1.151345930706544e-06 1.199016824078648 4358
0.8 9.896672974537431e-06 8.967407979009568e-07 1.501988771335218 5034
0.84 8.445297377451634e-06 1.353023601872496e-06 1.204638765706831 5714
0.88 1.138830622525224e-05 1.286957671216938e-06 1.420944039988836 5982
0.92 1.281764300452867e-05 1.509920075233995e-06 1.453019811820919 6602
0.96 1.100739837142286e-05 1.989747763930533e-06 1.173478908702423 7130
1 1.473682448293758e-05 1.849558067605422e-06 1.396757800450206 8034
1.04 1.664669460927496e-05 2.098908981378567e-06 1.44964334736839 8606
1.08 1.800500308807004e-05 2.421364424762898e-06 1.449982986936958 9066
1.12 1.965599811487303e-05 2.578016037523699e-06 1.461256083668357 9962
1.16 2.263757650608122e-05 2.841920641671549e-06 1.557455768314397 10550
1.2 2.42730049410228e-05 3.175529788532335e-06 1.555874858112481 11226
1.24 2.462728906975739e-05 3.623269531150132e-06 1.479705742183103 12146
1.28 2.75359140468673e-05 3.894234568378283e-06 1.542759397167676 12303
1.32 3.11983513971889e-05 3.892435980847705e-06 1.62892935097631 12584
1.36 3.283601071216433e-05 4.438385905383155e-06 1.614949300067776 12120
1.4 3.44011228254043e-05 5.091755198000714e-06 1.596934224864968 11180
1.44 3.748934490362568e-05 5.243457990513694e-06 1.636492485734237 11096
1.48 4.091333741420862e-05 5.508829791730224e-06 1.684197320514831 10056
1.52 4.765928186400835e-05 5.709874099503389e-06 1.849172627103524 9716
1.56 4.9186153166972e-05 6.09985467323649e-06 1.809419377385333 8604
1.6 5.217816115777757e-05 7.089260986005446e-06 1.825118158391414 8060
1.64 5.220657073963723e-05 8.042851475384375e-06 1.740920416471983 7320
1.68 5.479943437168318e-05 8.818432312087315e-06 1.740748077821562 6356
1.72 6.058138585069835e-05 8.509575394771588e-06 1.825444162383476 5348
1.76 6.846618727129639e-05 8.833189147675556e-06 1.962523085220938 4308
1.8 6.563951170507694e-05 1.020392604919266e-05 1.804066586893389 3563
1.84 6.590653180243878e-05 1.132025178960524e-05 1.735896378479335 2448
1.88 7.732615175813023e-05 1.043298070122672e-05 1.936190775667785 1868
1.92 9.932589337675434e-05 9.342960902271561e-06 2.365654781786306 1358
1.96 0.0001120214445574387 9.697547533840228e-06 2.554429611567055 1062
2 7.946864799923202e-05 1.336603348312198e-05 1.76035598819537 776
2.04 6.163940691619069e-05 2.091341850493961e-05 1.34130729357987 432
2.08 6.032493690381041e-05 2.156952248472892e-05 1.25932396079033 200
2.12 6.268946553139927e-05 2.400513123891213e-05 1.259130999380954 168
2.16 7.738076926176192e-05 1.080707317747289e-05 1.455581711350288 56
2.2 3.620786314152242e-05 1.265218516035666e-05 0.6718449744987977 7


0.04 7.743854129105697e-10 1.03310523506095e-09 3.46308576624826 18
0.08 1.895935509813474e-09 8.667480059893983e-09 3.294000564993022 62
0.12 1.999437646594809e-09 4.375394260955983e-08 4.612383287797927 98
0.16 7.674697206987934e-08 7.666765463126155e-08 3.78221274475871 210
0.2 4.761830670595066e-07 7.560491206412002e-08 3.451323657840171 350
0.24 1.325078791296728e-06 2.694083691924035e-08 3.630124201038949 450
0.28 1.929585181220373e-06 1.645866954044548e-08 3.37600683987694 602
0.32 1.320936526748377e-06 1.569793873880924e-07 2.230188011925233 762
0.36 2.47539616698204e-07 4.196468909341813e-07 1.322341915858896 1142
0.4 1.619704551510394e-06 3.584544704029664e-07 1.797564903640042 1250
0.44 4.526983462652478e-06 5.788405563287409e-08 2.668318521142708 1458
0.48 3.502246972735528e-06 3.175455479741523e-07 1.931382457513369 1814
0.52 8.222802130849225e-07 7.923610662246529e-07 0.8545414569713763 2178
0.56 4.365501150520664e-06 4.428030368474345e-07 1.679517469992477 2498
0.6 6.581043128844397e-06 2.056017729797003e-07 1.961200804522393 2622
0.64 2.746015631514121e-06 8.608412856604389e-07 0.9443937436432108 3338
0.68 4.380996211679214e-06 8.222927924738628e-07 1.154416805505833 3722
0.72 7.646236441533088e-06 4.745928771220249e-07 1.569020219432967 4170
0.76 5.373609440301441e-06 1.088465965571343e-06 1.095463570460139 4358
0.8 6.849267176294108e-06 1.054963704593497e-06 1.192240298377227 5034
0.84 8.756289843339217e-06 1.029504425445158e-06 1.328745690001442 5714
0.88 7.932236823864496e-06 1.435134701343087e-06 1.129266303352654 5982
0.92 1.173402774951012e-05 1.289465725551554e-06 1.445952757819908 6602
0.96 1.22111675172906e-05 1.435067354167062e-06 1.375414957623008 7130
1 1.14478526677251e-05 1.861414436220408e-06 1.206971073813423 8034
1.04 1.398740977361844e-05 1.967064241353398e-06 1.338052794627894 8606
1.08 1.546843848790146e-05 2.216031889859149e-06 1.363959582996465 9066
1.12 1.69142898014456e-05 2.357573423252082e-06 1.375439307635165 9962
1.16 1.941349916560847e-05 2.61145210260104e-06 1.460350754642085 10550
1.2 2.252826216601882e-05 2.681480009137085e-06 1.565918944632703 11226
1.24 2.399255776572429e-05 2.922316800356747e-06 1.556305656084879 12146
1.28 2.434169052371273e-05 3.467573934053171e-06 1.485457004904265 12303
1.32 2.697829378107307e-05 3.548235422458927e-06 1.536022119320276 12584
1.36 2.988337112707086e-05 3.833626797406853e-06 1.595920997432367 12120
1.4 3.225515847945804e-05 4.280598211790864e-06 1.622208062730212 11180
1.44 3.292533239778225e-05 4.697383568418008e-06 1.564490620998978 11096
1.48 3.604521231705503e-05 4.92042620575282e-06 1.614212861961571 10056
1.52 3.823708104492443e-05 5.618239433141e-06 1.623195461602787 9716
1.56 4.25111068712285e-05 5.564521296698836e-06 1.702307021643355 8604
1.6 4.945416655532406e-05 5.854821745236596e-06 1.872752377073938 8060
1.64 5.002046609045961e-05 6.627786439000593e-06 1.804831189972691 7320
1.68 5.12549852788554e-05 7.463287064628486e-06 1.764179856286664 6356
1.72 5.392177182339703e-05 7.526930075355162e-06 1.764886686940382 5348
1.76 6.008144821989508e-05 7.925780300924599e-06 1.871491062100674 4308
1.8 6.286389518200355e-05 8.411210582628954e-06 1.86980988599902 3563
1.84 5.823955726260951e-05 1.007651887206968e-05 1.666901757632268 2448
1.88 6.18933340861635e-05 1.018460679740876e-05 1.690924668340569 1868
1.92 7.450771449236979e-05 1.017144003573526e-05 1.93870654813468 1358
1.96 0.0001126439189077886 6.763492771103959e-06 2.775861267730884 1062
2 9.918457255708228e-05 7.880961413824267e-06 2.35536648367429 776
2.04 8.104243014365549e-05 1.489871320998986e-05 1.877788735624544 432
2.08 6.699812268904573e-05 1.726646977607086e-05 1.50140392048166 200
2.12 5.213330455969217e-05 2.177882579390814e-05 1.14403954701924 168
2.16 5.754569420914712e-05 1.112753729419657e-05 1.182658481546088 56
2.2 3.103303945759056e-05 1.137491253756514e-05 0.6272679114756244 7


0.04 7.56261821098367e-09 8.71847796199898e-12 3.55907821292243 18
0.08 5.675427244007565e-08 4.225067023675139e-10 3.582509124036152 62
0.12 2.450789398306334e-07 6.787360258944691e-09 5.332731144611878 98
0.16 3.335733590398302e-07 3.349558886745492e-08 4.31624136422104 210
0.2 1.866762551517915e-07 9.992766369949397e-08 3.101374155129763 350
0.24 3.609304544048476e-08 1.776310279673885e-07 2.281583209062076 450
0.28 5.638932038289107e-07 1.694923516866131e-07 2.279844928630683 602
0.32 1.808254125355299e-06 5.62205340269193e-08 2.661400502291282 762
0.36 2.60205697248684e-06 5.785585628632571e-08 2.776764894480237 1142
0.4 1.035637781062621e-06 3.773884803133156e-07 1.575169821017191 1250
0.44 6.149681508522987e-07 5.111291556738365e-07 1.117998021928745 1458
0.48 3.925093132185795e-06 1.769058752211248e-07 2.187949691353281 1814
0.52 4.518401149965855e-06 2.034521664594264e-07 2.0830357117388 2178
0.56 1.223511876670342e-06 7.572767800452151e-07 0.8837959349446218 2498
0.6 3.24750087148737e-06 5.368307349219088e-07 1.248111195760392 2622
0.64 6.333833613421154e-06 2.499655805129342e-07 1.791593811798588 3338
0.68 3.348410163740921e-06 8.145710354893683e-07 1.017583626462954 3722
0.72 4.385319053073039e-06 7.541738369896697e-07 1.085336856798613 4170
0.76 7.790404765495553e-06 5.727043238770571e-07 1.553724807594381 4358
0.8 5.768298804538801e-06 9.940667481187701e-07 1.109739466737117 5034
0.84 7.612719819846176e-06 9.512136841251139e-07 1.262702575564683 5714
0.88 8.390384441173277e-06 1.110790423108209e-06 1.259001664635225 5982
0.92 8.236084045115746e-06 1.460035810454651e-06 1.149388464069142 6602
0.96 1.116209635771554e-05 1.251915564838673e-06 1.359842258440582 7130
1 1.147782474797148e-05 1.500235362348446e-06 1.291552453774174 8034
1.04 1.264102364546501e-05 1.744768892204378e-06 1.310023065314968 8606
1.08 1.442558765674448e-05 1.904811342948497e-06 1.37188035988566 9066
1.12 1.524520758566283e-05 2.095769405636647e-06 1.342428767542582 9962
1.16 1.651358215265274e-05 2.453919151495907e-06 1.353679069066393 10550
1.2 1.809476167396685e-05 2.680017533493362e-06 1.377431738730531 11226
1.24 2.083089447593649e-05 2.701620771285108e-06 1.466672518011481 12146
1.28 2.259659037906387e-05 2.993104871275021e-06 1.487269962672264 12303
1.32 2.260894155471336e-05 3.385043376731311e-06 1.401196660278569 12584
1.36 2.593124638332585e-05 3.541659357784983e-06 1.501717352869143 12120
1.4 2.959270436000201e-05 3.732249926357321e-06 1.606162514109844 11180
1.44 3.056580866353527e-05 4.05515759168985e-06 1.565967258945254 11096
1.48 3.226826602618773e-05 4.403120336345381e-06 1.562068962381857 10056
1.52 3.277786632786415e-05 5.226747327629272e-06 1.509011227970507 9716
1.56 3.562480958376569e-05 5.311865928705383e-06 1.548364489834816 8604
1.6 4.186374169460998e-05 5.56685419355581e-06 1.718262787590315 8060
1.64 4.646363177142221e-05 5.69877941157919e-06 1.8068801256762 7320
1.68 5.018662271209637e-05 6.089447577680049e-06 1.85622534660329 6356
1.72 4.941693424259328e-05 6.580864562258524e-06 1.74450739738644 5348
1.76 5.272855028541848e-05 7.239449339567344e-06 1.77533101120017 4308
1.8 5.996142406576765e-05 7.018334274174163e-06 1.919400694169352 3563
1.84 5.889936932845955e-05 8.085959337902303e-06 1.808951445802933 2448
1.88 5.466535204868273e-05 9.218069234660069e-06 1.613790344582151 1868
1.92 5.373426938951388e-05 1.089304680201453e-05 1.525946750280629 1358
1.96 8.516334117666679e-05 8.212647706281186e-06 2.276584246158581 1062
2 9.788732572979063e-05 5.790552579650679e-06 2.499064451187782 776
2.04 0.0001085131701327096 8.359578996445556e-06 2.671429889639028 432
2.08 9.646449876699785e-05 1.040783568450294e-05 2.28549333026168 200
2.12 8.591989518325583e-05 1.406518251266662e-05 1.969770844242353 168
2.16 4.987477729154249e-05 1.018573525113454e-05 1.10798170153409 56
2.2 4.705271504894777e-05 7.514870973586855e-06 1.001238851151195 7


