0.018171 7.188656292374063e-06 5.953558659008215e-09 9.380199585658309 18
0.036342 2.874777301314354e-05 4.618840114613336e-08 11.79168004302219 62
0.054513 6.933985320177923e-05 1.742780968099381e-07 12.5513585415964 98
0.072684 0.0001335888328336915 6.693327910693016e-07 13.51729207003627 210
0.090855 0.0002216387503420869 1.765963110125372e-06 14.58398849311861 350
0.109026 0.0002827451217037036 3.343507294497107e-06 13.00947338909587 450
0.127197 0.0004147377668378987 5.768509896942637e-06 13.9284920031366 602
0.145368 0.0005242356414964742 9.979440637378345e-06 13.4152762160218 762
0.163539 0.0006457540752087267 1.852768652026426e-05 13.12178067589634 1142
0.18171 0.0008009408674963304 2.680930409776907e-05 13.23731102540834 1250
0.199881 0.0009409425095575138 3.955271498045417e-05 12.81502511328238 1458
0.218052 0.001226930476454713 5.436050024073842e-05 14.00557395164099 1814
0.236223 0.001373438811828496 7.59348926438568e-05 13.3795140908844 2178
0.254394 0.001667405234092637 0.0001022755263150444 14.01667006777535 2498
0.272565 0.001926238965963732 0.0001414025961510389 14.07173061846205 2622
0.290736 0.00213435796124385 0.000173693519909557 13.68691145724996 3191
0.308907 0.002373473828263269 0.0002130221764572143 13.49676162672642 3044
0.327078 0.002730073215799016 0.0002607958384177199 13.86212531825982 2736
0.345249 0.002974272746073088 0.0003358358822128768 13.53878089092319 2276
0.36342 0.003397871907508366 0.0004006270151079411 13.94697484606439 2016
0.381591 0.003524013265274057 0.0004733987020215208 13.12852569678058 1640
0.399762 0.004156297105749393 0.0005623003609696656 14.1059299578053 1056
0.417933 0.004050124671024119 0.0006950685209574555 12.57182792074232 683
0.436104 0.004652400343854167 0.0007654766131279149 13.28249953740688 350
0.454275 0.00561472718652216 0.0009480387711980659 14.79140181918256 192
0.472446 0.006868584507943161 0.0009575910368770709 16.68408873570737 44
0.490617 0.003917493730254597 0.0008655795593439036 8.759101013181814 25


0.018171 16772020372302.99 37552977908.68128 1.639133941273342e+20 18
0.036342 52493797558137.05 107647426113.4439 1.117482391000467e+20 62
0.054513 85005816412798.92 151108891517.278 7.527297256327607e+19 98
0.072684 102225316081248.2 149442425899.0446 4.946193287991208e+19 210
0.090855 78602824346200.78 78490488594.78311 2.444139979909012e+19 350
0.109026 40494024509300.86 21303805609.22062 8.750356761477964e+18 450
0.127197 21323187292335.26 3548198923.973106 3.35175228615068e+18 602
0.145368 7502607248003.264 343428531.896897 8.965584661282728e+17 762
0.163539 1973136903555.507 1624587796.151875 1.869138662565038e+17 1142
0.18171 387745485742.635 2008192656.85697 2.984512319071912e+16 1250
0.199881 46657462428.62598 1370972053.211656 2959498003745900 1458
0.218052 22011942176.83728 771359957.0566554 1169621452490398 1814
0.236223 24223051715.6302 355237119.1512088 1097038205058118 2178
0.254394 24198658009.64106 178389779.021289 945119239821597 2498
0.272565 19861136584.08809 151778472.3716918 673881192087764.8 2622
0.290736 13883410888.56424 85351015.51586606 413376271715889.1 3191
0.308907 7340781286.37416 35520574.48073971 193770218712215.9 3044
0.327078 1148715400.236511 27060056.0805378 27077152540079.56 2736
0.345249 381794898.0315757 15393776.90523775 8068151669152.346 2276
0.36342 474231096.788138 6155456.713412038 9032310231826.65 2016
0.381591 386678858.8156121 3794880.277976969 6683263693134.291 1640
0.399762 269442010.9112923 2182084.027772001 4242040684187.731 1056
0.417933 85086868.58316571 1813228.353804045 1225170051620.337 683
0.436104 15570079.34941363 1534494.382984348 206320799127.712 350
0.454275 13998924.51025399 1181142.596660917 171133497381.6993 192
0.472446 21287939.52734112 826644.0268542191 239870187648.292 44
0.490617 17163489.71037142 372374.7067773496 177968972267.0599 25


0.018171 2986701387816228 564760571905.9647 5.189657599415681e+22 18
0.036342 5412885576045910 580866649527.0718 2.053793599956416e+22 62
0.054513 3497751598620337 59413896367.40679 5.523838533477003e+21 98
0.072684 1208149548481664 75535782196.49068 1.042878954087389e+21 210
0.090855 47667548032991.27 137467854855.7593 2.647024311551696e+19 350
0.109026 19237945472714.5 18737736898.09381 7.420062291563377e+18 450
0.127197 10143326223405.88 3386957861.483686 2.845410653797411e+18 602
0.145368 431059342637.1426 5809330828.0055 9.208107732935443e+16 762
0.163539 602271533037.218 897146706.6476637 1.018246421434279e+17 1142
0.18171 271731479302.9183 382564749.6334276 3.731966727372836e+16 1250
0.199881 43204115925.41995 408119294.7845311 4888116105031514 1458
0.218052 31839285969.19767 193056132.0921196 3016634065051783 1814
0.236223 21992871316.21246 96799350.01066504 1777049424911252 2178
0.254394 15902571395.04543 58264568.09229331 1108307081805952 2498
0.272565 15382839552.08782 37358327.23003004 931303523561074 2622
0.290736 8354987885.499575 27714444.9611863 443913134835044.4 3191
0.308907 2801369228.699971 16754560.51472268 131965622560145.2 3044
0.327078 948962518.5858407 6503688.033736159 39909530208750.74 2736
0.345249 326112321.4410991 4349074.804108312 12294787862517.4 2276
0.36342 304832415.6321213 1806482.148763317 10359997817863.59 2016
0.381591 253008348.3377405 984671.6393780281 7803008484272.409 1640
0.399762 147768966.2717447 678347.071690437 4151411585789.378 1056
0.417933 62004994.36159396 408381.38267285 1593039781372.533 683
0.436104 22897266.02671326 351033.4744423758 541114888805.5891 350
0.454275 4386865.422337067 436764.4361163595 95761395771.862 192
0.472446 5457476.630487347 349727.4576431846 109789860902.5326 44
0.490617 6397842.074688596 159368.9724306706 118396317126.8806 25


0.018171 1.716484798894316e+16 463394880198.8782 4.291246165560837e+23 18
0.036342 1.322408500457938e+16 70428016934.03683 7.222633390921347e+22 62
0.054513 928739684219266.1 467212717797.9739 2.112749422249326e+21 98
0.072684 212280290981995.4 175117917754.5471 2.639750469988694e+20 210
0.090855 87044363508399.78 37707893300.64029 6.954156517404246e+19 350
0.109026 12809494478276.78 10002397062.2857 7.113038639007673e+18 450
0.127197 4235405301489.331 4732325821.721541 1.710838315786891e+18 602
0.145368 1140768211313.636 1417420543.022802 3.503118816158419e+17 762
0.163539 353353346236.1373 658102887.8773061 8.601445206875621e+16 1142
0.18171 117739413043.2091 289040615.0244694 2.32840434437145e+16 1250
0.199881 65750167542.44633 113624830.426264 1.070457003529139e+16 1458
0.218052 29387153411.43082 80395540.1864876 4007917915667846 1814
0.236223 10591548165.06453 61201161.10928697 1232297363553858 2178
0.254394 8659245321.934605 34206703.37929446 868894392871423.2 2498
0.272565 8418421507.952535 24387016.81574864 733787830487168.6 2622
0.290736 4800950981.045525 16310400.28334252 367247482833864.1 3191
0.308907 2127675430.669613 7331957.458328225 144291323927200 3044
0.327078 690445999.5108827 2895989.021463594 41802775483017.12 2736
0.345249 369207894.5981758 1423701.39612949 20035623321470.92 2276
0.36342 155452569.2813779 1204800.721791907 7606744877155.593 2016
0.381591 71276106.99893613 1065873.041895888 3165710071690.052 1640
0.399762 79425970.2604965 450077.1430132173 3212616221758.462 1056
0.417933 33470087.47121152 256579.3825054873 1238066210573.319 683
0.436104 13535109.45189372 185177.9292686392 460524086788.1649 350
0.454275 9349219.52104637 156868.0727276309 293519811468.6787 192
0.472446 14675822.80989841 77344.80069054151 424741680717.3004 44
0.490617 12145228.00502556 12393.04577578061 323479182347.9681 25


0.018171 3.168792277631364e+16 86335491335.50702 1.033989239684754e+24 18
0.036342 6821633105125391 519921380239.8931 4.864716977555809e+22 62
0.054513 1012060097862951 137282026186.6978 3.004622975689235e+21 98
0.072684 347361459007300.8 82516894188.96704 5.636345791188198e+20 210
0.090855 68692040243598.18 15635207490.71602 7.163766006956964e+19 350
0.109026 5353778369602.015 9200675628.519676 3.882701157565724e+18 450
0.127197 3163527988495.458 2782903643.697423 1.668165110985155e+18 602
0.145368 1126193651161.573 597939888.359375 4.514090444301279e+17 762
0.163539 158716532874.718 508165694.3261145 5.045238715895754e+16 1142
0.18171 114370457594.8064 146759076.2040466 2.952264724009864e+16 1250
0.199881 35217734534.47445 89543987.78249498 7485982413506802 1458
0.218052 21370330219.26523 48775548.21333642 3804793203647434 1814
0.236223 14974887794.66114 21447532.44071563 2273774774428870 2178
0.254394 7032132250.197309 20011125.60658513 921112646860555.4 2498
0.272565 5096588557.983377 17948364.40964476 579967628389105.1 2622
0.290736 3461299415.777344 10155128.17243357 345641506731049.9 3191
0.308907 1778698867.924593 3873101.453730514 157461360027652 3044
0.327078 541627241.954483 1662302.062071506 42807476407907.33 2736
0.345249 239563909.0790622 1017259.48513441 16971657766019.12 2276
0.36342 117828129.8931247 702150.6293274815 7526580088078.527 2016
0.381591 95983069.84467937 437071.6770820303 5563696373659.149 1640
0.399762 60996470.48634179 282008.3024490898 3220706338949.906 1056
0.417933 33763053.20860701 105954.1399196419 1630201042080.858 683
0.436104 14909918.96038328 79806.20959539994 662143073340.5514 350
0.454275 6372747.784002951 100719.9513967359 261194368439.2375 192
0.472446 2081361.506102526 106575.480076319 78720512464.48656 44
0.490617 1885489.673504297 55808.40542396227 65597303815.53544 25


0.018171 3.262589930740951e+16 96952733300.50316 1.31367579313379e+24 18
0.036342 2304331896822109 464521209938.1326 2.028969158763997e+22 62
0.054513 1042049808315801 100626379814.5598 3.817166788913003e+21 98
0.072684 182273311293152.5 60743275309.22216 3.650332091889922e+20 210
0.090855 31218394080895.55 19546649003.10257 4.018757303195365e+19 350
0.109026 4172961423858.457 6627996922.867378 3.734670980681935e+18 450
0.127197 3091247700144.038 1399454389.214513 2.011249108615408e+18 602
0.145368 845901160605.4232 464519339.4181105 4.184049423429891e+17 762
0.163539 153177269698.1924 301609263.0311323 6.0075465599264e+16 1142
0.18171 85954904518.80051 104521041.7364026 2.737987755768167e+16 1250
0.199881 31236867006.41882 55270934.83352085 8192959886600896 1458
0.218052 22218874577.5451 24645398.49904959 4880926087026335 1814
0.236223 7342080135.060369 22346986.55050518 1375942954569797 2178
0.254394 5866958244.77075 12393691.23786847 948280068420717.2 2498
0.272565 5313636943.300798 9340081.414327839 746073197398907.8 2622
0.290736 2712150975.079267 6804471.158890696 334202682196686.2 3191
0.308907 929381547.9370326 3701994.591799235 101539238995590.5 3044
0.327078 423101323.0101111 1125484.394374777 41264163779805.01 2736
0.345249 189015374.3748519 676166.3450017099 16523730835657.39 2276
0.36342 97283214.32397404 458784.1632884081 7668119648716.249 2016
0.381591 73619481.98107105 303530.0639789013 5265920983991.972 1640
0.399762 52013629.13843598 170635.0868271761 3388913561480.466 1056
0.417933 24862387.55420018 83134.61650704195 1481354740687.866 683
0.436104 8522516.120934844 70142.98996312471 467096462097.8064 350
0.454275 10429978.07866021 36907.50708911777 527356403853.6641 192
0.472446 12732142.08549469 11644.27890193688 593533109517.5448 44
0.490617 7918727.662994406 3442.745186410525 339737919940.6192 25


0.018171 2.267126369702454e+16 293556029671.7856 1.086086014230363e+24 18
0.036342 3484507254103120 162076824096.6702 3.647917141674456e+22 62
0.054513 229921204447941.1 137488784231.9547 1.003195546180028e+21 98
0.072684 255672686415404.4 31523039475.33019 6.089709049226398e+20 210
0.090855 40235499730784.79 10716714661.52556 6.160245203393916e+19 350
0.109026 8814119680730.049 2288412205.547441 9.378061332520425e+18 450
0.127197 2458631303833.409 999734776.853681 1.903008260440398e+18 602
0.145368 611173349855.4738 401766029.8419625 3.596493963817455e+17 762
0.163539 134748019058.0098 209230410.4915486 6.286656728003286e+16 1142
0.18171 73771018851.69437 70782853.18467663 2.795423947732024e+16 1250
0.199881 29604121206.16904 35002869.53340913 9236510397136780 1458
0.218052 13620934759.47044 24587705.78226394 3560029249814810 1814
0.236223 8135654072.428516 12638751.81023784 1813523503234754 2178
0.254394 5465783633.080309 8059236.58601245 1050914853031603 2498
0.272565 4382718423.520056 6984752.05980977 732056598812675.8 2622
0.290736 2797248784.860127 3972827.11861732 410022567233027.6 3191
0.308907 1171565621.32209 1867250.979730331 152248742840770.9 3044
0.327078 321689735.7407551 880983.6628134198 37323999701765.37 2736
0.345249 161405161.5737655 466529.9072226225 16785418517546.38 2276
0.36342 90906697.24273808 300317.4089810009 8523880598030.689 2016
0.381591 46317843.22446112 262815.5319386395 3941722659363.184 1640
0.399762 40302536.2414041 129375.7072046109 3123864187814.333 1056
0.417933 16887922.42546795 73277.31176973305 1197094503073.298 683
0.436104 10213419.68725768 36577.9811158753 665824420856.9652 350
0.454275 11159473.54508012 16138.10546178311 671191836248.4025 192
0.472446 8495357.607333608 18771.96665441838 471142753369.5699 44
0.490617 2443153.521392058 21448.21642005433 124727223417.1402 25


0.018171 1.196080455523058e+16 390036720042.0117 6.645527634505724e+23 18
0.036342 3394782303992848 134055160871.2719 4.120387518838412e+22 62
0.054513 838530010417876.5 27283448167.24119 4.236273128047695e+21 98
0.072684 94751888874967.05 40307833243.27784 2.617940486899242e+20 210
0.090855 25674163073752.31 9468203575.246197 4.558057795672723e+19 350
0.109026 5869490168390.086 2159628195.806344 7.241316050824103e+18 450
0.127197 1358424593789.28 1107201673.279477 1.219334842155321e+18 602
0.145368 434680396584.331 361198662.5097423 2.965957954667985e+17 762
0.163539 114947516806.645 158585012.8576452 6.217774301057451e+16 1142
0.18171 65183610787.19241 51085006.19409197 2.863706724284362e+16 1250
0.199881 26253989008.65422 25373683.16442784 9496838175831250 1458
0.218052 10628503565.18515 19359032.10491418 3220873438433966 1814
0.236223 7880081489.165678 8412827.411324022 2036459194748177 2178
0.254394 4257305437.541065 6723934.616618476 949075983148309.2 2498
0.272565 3510776360.378528 5499459.774383213 679903688601774.9 2622
0.290736 2332041222.800787 3074078.796949247 396323324290692.3 3191
0.308907 902839173.6680037 1594186.219635321 136033466977441.6 3044
0.327078 286201571.6545226 639656.887515886 38499197624846.7 2736
0.345249 149039177.4951375 325933.6443813663 17969619742917.64 2276
0.36342 87212515.42775495 197879.2073524989 9480624389303.084 2016
0.381591 63227627.81302029 137846.1151779772 6237441831217.866 1640
0.399762 31907491.65147587 105138.9468453078 2867463021962.584 1056
0.417933 13120855.36109419 57971.16660118879 1078355499267.745 683
0.436104 8429663.423261495 28525.98417877817 637144360535.2964 350
0.454275 9413205.411709765 12882.29605990843 656410821165.4883 192
0.472446 6273985.677223972 17993.16745233641 403425919128.1529 44
0.490617 1259859.512445633 19172.11935745957 74591222565.44115 25


0.018171 6571558801579944 332369971875.0325 4.155090117087981e+23 18
0.036342 2285462292491447 164971468544.8262 3.156080248177979e+22 62
0.054513 486447075359990.2 56830895719.2442 2.796109129422934e+21 98
0.072684 195829717354041.8 16050867088.56717 6.151319557596921e+20 210
0.090855 30505736909170.19 5909497492.857021 6.159539002978057e+19 350
0.109026 3644879082851.049 2311649061.013967 5.116228040531742e+18 450
0.127197 1491857044198.152 748265855.117434 1.523010471882558e+18 602
0.145368 384129440554.6242 284941021.5915959 2.981404712817062e+17 762
0.163539 111176315379.0571 117012162.3124954 6.840195028160762e+16 1142
0.18171 58934013967.8113 38104040.21105733 2.945088090501266e+16 1250
0.199881 22639259987.91642 20079537.86277203 9315310300164072 1458
0.218052 9725540263.551344 14435953.38387515 3352372912780565 1814
0.236223 6745231561.501836 6773329.257940057 1982868985350782 2178
0.254394 3875544459.314895 4999710.75646081 982743039432900.9 2498
0.272565 3158431599.694828 4084650.710359104 695757844620830.4 2622
0.290736 1687937361.672269 2847970.76324265 326320262836211.3 3191
0.308907 724752209.0755275 1309250.49675617 124217816828155 3044
0.327078 263169699.893141 474078.3366592713 40267650879766.36 2736
0.345249 116312805.2824449 281842.2124238854 15952586449692.5 2276
0.36342 69776008.19660656 168934.0193857576 8628308018678.344 2016
0.381591 49351464.14994162 118217.0761080207 5538116331497.386 1640
0.399762 30158163.42162251 77798.86799214953 3082824882696.403 1056
0.417933 16545434.02232511 31214.82628285058 1546592689249.521 683
0.436104 4565023.624097827 30884.61458161004 392557977167.2036 350
0.454275 8272390.363835148 9868.250060147693 656170400010.5308 192
0.472446 6821327.124341699 9347.259111879181 498901192851.6054 44
0.490617 2410237.537717168 10420.99273661299 162259020881.3837 25


0.018171 6238716870937141 208482607717.4438 4.420675290727551e+23 18
0.036342 2326033900051886 109472667927.4367 3.600016411995374e+22 62
0.054513 235024642559502 56507698208.90656 1.51498149688382e+21 98
0.072684 124128214170834.1 19490822512.76934 4.371037196457325e+20 210
0.090855 19987705493429.41 6040220784.322576 4.524361306364071e+19 350
0.109026 5890719078365.611 995496367.3154682 9.264901636319128e+18 450
0.127197 1673592854846.686 459164804.9899547 1.914849048659833e+18 602
0.145368 411776618084.156 193303964.3827108 3.581941320589492e+17 762
0.163539 123788811657.8766 77734165.1941241 8.535699125675923e+16 1142
0.18171 51922548882.1987 30593503.55819301 2.908355466218979e+16 1250
0.199881 19187088894.4338 16817096.21067053 8849352913720802 1458
0.218052 9022428326.644527 11156335.96524181 3485861012533200 1814
0.236223 5803997225.074756 5625510.876209779 1912439368667886 2178
0.254394 3721148718.764036 3646171.897563168 1057617400631930 2498
0.272565 2690834224.772396 3428278.878135337 664413300035810.8 2622
0.290736 1440254098.051292 2319312.509729863 312097333389861.7 3191
0.308907 645758092.9068071 1033433.682055222 124056830240772.5 3044
0.327078 222172477.6375264 396563.3148768966 38104438535116.3 2736
0.345249 110669782.2477181 210487.7936647515 17012943965448.96 2276
0.36342 63862414.8954598 131751.5757072326 8851526367206.199 2016
0.381591 45849641.42305554 93043.75955009942 5767008416329.869 1640
0.399762 26213914.00551853 61853.85049729029 3003546339161.114 1056
0.417933 12786785.64889154 28908.91832343168 1339777670430.17 683
0.436104 5440709.476316245 21110.00089244208 524345146465.4412 350
0.454275 4856320.430212726 15302.60223587362 431816525134.8497 192
0.472446 6483239.91398415 5977.846656418115 531482353630.9482 44
0.490617 4535795.251942691 972.2867724738488 342204788076.4855 25


0.018171 7703353701669818 109937558710.7505 6.044974432602156e+23 18
0.036342 2625286230379472 56218836077.17369 4.50060794019109e+22 62
0.054513 491046912335465.6 21752441090.04193 3.504352203788862e+21 98
0.072684 73269604575262.78 20065158264.00556 2.859279478245207e+20 210
0.090855 22915775453216.65 4022327265.917549 5.745789332033531e+19 350
0.109026 2562907823030.326 1579540371.9612 4.467689999814216e+18 450
0.127197 842957559275.5662 611645832.3832419 1.068864982792541e+18 602
0.145368 353080599415.3876 162890367.565035 3.402663269905039e+17 762
0.163539 126289708916.8118 53585464.87608625 9.646646319875475e+16 1142
0.18171 42021385786.12224 27929649.50279251 2.607722213373842e+16 1250
0.199881 15851074329.74872 14812058.6774472 8099498475633600 1458
0.218052 8537047912.801853 8789474.033263361 3653948828917604 1814
0.236223 5156159081.510611 4652419.794376778 1882207358506273 2178
0.254394 3463634166.400555 2856100.83218585 1090577615114669 2498
0.272565 2369468686.528683 2881157.719244074 648164342725758.1 2622
0.290736 1342711952.36504 1833230.878276799 322334070083652.1 3191
0.308907 567614196.3107319 863138.3540629561 120805396582035.3 3044
0.327078 192372846.5497226 335373.7543714789 36552225065919.94 2736
0.345249 107517693.9927321 160350.788680294 18310404764741.4 2276
0.36342 57111037.22845843 107895.9480622567 8769444037147.01 2016
0.381591 34790558.49709458 85538.50464540084 4848168048101.98 1640
0.399762 23577936.7639665 51067.16326201328 2992870209880.963 1056
0.417933 9886604.12931253 28295.02193261781 1147681296995.823 683
0.436104 7945363.054742143 9376.506941709267 848181692137.3156 350
0.454275 2547556.253477621 17525.55859992493 251013402223.6594 192
0.472446 2463170.050858707 14134.40650557137 223762749837.78 44
0.490617 2553785.634489592 4846.999389123762 213469031168.1315 25


0.018171 8290017162805032 71489372677.33649 7.137702801769744e+23 18
0.036342 2013345678201364 60890471586.11593 3.787815756957316e+22 62
0.054513 431118600581085.1 23515405584.65094 3.376325772672979e+21 98
0.072684 157739948198822.7 6744699658.574553 6.751356678626513e+20 210
0.090855 19949297346239.42 3568618344.801956 5.489038471724768e+19 350
0.109026 4898688429359.819 661614213.171201 9.366382231790748e+18 450
0.127197 1405308869981.487 299621720.3054611 1.954665098337873e+18 602
0.145368 287521593161.7708 151276579.9509303 3.040802965526755e+17 762
0.163539 100652391218.6662 51399622.07033905 8.437312167594574e+16 1142
0.18171 33632923499.61737 26134480.52576367 2.29049432909362e+16 1250
0.199881 13421264908.73289 13057333.24240558 7525825678252896 1458
0.218052 8438761988.167587 6815193.000739596 3963339697865616 1814
0.236223 4673381856.381766 3870963.686934956 1872048497248825 2178
0.254394 3116160503.146465 2413557.212436701 1076689371409970 2498
0.272565 2222553129.811087 2344856.097539893 667154104157322.4 2622
0.290736 1290727199.321422 1458234.840437917 340011598915484.6 3191
0.308907 503834376.0340219 732288.696497024 117670882813232 3044
0.327078 185313133.0680013 262997.3495024343 38637670427376.41 2736
0.345249 87693306.59603854 148679.2008478534 16388716858377.18 2276
0.36342 53171858.18706373 87930.55807643832 8959313081289.934 2016
0.381591 40181073.04259018 58068.05644034519 6143975585385.846 1640
0.399762 24837466.51406221 36489.28412078685 3459508232838.522 1056
0.417933 11599579.83827839 17705.98565169318 1477488363860.919 683
0.436104 3697939.599356438 15865.41035218743 433289349693.6678 350
0.454275 6221425.926419181 5026.910687319675 672438107269.6377 192
0.472446 3309953.778675403 9242.954868467816 329908436663.3759 44
0.490617 408622.7359726866 8953.117871926017 37524459714.94652 25


0.018171 7334120122120114 78042784227.71494 6.875276238966508e+23 18
0.036342 1099215376406384 80556267163.29997 2.25238631752471e+22 62
0.054513 227985112325999.1 30727435747.54294 1.944625051379708e+21 98
0.072684 85640644322602.38 12137887744.77443 3.991689680756719e+20 210
0.090855 14569006228651.58 3493724947.601014 4.364875729184536e+19 350
0.109026 2147870007185.146 1111198237.958423 4.473184165315621e+18 450
0.127197 862376091546.6952 379940796.9427403 1.306196671330303e+18 602
0.145368 300412895203.1906 114052473.4930098 3.458745220359528e+17 762
0.163539 78761360113.32675 51058338.62331154 7.188669273491708e+16 1142
0.18171 32781076086.69888 21365806.56476672 2.430462915402836e+16 1250
0.199881 13039261594.63437 10617005.17331938 7960019907165124 1458
0.218052 8475171467.906671 5220262.345397309 4333390345533274 1814
0.236223 4262169454.937197 3284281.608608982 1858793732918551 2178
0.254394 2692425044.98407 2176750.608790635 1012831692444680 2498
0.272565 2154447456.879225 1886208.055326744 704069349995983 2622
0.290736 1285641429.669968 1149574.839915424 368707244239109.9 3191
0.308907 451648393.1337886 631055.6261451986 114841617841142.3 3044
0.327078 170480694.2539676 222998.6139273577 38698454301484.9 2736
0.345249 78728513.3054596 127250.4189260705 16018701491882.83 2276
0.36342 47959847.34265804 75689.91780634904 8798061844700.324 2016
0.381591 36349263.40251539 50076.54484702071 6051165857601.18 1640
0.399762 17580956.87046278 39404.69640772374 2666237552496.637 1056
0.417933 8529728.492217375 19002.74052809668 1182934119120.995 683
0.436104 5969940.30273257 8012.184788627511 761402627077.2216 350
0.454275 2071077.151941476 12345.10742405286 243800205998.0934 192
0.472446 4053743.775711724 5341.005335232122 439851939125.5745 44
0.490617 3522477.333943768 281.3910509449216 351734038472.1422 25


0.018171 5692236543569533 96457332252.90401 5.772126787936695e+23 18
0.036342 931933000545709.9 71775948915.7794 2.065474202316565e+22 62
0.054513 258735834422703.9 21038371946.4418 2.386280871270608e+21 98
0.072684 51528280918126.84 12565782542.31519 2.598351015209899e+20 210
0.090855 20328702695030.34 2092887159.669534 6.585295613485737e+19 350
0.109026 4126646845842.398 477766034.1909583 9.290192662691062e+18 450
0.127197 1002051334357.019 272160971.4765263 1.641202463642825e+18 602
0.145368 263874346518.3295 100518553.2987078 3.285702724614419e+17 762
0.163539 84435590925.80608 38634733.72365071 8.333837641428514e+16 1142
0.18171 33467650102.19085 16680801.65380977 2.683432769422786e+16 1250
0.199881 13991931934.46244 7894098.023074519 9236926672302802 1458
0.218052 8048951468.277331 4276790.609375661 4450761550231213 1814
0.236223 3849115628.305516 2886116.205619029 1815461551810121 2178
0.254394 2232266708.88387 2047255.405981343 908194021448692.2 2498
0.272565 2043392034.936238 1571156.150056709 722185084060342.1 2622
0.290736 1306989355.166175 895002.717241524 405362179172719.8 3191
0.308907 413681680.6256635 546703.1131238434 113759626842802 3044
0.327078 155411073.5168265 194574.1635633703 38152594006077.13 2736
0.345249 75695100.05958028 104907.6399231669 16656267714831.08 2276
0.36342 44865510.77574984 63751.2257060044 8901039974633.043 2016
0.381591 29873365.98614434 47588.34730060139 5378530452216.138 1640
0.399762 17758892.88325639 30926.44655462828 2912587740761.601 1056
0.417933 7784721.257283873 16176.14607790258 1167590022097.675 683
0.436104 4174512.747804773 9581.909108598891 575849837125.7388 350
0.454275 5286445.034062668 3633.622436876261 672760514868.6277 192
0.472446 2254643.190561829 7822.14105157234 264617017929.9265 44
0.490617 143152.2000612965 6871.585514703562 15508953793.21801 25


0.018171 4540591625192815 101774073656.1611 4.952387231068909e+23 18
0.036342 1500579749269140 42150978203.08501 3.574773239274293e+22 62
0.054513 337862389734528.5 13094532072.18107 3.350166237043137e+21 98
0.072684 120079790700211 4397893301.305783 6.507406067288533e+20 210
0.090855 12696465177691.6 2586133153.925846 4.423740034789513e+19 350
0.109026 1937914774306.343 810233101.2187707 4.693495548951948e+18 450
0.127197 882416112691.3616 242278395.5551408 1.554204307428328e+18 602
0.145368 244098087791.0002 89464567.65559649 3.268500150185085e+17 762
0.163539 83303969959.30145 30670322.81558723 8.841358696946346e+16 1142
0.18171 28615539477.28928 15336916.01296622 2.467360541856295e+16 1250
0.199881 13556269781.56877 6415372.584707385 9623430709405514 1458
0.218052 6947798996.821507 4016643.667085161 4131469648784334 1814
0.236223 3357925206.867749 2663924.876561196 1703173274960795 2178
0.254394 1945931844.66195 1852648.114267143 851373595213825.5 2498
0.272565 1794261131.195454 1427716.072583825 681929706845911.2 2622
0.290736 1269315098.03522 734093.5658995099 423335424510330.2 3191
0.308907 396830058.0755405 465373.8721204207 117346722494329.3 3044
0.327078 146595770.8510031 165580.0564808343 38699925593704.13 2736
0.345249 72763148.0205249 87665.05215703556 17217301382560.6 2276
0.36342 41668138.32029665 55060.46786048164 8889578162626.826 2016
0.381591 24881212.58855956 44975.39790939656 4817444882438.791 1640
0.399762 18069651.13877014 24760.02849817668 3186765792817.995 1056
0.417933 8607655.004103797 12161.35002669298 1388221957639.382 683
0.436104 4077530.681864304 7684.986637589101 604839395780.6039 350
0.454275 1632429.315965635 9439.149947391421 223493516421.8043 192
0.472446 2887324.902441285 5142.521037288699 364365751230.4476 44
0.490617 2740045.920021356 758.8991069596681 318200353502.4756 25


