0.0023954 8.108294396980915e-10 1.085843735531093e-10 0.6286446678071287 18
0.0047908 5.39562306388834e-09 1.072286031996038e-09 1.042496647546029 62
0.0071862 1.822476825953213e-08 2.863169938403424e-09 1.485206359040284 98
0.0095816 4.477303667442302e-08 9.917428042940492e-09 2.020940027045552 210
0.011977 9.377880082370602e-08 2.140816471545405e-08 2.730720290782384 350
0.0143724 1.435305940648848e-07 3.413019959372069e-08 2.910443965710077 450
0.0167678 2.430244079585438e-07 5.045968733479271e-08 3.585862605144273 602
0.0191632 3.505458176515555e-07 7.749885916283233e-08 3.935972849290813 762
0.0215586 4.860913471773063e-07 1.258913538930594e-07 4.33057315633669 1142
0.023954 6.714383561656513e-07 1.657690480490412e-07 4.860284577236321 1250
0.0263494 8.644189122218457e-07 2.235446281752473e-07 5.15351274465527 1458
0.0287448 1.228472412450187e-06 2.834824372906747e-07 6.134637112815151 1814
0.0311402 1.489640907565609e-06 3.663796396536898e-07 6.346354921477545 2178
0.0335356 1.945668049372843e-06 4.576804707979562e-07 7.150475835320401 2498
0.035931 2.403441955593633e-06 5.916604818247914e-07 7.674483649533815 2622
0.0383264 2.831410280250604e-06 6.916384347582034e-07 7.940212119158565 3338
0.0407218 3.35517943672767e-06 8.164992269911969e-07 8.348290573498916 3722
0.0431172 4.069730498770208e-06 9.794727979434516e-07 9.042163031363081 4170
0.0455126 4.724607034566138e-06 1.149949855131726e-06 9.412312358491016 4358
0.047908 5.365843964687112e-06 1.374685133820557e-06 9.63868738835189 5034
0.0503034 6.422520762223051e-06 1.574828846643121e-06 10.47055245378291 5714
0.0526988 7.307688428735703e-06 1.799377553699769e-06 10.85663203640378 5982
0.0550942 8.62280731409809e-06 2.09837791792973e-06 11.71279153782917 6602
0.0574896 9.498658640411313e-06 2.297837972218569e-06 11.84320345377339 7130
0.059885 1.08477881693098e-05 2.675398389640384e-06 12.46795444979015 8034
0.0622804 1.203626759808706e-05 3.076012322138619e-06 12.79703598764001 8606
0.0646758 1.352196583779632e-05 3.412307189389018e-06 13.33104755499093 9066
0.0670712 1.513517757581333e-05 3.873255527409357e-06 13.87381041009195 9962
0.0694666 1.676489681525769e-05 4.211035839482868e-06 14.32692589391888 10550
0.071862 1.840871153675316e-05 4.630793237137988e-06 14.69751954101342 11226
0.0742574 2.085580138646766e-05 5.10168780703173e-06 15.591877051649 12146
0.0766528 2.27426392982411e-05 5.593407258396313e-06 15.94947977553788 12303
0.0790482 2.443256241592381e-05 6.115183338998966e-06 16.10730752821189 12584
0.0814436 2.670461395206435e-05 6.780016791184213e-06 16.5899053748821 12120
0.083839 2.936183329414979e-05 7.559945839083257e-06 17.21223469766603 11180
0.0862344 3.060805394862532e-05 7.980068962268425e-06 16.95869888166322 11096
0.0886298 3.326017431793583e-05 8.653044719607227e-06 17.44750663819435 10056
0.0910252 3.721333040116859e-05 9.525926552976695e-06 18.50709107946838 9716
0.0934206 4.026719857361537e-05 1.002596198518862e-05 19.01003021462172 8604
0.095816 4.431386005652314e-05 1.11070787771136e-05 19.8833970048674 8060
0.0982114 4.651612680222147e-05 1.171477492662678e-05 19.86669730940083 7320
0.100607 5.092094186663386e-05 1.279719359975462e-05 20.73274381704033 6356
0.103002 5.435648814028193e-05 1.363831140788752e-05 21.1107036405324 5348
0.105398 5.763988872928893e-05 1.431865176183487e-05 21.37195210942236 4308
0.107793 6.330531977024836e-05 1.445446034689369e-05 22.44203960505787 3563
0.110188 6.367584386092655e-05 1.640389273585748e-05 21.61155830993438 2448
0.112584 7.333568732517524e-05 1.66156981946425e-05 23.82984862545633 1868
0.114979 7.292792151945275e-05 1.869819371292033e-05 22.70307388150646 1358
0.117375 7.528386993551767e-05 1.681890914449709e-05 22.48337043141856 1062
0.11977 8.461764941693905e-05 2.119662646740824e-05 24.30388178017894 776
0.122165 8.152385404785564e-05 2.303643795452947e-05 22.53747776008959 432
0.124561 9.092247900195656e-05 1.52177968084458e-05 24.09747886222547 200
0.126956 0.0001196408196792129 2.275522899741429e-05 30.4702716321045 168
0.129352 9.13041394628221e-05 1.094909794510105e-05 22.43891333003589 56
0.131747 0.0001561328209885592 2.437958698073997e-06 37.0149188943465 7


0.0023954 1.438219183444574e+26 1.948279181741053e+25 2.218725458097244e+35 18
0.0047908 1.301378489089786e+27 1.770262049414881e+26 4.031187897438797e+35 62
0.0071862 3.725127349043099e+27 5.096489911129799e+26 4.700299710752568e+35 98
0.0095816 1.064506945964754e+28 1.467152741769524e+27 7.274274829572516e+35 210
0.011977 2.181856717038869e+28 3.042676953088968e+27 9.535595700121265e+35 350
0.0143724 3.359446776262174e+28 4.748315307421283e+27 1.017676023865429e+36 450
0.0167678 5.192446986365223e+28 7.448236433125689e+27 1.142492391591037e+36 602
0.0191632 7.355398303137118e+28 1.073668085026556e+28 1.229121349848343e+36 762
0.0215586 9.55851332077551e+28 1.424213910881457e+28 1.265161191449268e+36 1142
0.023954 1.315179872747066e+29 2.003513298181998e+28 1.413402738697667e+36 1250
0.0263494 1.642434785976043e+29 2.561028451784743e+28 1.452772658768343e+36 1458
0.0287448 2.182916093265191e+29 3.491699498485892e+28 1.616914978891434e+36 1814
0.0311402 2.588763971521591e+29 4.256804166009535e+28 1.635144737250307e+36 2178
0.0335356 3.137375564015567e+29 5.311878427712322e+28 1.709038523247115e+36 2498
0.035931 3.700341559960508e+29 6.453751176441467e+28 1.75087744257727e+36 2622
0.0383264 3.981542794625301e+29 7.168857633124305e+28 1.654249461790895e+36 3338
0.0407218 4.637365070187348e+29 8.639871411330461e+28 1.709244187786824e+36 3722
0.0431172 5.176708334774303e+29 9.98852892449196e+28 1.703556369024057e+36 4170
0.0455126 5.739405788060264e+29 1.146763881192472e+29 1.693333218144557e+36 4358
0.047908 6.237410067145433e+29 1.292162042376216e+29 1.659108008523755e+36 5034
0.0503034 6.808066018616213e+29 1.463920469172558e+29 1.64344202228995e+36 5714
0.0526988 7.4986617068037e+29 1.671716795433371e+29 1.649427605150735e+36 5982
0.0550942 8.245009903246131e+29 1.910395548262711e+29 1.658111854041759e+36 6602
0.0574896 8.553560551416787e+29 2.05392535532701e+29 1.578854262236251e+36 7130
0.059885 9.03441855040567e+29 2.251793234761816e+29 1.537155764427103e+36 8034
0.0622804 9.416457345248557e+29 2.430410236523165e+29 1.481984318913334e+36 8606
0.0646758 9.968919321452447e+29 2.67371123247915e+29 1.454779440102209e+36 9066
0.0670712 1.066083008401137e+30 2.958848405602033e+29 1.446461084881671e+36 9962
0.0694666 1.106796582806843e+30 3.170100224378324e+29 1.399960312462411e+36 10550
0.071862 1.157551856648283e+30 3.432360350339837e+29 1.367869175577521e+36 11226
0.0742574 1.225291889385896e+30 3.738869099521618e+29 1.355768298453921e+36 12146
0.0766528 1.22902770041266e+30 3.910876679359136e+29 1.27565332212413e+36 12303
0.0790482 1.22385848462915e+30 4.112007632890836e+29 1.1941075984449e+36 12584
0.0814436 1.219348795521698e+30 4.367990362727792e+29 1.121087955791635e+36 12120
0.083839 1.217505286079711e+30 4.6396758252126e+29 1.056271196232548e+36 11180
0.0862344 1.151709730977554e+30 4.689225103056455e+29 9.44383544719143e+35 11096
0.0886298 1.122404419596069e+30 4.843787531028841e+29 8.713749082410422e+35 10056
0.0910252 1.146550961867416e+30 5.243634233682065e+29 8.438779965689619e+35 9716
0.0934206 1.141918915982495e+30 5.541778740511383e+29 7.978378383361658e+35 8604
0.095816 1.159556640949275e+30 5.907107372831147e+29 7.699951451480697e+35 8060
0.0982114 1.102637806930373e+30 5.971852619374889e+29 6.969476083136802e+35 7320
0.100607 1.075989398747756e+30 6.185098919321146e+29 6.483566034112107e+35 6356
0.103002 1.107046782739968e+30 6.59602522453956e+29 6.362957263363275e+35 5348
0.105398 1.029000273164608e+30 6.643574025168706e+29 5.646568583996292e+35 4308
0.107793 1.003232611083493e+30 7.031828584580878e+29 5.263597393604349e+35 3563
0.110188 8.267195111556199e+29 6.527864995363984e+29 4.15277099239501e+35 2448
0.112584 8.450829923036236e+29 7.213249239132254e+29 4.064314403602995e+35 1868
0.114979 8.350653285337727e+29 7.674733960262036e+29 3.84764197729003e+35 1358
0.117375 7.045319372277554e+29 6.972207759664569e+29 3.114276160898938e+35 1062
0.11977 7.427480336328975e+29 7.762841668846084e+29 3.157549195442557e+35 776
0.122165 6.829381293665164e+29 7.487063595024414e+29 2.794415085377551e+35 432
0.124561 7.229759741796904e+29 8.091130306705629e+29 2.836141829415309e+35 200
0.126956 9.556796121100286e+29 1.102964772290843e+30 3.602526129299854e+35 168
0.129352 7.033320076153249e+29 8.282778452710908e+29 2.558428780868372e+35 56
0.131747 9.974379949520337e+29 1.18551521902475e+30 3.500065204494189e+35 7


0.0023954 3.738538014222234e+24 3.160411302463415e+25 6.922904213775773e+34 18
0.0047908 3.514957471437976e+25 2.866652247132776e+26 5.703173044329743e+34 62
0.0071862 1.059644667356973e+26 8.233020029686516e+26 4.394748290680738e+34 98
0.0095816 3.230509208195021e+26 2.362687389381576e+27 5.392188486697535e+34 210
0.011977 7.313634054503515e+26 4.875211399588572e+27 6.317071668952889e+34 350
0.0143724 1.255192786413211e+27 7.56354186292514e+27 6.595281093382889e+34 450
0.0167678 2.172982714618789e+27 1.178655764862201e+28 7.65684685902582e+34 602
0.0191632 3.495051773180903e+27 1.685632390426289e+28 8.852209546108027e+34 762
0.0215586 5.229297815935505e+27 2.214748175857283e+28 1.007848078666444e+35 1142
0.023954 8.297747832498253e+27 3.082937457783426e+28 1.263812084024926e+35 1250
0.0263494 1.193098440100889e+28 3.896284342810064e+28 1.469132331594307e+35 1458
0.0287448 1.833182067623752e+28 5.244785283969943e+28 1.866148374948497e+35 1814
0.0311402 2.519246323743573e+28 6.303865907349075e+28 2.166147307473293e+35 2178
0.0335356 3.534554749606259e+28 7.745765101791586e+28 2.60316684673788e+35 2498
0.035931 4.794874778770857e+28 9.260408245994973e+28 3.052650575567677e+35 2622
0.0383264 5.94431978867505e+28 1.010524693851093e+29 3.310810449051654e+35 3338
0.0407218 7.988931327304881e+28 1.194240329328386e+29 3.936105725065451e+35 3722
0.0431172 1.024248987675861e+29 1.352432534525313e+29 4.496068437156876e+35 4170
0.0455126 1.294012477713661e+29 1.520230608804627e+29 5.084646425053147e+35 4358
0.047908 1.599254948977032e+29 1.674876656513963e+29 5.658588390248906e+35 5034
0.0503034 1.979531370571539e+29 1.852976182950463e+29 6.350332207977929e+35 5714
0.0526988 2.449619534601086e+29 2.066576431354681e+29 7.155412125949751e+35 5982
0.0550942 3.03253032284079e+29 2.301492444883222e+29 8.093903295259427e+35 6602
0.0574896 3.49570375424866e+29 2.414534591391915e+29 8.559823811242281e+35 7130
0.059885 4.104413424018999e+29 2.578768127368163e+29 9.260654745366927e+35 8034
0.0622804 4.705808906150671e+29 2.714647872071821e+29 9.818310294231905e+35 8606
0.0646758 5.512559816088347e+29 2.903680532487177e+29 1.066202596734676e+36 9066
0.0670712 6.432196257467919e+29 3.132304198710045e+29 1.156455638601804e+36 9962
0.0694666 7.223055082985174e+29 3.275781727245069e+29 1.21047606012043e+36 10550
0.071862 8.20886758662235e+29 3.453250054903851e+29 1.285037612329309e+36 11226
0.0742574 9.299674338189468e+29 3.676413594700276e+29 1.36300554181049e+36 12146
0.0766528 1.025106615243542e+30 3.720595907540125e+29 1.409210609289971e+36 12303
0.0790482 1.146395646288248e+30 3.748563782874687e+29 1.481270065563549e+36 12584
0.0814436 1.30129930613976e+30 3.784160448118674e+29 1.584274831463998e+36 12120
0.083839 1.467032224651812e+30 3.820867869494025e+29 1.685189418011241e+36 11180
0.0862344 1.571906247446565e+30 3.65409296515885e+29 1.706488255491509e+36 11096
0.0886298 1.703247439940673e+30 3.590911232934112e+29 1.750571017469996e+36 10056
0.0910252 1.927763466948712e+30 3.694757745164229e+29 1.878299319502742e+36 9716
0.0934206 2.125562439060829e+30 3.703474994736199e+29 1.965887616658977e+36 8604
0.095816 2.340272267346709e+30 3.777972372761332e+29 2.057095720907188e+36 8060
0.0982114 2.458559767833466e+30 3.609588062693371e+29 2.056952019968011e+36 7320
0.100607 2.63617430605033e+30 3.5357359943908e+29 2.102531240588959e+36 6356
0.103002 2.868183738748414e+30 3.642898326761138e+29 2.182009876917895e+36 5348
0.105398 3.008586443932361e+30 3.399794774028511e+29 2.185096528467773e+36 4308
0.107793 3.307166628227896e+30 3.323316621200104e+29 2.296460993166556e+36 3563
0.110188 3.220693330297526e+30 2.747984297040959e+29 2.141039219813842e+36 2448
0.112584 3.66006232702761e+30 2.810645860864591e+29 2.329470175328377e+36 1868
0.114979 3.991081298068396e+30 2.774919280669046e+29 2.433503906316264e+36 1358
0.117375 3.709109712102494e+30 2.33581604044254e+29 2.169602712450025e+36 1062
0.11977 4.194507725615577e+30 2.456965181606032e+29 2.359592774918674e+36 776
0.122165 4.097909266524362e+30 2.253517982711249e+29 2.218782810316488e+36 432
0.124561 4.452263617100129e+30 2.382767171953331e+29 2.311155255480738e+36 200
0.126956 6.116416102443766e+30 3.143623557192361e+29 3.050949149701806e+36 168
0.129352 4.615892704960851e+30 2.310387428341491e+29 2.221852626125239e+36 56
0.131747 6.621406697420616e+30 3.27437763453198e+29 3.074630531220694e+36 7


0.0023954 1.145884320224562e+26 2.927037369076716e+23 2.962371816690658e+35 18
0.0047908 1.040977270256447e+27 2.482420995333508e+24 5.355069466414197e+35 62
0.0071862 2.995982535685058e+27 6.472528178077865e+24 6.255323025706115e+35 98
0.0095816 8.620634297840926e+27 1.630114932210925e+25 9.731243673400816e+35 210
0.011977 1.786193241806266e+28 2.677712106578548e+25 1.288282979321287e+36 350
0.0143724 2.783981451727613e+28 3.083550985031251e+25 1.39103704194499e+36 450
0.0167678 4.359715285592439e+28 3.267097113111407e+25 1.581750309256275e+36 602
0.0191632 6.269921228427732e+28 2.616304645533328e+25 1.727269980654984e+36 762
0.0215586 8.289956538218092e+28 1.285162175935574e+25 1.808642682824656e+36 1142
0.023954 1.161420405946677e+29 2.134862864406936e+24 2.057174624160541e+36 1250
0.0263494 1.477246098799891e+29 5.835242656114001e+24 2.153442696015147e+36 1458
0.0287448 2.001615285930634e+29 5.076354674448303e+25 2.443315253858387e+36 1814
0.0311402 2.421770981990873e+29 1.702866706685098e+26 2.52074577889738e+36 2178
0.0335356 2.994994540347742e+29 4.255672082025905e+26 2.688447917183867e+36 2498
0.035931 3.60221933093407e+29 8.652135792094648e+26 2.808638929640604e+36 2622
0.0383264 3.953810585652953e+29 1.479356581489335e+27 2.706893239640945e+36 3338
0.0407218 4.698745406012192e+29 2.582919476936881e+27 2.853750802342869e+36 3722
0.0431172 5.347860519622939e+29 4.086477690856311e+27 2.899889541519827e+36 4170
0.0455126 6.037246829152634e+29 6.11362138805182e+27 2.935022881770993e+36 4358
0.047908 6.676110303243467e+29 8.735702952636592e+27 2.926107695577341e+36 5034
0.0503034 7.408944446419302e+29 1.224309440494709e+28 2.947023344528137e+36 5714
0.0526988 8.281704586736851e+29 1.679312532611788e+28 3.001696119517752e+36 5982
0.0550942 9.238878102306122e+29 2.282660065191114e+28 3.061543918501733e+36 6602
0.0574896 9.700829276954544e+29 2.838634887439676e+28 2.950558746128604e+36 7130
0.059885 1.036236043036707e+30 3.573544788277397e+28 2.905217450187202e+36 8034
0.0622804 1.090352879340663e+30 4.339265402355676e+28 2.827662696327376e+36 8606
0.0646758 1.164852060883196e+30 5.378301918264512e+28 2.801087488247408e+36 9066
0.0670712 1.254433688978392e+30 6.564253839281196e+28 2.804611456834355e+36 9962
0.0694666 1.30891484935592e+30 7.662215098230674e+28 2.728168324950035e+36 10550
0.071862 1.375991344736882e+30 9.03859449930054e+28 2.679379233865619e+36 11226
0.0742574 1.460415260045097e+30 1.054883006606196e+29 2.662804157002602e+36 12146
0.0766528 1.471512851070724e+30 1.205697097635417e+29 2.516835067178586e+36 12303
0.0790482 1.473661952201223e+30 1.402054354539961e+29 2.369370166115289e+36 12584
0.0814436 1.475283134611101e+30 1.655302055075868e+29 2.235186185137086e+36 12120
0.083839 1.474779862079291e+30 1.930257650721831e+29 2.1084477193706e+36 11180
0.0862344 1.393026304397838e+30 2.134026222112372e+29 1.88235311987575e+36 11096
0.0886298 1.351767969112206e+30 2.369462542613814e+29 1.729416652023378e+36 10056
0.0910252 1.371386921829972e+30 2.740270845897091e+29 1.663390087427282e+36 9716
0.0934206 1.352878143795977e+30 3.080759967996377e+29 1.557731699320538e+36 8604
0.095816 1.360745850518359e+30 3.440011648670562e+29 1.489132904261796e+36 8060
0.0982114 1.275200686668407e+30 3.671298847783748e+29 1.328356506881284e+36 7320
0.100607 1.224041098256414e+30 3.989136002191981e+29 1.215569326323162e+36 6356
0.103002 1.244970835328623e+30 4.371127891860472e+29 1.179329182970164e+36 5348
0.105398 1.126390843949576e+30 4.649402985237669e+29 1.018722733150922e+36 4308
0.107793 1.063194096832692e+30 5.17116368368845e+29 9.19410326131139e+35 3563
0.110188 8.298919936380287e+29 5.104986537601114e+29 6.871489913243748e+35 2448
0.112584 8.134348183288261e+29 5.841900150186879e+29 6.448907633102496e+35 1868
0.114979 7.683405164786314e+29 6.404043062120393e+29 5.836230503451194e+35 1358
0.117375 6.167455830197681e+29 5.975173633234447e+29 4.494702322778018e+35 1062
0.11977 6.246420059550693e+29 6.772675767383952e+29 4.378285570999713e+35 776
0.122165 5.532553115367305e+29 6.626982229676445e+29 3.732701320730513e+35 432
0.124561 5.759172740469945e+29 7.203984959595228e+29 3.725285352151657e+35 200
0.126956 7.417900944728787e+29 9.90359337034258e+29 4.610904637235308e+35 168
0.129352 5.364437235517924e+29 7.47674854033853e+29 3.217750963196444e+35 56
0.131747 7.545928853861943e+29 1.072685432755268e+30 4.366314962603455e+35 7


0.0023954 4.867339465778358e+25 8.83356996119961e+24 1.904888021692575e+35 18
0.0047908 4.384607890941825e+26 8.098381446593077e+25 2.990910596937186e+35 62
0.0071862 1.247242615086724e+27 2.360017136990361e+26 3.300747786776917e+35 98
0.0095816 3.535164100765568e+27 6.898809456193521e+26 4.952869153916235e+35 210
0.011977 7.149319537620287e+27 1.46527678764842e+27 6.324661235103704e+35 350
0.0143724 1.083421951366306e+28 2.347975013573259e+27 6.596930850682815e+35 450
0.0167678 1.644435613347542e+28 3.787650562528535e+27 7.243754987928608e+35 602
0.0191632 2.277741713604175e+28 5.636329032872568e+27 7.600002530906592e+35 762
0.0215586 2.878877330882462e+28 7.747915583161408e+27 7.593629069773726e+35 1142
0.023954 3.837600079041251e+28 1.130365738664704e+28 8.207609810315777e+35 1250
0.0263494 4.626238140999883e+28 1.498097322265825e+28 8.136378768183407e+35 1458
0.0287448 5.901174795413851e+28 2.119834641323521e+28 8.685939931560732e+35 1814
0.0311402 6.673785449366502e+28 2.683302455721314e+28 8.372693383045787e+35 2178
0.0335356 7.66414173704982e+28 3.474355996627981e+28 8.289998667366909e+35 2498
0.035931 8.524118171033678e+28 4.370282665247086e+28 8.00776655294736e+35 2622
0.0383264 8.571307444212476e+28 5.023695801503103e+28 7.07028675793678e+35 3338
0.0407218 9.22839701683248e+28 6.261134601353014e+28 6.753684030995333e+35 3722
0.0431172 9.438372592239412e+28 7.467627197531479e+28 6.168428540420462e+35 4170
0.0455126 9.517137759861105e+28 8.816873562823532e+28 5.578309513878208e+35 4358
0.047908 9.293705251154824e+28 1.019568435521285e+29 4.913532412100592e+35 5034
0.0503034 8.989567445572152e+28 1.182787259457212e+29 4.316078490402295e+35 5714
0.0526988 8.712555829207157e+28 1.378088060356987e+29 3.814696228334241e+35 5982
0.0550942 8.237431111969109e+28 1.604518520229702e+29 3.301364217047981e+35 6602
0.0574896 7.335886411294888e+28 1.750470406253539e+29 2.702093732357728e+35 7130
0.059885 6.511475143229081e+28 1.943635414332229e+29 2.214781656058647e+35 8034
0.0622804 5.674561616892304e+28 2.118400689970072e+29 1.789121117230716e+35 8606
0.0646758 4.860815334994073e+28 2.349794734335635e+29 1.425543569019218e+35 9066
0.0670712 4.252016494189411e+28 2.614305298335347e+29 1.163399092832799e+35 9962
0.0694666 3.725043337582931e+28 2.808402194043227e+29 9.531857866531379e+34 10550
0.071862 3.193576410877473e+28 3.046511125552714e+29 7.669908639747569e+34 11226
0.0742574 3.071717448641658e+28 3.31582698022659e+29 6.920148555187201e+34 12146
0.0766528 2.561109548942723e+28 3.465535294782056e+29 5.442741087236575e+34 12303
0.0790482 1.972036065979958e+28 3.637067491813021e+29 3.980748474739632e+34 12584
0.0814436 1.736129685526328e+28 3.843844193121501e+29 3.322616379041367e+34 12120
0.083839 2.369632939481701e+28 4.043245476597616e+29 4.217579770272333e+34 11180
0.0862344 3.613014868816748e+28 4.0298280668413e+29 5.987212518219832e+34 11096
0.0886298 5.561970764368391e+28 4.095483960641543e+29 8.646131506663326e+34 10056
0.0910252 8.627849850630743e+28 4.347405828040295e+29 1.264618194127756e+35 9716
0.0934206 1.248903394790861e+29 4.489736615285077e+29 1.732046852459751e+35 8604
0.095816 1.660948244734334e+29 4.686856869946336e+29 2.185471801519698e+35 8060
0.0982114 2.153257738330406e+29 4.600696740033585e+29 2.692949895688577e+35 7320
0.100607 2.743973349235743e+29 4.619208036981261e+29 3.268464399102701e+35 6356
0.103002 3.303789715429141e+29 4.821802444014099e+29 3.751923697137877e+35 5348
0.105398 4.089452357604338e+29 4.64453952593748e+29 4.431150453273028e+35 4308
0.107793 5.202031154393213e+29 4.677265281665611e+29 5.386967546971869e+35 3563
0.110188 5.937240431480172e+29 4.040781553536786e+29 5.884091375608552e+35 2448
0.112584 7.38888776979419e+29 4.243207882834462e+29 7.009593637825455e+35 1868
0.114979 8.721804940894991e+29 4.286706301041527e+29 7.925684996037944e+35 1358
0.117375 8.723573523683228e+29 3.684145651408278e+29 7.6041141868509e+35 1062
0.11977 1.035838370505003e+30 3.933023018783197e+29 8.682841012535281e+35 776
0.122165 1.053229874654958e+30 3.652057799810879e+29 8.497011896475748e+35 432
0.124561 1.16326469803436e+30 3.881530076880969e+29 8.997172853091588e+35 200
0.126956 1.636274249180471e+30 5.159933506067346e+29 1.216073852800708e+36 168
0.129352 1.25350972787497e+30 3.810709640258213e+29 8.989643168281717e+35 56
0.131747 1.810241826897223e+30 5.412563164839561e+29 1.252354214336065e+36 7


0.0023954 4.674398946585547e+25 4.984308579726387e+24 2.049537432900471e+35 18
0.0047908 4.271296901772902e+26 4.456493411220254e+25 3.32777473948398e+35 62
0.0071862 1.239135001679544e+27 1.254470345707628e+26 3.769914596384039e+35 98
0.0095816 3.601545737162352e+27 3.507367591648012e+26 5.81898709570966e+35 210
0.011977 7.580760844766156e+27 6.93562834794005e+26 7.746080354384251e+35 350
0.0143724 1.202454054626265e+28 1.023346412528986e+27 8.464788373503264e+35 450
0.0167678 1.918546644446125e+28 1.506503615390417e+27 9.775706450551664e+35 602
0.0191632 2.818733813200811e+28 2.008804301260848e+27 1.088234778876172e+36 762
0.0215586 3.817998460884218e+28 2.421088156555223e+27 1.165539607390903e+36 1142
0.023954 5.484062201633424e+28 3.05416194219088e+27 1.357698590462173e+36 1250
0.0263494 7.152140740693941e+28 3.457684919434937e+27 1.456177873678809e+36 1458
0.0287448 9.946758660361927e+28 4.091390755857288e+27 1.694874592722951e+36 1814
0.0311402 1.236086715497094e+29 4.227766316073958e+27 1.795205408218724e+36 2178
0.0335356 1.570076529702383e+29 4.359965316610832e+27 1.965865832582677e+36 2498
0.035931 1.937350356245653e+29 4.280413861335992e+27 2.106476023378626e+36 2622
0.0383264 2.181997020478981e+29 3.686181868980736e+27 2.082802624808315e+36 3338
0.0407218 2.66113242783966e+29 3.253178528865685e+27 2.253053908461444e+36 3722
0.0431172 3.10464469365336e+29 2.588494824170643e+27 2.346560658509927e+36 4170
0.0455126 3.586237080654638e+29 1.899093582509896e+27 2.429909471760666e+36 4358
0.047908 4.054104573662272e+29 1.208322853619303e+27 2.47632957638249e+36 5034
0.0503034 4.594709774172849e+29 6.376835855996867e+26 2.546866729540267e+36 5714
0.0526988 5.233081532161975e+29 3.269707234937089e+26 2.643051214928266e+36 5982
0.0550942 5.946625142272018e+29 3.220455451715454e+26 2.745849435414119e+36 6602
0.0574896 6.341681383611292e+29 7.690199376848056e+26 2.687648953771975e+36 7130
0.059885 6.874653686859635e+29 1.815633651590901e+27 2.685552022765857e+36 8034
0.0622804 7.325260646835394e+29 3.360885809912786e+27 2.646907620049557e+36 8606
0.0646758 7.923148400943167e+29 5.936997895881345e+27 2.654621816841634e+36 9066
0.0670712 8.616799944861703e+29 9.245865357676842e+27 2.684203608580159e+36 9962
0.0694666 9.059810217667833e+29 1.313446171121257e+28 2.630996017044099e+36 10550
0.071862 9.59959020188405e+29 1.821518096067855e+28 2.604412618780278e+36 11226
0.0742574 1.023923770250371e+30 2.416546728227523e+28 2.601163034781952e+36 12146
0.0766528 1.039780915620459e+30 3.144740517432948e+28 2.477809354594692e+36 12303
0.0790482 1.051666495145566e+30 4.132165433943773e+28 2.355844986284106e+36 12584
0.0814436 1.063327405343406e+30 5.478522216258463e+28 2.244594608817831e+36 12120
0.083839 1.069726633901785e+30 7.060410097636616e+28 2.130793622295891e+36 11180
0.0862344 1.014805697376819e+30 8.534287430268146e+28 1.910552892269783e+36 11096
0.0886298 9.857272128094006e+29 1.01524189541621e+29 1.757077467751406e+36 10056
0.0910252 9.98599661842385e+29 1.246889019340749e+29 1.687584304315567e+36 9716
0.0934206 9.813922018004078e+29 1.478592057340429e+29 1.574421184186758e+36 8604
0.095816 9.824848883882587e+29 1.7149419815338e+29 1.498065157864031e+36 8060
0.0982114 9.130593577470509e+29 1.90965377756679e+29 1.325226743517378e+36 7320
0.100607 8.675107561116221e+29 2.149761379954336e+29 1.200387076375119e+36 6356
0.103002 8.756008792459581e+29 2.401942137498444e+29 1.155711274640812e+36 5348
0.105398 7.779039435670255e+29 2.648515423859281e+29 9.803350837083684e+35 4308
0.107793 7.172746687603671e+29 3.037597744354627e+29 8.643369336025811e+35 3563
0.110188 5.369418296594425e+29 3.104538927301788e+29 6.195793478672564e+35 2448
0.112584 5.081292943807676e+29 3.618701132776892e+29 5.614523295155314e+35 1868
0.114979 4.610913454209926e+29 4.025849050333207e+29 4.881852384129462e+35 1358
0.117375 3.533980965155433e+29 3.801477568040277e+29 3.590333223073835e+35 1062
0.11977 3.441539117651814e+29 4.340817858894895e+29 3.363185141952408e+35 776
0.122165 2.934679285198381e+29 4.270741497378318e+29 2.76079434034924e+35 432
0.124561 3.001819527723428e+29 4.652319231484117e+29 2.70756708878608e+35 200
0.126956 3.760995330540119e+29 6.414007330824127e+29 3.260171128379851e+35 168
0.129352 2.668691520074043e+29 4.850432218271667e+29 2.232430346013656e+35 56
0.131747 3.720510667128617e+29 6.963935592634633e+29 3.002317558342035e+35 7


0.0023954 9.730380307426764e+23 1.325014911781043e+25 9.33255668264268e+34 18
0.0047908 9.577628043518236e+24 1.200946188750013e+26 7.461632960473418e+34 62
0.0071862 3.062686535866e+25 3.445245820604039e+26 5.229254180979054e+34 98
0.0095816 1.0007813576138e+26 9.871476598110377e+26 5.801182096407815e+34 210
0.011977 2.498207699191679e+26 2.031161630475102e+27 6.263635130446436e+34 350
0.0143724 4.719251342815921e+26 3.139612956403696e+27 6.298206240094762e+34 450
0.0167678 8.941641795489407e+26 4.870026642956131e+27 7.324053865756005e+34 602
0.0191632 1.574119219298744e+27 6.921597889124062e+27 8.720099645877537e+34 762
0.0215586 2.574326419848535e+27 9.018281153519325e+27 1.04165995045928e+35 1142
0.023954 4.421696238017529e+27 1.242487068450105e+28 1.379857920013907e+35 1250
0.0263494 6.813712470166577e+27 1.551143465695308e+28 1.695011747506453e+35 1458
0.0287448 1.114940667481567e+28 2.056670847464635e+28 2.273202589116455e+35 1814
0.0311402 1.620732228673279e+28 2.427037432507998e+28 2.776341258390063e+35 2178
0.0335356 2.387555521209583e+28 2.918254045217418e+28 3.492255111278833e+35 2498
0.035931 3.373107674274931e+28 3.404772585385643e+28 4.257313731182602e+35 2622
0.0383264 4.333151413493775e+28 3.609319166340947e+28 4.779326915584378e+35 3338
0.0407218 6.004422891145005e+28 4.121825537087484e+28 5.854631283620596e+35 3722
0.0431172 7.890666687109579e+28 4.49083372668729e+28 6.85233888218526e+35 4170
0.0455126 1.016056118708693e+29 4.839566350560304e+28 7.896978533465481e+35 4358
0.047908 1.274381981050991e+29 5.083447781032991e+28 8.918161803244893e+35 5034
0.0503034 1.594377955637367e+29 5.331011375794608e+28 1.011580714400973e+36 5714
0.0526988 1.9858224560244e+29 5.619841601132879e+28 1.147246397649501e+36 5982
0.0550942 2.46676442738725e+29 5.863929890966931e+28 1.302184147952951e+36 6602
0.0574896 2.843447953785211e+29 5.763974610662557e+28 1.377157332821843e+36 7130
0.059885 3.328686571313651e+29 5.722251919932683e+28 1.485558112277847e+36 8034
0.0622804 3.797289825005216e+29 5.597545521372519e+28 1.567184956186864e+36 8606
0.0646758 4.412051923273215e+29 5.492650877428522e+28 1.688063788018838e+36 9066
0.0670712 5.100246049351217e+29 5.459019329726939e+28 1.814006378959453e+36 9962
0.0694666 5.662956441687779e+29 5.280104779414704e+28 1.877464812797305e+36 10550
0.071862 6.353259872645125e+29 5.078785677624834e+28 1.967598204991186e+36 11226
0.0742574 7.099020317196684e+29 5.012500130663731e+28 2.058487430450724e+36 12146
0.0766528 7.687351688145992e+29 4.479765800729159e+28 2.090815704082374e+36 12303
0.0790482 8.413124886419431e+29 3.742109299191442e+28 2.150803261027004e+36 12584
0.0814436 9.298923098203022e+29 2.901035802909856e+28 2.23996331372855e+36 12120
0.083839 1.017146982204172e+30 2.18104604639118e+28 2.311844344998436e+36 11180
0.0862344 1.05305148691032e+30 1.408834055011786e+28 2.262051538585568e+36 11096
0.0886298 1.102900296876567e+30 9.295785127697922e+27 2.242971428539266e+36 10056
0.0910252 1.20289736957801e+30 6.29980273841502e+27 2.319177964434999e+36 9716
0.0934206 1.273867708216852e+30 4.434925251169452e+27 2.331375787951706e+36 8604
0.095816 1.35492967051743e+30 4.133554326293107e+27 2.356756933252223e+36 8060
0.0982114 1.358615929553689e+30 5.344496042133726e+27 2.249357065912914e+36 7320
0.100607 1.389677869058978e+30 8.332670252499719e+27 2.193353173386026e+36 6356
0.103002 1.464431032763525e+30 1.229692205209746e+28 2.204700374457702e+36 5348
0.105398 1.44203817655589e+30 1.854720167493537e+28 2.072645368906653e+36 4308
0.107793 1.480760679883538e+30 2.890240413953575e+28 2.034874029341366e+36 3563
0.110188 1.313820398611822e+30 3.9439893300984e+28 1.72851713152134e+36 2448
0.112584 1.399990836885796e+30 5.478570365401713e+28 1.763455311217884e+36 1868
0.114979 1.430976586027165e+30 7.127507376221204e+28 1.726842621892362e+36 1358
0.117375 1.241359134513194e+30 7.797625433167158e+28 1.437128285401636e+36 1062
0.11977 1.333271496815734e+30 9.791757361170067e+28 1.484457155508599e+36 776
0.122165 1.243648196013889e+30 1.040998227853939e+29 1.332746166755609e+36 432
0.124561 1.324123145602788e+30 1.170549726454831e+29 1.360425502924374e+36 200
0.126956 1.764528836483319e+30 1.688722226466402e+29 1.742075496775489e+36 168
0.129352 1.305030623383853e+30 1.314349810772063e+29 1.243312441192828e+36 56
0.131747 1.854777043063276e+30 1.911474910061096e+29 1.704639716141042e+36 7


0.0023954 1.002386818302773e+25 8.907065609181896e+24 1.251939681652487e+35 18
0.0047908 8.892357974540172e+25 8.136470206367154e+25 1.417236983362999e+35 62
0.0071862 2.475489874512773e+26 2.359378786480826e+26 1.306382559786973e+35 98
0.0095816 6.820341208981495e+26 6.853141421417945e+26 1.743951917349996e+35 210
0.011977 1.315869729525673e+27 1.440840075981087e+27 2.013611066039078e+35 350
0.0143724 1.883868415506228e+27 2.282034112109412e+27 1.924673653889438e+35 450
0.0167678 2.676111747221708e+27 3.634239499978769e+27 1.945241590297005e+35 602
0.0191632 3.40710483345653e+27 5.326086406415518e+27 1.858519500316393e+35 762
0.0215586 3.864386098582648e+27 7.190070979167554e+27 1.65820722784057e+35 1142
0.023954 4.522421805451836e+27 1.02856562166738e+28 1.572663515069077e+35 1250
0.0263494 4.670667750087384e+27 1.335006353386361e+28 1.341809982369708e+35 1458
0.0287448 4.902788253789842e+27 1.845832270654646e+28 1.191484772795862e+35 1814
0.0311402 4.314096846172022e+27 2.277839026841128e+28 9.112559737058606e+34 2178
0.0335356 3.567296007894987e+27 2.869864745274078e+28 6.738209317761407e+34 2498
0.035931 2.573683524949948e+27 3.509362769949753e+28 4.529227265627217e+34 2622
0.0383264 1.360964448206602e+27 3.910985524584272e+28 2.47659750183271e+34 3338
0.0407218 4.888033535717753e+26 4.711536163604036e+28 1.295907337755194e+34 3722
0.0431172 1.480315683810245e+26 5.422371481744341e+28 8.435558303247487e+33 4170
0.0455126 7.377117018708872e+26 6.172587322758887e+28 1.283856367599804e+34 4358
0.047908 2.709291272050658e+27 6.865054043105342e+28 2.705557110278966e+34 5034
0.0503034 6.550581688889291e+27 7.642175244227702e+28 5.190847940696491e+34 5714
0.0526988 1.277365348120687e+28 8.543261497201124e+28 8.769985021884311e+34 5982
0.0550942 2.249850107091167e+28 9.505392405749099e+28 1.37858115598593e+35 6602
0.0574896 3.357500377462612e+28 9.92755669424694e+28 1.865656372594709e+35 7130
0.059885 4.900313829956875e+28 1.051611161055773e+29 2.491684639150645e+35 8034
0.0622804 6.633659713988314e+28 1.095293208391318e+29 3.106667395102773e+35 8606
0.0646758 9.062867284121557e+28 1.153705762806424e+29 3.923606371744869e+35 9066
0.0670712 1.187402441721734e+29 1.22388900798559e+29 4.770506276475264e+35 9962
0.0694666 1.467309191622535e+29 1.256088662831925e+29 5.488489771530095e+35 10550
0.071862 1.81914406691114e+29 1.295020558181823e+29 6.350659693718154e+35 11226
0.0742574 2.203784928743645e+29 1.348706254004108e+29 7.198885722613908e+35 12146
0.0766528 2.624066183160091e+29 1.321543067318268e+29 8.035518728638489e+35 12303
0.0790482 3.175686539521147e+29 1.273015758061262e+29 9.136369386866256e+35 12584
0.0814436 3.888803235437823e+29 1.208885212742616e+29 1.053783086687799e+36 12120
0.083839 4.661704459629029e+29 1.137367579917994e+29 1.191597659691294e+36 11180
0.0862344 5.269278921952243e+29 9.959189972272849e+28 1.272694871422415e+36 11096
0.0886298 5.92896794938051e+29 8.951518990045833e+28 1.355581003903902e+36 10056
0.0910252 6.910986849644541e+29 8.335492547332895e+28 1.497811363652061e+36 9716
0.0934206 7.796545443326036e+29 7.451619996042147e+28 1.603850732727212e+36 8604
0.095816 8.70302012574281e+29 6.856907132208285e+28 1.70143713645175e+36 8060
0.0982114 9.246361938828428e+29 5.685029247185572e+28 1.720501085191433e+36 7320
0.100607 9.968533786842895e+29 4.786726831399266e+28 1.768185334335125e+36 6356
0.103002 1.083365342281026e+30 4.52259160337195e+28 1.832931632379592e+36 5348
0.105398 1.136409558261045e+30 3.265045968005257e+28 1.835502543720499e+36 4308
0.107793 1.240288025410484e+30 2.358599519691971e+28 1.915274821832287e+36 3563
0.110188 1.192562891965459e+30 9.6406849629775e+27 1.763015393802903e+36 2448
0.112584 1.336147326824062e+30 4.759032273728896e+27 1.891124282791967e+36 1868
0.114979 1.430696472824473e+30 1.564686668987007e+27 1.939924937207003e+36 1358
0.117375 1.298592844851174e+30 6.521492187854426e+26 1.689194364077944e+36 1062
0.11977 1.44100914064433e+30 1.117788479643961e+27 1.802680467517584e+36 776
0.122165 1.38249341767087e+30 2.247098874238414e+27 1.664606095503044e+36 432
0.124561 1.489748622545482e+30 3.200268338133531e+27 1.719715731037002e+36 200
0.126956 2.020938027313567e+30 6.229813895183731e+27 2.241744940503045e+36 168
0.129352 1.512120484881544e+30 5.769579559113731e+27 1.618603114998836e+36 56
0.131747 2.160493337079191e+30 9.024119819440748e+27 2.230945065842568e+36 7


0.0023954 2.697310365493918e+25 3.061562906003272e+24 1.878915796793768e+35 18
0.0047908 2.427087591342638e+26 2.832280605710253e+25 2.855198164125553e+35 62
0.0071862 6.892848499965294e+26 8.355052215458579e+25 3.097708470579438e+35 98
0.0095816 1.94932617845036e+27 2.479599609994262e+26 4.600208603560363e+35 210
0.011977 3.926765834414302e+27 5.389377316900714e+26 5.823285057234732e+35 350
0.0143724 5.920817983968608e+27 8.853080130134273e+26 6.027170693339667e+35 450
0.0167678 8.931003727573212e+27 1.464994070449821e+27 6.567078902522892e+35 602
0.0191632 1.226813495326887e+28 2.241753117847326e+27 6.82646860697013e+35 762
0.0215586 1.533358565597038e+28 3.175633485375801e+27 6.740438725030594e+35 1142
0.023954 2.015963501043987e+28 4.770876375657566e+27 7.182564634286962e+35 1250
0.0263494 2.390162083820998e+28 6.50068203959973e+27 7.001579643977981e+35 1458
0.0287448 2.985918412292658e+28 9.450651410666476e+27 7.320143631839441e+35 1814
0.0311402 3.290206547126735e+28 1.227488742890352e+28 6.875902154396799e+35 2178
0.0335356 3.660290483332344e+28 1.627455839336135e+28 6.59689103491655e+35 2498
0.035931 3.921906942200229e+28 2.089865163019818e+28 6.141624119982068e+35 2622
0.0383264 3.76480944234567e+28 2.447669553901289e+28 5.18016678224384e+35 3338
0.0407218 3.823429435168809e+28 3.101258354901095e+28 4.671955375075151e+35 3722
0.0431172 3.642720677177151e+28 3.748667098576894e+28 3.980413509076132e+35 4170
0.0455126 3.376433828860568e+28 4.470881790382475e+28 3.315177900084322e+35 4358
0.047908 2.97054193221239e+28 5.20760692651691e+28 2.638260033092754e+35 5034
0.0503034 2.519048063663868e+28 6.067981879238158e+28 2.040481978039628e+35 5714
0.0526988 2.091499232116426e+28 7.079312781866212e+28 1.554688304383575e+35 5982
0.0550942 1.606285462095157e+28 8.231700975238358e+28 1.10532342986539e+35 6602
0.0574896 1.139526168425063e+28 8.945051707155298e+28 7.327807541641737e+34 7130
0.059885 7.857467002921401e+27 9.865449482529663e+28 4.793259822299884e+34 8034
0.0622804 5.673425200528551e+27 1.066250626525842e+29 3.309349773440586e+34 8606
0.0646758 5.32129111716706e+27 1.168814241086799e+29 2.90655642225802e+34 9066
0.0670712 7.187390107520788e+27 1.284070205108825e+29 3.537362221116476e+34 9962
0.0694666 1.168845256276317e+28 1.359937686989319e+29 5.154336803845498e+34 10550
0.071862 1.842654834281145e+28 1.45129099924047e+29 7.416980787929611e+34 11226
0.0742574 2.856608339856221e+28 1.553807468267509e+29 1.061249441184245e+35 12146
0.0766528 4.160942332923087e+28 1.587321634729006e+29 1.436871527272669e+35 12303
0.0790482 6.002105785251035e+28 1.617049574825231e+29 1.936765744333598e+35 12584
0.0814436 8.771135720812085e+28 1.644611278431226e+29 2.65609309535054e+35 12120
0.083839 1.243228724853298e+29 1.656340061425738e+29 3.543281559779686e+35 11180
0.0862344 1.631626922041321e+29 1.567427404536622e+29 4.387734316530907e+35 11096
0.0886298 2.06604904502394e+29 1.513018301545091e+29 5.254940342653623e+35 10056
0.0910252 2.672576373883727e+29 1.5178285073719e+29 6.43992989919415e+35 9716
0.0934206 3.309691013336125e+29 1.471550353966837e+29 7.566759632431269e+35 8604
0.095816 3.951533809016144e+29 1.453328937964597e+29 8.583541384574697e+35 8060
0.0982114 4.535968230338933e+29 1.322728890330714e+29 9.375917985065157e+35 7320
0.100607 5.225849662933813e+29 1.227313936921324e+29 1.029544883702965e+36 6356
0.103002 5.90560083521706e+29 1.219172922258761e+29 1.109661172459543e+36 5348
0.105398 6.645428373887025e+29 1.039729209519928e+29 1.191921019770292e+36 4308
0.107793 7.735665340542445e+29 9.111029965965356e+28 1.326394574493178e+36 3563
0.110188 8.022428773232831e+29 6.185428050592143e+28 1.316774751083027e+36 2448
0.112584 9.403697161088842e+29 5.376136138379655e+28 1.47766750079969e+36 1868
0.114979 1.048814638863782e+30 4.408477502031863e+28 1.578825777165115e+36 1358
0.117375 9.896726391067938e+29 2.99472190518198e+28 1.429171721880573e+36 1062
0.11977 1.128139630029133e+30 2.609869589548984e+28 1.566727031857782e+36 776
0.122165 1.107118231608842e+30 1.985711074899801e+28 1.479840284378529e+36 432
0.124561 1.204403725965943e+30 1.922035394241354e+28 1.543425032051832e+36 200
0.126956 1.656716361614388e+30 2.198255037190866e+28 2.040082688767e+36 168
0.129352 1.250741703655956e+30 1.461556481370271e+28 1.486228848489555e+36 56
0.131747 1.794277863213953e+30 1.97439622116923e+28 2.056782899388628e+36 7


0.0023954 3.296942023250689e+25 2.678252360653842e+23 2.191634828019746e+35 18
0.0047908 2.985300524954929e+26 2.618750970321669e+24 3.598872689861886e+35 62
0.0071862 8.552108257791837e+26 8.303975321583861e+24 4.052490837680595e+35 98
0.0095816 2.445737947766453e+27 2.687142336008187e+25 6.172541489328517e+35 210
0.011977 5.016071657734524e+27 6.61821306453352e+25 8.020281879113221e+35 350
0.0143724 7.72224720299709e+27 1.234094408653971e+26 8.514142092107072e+35 450
0.0167678 1.192064012373535e+28 2.310022568548225e+26 9.518211156472656e+35 602
0.0191632 1.683665543231876e+28 4.017269359362998e+26 1.018997185046825e+36 762
0.0215586 2.175881501947167e+28 6.48929127195743e+26 1.041589145720904e+36 1142
0.023954 2.968807797701057e+28 1.101907025481955e+27 1.152754013578573e+36 1250
0.0263494 3.664616026414524e+28 1.679914656997241e+27 1.17039741987332e+36 1458
0.0287448 4.79279187401965e+28 2.719706424071631e+27 1.281270525819147e+36 1814
0.0311402 5.563613419891402e+28 3.911474377920264e+27 1.26788491111488e+36 2178
0.0335356 6.561717471350396e+28 5.700893774402199e+27 1.289355039446592e+36 2498
0.035931 7.49110615839446e+28 7.970245891353345e+27 1.278456157569009e+36 2622
0.0383264 7.738497473640293e+28 1.01255545330874e+28 1.159638661391734e+36 3338
0.0407218 8.56877784901291e+28 1.386568233915012e+28 1.139175664749017e+36 3722
0.0431172 9.012081163693568e+28 1.799959696064472e+28 1.069848523598215e+36 4170
0.0455126 9.338148873020307e+28 2.289120878005408e+28 9.940737000775055e+35 4358
0.047908 9.373845338394496e+28 2.833110743187833e+28 8.999095793192715e+35 5034
0.0503034 9.328456357518257e+28 3.494966627239491e+28 8.130546541161958e+35 5714
0.0526988 9.291168464500963e+28 4.29122782641795e+28 7.382448967996993e+35 5982
0.0550942 9.053530429153466e+28 5.247622007668682e+28 6.581344927185416e+35 6602
0.0574896 8.292252835961849e+28 5.956802783332142e+28 5.53685069518495e+35 7130
0.059885 7.584827340339979e+28 6.857012782026728e+28 4.672907196558484e+35 8034
0.0622804 6.809651290819662e+28 7.696136027454358e+28 3.885019927735814e+35 8606
0.0646758 6.027983922213388e+28 8.775246504075187e+28 3.194137295944005e+35 9066
0.0670712 5.425768891293667e+28 9.967945437878853e+28 2.677815048199082e+35 9962
0.0694666 4.827924878307861e+28 1.087404402669587e+29 2.22513696849192e+35 10550
0.071862 4.203412934231844e+28 1.196982840672438e+29 1.81444628650215e+35 11226
0.0742574 3.968465198084605e+28 1.31391078526816e+29 1.606326964695395e+35 12146
0.0766528 3.223130442294296e+28 1.389845560745115e+29 1.228677413496636e+35 12303
0.0790482 2.30446077009069e+28 1.478420055450849e+29 8.329796562023907e+34 12584
0.0814436 1.605373589592695e+28 1.579702361556704e+29 5.541608532681597e+34 12120
0.083839 1.690756332230704e+28 1.666951007691788e+29 5.494164146793133e+34 11180
0.0862344 2.332957428210197e+28 1.657623863437935e+29 7.071477632158742e+34 11096
0.0886298 3.683432901504444e+28 1.670590372972533e+29 1.045218366904791e+35 10056
0.0910252 5.966220057753511e+28 1.749020663978064e+29 1.594256335319271e+35 9716
0.0934206 8.961453985530485e+28 1.771873697102429e+29 2.264392414905662e+35 8604
0.095816 1.218101533891644e+29 1.814547722134954e+29 2.919579099251498e+35 8060
0.0982114 1.611108833311241e+29 1.729362164297025e+29 3.669865524610275e+35 7320
0.100607 2.075831414872857e+29 1.679682828554112e+29 4.503307096095772e+35 6356
0.103002 2.506112136081484e+29 1.712284771302671e+29 5.183431243825039e+35 5348
0.105398 3.114789470102284e+29 1.56441838178582e+29 6.146879002248149e+35 4308
0.107793 3.956151135365797e+29 1.478467142707517e+29 7.461458384284233e+35 3563
0.110188 4.49165173516768e+29 1.152467810833938e+29 8.107489878002411e+35 2448
0.112584 5.551010022118e+29 1.116524735180742e+29 9.591289489003275e+35 1868
0.114979 6.489933546017914e+29 1.032635107108924e+29 1.074156631044404e+36 1358
0.117375 6.4020340985839e+29 8.036437959844024e+28 1.016425152502599e+36 1062
0.11977 7.517814254713545e+29 7.912165895077739e+28 1.147808544626247e+36 776
0.122165 7.561492844496099e+29 6.805188048749219e+28 1.111124703327696e+36 432
0.124561 8.310195516994525e+29 6.985566488494989e+28 1.170720359777501e+36 200
0.126956 1.160080924804357e+30 8.7974054735836e+28 1.570396193141625e+36 168
0.129352 8.840864516191556e+29 6.262493322323176e+28 1.154858586944494e+36 56
0.131747 1.273655911153205e+30 8.74340623068897e+28 1.604957557907314e+36 7


0.0023954 2.878559920187238e+25 2.673536090706631e+23 2.135288187780998e+35 18
0.0047908 2.620179065308844e+26 2.249456710611897e+24 3.478358569883765e+35 62
0.0071862 7.560508639224857e+26 5.794467235710871e+24 3.924634730470812e+35 98
0.0095816 2.182143679207036e+27 1.433873198500573e+25 6.01789167277527e+35 210
0.011977 4.541237791056508e+27 2.275196796500879e+25 7.921984081835663e+35 350
0.0143724 7.10810915504304e+27 2.483143809716987e+25 8.543321784663058e+35 450
0.0167678 1.117244809246018e+28 2.414720929660809e+25 9.720103650073231e+35 602
0.0191632 1.611797284147935e+28 1.621730018918479e+25 1.062543422161928e+36 762
0.0215586 2.135231236453842e+28 4.899651725427248e+24 1.113063451740589e+36 1142
0.023954 2.99181825585458e+28 1.478195145705196e+24 1.264829448614539e+36 1250
0.0263494 3.797399728145653e+28 2.282701290384129e+25 1.320310993649418e+36 1458
0.0287448 5.120255082182544e+28 1.060356686141864e+26 1.489971595683433e+36 1814
0.0311402 6.144136167351211e+28 2.868673134604446e+26 1.52396265648487e+36 2178
0.0335356 7.507523271747279e+28 6.437520895952952e+26 1.605457165371993e+36 2498
0.035931 8.889137792445863e+28 1.22690380206835e+27 1.650823558433259e+36 2622
0.0383264 9.556031834105254e+28 2.000314540395038e+27 1.55808857103817e+36 3338
0.0407218 1.105684874268992e+29 3.362659060768226e+27 1.599150230964724e+36 3722
0.0431172 1.218476979464294e+29 5.154650995217091e+27 1.573354340999235e+36 4170
0.0455126 1.32542543865067e+29 7.502122282151075e+27 1.534393970361015e+36 4358
0.047908 1.402679323332573e+29 1.043700442306495e+28 1.464035709275614e+36 5034
0.0503034 1.47918820833773e+29 1.424948049334432e+28 1.401221832952285e+36 5714
0.0526988 1.564105041225916e+29 1.905186247388684e+28 1.350231221547641e+36 5982
0.0550942 1.633697712673668e+29 2.520628870470157e+28 1.289586101754371e+36 6602
0.0574896 1.603372603088094e+29 3.053339387896803e+28 1.161854148795554e+36 7130
0.059885 1.585305699160261e+29 3.735262978476007e+28 1.059105456780347e+36 8034
0.0622804 1.541499339797378e+29 4.41286949099545e+28 9.52791292483706e+35 8606
0.0646758 1.498661784383265e+29 5.297726142063147e+28 8.591746643607369e+35 9066
0.0670712 1.47385339904135e+29 6.276808252317861e+28 7.858232500766244e+35 9962
0.0694666 1.409179254291865e+29 7.104305631344496e+28 7.006356157932548e+35 10550
0.071862 1.336484002521645e+29 8.11285414064849e+28 6.210375944844605e+35 11226
0.0742574 1.30296016052914e+29 9.173636030706297e+28 5.670999562589745e+35 12146
0.0766528 1.140520172218825e+29 1.008391779608359e+29 4.659833392971808e+35 12303
0.0790482 9.196654002272265e+28 1.121330002388944e+29 3.537234710599865e+35 12584
0.0814436 6.715490429576783e+28 1.257073086670866e+29 2.440830132869314e+35 12120
0.083839 4.690629412052724e+28 1.38627992800025e+29 1.615989735599692e+35 11180
0.0862344 2.716116327218156e+28 1.441489628635947e+29 8.928756112561113e+34 11096
0.0886298 1.679120811792698e+28 1.50842956554962e+29 5.298733144822203e+34 10056
0.0910252 1.292933938672221e+28 1.637153110221722e+29 3.915579470969582e+34 9716
0.0934206 1.457776511296634e+28 1.718853419021998e+29 4.167357792919777e+34 8604
0.095816 2.100203871654345e+28 1.810980748493373e+29 5.631522526592739e+34 8060
0.0982114 3.48687400097754e+28 1.787630615885122e+29 8.782515511537509e+34 7320
0.100607 5.507044573486081e+28 1.795421228917001e+29 1.313249060733798e+35 6356
0.103002 7.620448906579836e+28 1.865704447816705e+29 1.728172285965534e+35 5348
0.105398 1.099472719305921e+29 1.784874645017492e+29 2.373784213569151e+35 4308
0.107793 1.598181374915005e+29 1.769263311663988e+29 3.29343041529877e+35 3563
0.110188 2.04933487374135e+29 1.487258004441316e+29 4.03830095716099e+35 2448
0.112584 2.724774089897504e+29 1.519301625682055e+29 5.137871172025256e+35 1868
0.114979 3.400544566148449e+29 1.482653590156336e+29 6.14066708500985e+35 1358
0.117375 3.566059255111606e+29 1.220554626079924e+29 6.175990130507717e+35 1062
0.11977 4.355479028883187e+29 1.257163617248208e+29 7.253183763979461e+35 776
0.122165 4.523107657586564e+29 1.127464184910967e+29 7.24893439484871e+35 432
0.124561 5.036264442867966e+29 1.179367049709123e+29 7.737809394604051e+35 200
0.126956 7.162853415902786e+29 1.52932528818154e+29 1.057444155280386e+36 168
0.129352 5.523574112480303e+29 1.110397497143359e+29 7.868505980260705e+35 56
0.131747 7.999549401616014e+29 1.564668911986139e+29 1.099277592754507e+36 7


0.0023954 1.970100096760948e+25 1.688412280544118e+24 1.852757823333114e+35 18
0.0047908 1.804093338110574e+26 1.493498218336939e+25 2.803890904511867e+35 62
0.0071862 5.248718247388502e+26 4.140345590376469e+25 3.082782176717024e+35 98
0.0095816 1.530754813286469e+27 1.134288415325332e+26 4.694537932592816e+35 210
0.011977 3.238007373825654e+27 2.166994049874102e+26 6.216441040471568e+35 350
0.0143724 5.161495270842047e+27 3.063537898138556e+26 6.788201224551745e+35 450
0.0167678 8.272651207295804e+27 4.284321810569112e+26 7.849336157004482e+35 602
0.0191632 1.220575152815768e+28 5.339052226146555e+26 8.755814250031083e+35 762
0.0215586 1.659000673968602e+28 5.87698758972012e+26 9.395367202583911e+35 1142
0.023954 2.387779417469485e+28 6.609339542134354e+26 1.095477048744178e+36 1250
0.0263494 3.114925355350186e+28 6.474440802286783e+26 1.174423328690709e+36 1458
0.0287448 4.324273048942999e+28 6.298918887991193e+26 1.36378166266611e+36 1814
0.0311402 5.350865235003825e+28 4.937533721076622e+26 1.437799111778074e+36 2178
0.0335356 6.748925273536937e+28 3.380420447364845e+26 1.562997524596285e+36 2498
0.035931 8.247024930867557e+28 1.739492773112349e+26 1.65827173250815e+36 2622
0.0383264 9.165593884006397e+28 4.388942674266903e+25 1.617733419841634e+36 3338
0.0407218 1.098547642898097e+29 3.239959986562688e+25 1.719635104089895e+36 3722
0.0431172 1.254816638232378e+29 2.192718173748656e+26 1.753428970905875e+36 4170
0.0455126 1.414560318786428e+29 6.833529683427362e+26 1.771940124314447e+36 4358
0.047908 1.553615726350504e+29 1.528320832829217e+27 1.754415265160994e+36 5034
0.0503034 1.703042122859571e+29 2.877203592227535e+27 1.745238118948183e+36 5714
0.0526988 1.870750528786257e+29 4.834804328433462e+27 1.746853533165801e+36 5982
0.0550942 2.037470847817057e+29 7.678558139810522e+27 1.739448076410021e+36 6602
0.0574896 2.080592921607185e+29 1.066165976657943e+28 1.630390283346401e+36 7130
0.059885 2.146803086778955e+29 1.466478484585122e+28 1.550748525716777e+36 8034
0.0622804 2.176171444879716e+29 1.897965955524519e+28 1.454136321521108e+36 8606
0.0646758 2.218190238340574e+29 2.484078588273165e+28 1.374498910699771e+36 9066
0.0670712 2.279194906568445e+29 3.146391299255456e+28 1.313204304374439e+36 9962
0.0694666 2.266488887441421e+29 3.769893080478986e+28 1.217519198021688e+36 10550
0.071862 2.252313285749853e+29 4.540127448461142e+28 1.130473170184872e+36 11226
0.0742574 2.272027025991325e+29 5.358881595856513e+28 1.067898335558462e+36 12146
0.0766528 2.116362127219702e+29 6.196532969067056e+28 9.333092127311609e+35 12303
0.0790482 1.891531178557826e+29 7.272224753384017e+28 7.844322549274534e+35 12584
0.0814436 1.616082965758256e+29 8.616598526330169e+28 6.319453665735546e+35 12120
0.083839 1.347150084257734e+29 9.987800845279631e+28 4.975061529946551e+35 11180
0.0862344 1.002841582566088e+29 1.090124659443821e+29 3.505351270174727e+35 11096
0.0886298 7.608804097159875e+28 1.187097103384821e+29 2.522693233653277e+35 10056
0.0910252 5.837675641207708e+28 1.337184374890501e+29 1.839966372145503e+35 9716
0.0934206 4.172199844272045e+28 1.455082436572992e+29 1.253763027312312e+35 8604
0.095816 3.177763138769565e+28 1.576061658618332e+29 9.120965601104583e+34 8060
0.0982114 2.275524347585337e+28 1.608661528519846e+29 6.25895676670693e+34 7320
0.100607 2.036482649731557e+28 1.666402663491966e+29 5.353871182559095e+34 6356
0.103002 2.556897091872152e+28 1.762739142359896e+29 6.376368370001562e+34 5348
0.105398 3.020415493792586e+28 1.754233009006494e+29 7.159021793554906e+34 4308
0.107793 4.717905574524581e+28 1.808605195107733e+29 1.061852367286081e+35 3563
0.110188 6.695759517232305e+28 1.608737237362301e+29 1.435964207039031e+35 2448
0.112584 9.940477890050299e+28 1.705976391614951e+29 2.036462730105128e+35 1868
0.114979 1.382543232657871e+29 1.726246908038731e+29 2.709472238307335e+35 1358
0.117375 1.607185829813421e+29 1.473938827504363e+29 3.018598220830948e+35 1062
0.11977 2.089565762297219e+29 1.561032113348852e+29 3.772331740680356e+35 776
0.122165 2.280215567051955e+29 1.435320637866472e+29 3.960659773029465e+35 432
0.124561 2.589704985576972e+29 1.517923479248641e+29 4.311923274109404e+35 200
0.126956 3.787187095204585e+29 2.001344553892226e+29 6.058271434680098e+35 168
0.129352 2.971738817299766e+29 1.469251229871043e+29 4.586790795281186e+35 56
0.131747 4.337096665650724e+29 2.080909882700225e+29 6.457246188519283e+35 7


0.0023954 1.033016108415719e+25 3.333697671532106e+24 1.511563874087202e+35 18
0.0047908 9.544453586588733e+25 2.98446895302474e+25 1.966233408320112e+35 62
0.0071862 2.810578531493354e+26 8.415076535653681e+25 2.01279517799832e+35 98
0.0095816 8.321893222499931e+26 2.357394791259064e+26 2.970153973638422e+35 210
0.011977 1.801920102721983e+27 4.674592336703351e+26 3.908731574309651e+35 350
0.0143724 2.946805878507106e+27 6.915463660980493e+26 4.306241583995678e+35 450
0.0167678 4.851562548762525e+27 1.020231671578305e+27 5.065352336121506e+35 602
0.0191632 7.377674806375229e+27 1.362491542945165e+27 5.785670201846411e+35 762
0.0215586 1.037083717440576e+28 1.642615686491745e+27 6.390612689073298e+35 1142
0.023954 1.544585317671444e+28 2.068895644701255e+27 7.686166087756486e+35 1250
0.0263494 2.08452715836218e+28 2.332848878787743e+27 8.506757751779722e+35 1458
0.0287448 2.997157572151286e+28 2.739689893624152e+27 1.021558078460859e+36 1814
0.0311402 3.844087138815103e+28 2.796143628371605e+27 1.115062617555909e+36 2178
0.0335356 5.025528852984548e+28 2.829566830836829e+27 1.255401168926435e+36 2498
0.035931 6.357041588969039e+28 2.704220488043518e+27 1.377964341559263e+36 2622
0.0383264 7.319116505359956e+28 2.237294502426346e+27 1.391985400852975e+36 3338
0.0407218 9.095476731114662e+28 1.856597722235356e+27 1.533629566170894e+36 3722
0.0431172 1.076531693277247e+29 1.344992420577777e+27 1.61993404323332e+36 4170
0.0455126 1.255770663827406e+29 8.532172539484116e+26 1.693611033452135e+36 4358
0.047908 1.427411566528852e+29 4.300915431447436e+26 1.735176354329898e+36 5034
0.0503034 1.619664127265196e+29 1.751701855016616e+26 1.786495191512231e+36 5714
0.0526988 1.838537185213144e+29 2.089728393919736e+26 1.847626576932296e+36 5982
0.0550942 2.073009424974686e+29 6.246828160758598e+26 1.904492044363683e+36 6602
0.0574896 2.18525849279932e+29 1.456223044399108e+27 1.842595204849372e+36 7130
0.059885 2.330541900585945e+29 2.892037539337925e+27 1.811316111908457e+36 8034
0.0622804 2.436997316175803e+29 4.753650710072801e+27 1.751963477655205e+36 8606
0.0646758 2.570664636552594e+29 7.603073995464777e+27 1.713616639107935e+36 9066
0.0670712 2.724037823299448e+29 1.10670168997585e+28 1.688324595935854e+36 9962
0.0694666 2.785009087956336e+29 1.484440474363759e+28 1.60921281334299e+36 10550
0.071862 2.856515004135325e+29 1.964010349983856e+28 1.542046240001448e+36 11226
0.0742574 2.9533516068541e+29 2.499509060824552e+28 1.49291434314959e+36 12146
0.0766528 2.864952915044125e+29 3.122755691809764e+28 1.358620507693285e+36 12303
0.0790482 2.719708271968572e+29 3.946672375976593e+28 1.212561570144652e+36 12584
0.0814436 2.523213044594955e+29 5.026201416511947e+28 1.060300780208019e+36 12120
0.083839 2.298959273247343e+29 6.213742334289325e+28 9.118483724672728e+35 11180
0.0862344 1.923024962384847e+29 7.201815635227469e+28 7.212055641850586e+35 11096
0.0886298 1.642387140566036e+29 8.231042568735902e+28 5.834582303592194e+35 10056
0.0910252 1.438635018006955e+29 9.689033201462804e+28 4.848350617276056e+35 9716
0.0934206 1.19312191580422e+29 1.098677099815568e+29 3.820438948826188e+35 8604
0.095816 1.022819720857915e+29 1.227422561309429e+29 3.11570003025078e+35 8060
0.0982114 7.701403179841023e+28 1.299660477548616e+29 2.236782615293532e+35 7320
0.100607 5.889943068459837e+28 1.391383635253328e+29 1.634417743611693e+35 6356
0.103002 5.457526079807723e+28 1.500192318478407e+29 1.445963798616207e+35 5348
0.105398 3.472569975930371e+28 1.552643171227784e+29 8.831965424170989e+34 4308
0.107793 2.549908029162819e+28 1.662501674596339e+29 6.237999471702728e+34 3563
0.110188 1.457626008082172e+28 1.555079515025373e+29 3.454834340905192e+34 2448
0.112584 1.947752653287023e+28 1.70266312513047e+29 4.388718533514175e+34 1868
0.114979 3.234316474907608e+28 1.775693822937577e+29 6.909553635698696e+34 1358
0.117375 4.754398136347286e+28 1.56191407196543e+29 9.678111354870097e+34 1062
0.11977 7.040915423877896e+28 1.69083252437854e+29 1.37458287138496e+35 776
0.122165 8.485748782697734e+28 1.584752810935324e+29 1.591889966809413e+35 432
0.124561 1.001353138149347e+29 1.68989016555484e+29 1.799875104505567e+35 200
0.126956 1.54286119960084e+29 2.255894421144746e+29 2.66299933196817e+35 168
0.129352 1.249957161873526e+29 1.669671018057884e+29 2.080987143193173e+35 56
0.131747 1.849795700425492e+29 2.373605712248869e+29 2.970139816159936e+35 7


0.0023954 3.491745161063269e+24 4.463828751127378e+24 1.24069938758081e+35 18
0.0047908 3.286898658976548e+25 4.022767567816101e+25 1.280724306426308e+35 62
0.0071862 9.922925938246713e+25 1.144793132139787e+26 1.117647323934461e+35 98
0.0095816 3.029348941422243e+26 3.245649451480106e+26 1.496402972798043e+35 210
0.011977 6.86726621721058e+26 6.562774113868396e+26 1.877677515700688e+35 350
0.0143724 1.178942851484581e+27 9.9346079538475e+26 2.051676827806151e+35 450
0.0167678 2.038854693458937e+27 1.504353076744435e+27 2.450280869681412e+35 602
0.0191632 3.270046547068892e+27 2.074691869450374e+27 2.885098251845157e+35 762
0.0215586 4.866286801049694e+27 2.602937434023006e+27 3.319777527089449e+35 1142
0.023954 7.660916484173568e+27 3.432638348867947e+27 4.176509265788385e+35 1250
0.0263494 1.090006670426638e+28 4.077829915571726e+27 4.840760446186617e+35 1458
0.0287448 1.651676085056136e+28 5.097477197061721e+27 6.098013236904498e+35 1814
0.0311402 2.230375432533765e+28 5.610327788135814e+27 6.984873251898947e+35 2178
0.0335356 3.063841977202892e+28 6.219388257511557e+27 8.244208783757738e+35 2498
0.035931 4.057710121318711e+28 6.622448302358498e+27 9.459561374016376e+35 2622
0.0383264 4.888151899172547e+28 6.293346087953075e+27 9.986897917635537e+35 3338
0.0407218 6.351887699010266e+28 6.294057444948682e+27 1.149577698654163e+36 3722
0.0431172 7.842976816506037e+28 5.868318217272241e+27 1.265980241681623e+36 4170
0.0455126 9.515315441401677e+28 5.283652770607918e+27 1.37598310123336e+36 4358
0.047908 1.123717701237205e+29 4.466000748192135e+27 1.464183146364717e+36 5034
0.0503034 1.323263294394178e+29 3.580792566391677e+27 1.564072639036208e+36 5714
0.0526988 1.554370564715243e+29 2.767125640125867e+27 1.67358789502602e+36 5982
0.0550942 1.814871957943114e+29 1.914918418242296e+27 1.786114746514173e+36 6602
0.0574896 1.973634412816751e+29 1.226645860406043e+27 1.782500199001224e+36 7130
0.059885 2.172091132100139e+29 8.358609730058218e+26 1.808043425616124e+36 8034
0.0622804 2.337425814787059e+29 7.82161481689841e+26 1.799567346451636e+36 8606
0.0646758 2.542838324943964e+29 1.23122484030554e+27 1.815162580638425e+36 9066
0.0670712 2.768309367175135e+29 2.177446873939152e+27 1.837220094054381e+36 9962
0.0694666 2.899457760901082e+29 3.681810482403034e+27 1.793854569454144e+36 10550
0.071862 3.053880811716699e+29 5.760688707654145e+27 1.765122155480384e+36 11226
0.0742574 3.224643084763685e+29 8.506647930372658e+27 1.745209182240377e+36 12146
0.0766528 3.230889984046867e+29 1.198231096720455e+28 1.640290829803119e+36 12303
0.0790482 3.206448176753246e+29 1.675485102996166e+28 1.530313888983759e+36 12584
0.0814436 3.146838422971242e+29 2.355813026516084e+28 1.415342393494672e+36 12120
0.083839 3.03689549593159e+29 3.19688593756337e+28 1.289011728591885e+36 11180
0.0862344 2.72193540581992e+29 4.028636463005488e+28 1.092132388837076e+36 11096
0.0886298 2.483520009108544e+29 4.920991745980143e+28 9.436146313620829e+35 10056
0.0910252 2.336797010034709e+29 6.144400122168907e+28 8.419382495067858e+35 9716
0.0934206 2.102111998628512e+29 7.349043115589496e+28 7.191889702612704e+35 8604
0.095816 1.939067617054468e+29 8.534865193991066e+28 6.307059256763189e+35 8060
0.0982114 1.604726974874443e+29 9.453432956005196e+28 4.970822571976038e+35 7320
0.100607 1.34447474131562e+29 1.052394778902426e+29 3.97279591306029e+35 6356
0.103002 1.264451045735549e+29 1.160889109618726e+29 3.565255924036334e+35 5348
0.105398 9.007936408845549e+28 1.254464364516523e+29 2.428683749006528e+35 4308
0.107793 6.375097516750078e+28 1.398724897699233e+29 1.6476420820615e+35 3563
0.110188 2.447774398621131e+28 1.375429611406577e+29 6.124664717152459e+34 2448
0.112584 1.110356566748933e+28 1.553224104593433e+29 2.729320002305845e+34 1868
0.114979 3.63025109789656e+27 1.666936166476536e+29 9.354038591955911e+33 1358
0.117375 3.913012365183984e+27 1.507593002010379e+29 9.435546857465376e+33 1062
0.11977 8.21436782345893e+27 1.664863116757396e+29 1.806478637275112e+34 776
0.122165 1.394240334028447e+28 1.587405576486622e+29 2.875772197711317e+34 432
0.124561 1.86082665054224e+28 1.705151167732483e+29 3.654900075169918e+34 200
0.126956 3.351878291960265e+28 2.301108599470918e+29 6.284297661931358e+34 168
0.129352 2.973220520005677e+28 1.715214888467086e+29 5.360973158580829e+34 56
0.131747 4.570203361704451e+28 2.446211488121872e+29 7.937328898113134e+34 7


0.0023954 2.830636259442599e+23 4.777928385786917e+24 1.111401169206188e+35 18
0.0047908 2.935874804747903e+24 4.327994103363309e+25 9.323887499789627e+34 62
0.0071862 1.000454464236272e+25 1.240436261235029e+26 6.424578850974007e+34 98
0.0095816 3.506842960659003e+25 3.549050454865443e+26 6.818039941803416e+34 210
0.011977 9.584490297332511e+25 7.282169634257894e+26 6.949777571768156e+34 350
0.0143724 1.962941041010767e+26 1.121174940520258e+27 6.687941298928739e+34 450
0.0167678 3.987150001695176e+26 1.729906292140394e+27 7.625187087427194e+34 602
0.0191632 7.480630315138706e+26 2.440150560339099e+27 9.085556489890146e+34 762
0.0215586 1.295595160830662e+27 3.145412571783283e+27 1.102548031632042e+35 1142
0.023954 2.331328834686315e+27 4.274438444732439e+27 1.494029620949493e+35 1250
0.0263494 3.728242637800513e+27 5.246367108368551e+27 1.879628441781874e+35 1458
0.0287448 6.289236990708463e+27 6.806970285278687e+27 2.578669014847821e+35 1814
0.0311402 9.364945119499966e+27 7.8170592892398e+27 3.211403171364804e+35 2178
0.0335356 1.404428720393303e+28 9.091748522694934e+27 4.101499167373865e+35 2498
0.035931 2.007970799615297e+28 1.020424091035036e+28 5.052563243932531e+35 2622
0.0383264 2.598098810964255e+28 1.031426796604576e+28 5.707926172717464e+35 3338
0.0407218 3.609307694710812e+28 1.110830494390705e+28 7.006129497884051e+35 3722
0.0431172 4.733363081044293e+28 1.129490671941103e+28 8.180662525609837e+35 4170
0.0455126 6.058137201108433e+28 1.124665649136526e+28 9.369227535555606e+35 4358
0.047908 7.521252637952577e+28 1.075330268663241e+28 1.047246843821367e+36 5034
0.0503034 9.279680502661099e+28 1.008115316694686e+28 1.171406279944993e+36 5714
0.0526988 1.136318365341097e+29 9.377503053424007e+27 1.306103477268796e+36 5982
0.0550942 1.38214770751239e+29 8.368850275508053e+27 1.451656262896303e+36 6602
0.0574896 1.557272692147471e+29 6.968024985652149e+27 1.500638360400088e+36 7130
0.059885 1.774549041544413e+29 5.684311345648631e+27 1.575760064318899e+36 8034
0.0622804 1.969391267962198e+29 4.51597881977203e+27 1.617246683907608e+36 8606
0.0646758 2.212803774624802e+29 3.499371265454722e+27 1.684631256915344e+36 9066
0.0670712 2.476399764376149e+29 2.884837719602095e+27 1.752655679828139e+36 9962
0.0694666 2.658018143475968e+29 2.686294692006873e+27 1.753598187334807e+36 10550
0.071862 2.873205107497066e+29 2.698382150911798e+27 1.770783102127006e+36 11226
0.0742574 3.097686265096398e+29 3.454739625388631e+27 1.787561770109868e+36 12146
0.0766528 3.198159999732313e+29 4.24078985210646e+27 1.73113919885185e+36 12303
0.0790482 3.298984936983958e+29 5.499405467817797e+27 1.678568965014981e+36 12584
0.0814436 3.390422269520763e+29 8.038964743203101e+27 1.625574592016817e+36 12120
0.083839 3.423712344157636e+29 1.235011569984264e+28 1.54900408473066e+36 11180
0.0862344 3.229763635404348e+29 1.760574690880918e+28 1.38117555164357e+36 11096
0.0886298 3.08790080769567e+29 2.384686899854921e+28 1.250323208648924e+36 10056
0.0910252 3.05001216995361e+29 3.257625496877309e+28 1.170936790495203e+36 9716
0.0934206 2.892681373348322e+29 4.212595364808213e+28 1.054344757288334e+36 8604
0.095816 2.794066407330939e+29 5.16627751634229e+28 9.680306038860493e+35 8060
0.0982114 2.456667052997773e+29 6.085623247525726e+28 8.103291569849057e+35 7320
0.100607 2.191339493731649e+29 7.130979838620663e+28 6.892444852419007e+35 6356
0.103002 2.122698025035578e+29 8.106673379079008e+28 6.369489430745788e+35 5348
0.105398 1.685597648923167e+29 9.224645431193284e+28 4.831523616241917e+35 4308
0.107793 1.348178430815759e+29 1.078173209351207e+29 3.697827463389043e+35 3563
0.110188 7.442466288795016e+28 1.118957673260609e+29 1.959018710704417e+35 2448
0.112584 5.229423284331477e+28 1.305515433053716e+29 1.322098854453496e+35 1868
0.114979 3.162756358311797e+28 1.443605127689732e+29 7.710293454131768e+34 1358
0.117375 1.399789544873601e+28 1.34363548386031e+29 3.323917930477145e+34 1062
0.11977 6.992814041177617e+27 1.513867710140106e+29 1.652407330301488e+34 776
0.122165 2.313472849493929e+27 1.468246102714105e+29 5.857194812967453e+33 432
0.124561 1.237104698188867e+27 1.58854306815186e+29 3.457435879046853e+33 200
0.126956 2.017287933908081e+26 2.16655158380262e+29 1.57196608510673e+33 168
0.129352 3.616491355023727e+25 1.626007180347901e+29 8.859628544747371e+32 56
0.131747 1.719957340933276e+26 2.326188597337293e+29 1.40035758350478e+33 7


0.0023954 4.880281452565132e+23 4.310109302396947e+24 1.137528412149044e+35 18
0.0047908 3.987992563852157e+24 3.923515577389723e+25 9.68672944741449e+34 62
0.0071862 9.819553843040536e+24 1.132157949039922e+26 6.596385539363943e+34 98
0.0095816 2.272459801855118e+25 3.26736213848165e+26 6.607941296425144e+34 210
0.011977 3.139270153185103e+25 6.796720620463978e+26 5.726272623456629e+34 350
0.0143724 2.701492124367568e+25 1.062873409239655e+27 4.230755842948854e+34 450
0.0167678 1.667975148057615e+25 1.668057152187589e+27 3.451640054547844e+34 602
0.0191632 2.74359096282383e+24 2.400446669245069e+27 2.795018626578419e+34 762
0.0215586 1.21947733847327e+25 3.16765005618928e+27 2.371964412230454e+34 1142
0.023954 9.624161442620928e+25 4.414944083853978e+27 2.662388325178979e+34 1250
0.0263494 3.226425780568676e+26 5.565480557621891e+27 3.395180622666684e+34 1458
0.0287448 8.799830323120114e+26 7.437011451261752e+27 5.338427811245126e+34 1814
0.0311402 1.840995787158951e+27 8.821935815165396e+27 7.939727269973013e+34 2178
0.0335356 3.552700071377379e+27 1.06270674997843e+28 1.207490868130916e+35 2498
0.035931 6.141056953624839e+27 1.237434828279249e+28 1.731009992707309e+35 2622
0.0383264 9.301842660718892e+27 1.303173026792398e+28 2.241058753874433e+35 3338
0.0407218 1.475518205025505e+28 1.470234525085138e+28 3.102676545823198e+35 3722
0.0431172 2.159068339810316e+28 1.572991267425726e+28 4.013860125042839e+35 4170
0.0455126 3.024443606828607e+28 1.65465186513001e+28 5.010522224856448e+35 4358
0.047908 4.065011114137842e+28 1.683420593235507e+28 6.046953927800677e+35 5034
0.0503034 5.377880406904554e+28 1.695190104122152e+28 7.240002806524427e+35 5714
0.0526988 6.988126021249672e+28 1.703945628097475e+28 8.556515052282303e+35 5982
0.0550942 8.986426908586723e+28 1.673368904168284e+28 1.004625198561368e+36 6602
0.0574896 1.060710548773614e+29 1.539949109580903e+28 1.087383190478789e+36 7130
0.059885 1.263239959276589e+29 1.412291189085368e+28 1.192856016953428e+36 8034
0.0622804 1.455875663910468e+29 1.268688873670045e+28 1.271001921219021e+36 8606
0.0646758 1.699994626852627e+29 1.121097790299242e+28 1.375590674028779e+36 9066
0.0670712 1.964290652131195e+29 1.005864684504201e+28 1.477381621595046e+36 9962
0.0694666 2.1684412788971e+29 8.918541202821244e+27 1.520127569916935e+36 10550
0.071862 2.41216287489461e+29 7.747652850363233e+27 1.579508987550364e+36 11226
0.0742574 2.661515639935723e+29 7.328072971923557e+27 1.631694093549052e+36 12146
0.0766528 2.835204707637961e+29 5.99602105036443e+27 1.630301249604072e+36 12303
0.0790482 3.037627509342067e+29 4.384873942593309e+27 1.641758884370647e+36 12584
0.0814436 3.259164178470025e+29 3.25131409622281e+27 1.659740334002131e+36 12120
0.083839 3.429238474467936e+29 3.695345236685891e+27 1.647795215413016e+36 11180
0.0862344 3.38119594283654e+29 5.268287109229578e+27 1.535560228768683e+36 11096
0.0886298 3.361200796755254e+29 8.229500456225581e+27 1.445252016560761e+36 10056
0.0910252 3.452419008886133e+29 1.305651210450866e+28 1.407392997843198e+36 9716
0.0934206 3.411552910077207e+29 1.9209103323706e+28 1.320258237913604e+36 8604
0.095816 3.410904584624269e+29 2.568508935996891e+28 1.254628581041881e+36 8060
0.0982114 3.135673406132017e+29 3.326277590334819e+28 1.097966655218597e+36 7320
0.100607 2.926049459856809e+29 4.199688286605484e+28 9.76852102915293e+35 6356
0.103002 2.903815581985462e+29 4.989943375351208e+28 9.247738431801055e+35 5348
0.105398 2.481307062374436e+29 6.070000475570407e+28 7.546130424728863e+35 4308
0.107793 2.159333989381258e+29 7.527485548120411e+28 6.280873866805413e+35 3563
0.110188 1.442463566625022e+29 8.314307308098945e+28 4.020056837035011e+35 2448
0.112584 1.220774372964506e+29 1.006810984321363e+29 3.25996269579114e+35 1868
0.114979 9.579788581474511e+28 1.15154737587938e+29 2.453757286735105e+35 1358
0.117375 6.106568725305588e+28 1.106869873087077e+29 1.503371945770447e+35 1062
0.11977 4.974229615440466e+28 1.274771386439266e+29 1.180272166705698e+35 776
0.122165 3.499224164251687e+28 1.259330673735967e+29 8.014355300591322e+34 432
0.124561 3.250093733559015e+28 1.373039817606908e+29 7.147384583159142e+34 200
0.126956 3.453105934036676e+28 1.893780963073511e+29 7.320540518857253e+34 168
0.129352 2.170250582688508e+28 1.431585403044627e+29 4.45064313677959e+34 56
0.131747 2.849223743961976e+28 2.05472549015631e+29 5.641997475962994e+34 7


0.0023954 3.067445674741916e+24 3.305374349114967e+24 1.286950025046971e+35 18
0.0047908 2.682896183843933e+25 3.025808311273491e+25 1.321020248324057e+35 62
0.0071862 7.317881255188697e+25 8.79833783221758e+25 1.09161696355933e+35 98
0.0095816 1.961343664970172e+26 2.56390224468266e+26 1.324037512065878e+35 210
0.011977 3.607082669579101e+26 5.415106682880715e+26 1.393287602545061e+35 350
0.0143724 4.855838478927377e+26 8.613615001594165e+26 1.222583532274326e+35 450
0.0167678 6.386762224128805e+26 1.37673457721656e+27 1.136844175595717e+35 602
0.0191632 7.304054471808436e+26 2.023477160855485e+27 9.857111920518193e+34 762
0.0215586 7.096300747947036e+26 2.735674828030017e+27 7.765510496001026e+34 1142
0.023954 6.677051069957035e+26 3.911333113730106e+27 6.307509426322804e+34 1250
0.0263494 5.019360939819722e+26 5.061693369846066e+27 4.457614505194832e+34 1458
0.0287448 3.09181881863154e+26 6.957097697013603e+27 3.141832091307607e+34 1814
0.0311402 9.07806921718811e+25 8.504458812294085e+27 1.928445429635181e+34 2178
0.0335356 2.300113333454062e+25 1.057244684647544e+28 1.544839806307948e+34 2498
0.035931 2.709295833623676e+26 1.270951603902504e+28 2.100546644493141e+34 2622
0.0383264 1.018819093281555e+27 1.385169107516023e+28 3.623659806987125e+34 3338
0.0407218 2.688141934655124e+27 1.622043655842826e+28 6.864137302238897e+34 3722
0.0431172 5.442009029138783e+27 1.804450944260621e+28 1.144166461666781e+35 4170
0.0455126 9.531651855561727e+27 1.975813363182378e+28 1.732906412459203e+35 4358
0.047908 1.52168411674342e+28 2.098906423299308e+28 2.446985037308517e+35 5034
0.0503034 2.304546212099604e+28 2.215291184193428e+28 3.32682075853068e+35 5714
0.0526988 3.328835279184503e+28 2.336798169629764e+28 4.351098197324895e+35 5982
0.0550942 4.692036742098386e+28 2.426501324644914e+28 5.583857357159554e+35 6602
0.0574896 5.954573522333734e+28 2.360233829357012e+28 6.48735537112065e+35 7130
0.059885 7.570564420424637e+28 2.303746642057377e+28 7.588677205368653e+35 8034
0.0622804 9.202353654962042e+28 2.205950925382447e+28 8.52188003990324e+35 8606
0.0646758 1.132223151719456e+29 2.100603415243445e+28 9.712871336751036e+35 9066
0.0670712 1.364206401765845e+29 2.02128207709334e+28 1.087383183302601e+36 9962
0.0694666 1.561680223709896e+29 1.891311099640477e+28 1.159918765781399e+36 10550
0.071862 1.799765117324255e+29 1.74777153018889e+28 1.248372370632541e+36 11226
0.0742574 2.043555918854719e+29 1.67188280291128e+28 1.326926795434824e+36 12146
0.0766528 2.257043433682239e+29 1.414254037810992e+28 1.374393709412029e+36 12303
0.0790482 2.519552906922138e+29 1.074316470930719e+28 1.441877023209685e+36 12584
0.0814436 2.826283376498821e+29 7.114793041976663e+27 1.523804297530001e+36 12120
0.083839 3.099767765844057e+29 4.585060005618651e+27 1.576797738251352e+36 11180
0.0862344 3.190054845519272e+29 2.66667699005437e+27 1.533565026543428e+36 11096
0.0886298 3.289786276284215e+29 2.430796066325327e+27 1.497264406857566e+36 10056
0.0910252 3.502228041868239e+29 3.641874951812191e+27 1.511103808158361e+36 9716
0.0934206 3.589015638421932e+29 6.1808127926983e+27 1.469996266143157e+36 8604
0.095816 3.696210250485101e+29 9.429743962891069e+27 1.438855562352741e+36 8060
0.0982114 3.527672977939002e+29 1.428377617188033e+28 1.307177135132645e+36 7320
0.100607 3.415229200814233e+29 2.030292128423917e+28 1.20649489107396e+36 6356
0.103002 3.459821214641209e+29 2.593286120828783e+28 1.165903286806864e+36 5348
0.105398 3.124336660540529e+29 3.454179898062886e+28 1.00527956180118e+36 4308
0.107793 2.889996379167335e+29 4.639482055022856e+28 8.892073138427314e+35 3563
0.110188 2.164808616920271e+29 5.530335057704858e+28 6.378996353808987e+35 2448
0.112584 2.01367104844504e+29 7.009930538008352e+28 5.682649189909947e+35 1868
0.114979 1.765754994186339e+29 8.355971517165928e+28 4.775767036232985e+35 1358
0.117375 1.284435445435556e+29 8.3526707142276e+28 3.334550464210061e+35 1062
0.11977 1.189272275384067e+29 9.872763797652273e+28 2.97080523483361e+35 776
0.122165 9.603570796445678e+28 9.965223605883206e+28 2.310277544952691e+35 432
0.124561 9.564366746606509e+28 1.096212623842665e+29 2.206395635551935e+35 200
0.126956 1.146508560418358e+29 1.531544019400678e+29 2.54267671385263e+35 168
0.129352 7.881680376209382e+28 1.167308089804699e+29 1.687194127606047e+35 56
0.131747 1.082132534386658e+29 1.681607140066699e+29 2.234727225547046e+35 7


0.0023954 6.638000950575386e+24 2.098588064203604e+24 1.499363424076087e+35 18
0.0047908 5.902881858128972e+25 1.935660222954452e+25 1.845053193893581e+35 62
0.0071862 1.648626938270531e+26 5.68645643658243e+25 1.758955798454848e+35 98
0.0095816 4.560558408824429e+26 1.678524145237813e+26 2.391426223742589e+35 210
0.011977 8.853383266924078e+26 3.616359018845917e+26 2.800279933460771e+35 350
0.0143724 1.276007965318912e+27 5.879707918369756e+26 2.70601275959116e+35 450
0.0167678 1.825004763001144e+27 9.616851939679435e+26 2.760128355630136e+35 602
0.0191632 2.34078685037374e+27 1.450793787812016e+27 2.660669328963486e+35 762
0.0215586 2.67550254428911e+27 2.01962657397799e+27 2.394828255683765e+35 1142
0.023954 3.153803135867295e+27 2.975416944972327e+27 2.289301344288161e+35 1250
0.0263494 3.277473411158761e+27 3.967938566892796e+27 1.966078240128024e+35 1458
0.0287448 3.45761664766574e+27 5.627709347948032e+27 1.754771759860435e+35 1814
0.0311402 3.051895313054445e+27 7.106782546865275e+27 1.346173072358922e+35 2178
0.0335356 2.523521686524878e+27 9.131705471690229e+27 9.952639989206206e+34 2498
0.035931 1.811340575322353e+27 1.133909930525074e+28 6.657746467463445e+34 2622
0.0383264 9.431336411349281e+26 1.27825805900175e+28 3.597605848384569e+34 3338
0.0407218 3.251308278832272e+26 1.550793142329282e+28 1.852370225384912e+34 3722
0.0431172 1.114583379753915e+26 1.787959778561722e+28 1.244244285571496e+34 4170
0.0455126 5.966882452577267e+26 2.02826144890974e+28 2.021672104506857e+34 4358
0.047908 2.108697131161938e+27 2.235138722973878e+28 4.312130455748264e+34 5034
0.0503034 4.987553312451153e+27 2.451078568166158e+28 8.21359043811182e+34 5714
0.0526988 9.564828251424422e+27 2.684955099838934e+28 1.371855736483462e+35 5982
0.0550942 1.658482591122813e+28 2.906560428873775e+28 2.12791726405699e+35 6602
0.0574896 2.437158040389027e+28 2.941848934840771e+28 2.838964797415622e+35 7130
0.059885 3.495370865582645e+28 2.997776152797292e+28 3.728383758245666e+35 8034
0.0622804 4.65103690442741e+28 2.994857894936707e+28 4.571119980887926e+35 8606
0.0646758 6.221625210578431e+28 2.99377411056587e+28 5.654317566130404e+35 9066
0.0670712 7.98698363191051e+28 3.014111641504468e+28 6.737304713526657e+35 9962
0.0694666 9.646985909505553e+28 2.934461644653644e+28 7.577444876197179e+35 10550
0.071862 1.167714278630663e+29 2.843373285302794e+28 8.56120161558184e+35 11226
0.0742574 1.379627113467172e+29 2.805610229613393e+28 9.465487250291499e+35 12146
0.0766528 1.595454476531007e+29 2.520441382692037e+28 1.026215016805955e+36 12303
0.0790482 1.869536136662379e+29 2.126667682342497e+28 1.129810307328462e+36 12584
0.0814436 2.204972144800892e+29 1.660270998935757e+28 1.255138101235773e+36 12120
0.083839 2.53207741727873e+29 1.239363971802476e+28 1.359672022610744e+36 11180
0.0862344 2.727404812643778e+29 7.818868019427399e+27 1.38392732215196e+36 11096
0.0886298 2.9221382763658e+29 5.028978715233175e+27 1.40364157258836e+36 10056
0.0910252 3.225788119978251e+29 3.448962255062549e+27 1.468865751952527e+36 9716
0.0934206 3.426290416466054e+29 2.775465763382039e+27 1.480937714691357e+36 8604
0.095816 3.630010289885071e+29 3.147301562240848e+27 1.491153200116097e+36 8060
0.0982114 3.588292122989508e+29 4.779122772814633e+27 1.403027960650144e+36 7320
0.100607 3.592122182531768e+29 7.640230829069541e+27 1.338963438088804e+36 6356
0.103002 3.709236372763043e+29 1.093123408211651e+28 1.318846821819905e+36 5348
0.105398 3.509289978507792e+29 1.613405889917566e+28 1.19128935654043e+36 4308
0.107793 3.410267245145842e+29 2.413771882625513e+28 1.106938906191379e+36 3563
0.110188 2.771040808287952e+29 3.16180977077393e+28 8.612403817922981e+35 2448
0.112584 2.739089543727434e+29 4.257830090774977e+28 8.151605596593559e+35 1868
0.114979 2.564432572988466e+29 5.364515162045304e+28 7.312719771311733e+35 1358
0.117375 2.005046713161269e+29 5.650828366161452e+28 5.48634582809196e+35 1062
0.11977 1.975629387232701e+29 6.907140281129114e+28 5.199870489838315e+35 776
0.122165 1.695559200890363e+29 7.165206259438932e+28 4.296149194984052e+35 432
0.124561 1.737603073017e+29 7.970589920540447e+28 4.221254388115219e+35 200
0.126956 2.180983607801134e+29 1.131544854465475e+29 5.092036293961779e+35 168
0.129352 1.548209275294537e+29 8.712255200854155e+28 3.488315487609826e+35 56
0.131747 2.158450760562403e+29 1.260769858247853e+29 4.6914385792269e+35 7


0.0023954 9.881276158701059e+24 1.011208069071112e+24 1.706447047785065e+35 18
0.0047908 8.862813630972484e+25 9.446518980832551e+24 2.369503337584974e+35 62
0.0071862 2.505374988726174e+26 2.822948981233702e+25 2.441734501417547e+35 98
0.0095816 7.040948663741174e+26 8.510697759651496e+25 3.508950082937555e+35 210
0.011977 1.403075134431767e+27 1.893246126619127e+26 4.323247068403773e+35 350
0.0143724 2.086893320693149e+27 3.185583612871362e+26 4.373038292127363e+35 450
0.0167678 3.096027907283723e+27 5.396925062921599e+26 4.661815278044766e+35 602
0.0191632 4.160438787964195e+27 8.462502424010694e+26 4.725631533512679e+35 762
0.0215586 5.049646999245702e+27 1.228563829215229e+27 4.521976306461039e+35 1142
0.023954 6.402393480276535e+27 1.886814592456567e+27 4.642355236779937e+35 1250
0.0263494 7.264274169253015e+27 2.619706561559465e+27 4.331143261261437e+35 1458
0.0287448 8.581726208194899e+27 3.87008632030379e+27 4.286604841566414e+35 1814
0.0311402 8.805764165676012e+27 5.090715858363374e+27 3.757015862270738e+35 2178
0.0335356 8.951052184890751e+27 6.808435850333251e+27 3.30499327567091e+35 2498
0.035931 8.581746573063542e+27 8.781320164084974e+27 2.768163694834654e+35 2622
0.0383264 7.11124021874417e+27 1.028549021555893e+28 2.03365433199904e+35 3338
0.0407218 5.896841184565106e+27 1.297139847524991e+28 1.521664319112894e+35 3722
0.0431172 4.253178342335799e+27 1.553050240015321e+28 1.011211772810339e+35 4170
0.0455126 2.67097088000544e+27 1.826512835698837e+28 6.068972879080228e+34 4358
0.047908 1.321661410941723e+27 2.086956875842517e+28 3.157529511151078e+34 5034
0.0503034 5.37891305024718e+26 2.373311579599366e+28 1.655346986267826e+34 5714
0.0526988 7.19191704809546e+26 2.691490063042546e+28 1.792880575966775e+34 5982
0.0550942 2.180052586958102e+27 3.022873350918837e+28 3.574534261754687e+34 6602
0.0574896 4.997477427626256e+27 3.165449448686353e+28 6.645787278073911e+34 7130
0.059885 9.779796052743633e+27 3.342757108441304e+28 1.141209428025265e+35 8034
0.0622804 1.589606214380511e+28 3.454751794196338e+28 1.680352854305595e+35 8606
0.0646758 2.512757935386441e+28 3.58663991388587e+28 2.433949470716643e+35 9066
0.0670712 3.620148898696407e+28 3.737412753699263e+28 3.240340418111173e+35 9962
0.0694666 4.801786756094938e+28 3.752565220659553e+28 3.991799522185056e+35 10550
0.071862 6.282214431379093e+28 3.768121412564258e+28 4.866522910862602e+35 11226
0.0742574 7.901477291511125e+28 3.818968949078504e+28 5.722053226591178e+35 12146
0.0766528 9.744351704707934e+28 3.593700429764631e+28 6.610020429203131e+35 12303
0.0790482 1.214710784024271e+29 3.262684267566855e+28 7.736858142925601e+35 12584
0.0814436 1.522927345413671e+29 2.836539500134417e+28 9.132416058180311e+35 12120
0.083839 1.848760946395618e+29 2.389156686433417e+28 1.045497175866824e+36 11180
0.0862344 2.099750701671815e+29 1.789824694002488e+28 1.121812623380741e+36 11096
0.0886298 2.349580991739449e+29 1.357367781883722e+28 1.188155352945755e+36 10056
0.0910252 2.700353990001655e+29 1.036751200268335e+28 1.294340971854604e+36 9716
0.0934206 2.981194525895423e+29 7.360775540436858e+27 1.356278281023443e+36 8604
0.095816 3.253654382998905e+29 5.606641645244268e+27 1.406720103638503e+36 8060
0.0982114 3.334441828178517e+29 4.128604774234631e+27 1.372140563353774e+36 7320
0.100607 3.451264024231526e+29 3.94284474478268e+27 1.353854139827002e+36 6356
0.103002 3.633216798970417e+29 5.150691929164575e+27 1.359459038029604e+36 5348
0.105398 3.589064702313827e+29 6.440153132555629e+27 1.282092332389682e+36 4308
0.107793 3.644879028566875e+29 1.016064111717724e+28 1.244893200224002e+36 3563
0.110188 3.162446595868887e+29 1.434908842534207e+28 1.034129025577233e+36 2448
0.112584 3.272601533320812e+29 2.100244214315372e+28 1.024627510887809e+36 1868
0.114979 3.210933837372576e+29 2.874818508178264e+28 9.631947572831971e+35 1358
0.117375 2.637648983194626e+29 3.278551487000032e+28 7.59134232671838e+35 1062
0.11977 2.704458198496656e+29 4.206781278180842e+28 7.486261698864101e+35 776
0.122165 2.408946278731782e+29 4.536435499069705e+28 6.418662366297392e+35 432
0.124561 2.510561317743301e+29 5.125509732250542e+28 6.413493816805423e+35 200
0.126956 3.234935056674804e+29 7.43806333390125e+28 7.941500267853533e+35 168
0.129352 2.337653321586999e+29 5.806379551950405e+28 5.537912373853312e+35 56
0.131747 3.286379797622451e+29 8.454043906141627e+28 7.510359865772902e+35 7


0.0023954 1.183840631579673e+25 2.768389571314855e+23 1.850286713947397e+35 18
0.0047908 1.068320474515996e+26 2.67098670382004e+24 2.743436342775138e+35 62
0.0071862 3.045725960132509e+26 8.325725136088152e+24 2.940802232721121e+35 98
0.0095816 8.654077137290469e+26 2.640354956890202e+25 4.348037219404945e+35 210
0.011977 1.755580714397203e+27 6.320319948602363e+25 5.511369962920955e+35 350
0.0143724 2.666464754953652e+27 1.145703781638608e+26 5.727424725830595e+35 450
0.0167678 4.050530268422066e+27 2.087072082662458e+26 6.272881023541281e+35 602
0.0191632 5.603570792321889e+27 3.528957412573519e+26 6.559180327350598e+35 762
0.0215586 7.049437286971135e+27 5.536262500583065e+26 6.513499712317828e+35 1142
0.023954 9.313507420458085e+27 9.141521751500893e+26 6.971350704188946e+35 1250
0.0263494 1.107081150700903e+28 1.356727922982241e+27 6.811964319932106e+35 1458
0.0287448 1.382584228235268e+28 2.137016141877938e+27 7.119795913438944e+35 1814
0.0311402 1.517067791812503e+28 2.988102053033404e+27 6.660890198228633e+35 2178
0.0335356 1.672207390659384e+28 4.231553980457147e+27 6.334595614004092e+35 2498
0.035931 1.765110427184155e+28 5.748323509021305e+27 5.813754004502953e+35 2622
0.0383264 1.655428933439431e+28 7.079737870553348e+27 4.795872863320608e+35 3338
0.0407218 1.623814481274735e+28 9.374551134223194e+27 4.184571133004627e+35 3722
0.0431172 1.47364444478217e+28 1.174807960617323e+28 3.404543918484876e+35 4170
0.0455126 1.279432844828688e+28 1.440925531205201e+28 2.666437008191074e+35 4358
0.047908 1.027878796936806e+28 1.714687056238992e+28 1.95064938326951e+35 5034
0.0503034 7.660923932735294e+27 2.028252351982107e+28 1.342303145138089e+35 5714
0.0526988 5.384993119398231e+27 2.385300815724925e+28 8.851690839603825e+34 5982
0.0550942 3.2632209070116e+27 2.780522849028551e+28 5.217593302748091e+34 6602
0.0574896 1.989367910472521e+27 3.010479056282665e+28 3.17649971067306e+34 7130
0.059885 1.894461783533631e+27 3.288937916279513e+28 2.821280495516886e+34 8034
0.0622804 3.018049750755174e+27 3.507194994506808e+28 3.810701926877931e+34 8606
0.0646758 6.117430282273391e+27 3.766971638092288e+28 6.62506755654934e+34 9066
0.0670712 1.088678156049587e+28 4.045384298407617e+28 1.05846282847633e+35 9962
0.0694666 1.733092426856365e+28 4.173041292028706e+28 1.542413551649909e+35 10550
0.071862 2.585307852508709e+28 4.318569943323689e+28 2.128245400396764e+35 11226
0.0742574 3.627779708463302e+28 4.481616285025359e+28 2.780419641613062e+35 12146
0.0766528 4.911843553654987e+28 4.379423204487725e+28 3.516569882212477e+35 12303
0.0790482 6.635958043413548e+28 4.198987766263541e+28 4.452800620836336e+35 12584
0.0814436 8.996068690133867e+28 3.928966136824543e+28 5.676302609285965e+35 12120
0.083839 1.174809871410807e+29 3.582112077597678e+28 6.985283168068095e+35 11180
0.0862344 1.426965288864044e+29 2.977546825106647e+28 8.011626515007743e+35 11096
0.0886298 1.685647661378218e+29 2.509133794480924e+28 8.955149283532843e+35 10056
0.0910252 2.034522552255193e+29 2.153799759775892e+28 1.024289873908364e+36 9716
0.0934206 2.350718023920873e+29 1.736104580495662e+28 1.123117909650867e+36 8604
0.095816 2.654110126986206e+29 1.447425983373197e+28 1.204980895139205e+36 8060
0.0982114 2.832085096122766e+29 1.052402393302313e+28 1.223679337330078e+36 7320
0.100607 3.039256385419095e+29 7.882745696944842e+27 1.251749410512679e+36 6356
0.103002 3.267735024138959e+29 7.519214190086934e+27 1.283696861446989e+36 5348
0.105398 3.371295948016985e+29 5.097586337554481e+27 1.264294083228709e+36 4308
0.107793 3.573460945276419e+29 4.793463753541631e+27 1.281228658682646e+36 3563
0.110188 3.286716981342243e+29 4.640175584649889e+27 1.128158433393889e+36 2448
0.112584 3.535885893547634e+29 7.150299659634911e+27 1.161999424699743e+36 1868
0.114979 3.604742145881385e+29 1.119216984293922e+28 1.134930070043249e+36 1358
0.117375 3.079444193846502e+29 1.475712268452389e+28 9.301650283022676e+35 1062
0.11977 3.253967029580315e+29 2.057167905471186e+28 9.452868156901204e+35 776
0.122165 2.978510231401462e+29 2.365653846151947e+28 8.328422867128491e+35 432
0.124561 3.141806936543286e+29 2.740912655643801e+28 8.422533944284145e+35 200
0.126956 4.123641226145123e+29 4.118220288581225e+28 1.06229261114764e+36 168
0.129352 3.016786922756138e+29 3.284573871121265e+28 7.499479152256469e+35 56
0.131747 4.26540848324519e+29 4.827533932842916e+28 1.022880691652546e+36 7


