0.04 1.201048132825357e-05 4.391519944420416e-07 1.511408036543816 18
0.08 6.92093472095752e-05 3.240717777401579e-06 2.681901521424093 62
0.12 0.0003248488246867983 1.041196370472425e-05 5.526123546287997 98
0.16 0.0006207914651137967 3.12190577465211e-05 5.901101915667501 210
0.2 0.0008799699326015733 6.050851886966994e-05 5.439092640732283 350
0.24 0.001329341755015216 0.0001101789697764962 5.743157034336759 450
0.28 0.001786246645285084 0.0001960633709245829 5.633083399259681 602
0.32 0.002246125575540609 0.0003153663382046173 5.397180090474975 762
0.36 0.003281092341876966 0.0005006345714223679 6.258467278928944 1142
0.4 0.00376602965444504 0.0006973575341278028 5.843360375551886 1250
0.44 0.005186870109903536 0.0009776198803539905 6.62968693699869 1458
0.48 0.005821219541779729 0.001467727588290337 6.237948822492069 1814
0.52 0.006803769985525769 0.002047003548734121 6.222048171172282 2178
0.56 0.007926782427312266 0.00264085958884283 6.255125792816146 2498
0.6 0.008943398753300849 0.00338626580368639 6.132732644403058 2622
0.64 0.01022069623047053 0.004291802071580514 6.152105802987288 3191
0.68 0.01123798634916156 0.005313686059376392 5.998594462725181 3044
0.72 0.01329065896881502 0.00661527980583136 6.333887881175675 2736
0.76 0.01435878678416845 0.008401973213169232 6.135181151001895 2276
0.8 0.01615024834623264 0.01013451765276525 6.222185803675044 2016
0.84 0.01797274038809171 0.01273566044344952 6.284809925465598 1640
0.88 0.01827387514036495 0.0141599229212546 5.821518022564049 1056
0.92 0.02097094491460656 0.01570594530552756 6.109135811797482 683
0.96 0.02471864253951022 0.01830802258537309 6.622184308210024 350
1 0.0247549782117501 0.01683858634485915 6.118604937504278 192
1.04 0.03467970967611975 0.02140984334907972 7.90240024957194 44
1.08 0.03517740387527142 0.02072689909626756 7.378408612107085 25


0.04 3.378124169821316e-05 1.18750210333768e-08 221.4549678706118 18
0.08 0.0001850302110291004 1.89159005678907e-08 246.3444974868655 62
0.12 0.000709073883735912 1.116791468038337e-06 387.6455744787072 98
0.16 0.000693031754612755 6.746173241721668e-06 208.0692196527836 210
0.2 0.0001790784671846664 1.540342225708946e-05 37.1012014832267 350
0.24 0.0001134361960521076 1.807934796415593e-05 16.80004982634308 450
0.28 0.0008282201781755176 8.967189090763344e-06 79.53358475699156 602
0.32 0.001422337956777697 9.674490822415166e-07 103.0703185905816 762
0.36 0.001170553938711472 1.003208648742958e-05 67.36505383619017 1142
0.4 0.0003319529010451578 2.571895246061972e-05 15.81119121013669 1250
0.44 0.0003014255288694949 2.780833098063779e-05 11.82588814492053 1458
0.48 0.001145466323868759 1.424228922810548e-05 36.8950492205508 1814
0.52 0.001558454129670989 1.079728227875353e-05 42.7441761868642 2178
0.56 0.001428535522287606 1.849107081044929e-05 33.81466107551938 2498
0.6 0.001055261248690309 2.731192228658326e-05 21.73017090645669 2622
0.64 0.001067204352454598 3.002503572020334e-05 19.28211300164794 3191
0.68 0.00119441901346332 2.966045224956796e-05 19.11768473371195 3044
0.72 0.001554250448941701 2.201744933455995e-05 22.17976909932155 2736
0.76 0.001984000181678062 2.076749933822709e-05 25.36388838445278 2276
0.8 0.001623421100958784 3.283659819123841e-05 18.72302880055203 2016
0.84 0.001402969134453268 4.53012573923935e-05 14.69358400786956 1640
0.88 0.00118552606381478 4.921803392818675e-05 11.31466053697337 1056
0.92 0.002103576824782892 3.286119632544723e-05 18.32854471992326 683
0.96 0.00295216822768039 9.440894181485325e-06 23.63890818075541 350
1 0.002854911200377725 1.224834265342611e-05 21.09253535415728 192
1.04 0.002932069676277535 2.365480871540572e-05 19.97660803873121 44
1.08 0.004148459222089449 5.84568779227572e-05 26.01792055932453 25


0.04 5.028722032259824e-07 1.531501115749559e-07 59.85704121917706 18
0.08 1.02432390349142e-06 8.107434234664291e-07 25.51323146109129 62
0.12 5.257888067186224e-05 2.744003043738069e-06 74.33103506124235 98
0.16 0.0002725152300831275 1.709611050528661e-06 163.7081692551854 210
0.2 0.00045303410748351 3.036512099959532e-07 169.9803070703099 350
0.24 0.0002541143799843584 3.977614727050157e-06 67.43270932983549 450
0.28 3.157419700985562e-05 7.2776131436517e-06 7.530468603362557 602
0.32 0.0003020151852934598 3.474657054157938e-06 43.61257622706371 762
0.36 0.0005842851723830913 1.186763105472962e-06 66.18038148788722 1142
0.4 0.0002556259979736125 6.79228071097898e-06 23.81941335994138 1250
0.44 0.0001513907456891301 8.975172297371204e-06 11.76344771295293 1458
0.48 0.0004945258156668582 4.383235618536861e-06 31.39632354629391 1814
0.52 0.0005102774633458205 5.458366275315786e-06 27.62199516904814 2178
0.56 0.0004019144083840433 8.573231426815829e-06 18.81067543296393 2498
0.6 0.0004961624635878156 7.419634533808961e-06 20.12137304529141 2622
0.64 0.0006084890898717796 6.725401872353026e-06 21.62206060145323 3191
0.68 0.0005879774645523254 8.17182514523848e-06 18.52516500101821 3044
0.72 0.0005346561531497139 9.38392527038495e-06 15.0418606829263 2736
0.76 0.0005114089078720223 1.19010200894277e-05 12.90285390067718 2276
0.8 0.0005680864750056917 1.149721896016302e-05 12.91141911320378 2016
0.84 0.0005961488297929541 1.358378496570455e-05 12.29547085117335 1640
0.88 0.0004848808357798534 1.597352865493064e-05 9.11787826296287 1056
0.92 0.0004316311765346619 1.977120724491027e-05 7.430508424860163 683
0.96 0.0008442498854761671 1.085279954447737e-05 13.31589473265898 350
1 0.001175605113254188 4.03086571466561e-06 17.09039067586133 192
1.04 0.001442845583463042 2.730054901144692e-06 19.33650698637996 44
1.08 0.002374458489283837 4.584102132208762e-06 29.28549918740456 25


0.04 6.885535211577414e-06 2.128488128272123e-09 154.5082682855547 18
0.08 3.60766712448779e-05 1.742969662718788e-08 150.7347948902637 62
0.12 0.0001135042979223971 5.488850050800797e-07 194.4923575600208 98
0.16 5.190331294727787e-05 2.286793739035533e-06 55.9068639201997 210
0.2 3.599560178326074e-05 2.807138007981671e-06 25.41441243400286 350
0.24 0.0002443700962898827 6.71786384242109e-07 95.58897163740966 450
0.28 0.0002462363416023183 1.045959158121703e-06 69.85319460041599 602
0.32 3.652381334572074e-05 3.757100730191757e-06 8.873721526415396 762
0.36 0.0001932164973112971 2.317364548359472e-06 33.09061877598617 1142
0.4 0.0003172982790660847 1.188326821748021e-06 43.66403717593843 1250
0.44 0.0001448011761591119 4.083410156542433e-06 16.66565648658221 1458
0.48 0.0002017510412677465 3.481038399605992e-06 19.2585766772774 1814
0.52 0.000272254614276523 3.103472572442343e-06 22.05310329614586 2178
0.56 0.0002277126087472 4.511675140853448e-06 15.94951633350468 2498
0.6 0.000256110622605247 4.30393881019314e-06 15.54503437807901 2622
0.64 0.0003354526229020519 3.740138541499794e-06 17.81500607708573 3191
0.68 0.0003241339089532259 4.493895474560925e-06 15.26313146334241 3044
0.72 0.000301399990101257 4.955887157745458e-06 12.67104303193455 2736
0.76 0.0003167775758494536 5.848668210769649e-06 11.93555335928014 2276
0.8 0.0003298708196399199 6.041160778809197e-06 11.19958440864768 2016
0.84 0.000301827318695545 7.762296563029521e-06 9.308686795868356 1640
0.88 0.0003446396811437802 7.061849229929879e-06 9.667984886866142 1056
0.92 0.0005922072492760626 4.338383834406126e-06 15.15284261573577 683
0.96 0.0006114040996830997 3.949503935252419e-06 14.38305328488552 350
1 0.0003467617182652078 8.461357559000438e-06 7.544221739141158 192
1.04 0.000204633388488745 1.297050722729846e-05 4.124431222854295 44
1.08 5.994287625712357e-05 2.598061470759729e-05 1.161120621944904 25


0.04 1.252076873906112e-07 5.502447718316271e-08 69.84143133937154 18
0.08 1.127691235074095e-06 2.802064433425292e-07 35.58462573183683 62
0.12 3.37753458890617e-05 8.075526892226121e-07 94.37521342626451 98
0.16 0.0001293914320524827 2.615057173346083e-07 155.8902200778737 210
0.2 0.0001279885706897621 5.76932443675298e-07 98.14032206856298 350
0.24 1.5738363470983e-05 2.301156027412639e-06 11.73781289457035 450
0.28 0.0001043205243074613 1.327855248378377e-06 40.36132109026932 602
0.32 0.0001833484752803178 3.720231531601907e-07 52.41070350027928 762
0.36 5.10127161113217e-05 2.567683202932245e-06 12.29630909594232 1142
0.4 0.0001357980643065954 1.679693278310288e-06 25.16270751016197 1250
0.44 0.0002098234605610538 1.066404623772119e-06 31.67890078057913 1458
0.48 0.0001161839975961271 2.521743342514618e-06 14.86395810899075 1814
0.52 0.0001782879689171406 2.020812866616104e-06 19.25744633611058 2178
0.56 0.0001801077962392073 2.480833266310874e-06 16.776671828065 2498
0.6 0.0001425664950986902 3.164662136406405e-06 11.57011810962569 2622
0.64 0.0001952057284555409 2.784869202713929e-06 13.8300417586512 3191
0.68 0.0002188727307941817 2.816236994226845e-06 13.72537875637515 3044
0.72 0.000213948730202469 2.961263445324266e-06 11.97200507395194 2736
0.76 0.0002299585463482155 3.463094082983389e-06 11.5301484432909 2276
0.8 0.0002078814522099302 4.041120605076868e-06 9.403741882653959 2016
0.84 0.0001955074688366771 5.011836179281264e-06 8.033562415000214 1640
0.88 0.0002594463980328691 4.025013947092982e-06 9.680815690489922 1056
0.92 0.0004089852384992232 2.648357134222515e-06 13.9214941561154 683
0.96 0.0002852699022250022 4.567971805618856e-06 8.945518755576515 350
1 0.0001085425821605728 7.289419561382671e-06 3.169082362061733 192
1.04 6.138328233534952e-05 9.274923087727173e-06 1.67468818643243 44
1.08 0.0001239595443633688 1.470232631444354e-05 3.092059974716512 25


0.04 3.251294867301056e-06 7.945289002809309e-10 135.8611485185605 18
0.08 1.638219876530872e-05 1.425121146276033e-08 121.3462621691291 62
0.12 4.466017171155828e-05 3.549735391139279e-07 138.6343192727913 98
0.16 1.159059256383408e-05 1.207681460967188e-06 31.71018747630784 210
0.2 4.577458988458147e-05 9.481393588272977e-07 48.03101262083713 350
0.24 0.0001328994796739462 1.211200565666415e-07 86.75686334277304 450
0.28 4.715807723079638e-05 1.348349915093961e-06 23.96063728271392 602
0.32 4.612485243526796e-05 1.331766479305194e-06 17.49269110824807 762
0.36 0.0001450524441132282 4.276435785465212e-07 41.07166491550348 1142
0.4 5.361930310367554e-05 1.815880870726497e-06 12.82632622330596 1250
0.44 9.784373131380325e-05 1.437087968039055e-06 18.69206579566853 1458
0.48 0.0001184328124918055 1.334091940985639e-06 18.81636445080195 1814
0.52 0.0001134310628392241 1.655296502451574e-06 15.37600162124066 2178
0.56 0.0001553410320404913 1.414766181052867e-06 18.04804858326419 2498
0.6 0.0001361394395827283 1.813559524899946e-06 13.75867652836711 2622
0.64 0.0001302597684921621 2.143931759367995e-06 11.55676838057634 3191
0.68 0.0001542519679075309 2.056924141908717e-06 12.09663589854318 3044
0.72 0.0001626027364273297 1.991835756613043e-06 11.36656337227496 2736
0.76 0.0001887925821379364 2.141270764963831e-06 11.81522796972 2276
0.8 0.0001571531933460424 2.776669661859036e-06 8.881891686518754 2016
0.84 0.0001431135994752206 3.535066975091012e-06 7.351283887512308 1640
0.88 0.0001637457830655243 3.224242816132627e-06 7.643950667878699 1056
0.92 0.000295454609227618 1.926582939995162e-06 12.55912929015245 683
0.96 0.0002199176489808014 3.028440622375962e-06 8.610570062434252 350
1 8.405101186631822e-05 5.024794541173794e-06 3.067442670573831 192
1.04 4.806351819107171e-05 6.435427480637169e-06 1.641200463750713 44
1.08 0.0001092701494211399 9.999821967086599e-06 3.399761755113759 25


0.04 5.188073015775311e-08 3.019764834469352e-08 75.79369266973031 18
0.08 9.938999509913781e-07 1.485811410103325e-07 41.74495234848465 62
0.12 2.397445725656981e-05 3.769353971383062e-07 101.6873368345823 98
0.16 7.665932161879415e-05 7.88048423359025e-08 140.2959500473778 210
0.2 5.027443896514343e-05 5.571715744135562e-07 61.22182139287349 350
0.24 1.148546109077002e-05 1.203258128759083e-06 13.16093800364568 450
0.28 9.497795693600568e-05 2.633649004321499e-07 54.26910222680447 602
0.32 5.868458115071575e-05 7.430537835104791e-07 25.96350136900535 762
0.36 4.033101842455664e-05 1.210619145108247e-06 14.50089259098683 1142
0.4 0.0001108378396079779 4.712118071841901e-07 30.61166265503937 1250
0.44 5.923863011758422e-05 1.317766740746215e-06 13.76767096194857 1458
0.48 9.195338197318152e-05 9.823633963444833e-07 17.55986475151595 1814
0.52 8.02936701798485e-05 1.343988482950479e-06 13.11850076581837 2178
0.56 9.088803691753434e-05 1.444362366274584e-06 12.7601566310819 2498
0.6 0.0001165661907829187 1.19709402440883e-06 14.12321086932505 2622
0.64 0.0001123713373849434 1.458672296385997e-06 11.95231252632177 3191
0.68 0.0001125047129448793 1.639239070632763e-06 10.60358083428368 3044
0.72 0.0001155880887670362 1.633235619367964e-06 9.710688384218138 2736
0.76 0.0001415825966118768 1.66155968958115e-06 10.6378809655796 2276
0.8 0.0001455990611198134 1.748292889040202e-06 9.85638744747787 2016
0.84 0.00014675596383341 2.152832366042398e-06 9.01854153075017 1640
0.88 0.0001049614472115692 2.747790814152402e-06 5.895715386076282 1056
0.92 0.0002105263066558241 1.703903214919117e-06 10.73999383228435 683
0.96 0.0002257446722421243 1.437460434978884e-06 10.58182939845455 350
1 0.0001076513377640705 3.138058606870207e-06 4.683865510188109 192
1.04 5.107513464995969e-05 4.631299609683765e-06 2.079874125230394 44
1.08 2.220284622212346e-05 8.457098122796391e-06 0.8883942532810672 25


0.04 1.979430247569379e-06 3.857985687192383e-10 126.8039505317216 18
0.08 9.641428833371821e-06 1.193633458439505e-08 106.3867922943136 62
0.12 2.333051364214086e-05 2.582773196121356e-07 112.1062062099687 98
0.16 4.453220782782651e-06 7.578180559623705e-07 26.80708002589563 210
0.2 4.147855519657705e-05 4.06846081810729e-07 59.41895596922998 350
0.24 7.193429832488879e-05 1.873370341089971e-07 66.83775358907431 450
0.28 1.175411089454707e-05 1.013942739384044e-06 10.3782091247871 602
0.32 6.085869684569644e-05 3.929449562990846e-07 31.07636691794162 762
0.36 6.036507243632587e-05 6.189689921494438e-07 24.44638554812473 1142
0.4 3.835675538432341e-05 1.003868543790495e-06 12.9110979283984 1250
0.44 8.69218595188693e-05 5.246636456880418e-07 23.0977591490707 1458
0.48 5.808429512475403e-05 9.822338203979852e-07 13.08220134134748 1814
0.52 8.408229868347974e-05 7.996873218484202e-07 15.94044171964411 2178
0.56 7.26253966149671e-05 1.148745312015464e-06 11.92172805852285 2498
0.6 7.335977758722611e-05 1.205269279117491e-06 10.43931665660283 2622
0.64 9.11360328937859e-05 1.129552420597401e-06 11.31917064816287 3191
0.68 9.151491855857543e-05 1.274007057442681e-06 10.07072159595829 3044
0.72 8.514926547847705e-05 1.389125220223154e-06 8.365069321405368 2736
0.76 9.284787977596153e-05 1.592062792405977e-06 8.168407021833152 2276
0.8 0.0001225097165227225 1.29099245621625e-06 9.67348478597804 2016
0.84 0.0001460781438437781 1.292301296382054e-06 10.45127226552161 1640
0.88 0.0001028385987114202 1.910521514349892e-06 6.725334426863705 1056
0.92 0.0001230881740621895 1.999243795300414e-06 7.348700646465397 683
0.96 0.0002088543429135535 7.150042739491916e-07 11.4083838172798 350
1 0.0001600052925010928 1.395824091530915e-06 8.075742115386218 192
1.04 0.0001171576630093865 2.54214667308152e-06 5.47151803133738 44
1.08 5.143680888998373e-05 6.187543708715342e-06 2.270884266776689 25


0.04 2.64429768054036e-08 1.971853887367137e-08 79.71926741064864 18
0.08 8.672503707902463e-07 9.406395793177235e-08 45.99280691513566 62
0.12 1.829887320632119e-05 2.136555390357627e-07 104.9755387986866 98
0.16 5.102069102637495e-05 4.015447498523607e-08 126.5991931933342 210
0.2 2.336632098813108e-05 4.752879121320736e-07 41.76785691823451 350
0.24 1.732625426661633e-05 6.576988330011745e-07 22.23951981254122 450
0.28 6.762387850506065e-05 1.072874095524397e-07 51.66528748969188 602
0.32 1.785491062612072e-05 7.332388264652675e-07 11.68447597792804 762
0.36 5.136707548949162e-05 4.699174764847245e-07 23.82685268166355 1142
0.4 5.393772650836737e-05 5.462936532664297e-07 20.20276551148961 1250
0.44 3.70736168067842e-05 8.649367932798977e-07 11.64194573752454 1458
0.48 5.794493751298624e-05 6.702135130069815e-07 14.8486242326103 1814
0.52 5.558476111628896e-05 8.2682358984032e-07 12.15338226823273 2178
0.56 7.703320453247568e-05 7.087470791743609e-07 14.37940508362191 2498
0.6 7.034669162770887e-05 8.585607160206111e-07 11.41724636271253 2622
0.64 6.954581977066064e-05 9.940002500234668e-07 9.902577844209738 3191
0.68 7.992757151208323e-05 9.766322146396222e-07 10.05243985460759 3044
0.72 8.226297510232951e-05 9.696466447524825e-07 9.219261909622615 2736
0.76 8.182920342338219e-05 1.229099223291601e-06 8.226422035301267 2276
0.8 8.068704123448879e-05 1.32635504757771e-06 7.31038047639762 2016
0.84 9.716931816022922e-05 1.361277412763657e-06 7.969771566148547 1640
0.88 0.0001165424758985584 1.109845143591331e-06 8.680590190555273 1056
0.92 6.968976498623429e-05 2.083370580758348e-06 4.786131651590678 683
0.96 0.0001214076308197656 1.293033615443441e-06 7.600423498443466 350
1 0.0001720158783875809 5.529550463810167e-07 9.903303362009012 192
1.04 0.0001944621188169146 6.664255962938438e-07 10.32110591543268 44
1.08 0.0002325854817815864 2.325543923716746e-06 11.38289194069345 25


0.04 1.365260724912357e-06 2.142752489696753e-10 121.3972881065758 18
0.08 6.450059064729584e-06 1.027304767451642e-08 97.20943044899721 62
0.12 1.404181610423557e-05 2.008069298610189e-07 96.95824709455155 98
0.16 2.785615773293408e-06 5.22346034549192e-07 27.12497490450889 210
0.2 3.512124932167487e-05 2.000713630695911e-07 64.23008719316169 350
0.24 4.05135686742055e-05 2.39904466147538e-07 49.95507876599687 450
0.28 8.457084159701576e-06 6.867134470049761e-07 10.129184050711 602
0.32 5.302267943053895e-05 1.350891378253286e-07 34.61523303713311 762
0.36 2.461332938798358e-05 6.341533965449604e-07 13.53613389567741 1142
0.4 4.452018158615626e-05 4.585817648338282e-07 18.84474201069887 1250
0.44 5.10344921000764e-05 4.769706571550563e-07 17.63189718679899 1458
0.48 4.850105127527668e-05 5.613100763817592e-07 14.023750628556 1814
0.52 4.749917076707709e-05 6.841410297859673e-07 11.70927769091577 2178
0.56 4.758413466767303e-05 8.136751415486803e-07 10.11150265418704 2498
0.6 5.821297175405638e-05 7.260700263473358e-07 10.65175445343113 2622
0.64 6.196060653074809e-05 7.864624216480296e-07 9.927187819451403 3191
0.68 6.34652875939468e-05 8.663634798540249e-07 9.003134592836489 3044
0.72 6.826191002404215e-05 8.220339353908921e-07 8.617821237561436 2736
0.76 8.175770531900268e-05 8.52158676532013e-07 9.227671659099958 2276
0.8 6.946434487054992e-05 1.091577756382709e-06 7.084954702363897 2016
0.84 6.912222499920661e-05 1.313934869466803e-06 6.401902189684111 1640
0.88 9.199266417392588e-05 1.002951813821554e-06 7.717961179516254 1056
0.92 8.744437881816829e-05 1.345334823980572e-06 6.718379928811266 683
0.96 3.951402655022331e-05 1.961568971859378e-06 2.832604834976116 350
1 9.659932819135035e-05 1.130444185943195e-06 6.278605465599458 192
1.04 0.0001579421815169392 6.239912273487735e-07 9.432417551798157 44
1.08 0.0003250974967949953 1.04550955926502e-07 17.84077108781088 25


