0.018171 9.64882066219735e-07 1.880658165920443e-08 1.326055718370202 18
0.036342 6.319372217760049e-06 1.743713839950703e-07 2.619848636627006 62
0.054513 2.087136839608184e-05 4.913011246532148e-07 3.793889962223713 98
0.072684 4.984976044430526e-05 1.701186866031943e-06 5.058985157146838 210
0.090855 0.0001003610902020635 3.815782297979176e-06 6.616160161614236 350
0.109026 0.0001471714690566412 6.334120062693201e-06 6.780442332072371 450
0.127197 0.0002386765714718622 9.851462493141506e-06 8.022859093927584 602
0.145368 0.0003283086148113058 1.581439968417727e-05 8.407522214187679 762
0.163539 0.0004331351844812367 2.729629115688471e-05 8.80684470822324 1142
0.18171 0.0005684898607427023 3.754136221723017e-05 9.400112986740227 1250
0.199881 0.0006975262015197281 5.310077161361055e-05 9.503810913911055 1458
0.218052 0.0009438719822846914 7.050392273216983e-05 10.77793851889451 1814
0.236223 0.001090106876755379 9.553014252151124e-05 10.62247024155245 2178
0.254394 0.001358201394827413 0.0001253341093801597 11.4201725281913 2498
0.272565 0.001603440574956825 0.0001696012179354346 11.71614353526747 2622
0.290736 0.001809434543302678 0.0002044856434695547 11.60547609380966 3191
0.308907 0.002045818757932251 0.0002469916952317255 11.63546714704547 3044
0.327078 0.002387157520124834 0.0002980200344030941 12.1226627628018 2736
0.345249 0.002631596549067123 0.0003791550452757001 11.98051635644118 2276
0.36342 0.003038206152439333 0.0004476878046196516 12.47212120492222 2016
0.381591 0.003181346840384092 0.0005239409441091697 11.85320143668652 1640
0.399762 0.003783131824560362 0.0006175500570638368 12.84063807857663 1056
0.417933 0.003712666630392449 0.0007578237245535938 11.52540971790502 683
0.436104 0.004294596491637607 0.0008291653982171653 12.26193647148695 350
0.454275 0.005215899183410281 0.001020837923962954 13.741684985816 192
0.472446 0.006409553942451099 0.001024831619936785 15.5699357339403 44
0.490617 0.003670089204670037 0.0009235628890643479 8.206471612014528 25


0.018171 146562.0415583881 4973.922618060667 1625107795919.918 18
0.036342 1114170.078087372 26931.43916687926 2457933337208.622 62
0.054513 3595755.101620324 53027.64079035389 3228997602876.935 98
0.072684 8799028.135699326 65732.57487590289 4284732685095.84 210
0.090855 15431423.27737281 26996.00863878194 4813175130780.938 350
0.109026 17517423.40678198 3141.412510990097 3792794503268.463 450
0.127197 18336625.4556118 60640.66290588094 2887404490270.118 602
0.145368 13250515.95938042 204125.1008940062 1586954555065.677 762
0.163539 6594697.835411746 351870.4798225969 627091517582.5338 1142
0.18171 2209626.363124699 458681.9061513359 171748200689.9119 1250
0.199881 450526.8168385599 441844.8249786583 29621061199.26798 1458
0.218052 1166174.795091032 383848.920219589 62586006556.66946 1814
0.236223 2557844.999359918 261734.6546983574 116175013897.0265 2178
0.254394 3962567.133266556 173885.5949682506 154960291367.2814 2498
0.272565 4432799.90324199 142182.1117145369 150531368336.7582 2622
0.290736 4254578.362692149 87670.09276521392 126750948924.6722 3191
0.308907 3742032.901592214 49389.40655040797 98815578946.36581 3044
0.327078 2296941.097205087 50270.45169416384 54153954499.07691 2736
0.345249 1068707.635527728 67121.54805975375 22594819010.42336 2276
0.36342 422666.5639796143 72946.88704290229 8066442021.147933 2016
0.381591 327613.3240618553 59815.81340336673 5673593511.21495 1640
0.399762 354264.5497278551 43924.92529740117 5584599403.259609 1056
0.417933 464572.9544558622 16631.06944069902 6691286759.757964 683
0.436104 528071.690892648 4411.340055207512 6993431621.698471 350
0.454275 585988.6429849792 667.0731868968661 7159930018.278425 192
0.472446 523017.7333006454 1156.84541152161 5892418851.840446 44
0.490617 307845.1030853118 1431.744645265815 3192013318.691801 25


0.018171 1947.038751604958 4220.377662512008 380051831832.8475 18
0.036342 998.2903263686944 27568.41985583763 173209046868.5659 62
0.054513 87199.4558956988 70734.61862886816 232841743127.2564 98
0.072684 806193.2443370315 124235.3715301488 755576460715.5349 210
0.090855 3367978.376410596 112293.2949765173 1898639888144.147 350
0.109026 6128484.084162954 36597.68118861457 2375047710651.306 450
0.127197 8084659.761493721 5174.876788711919 2274221552127.731 602
0.145368 6035077.57641727 64295.5341752912 1291404298398.219 762
0.163539 2254498.167964118 161772.7466030244 384445914521.9381 1142
0.18171 390436.214963615 206343.4140727439 55980582523.28869 1250
0.199881 944814.6147370939 152291.6698089695 108120158416.8952 1458
0.218052 2526812.191584977 82436.0754299321 240000022759.0187 1814
0.236223 2934204.28924897 40915.51008359854 237388594743.3425 2178
0.254394 2648615.014550321 39695.89470086337 184805665384.9651 2498
0.272565 2147850.184062434 53644.20160588349 130220253159.8456 2622
0.290736 1477448.734473231 52918.54236527586 78623231247.49152 3191
0.308907 924387.6799638498 48139.96183710744 43623498392.73422 3044
0.327078 587912.8967860598 34974.69107475752 24769007938.59973 2736
0.345249 686133.4414407543 16422.70718583229 25884143690.3437 2276
0.36342 633728.9453374569 10041.09464503567 21549573695.64233 2016
0.381591 453999.5137636474 10916.3182696073 14011353198.18992 1640
0.399762 259412.6414408796 13555.41210731396 7295914568.377083 1056
0.417933 177510.1708320196 8161.1231795038 4564641911.345521 683
0.436104 184817.3299649553 4112.09210927668 4369161978.651285 350
0.454275 256475.1944084695 614.9024145525681 5592672467.124867 192
0.472446 236762.9322097167 424.9813577058053 4760305049.819621 44
0.490617 137950.5806306419 608.6616219676648 2552720580.050373 25


0.018171 39925.86946404538 1186.819344987127 1303066517974.383 18
0.036342 180396.5791164005 10226.99495555482 1150475633165.16 62
0.054513 225424.1485312443 35858.51275318796 618866499069.225 98
0.072684 84635.7422785981 86176.07341166018 182677058401.3813 210
0.090855 376938.7772412761 119419.4805004016 346954237729.835 350
0.109026 2045683.541549861 72592.3676159912 1154529442041.683 450
0.127197 4265255.181018608 16899.73152021957 1730906947185.333 602
0.145368 4070837.48614227 16681.13715331314 1254504471087.825 762
0.163539 1653658.198962644 80416.65031960786 406196365909.1367 1142
0.18171 304414.9553412261 115173.2170856372 62951933886.38991 1250
0.199881 863157.1168510991 76153.42584137165 141943413951.1829 1458
0.218052 1845074.647344044 34783.36002796874 252317512613.7902 1814
0.236223 1691064.547685158 25386.02600489571 197104686894.0098 2178
0.254394 1232542.743727333 34936.27899296823 123980458428.7446 2498
0.272565 1122396.296370293 35689.83641547459 98067312280.11497 2622
0.290736 901223.0101609109 28574.11176161629 69082540342.45564 3191
0.308907 643143.2735011533 23354.73089815969 43704302193.77671 3044
0.327078 544446.8329085958 12593.4864619847 33006165946.58807 2736
0.345249 409984.7187380242 9569.729357189182 22274759910.27813 2276
0.36342 218969.3777009912 11853.36626890649 10734843682.78998 2016
0.381591 192708.2357222685 9067.915438944781 8570281402.669051 1640
0.399762 177691.08816848 6549.060701366541 7195654325.857186 1056
0.417933 98136.60982263478 4983.878708476293 3634955172.030684 683
0.436104 48128.362752933 4999.342227826794 1641133575.790341 350
0.454275 14988.90691025939 6099.756320903292 474218119.4560626 192
0.472446 28903.99988447346 4886.641090969042 839204181.8193707 44
0.490617 31734.77387252972 2412.464316512008 846528083.3204317 25


0.018171 49915.1074936344 12.16737385261053 1870567215111.167 18
0.036342 302375.5151321779 768.1954320278415 2279899811790.668 62
0.054513 653802.1192539021 7298.914921788795 2023265806702.177 98
0.072684 799238.5343468679 33311.15165764272 1366229272512.652 210
0.090855 200717.6849674667 82653.45553583046 262250302435.3752 350
0.109026 303211.3545660273 85367.57635910803 246819656899.0768 450
0.127197 1878699.861465423 44729.32571756825 1002863314212.401 602
0.145368 2912859.738258773 4580.973641817868 1172488164553.493 762
0.163539 1650898.923916879 34850.67457752927 528166261314.994 1142
0.18171 350013.2144681966 71805.18518245708 93371868230.49998 1250
0.199881 531654.5087135893 52675.36555014944 114635792672.1595 1458
0.218052 1204352.428754546 24840.70794425543 215228116223.1832 1814
0.236223 1047464.468489966 20371.93390924025 159547126041.912 2178
0.254394 749531.4307473769 26135.37203476956 98552551530.82706 2498
0.272565 781745.2357367863 22785.393305949 89217282493.00926 2622
0.290736 654264.8697352472 17338.26395569004 65493149966.73215 3191
0.308907 443662.8700885108 15255.09709975679 39378403167.87206 3044
0.327078 341677.514304294 9464.67676074558 27057536744.57797 2736
0.345249 214083.7576568302 8700.365641129913 15200975467.31088 2276
0.36342 137122.9289482717 8190.089499666246 8783030336.111925 2016
0.381591 103674.8658056599 7001.038160091159 6026374348.317359 1640
0.399762 87346.47867712427 5639.442277957609 4623358532.284516 1056
0.417933 52497.3288508008 3800.148077992716 2541171885.076715 683
0.436104 60752.56049346738 2136.948009593442 2701383646.307591 350
0.454275 99127.71623241725 497.5810230289036 4063460020.908456 192
0.472446 96770.91425117775 198.742862104535 3657272702.790563 44
0.490617 55812.23824535705 269.3449134293555 1941369233.044217 25


0.018171 24913.24576255346 378.3949666952379 1336778306489.981 18
0.036342 200118.8048912039 1158.425948683447 1907276156529.646 62
0.054513 621443.5046497241 323.9926157341317 2350691451618.76 98
0.072684 1209637.281443597 3183.10133749645 2474629918465.259 210
0.090855 988006.8102565799 32290.49505223625 1316674207171.379 350
0.109026 128855.5411024365 65855.26533627285 146025939649.0589 450
0.127197 460664.5223699525 63687.80603248712 317421653650.0901 602
0.145368 1762261.245923719 15535.1842341836 878106681999.0818 762
0.163539 1620001.201151922 10984.83398636224 638497272140.8026 1142
0.18171 517044.9554724326 43272.94236095757 167746314837.6535 1250
0.199881 295642.4873569414 41659.539527765 79432558529.04752 1458
0.218052 780610.2702864533 21661.94366208332 172462391658.5289 1814
0.236223 713371.7714096013 16685.16847731649 134243890644.5149 2178
0.254394 530082.3350100829 19595.05652658739 86103991760.31755 2498
0.272565 580286.8439312618 16249.70530825048 81772636668.32735 2622
0.290736 489673.7036715681 12240.96677970596 60515890279.66644 3191
0.308907 321670.2091332228 11221.78674312561 35254244677.43724 3044
0.327078 234451.573098814 7457.101587022285 22927077526.64844 2736
0.345249 139605.2476555046 6920.373606057725 12244719899.09322 2276
0.36342 108784.1856082347 5626.427567757079 8600813963.358568 2016
0.381591 76628.68102567285 5044.318490846529 5499823037.218446 1640
0.399762 76460.58118101714 3608.766945435508 4993696940.224664 1056
0.417933 70762.69344026195 1527.605880340494 4221533182.864976 683
0.436104 61234.92388943803 936.0375432740079 3358746672.456904 350
0.454275 51576.55953102584 1220.594492994332 2610692479.582437 192
0.472446 26481.75224657045 1887.339651627783 1237529778.789173 44
0.490617 6176.808376425285 1542.175731518028 266882724.7312754 25


0.018171 2403.06661347713 850.1491671021142 612248290841.9282 18
0.036342 43775.48318112789 4549.14024313416 696092951478.0906 62
0.054513 257396.9061781991 7526.214691714009 1237784670790.392 98
0.072684 850625.880227976 4921.621729175534 2087650506093.608 210
0.090855 1395940.295037035 3455.353101670423 2171976376261.743 350
0.109026 726860.1956439507 29836.10638849232 799971625237.3629 450
0.127197 91042.92327145935 58296.08168942485 91402822400.07095 602
0.145368 728991.8536167315 33317.79569038365 438330604085.7515 762
0.163539 1345127.374987141 5022.884154811946 630821017287.7053 1142
0.18171 725539.5838868758 22091.05739992866 277741260171.5875 1250
0.199881 215762.0443671862 32563.26985069527 69397739074.29985 1458
0.218052 505326.3660679129 20080.39613232673 133207914208.3939 1814
0.236223 510359.4509996342 14229.67514016395 114416735586.1431 2178
0.254394 394962.6129465846 15540.13358996876 76416319494.15562 2498
0.272565 430076.7836600783 13116.84824172004 72166875082.8102 2622
0.290736 376748.2645024607 9471.495474747526 55421936554.33163 3191
0.308907 249982.6131945316 8579.73301068595 32611992429.73592 3044
0.327078 177275.6040104199 5866.778158220179 20635958882.06483 2736
0.345249 104609.2246254731 5425.079045258511 10923820476.03756 2276
0.36342 87766.96190149766 4188.403537451612 8258133894.104312 2016
0.381591 66095.1815629871 3617.555444664919 5643913897.066926 1640
0.399762 74852.34182357359 2190.690522069068 5813501361.856094 1056
0.417933 60518.82102639819 974.046404874478 4295093159.661009 683
0.436104 36721.06716222971 1129.756687186605 2398012406.160501 350
0.454275 13567.72451157237 1919.104970626436 820672423.1533457 192
0.472446 3157.507837027439 2079.737517650078 179096570.1861996 44
0.490617 2145.427179187368 1265.408211189351 111615589.9979805 25


0.018171 3108.533270768313 647.5071158255448 683832642276.0662 18
0.036342 3806.962963838374 4713.004502870954 330180050761.4666 62
0.054513 12678.38148462582 12502.75404320354 230042526994.2076 98
0.072684 239547.9336502131 18611.08378762484 759418220860.2543 210
0.090855 995464.0229494092 6631.348693893486 1808037985570.622 350
0.109026 1155961.908499304 4557.561875510185 1446123892779.409 450
0.127197 472505.4119326597 33419.83132911949 443280884076.9094 602
0.145368 149144.5622072595 41516.12301467854 113991120044.7053 762
0.163539 853181.657454363 11555.10065836994 465770802965.3411 1142
0.18171 837217.5936961408 8893.541108835423 370315335001.2401 1250
0.199881 268592.6129916662 22831.77998672219 99258715059.5423 1458
0.218052 341627.3237304282 18296.58123572239 104816222809.4325 1814
0.236223 378618.6461962256 12438.89161943087 98580014927.44566 2178
0.254394 303126.6071295596 12886.63950833438 68094436013.79118 2498
0.272565 311726.4124122505 11638.97994844448 60739543538.00455 2622
0.290736 293203.0237638047 7889.695621494497 50045726573.36906 3191
0.308907 203815.9978636902 6747.762291270381 30843729920.99781 3044
0.327078 142020.798350266 4696.356019424231 19177844325.62283 2736
0.345249 85019.20745358159 4294.918668165734 10299341951.27223 2276
0.36342 71067.54462020051 3325.047638037556 7756775284.638076 2016
0.381591 56564.16043524456 2761.86859091218 5601263469.652003 1640
0.399762 67012.03876509111 1503.943099499428 6033998319.164415 1056
0.417933 44384.07407270388 940.7617728503012 3653840155.829063 683
0.436104 21616.0190178973 1191.59443459301 1638920389.519878 350
0.454275 6497.785493440229 1681.698389015237 458346258.8679525 192
0.472446 8890.850855509181 1412.402995933442 575570960.4728708 44
0.490617 11198.12753824511 653.7185578465771 664467445.8017917 25


0.018171 14088.46725388957 153.097776499383 1268489635421.214 18
0.036342 63884.55373417459 1888.021253628458 1108721897733.26 62
0.054513 69915.51668196089 8396.788712575701 561938528357.6521 98
0.072684 18802.44875323656 21391.31303882195 179833268289.2349 210
0.090855 308566.5502008366 22505.87793134311 686540456506.0359 350
0.109026 946052.3790403792 3809.778762302279 1349063073917.839 450
0.127197 935233.0107342781 9193.004615508249 969446529130.0089 602
0.145368 152922.2657101387 33351.69956783304 131539034974.2185 762
0.163539 362269.0160388216 21070.01318372351 228890469694.5854 1142
0.18171 757707.2887400375 4959.472236068335 381145098500.2308 1250
0.199881 378332.3536358994 13468.04477441566 157620122822.3401 1458
0.218052 267512.7235823629 15597.46645947425 93612570267.759 1814
0.236223 298231.5493625905 10734.38837127547 88466293728.87819 2178
0.254394 246083.5914007135 10742.19550638477 62958927877.14955 2498
0.272565 224605.2390544932 10707.71428747331 49892027393.95308 2622
0.290736 227814.9042253221 6983.719646686377 44277648216.72214 3191
0.308907 170537.0771721688 5472.850452417417 29370975326.56097 3044
0.327078 117887.7781881962 3840.819015272516 18116906198.95389 2736
0.345249 73432.46300114498 3418.841341185925 10122235932.3772 2276
0.36342 57897.24310805058 2763.219607262388 7192739314.724584 2016
0.381591 46501.15948862163 2278.24869530343 5240750631.938176 1640
0.399762 57119.25922681422 1177.015690667301 5851393168.00434 1056
0.417933 32731.49311689216 918.1753211895643 3067021093.881789 683
0.436104 15148.32139695791 1075.352055580553 1308121565.783682 350
0.454275 8520.410770367367 1261.009646812116 681145687.6888028 192
0.472446 15677.54755092757 853.878095920698 1150203901.234246 44
0.490617 16097.60225841148 288.1175011888652 1085082085.524729 25


0.018171 15308.27748814722 12.54696360066735 1421236662951.088 18
0.036342 100256.9729715214 41.70692638738623 1719752365051.656 62
0.054513 221850.9764052718 1672.814526542305 1542317583258.339 98
0.072684 234350.0464717854 10839.58837914437 927578092286.413 210
0.090855 33815.60131924436 26613.58726503942 154662981829.4457 350
0.109026 375663.5203287351 17240.2935846064 623620736642.8077 450
0.127197 945429.7845031396 2345.519607221896 1095293982332.055 602
0.145368 489058.4067930765 16040.03586197074 436183643056.8418 762
0.163539 112206.0456746202 24338.61293992384 84729882452.41133 1142
0.18171 514870.7465612925 8322.548844430285 291454025584.4327 1250
0.199881 449457.4151040637 6882.724085724809 209054601565.1104 1458
0.218052 253286.8421373643 12215.17527836 99300993188.8298 1814
0.236223 255264.0609080204 8921.012606526159 84949615166.1142 2178
0.254394 219222.5382724808 8642.719398590178 62889833594.37565 2498
0.272565 173393.6674256565 9571.361794324574 43263938053.97389 2622
0.290736 177624.1361923711 6380.446518473565 38747971369.25057 3191
0.308907 144200.4697935572 4593.152731169074 27853172477.755 3044
0.327078 100283.4106699934 3202.953664960328 17282623548.05411 2736
0.345249 66775.17774434044 2708.280861946159 10317925324.12098 2276
0.36342 47855.02095173333 2360.264229766112 6668543549.1529 2016
0.381591 36907.31571106326 1998.545473302484 4666622000.429389 1640
0.399762 47852.55174045632 1004.828128787594 5496312194.932231 1056
0.417933 25544.90855404065 847.1995977334013 2684641615.964751 683
0.436104 12283.00936157273 920.441129885538 1189828198.015516 350
0.454275 10331.80411588896 944.6393912662483 923871776.6342198 192
0.472446 18161.3893553872 540.5151315423122 1492218324.054794 44
0.490617 16785.40624290371 128.8198011905571 1267816175.022531 25


0.018171 6081.385625163051 242.4292375969582 963156045533.7721 18
0.036342 60841.56573922942 854.4711491483623 1264214159486.133 62
0.054513 220663.0659740664 389.5672768425592 1680613433229.001 98
0.072684 442127.3820670595 1258.956857225476 1798192706108.314 210
0.090855 271043.9784980023 14850.99930555277 747476739120.4464 350
0.109026 37597.87539315844 24352.94112094901 108213476447.8792 450
0.127197 523102.4788324941 11561.54768714817 681934748570.1514 602
0.145368 720241.6383330586 3606.560099494869 702511502819.7047 762
0.163539 167671.5925802535 18530.16946394813 135397201939.695 1142
0.18171 249538.8634273023 13628.43616130537 158843562548.2592 1250
0.199881 420468.9628014118 4680.654820948196 216594631952.6162 1458
0.218052 260192.066226002 9019.024721111187 112800488707.5158 1814
0.236223 231169.3485956929 7242.77252603133 85253032361.28366 2178
0.254394 211359.3307208055 6614.344517888955 67139133365.64516 2498
0.272565 156955.985404297 7931.776984654841 43401976650.10542 2622
0.290736 142883.4591409144 5798.973950658275 34579560144.8834 3191
0.308907 122487.4924612378 3978.099496657297 26228555199.70999 3044
0.327078 86827.5743119559 2717.925468983347 16585113864.93997 2736
0.345249 63011.60623004749 2121.986347058358 10784909848.73784 2276
0.36342 40781.79923167598 2032.681235257408 6299798039.62062 2016
0.381591 28837.09280236792 1811.473154747622 4044708192.901681 1640
0.399762 39760.73916213919 908.3613112767003 5061539126.481291 1056
0.417933 21187.70961290168 751.827367405274 2468100470.900366 683
0.436104 10573.7872594755 785.9653456309384 1135325414.854174 350
0.454275 10442.19406691245 751.7652177097347 1033891534.972539 192
0.472446 17666.72650879533 389.709428146624 1607829619.104841 44
0.490617 15598.33904013079 69.6180941212027 1305151439.409809 25


0.018171 51.48232199274071 385.3452956897453 623325501461.6462 18
0.036342 7942.565912250085 2234.402215151598 476021909000.808 62
0.054513 83344.51148453222 3922.230581436797 816755840849.4193 98
0.072684 341208.0319171508 2476.689973569432 1544570521116.294 210
0.090855 546340.5713996801 2565.461346902841 1552232729547.142 350
0.109026 166373.7197017527 16808.56577915702 358209153597.8412 450
0.127197 118347.6441234399 21340.23324298223 190842391795.7953 602
0.145368 602643.9964478803 3864.72207748474 646392466650.5917 762
0.163539 365264.398413414 8757.043700890765 312247633273.8644 1142
0.18171 112476.3065459876 15418.39013604132 81281358073.57623 1250
0.199881 303576.7078670002 6153.371390912431 172263330348.9332 1458
0.218052 255305.574052572 6854.497496472422 121345965967.9523 1814
0.236223 207141.3630421932 6100.35521112178 83875280740.85713 2178
0.254394 204992.7227666266 5034.772507394542 71419212090.65971 2498
0.272565 162390.4242252685 6022.824082053568 49209595195.09933 2622
0.290736 122660.0062809837 5104.715470857024 32606374444.30673 3191
0.308907 104917.5304419317 3516.183389288362 24671905165.53913 3044
0.327078 75985.23852860901 2348.922720879073 15934680882.53864 2736
0.345249 60237.22189827064 1657.609170911667 11311533270.61871 2276
0.36342 36489.95231352213 1733.026697499827 6187753810.611888 2016
0.381591 23192.50641662124 1641.287583007383 3574590259.496522 1640
0.399762 32729.03885229409 856.1670859414918 4574619241.640693 1056
0.417933 18532.26285742929 650.1016400451666 2369694553.397743 683
0.436104 9241.320186914294 680.9790416900898 1089419289.173228 350
0.454275 9327.186360363849 644.512420164236 1013718641.397494 192
0.472446 15712.66040121393 327.8094911522841 1569408551.099102 44
0.490617 13835.04566165576 52.74748940212017 1270389746.066099 25


0.018171 3438.048879472401 228.3625252040782 868395307909.293 18
0.036342 7851.950009647886 1947.93502229537 496851005991.2673 62
0.054513 1405.014026889002 5853.813375939629 224345544112.7856 98
0.072684 93676.39091116011 9028.478236429362 564933575470.718 210
0.090855 469558.2370981003 2569.265612826793 1458514098543.581 350
0.109026 454300.5040956004 4542.904329472493 974932291494.7047 450
0.127197 86095.83477777973 19460.92151318587 158154601746.8151 602
0.145368 273631.7805264607 11978.12435835394 328020940968.6902 762
0.163539 463576.7938496204 2908.015672941934 428174128294.6097 1142
0.18171 146655.0038808172 12001.66146390875 113350792439.4429 1250
0.199881 173450.4639758909 8583.913063235132 108392813284.7065 1458
0.218052 227085.4309200224 5941.532423893274 117609886121.0461 1814
0.236223 174665.2541135908 5630.257094664576 77129271350.09238 2178
0.254394 185194.4142137767 4270.022208779258 70274519784.62471 2498
0.272565 168890.5529761215 4419.317642473836 55648288721.05227 2622
0.290736 112816.5154806218 4331.599503009501 32658610329.0638 3191
0.308907 91365.64010192544 3129.623361749273 23408313726.04976 3044
0.327078 66629.64047553064 2077.065407121437 15220855388.41932 2736
0.345249 56691.82108256307 1332.03404801441 11589580497.76922 2276
0.36342 34477.47327023627 1444.210993048017 6364863356.58541 2016
0.381591 20565.19273391396 1439.583464739434 3453020515.225533 1640
0.399762 26666.80339981469 828.8902808881401 4061077304.356258 1056
0.417933 16968.24722563021 549.0360361637432 2362481358.874341 683
0.436104 8150.091102591885 598.1382521615593 1046578477.167772 350
0.454275 7605.163426093183 588.243388516421 900857381.7706904 192
0.472446 13099.65251096961 315.1182167127923 1425077174.214381 44
0.490617 11925.81355002591 56.46670479430886 1192415521.809068 25


0.018171 8469.805525253221 23.77265366612707 1257617385176.894 18
0.036342 42602.55991983155 555.6585109921039 1187336568876.274 62
0.054513 54560.94949085345 3456.990833686222 687144972038.0177 98
0.072684 16635.55405551397 10273.59151462961 232448090211.6165 210
0.090855 167029.5422482188 10587.21035424413 619323187977.3571 350
0.109026 490484.2107933237 1104.707608496279 1130443673639.16 450
0.127197 331669.5981174934 8820.41587531426 565341793667.5452 602
0.145368 61084.94786589778 16777.97991802708 92449534218.16241 762
0.163539 360091.6376288686 4295.22909989494 361232677931.6077 1142
0.18171 259190.3093473808 6347.085806243807 211774519731.1494 1250
0.199881 107427.3914728837 9226.467962061712 73751895950.07777 1458
0.218052 186662.257847988 5790.402236540571 104828332727.9601 1814
0.236223 140367.0635543667 5508.807565888552 67234097983.37746 2178
0.254394 149911.9201645874 4295.325159358711 61649018777.15472 2498
0.272565 159632.8331738611 3603.743492638177 56879574670.15189 2622
0.290736 107132.7526593118 3619.840816832122 33537402569.89508 3191
0.308907 81104.41732669303 2788.127377832508 22487191413.65604 3044
0.327078 58055.83675942719 1887.938527474594 14353376804.8864 2736
0.345249 51215.52929735402 1155.817113125783 11326371250.31433 2276
0.36342 33784.81158808198 1176.299657832241 6743053213.219348 2016
0.381591 20888.86692874023 1190.24412946751 3790479421.162812 1640
0.399762 21661.13648203342 808.5398233469224 3571049943.115488 1056
0.417933 16122.83472260274 451.8608490692642 2427549672.59421 683
0.436104 7366.3908513862 527.0893568706874 1023439799.812768 350
0.454275 5757.658443626404 557.9429308861587 739089158.2586042 192
0.472446 10196.61130892693 331.5461967529656 1200638832.394087 44
0.490617 9919.156555016054 74.9630233909233 1072913720.440178 25


0.018171 6993.963058272028 40.1812715144628 1190420688446.343 18
0.036342 52182.29894575263 30.28606642528313 1447587870164.889 62
0.054513 130157.9176147804 406.1227024577206 1417805545805.184 98
0.072684 147763.66837529 4830.928566810782 919422707428.3525 210
0.090855 22728.58346648678 13750.55090171922 174394285774.0419 350
0.109026 244834.3719265689 7446.891488303209 630537725916.0217 450
0.127197 485434.3950184414 1610.332694215905 872157975033.5994 602
0.145368 124802.1500769581 12747.84628891914 182826107234.9681 762
0.163539 165098.2173332454 9131.007855154325 183085182289.5655 1142
0.18171 312061.5765392527 2999.557660057994 272558744572.3585 1250
0.199881 124506.8064572677 7341.674540205265 91178549596.02896 1458
0.218052 153151.9839488847 5674.198355042536 92793270348.47046 1814
0.236223 118251.8594522666 5195.910170331765 61065041391.53677 2178
0.254394 111946.6461613276 4612.884099543897 49706502916.95045 2498
0.272565 132657.9046751225 3582.267538425622 50912553745.56614 2622
0.290736 100394.5520602511 3097.907311903742 33800074298.79445 3191
0.308907 72829.17687709232 2497.748365204855 21727662030.14056 3044
0.327078 50161.71992191645 1758.360991152147 13348711787.78705 2736
0.345249 43751.41419707908 1110.63314225159 10412978665.40703 2276
0.36342 33139.40205394704 957.0582348553959 7110458608.154071 2016
0.381591 23165.56540791142 914.9197540602081 4513828482.056724 1640
0.399762 17888.0412604955 778.709158370031 3174591411.356819 1056
0.417933 15656.37435287287 363.5437613579125 2534518390.728084 683
0.436104 6991.160113956576 458.8566909380824 1044514694.360898 350
0.454275 4176.939854524692 534.5520820827666 578421529.6304561 192
0.472446 7249.605305587777 363.7612565588193 919437069.0258905 44
0.490617 7775.324309127262 106.8344036476523 904909377.9581462 25


