3162277656292.7833812985 .050 00001
3162277656292.7833812985 .275 00002
3162277656292.7833812985 .500 00003
1584893190515.8831855573 .050 00004
1584893190515.8831855573 .275 00005
1584893190515.8831855573 .500 00006
794328233827.3708284086 .050 00007
794328233827.3708284086 .275 00008
794328233827.3708284086 .500 00009
398107170103.2659346635 .050 00010
398107170103.2659346635 .275 00011
398107170103.2659346635 .500 00012
199526231270.8813596550 .050 00013
199526231270.8813596550 .275 00014
199526231270.8813596550 .500 00015
99999999896.5497476337 .050 00016
99999999896.5497476337 .275 00017
99999999896.5497476337 .500 00018

3162277656292.7833812985 .050 00001
3162277656292.7833812985 .275 00002
3162277656292.7833812985 .500 00003
1584893190515.8831855573 .050 00004
1584893190515.8831855573 .275 00005
1584893190515.8831855573 .500 00006
794328233827.3708284086 .050 00007
794328233827.3708284086 .275 00008
794328233827.3708284086 .500 00009
398107170103.2659346635 .050 00010
398107170103.2659346635 .275 00011
398107170103.2659346635 .500 00012
199526231270.8813596550 .050 00013
199526231270.8813596550 .275 00014
199526231270.8813596550 .500 00015
99999999896.5497476337 .050 00016
99999999896.5497476337 .275 00017
99999999896.5497476337 .500 00018

3162277656292.7833812985 .050 00001
3162277656292.7833812985 .275 00002
3162277656292.7833812985 .500 00003
1584893190515.8831855573 .050 00004
1584893190515.8831855573 .275 00005
1584893190515.8831855573 .500 00006
794328233827.3708284086 .050 00007
794328233827.3708284086 .275 00008
794328233827.3708284086 .500 00009
398107170103.2659346635 .050 00010
398107170103.2659346635 .275 00011
398107170103.2659346635 .500 00012
199526231270.8813596550 .050 00013
199526231270.8813596550 .275 00014
199526231270.8813596550 .500 00015
99999999896.5497476337 .050 00016
99999999896.5497476337 .275 00017
99999999896.5497476337 .500 00018
