0.0422713 2.920314521323163e-05 1.784600004392052e-07 3.046485602397976 18
0.0845426 0.0001375391122570271 1.463915496854247e-06 4.491654636461324 62
0.126814 0.0003514027872032839 5.346149535757212e-06 5.059379892202662 98
0.169085 0.0006934148382326173 2.03246656315285e-05 5.582143782425538 210
0.211357 0.001168151378050748 5.301642873835108e-05 6.114823274063699 350
0.253628 0.001502209679276592 9.965585358018983e-05 5.498608496394907 450
0.295899 0.002213501725931548 0.0001711714918021089 5.912521393431374 602
0.33817 0.002806892419104709 0.0002953135634763518 5.713330383523127 762
0.380442 0.003465263504433903 0.0005470172482417987 5.602003894839322 1142
0.422713 0.004305064292477442 0.0007903754754278227 5.660080865500645 1250
0.464984 0.005063325025645597 0.001164800200359128 5.486084248382331 1458
0.507256 0.006608172034345145 0.00159955433691426 6.000100468215849 1814
0.549527 0.007402479485209914 0.002232847626873582 5.736414684363014 2178
0.591798 0.008991859856956328 0.003005711940920918 6.012499304901042 2498
0.634069 0.01039227326586061 0.0041537831805232 6.039170056866147 2622
0.676341 0.01151921780554982 0.0051004976566183 5.87588029457967 3191
0.718612 0.01281376005564025 0.006253572957106469 5.795907718509732 3044
0.760883 0.01474282523208624 0.007654000166770768 5.953923901914504 2736
0.803155 0.01606493764044133 0.009854194638232524 5.816741619637432 2276
0.845426 0.01835630510266804 0.0117532095962966 5.992748282388911 2016
0.887697 0.01904088927145441 0.01388582826824075 5.642221503499854 1640
0.929969 0.02246034935338339 0.01649136394159015 6.06246373826877 1056
0.97224 0.02188917221019246 0.02038277542551715 5.40485808376366 683
1.01451 0.02514708345164109 0.02244508859736532 5.710021283338717 350
1.05678 0.03035174981624569 0.02779544926129906 6.358927650562962 192
1.09905 0.03713245735776848 0.02807278118136896 7.171022495841414 44
1.14133 0.02117979857281081 0.02537414545275471 3.766726216516088 25


0.0422713 67.98063352228789 0.6871329253404733 114748474.5553974 18
0.0845426 542.0976377678562 0.3012374112155622 187490498.371952 62
0.126814 402.5418960066787 0.8144953340724307 57902713.00809138 98
0.169085 50.41172877303407 1.765894656799829 4034029.412626185 210
0.211357 136.6692058891529 0.2039751144847289 6894304.866553855 350
0.253628 8.123756100413546 0.5041431497656675 289030.8587510117 450
0.295899 26.33371802681517 0.06906894940278666 671440.3223621101 602
0.33817 3.643074042641715 0.1613378529110359 71028.49559985225 762
0.380442 5.252037008130327 0.03506573842612421 80713.59961394571 1142
0.422713 1.840208827111864 0.05065399554392352 23013.26199796126 1250
0.464984 1.356188663005371 0.02730179026782823 13951.10447402145 1458
0.507256 1.032314794760401 0.02219763610084422 8893.787076644805 1814
0.549527 0.8843865327158854 0.01356625756876235 6495.070078037595 2178
0.591798 0.602237675786044 0.01439360343416424 3816.170602125058 2498
0.634069 0.4700255574302097 0.01587651991551276 2588.149476846888 2622
0.676341 0.3619923655405772 0.01070257810531607 1748.715234144985 3191
0.718612 0.2398276458045615 0.008573065345892998 1027.211003767756 3044
0.760883 0.1461465923095984 0.005720428236321649 558.8157371532988 2736
0.803155 0.09234216606297938 0.005373927912966669 316.603712236594 2276
0.845426 0.09510469368826982 0.003669110681744309 293.8175541483789 2016
0.887697 0.0969674720916765 0.002419117590624374 271.760399450677 1640
0.929969 0.07328259777018667 0.002679447264006157 187.1176914740523 1056
0.97224 0.02961891269676354 0.003551750492304588 69.26094958586798 683
1.01451 0.04188691856692455 0.00203567214447511 89.96410825290947 350
1.05678 0.07035391778309255 0.0007144162810013606 139.3315109010364 192
1.09905 0.06220517741508444 0.0003286465626006949 113.5812434470796 44
1.14133 0.049194652261471 0.0005732660276299194 82.67641810389264 25


0.0422713 47.64043784029108 0.2630046524697477 152286605.8741826 18
0.0845426 68.64609920593045 0.5875955996081413 46442434.9544303 62
0.126814 188.4477024389948 0.1808723237896637 51409069.23127755 98
0.169085 48.1918498230002 0.4666375353805339 7244093.199715711 210
0.211357 32.55771829588551 0.2233241500385796 3125587.476577687 350
0.253628 21.72757905314385 0.0560846320081495 1444289.932867678 450
0.295899 8.575346123105733 0.04847259954821334 414960.0148105848 602
0.33817 2.805238108420824 0.03839010485112602 103369.0645046093 762
0.380442 2.012333273359551 0.01698273475205103 58656.64419205378 1142
0.422713 1.115088839911352 0.01219955556110796 26406.31753708666 1250
0.464984 0.6962672308575965 0.008277669132316102 13572.71907712946 1458
0.507256 0.4705897670090834 0.006860950906030506 7684.629026639407 1814
0.549527 0.4068629562499492 0.004539751596064846 5663.070410832912 2178
0.591798 0.2688380209317899 0.004605164879293436 3228.890215049515 2498
0.634069 0.2343819889871317 0.004620227328191263 2445.556666298175 2622
0.676341 0.2003773283872777 0.002875871446565136 1833.770653909849 3191
0.718612 0.1382057784322767 0.002223159891507653 1121.303103090309 3044
0.760883 0.0737498205348702 0.0016542082027766 534.3132319260592 2736
0.803155 0.05939022544310298 0.001279170700345717 385.6034833692948 2276
0.845426 0.04893859259396218 0.001061105421691208 286.4551374256174 2016
0.887697 0.03181268855883342 0.001130512439484108 169.0667223411305 1640
0.929969 0.02791427154521147 0.001010276064767516 135.1208923091065 1056
0.97224 0.03163578344534093 0.0004978983555035137 139.9270128459554 683
1.01451 0.01582216823267403 0.0007814660887861113 64.42719416608993 350
1.05678 0.00933499465969034 0.001096725595868191 35.13741579635627 192
1.09905 0.01309512482001609 0.0007031891860347189 45.36211114759759 44
1.14133 0.01836494071485984 0.0003741551534380106 58.49556585189507 25


0.0422713 72.74496827537722 0.009251332971788147 327155069.3899859 18
0.0845426 41.71042069528607 0.34781228538167 42074086.61561663 62
0.126814 115.4630464064405 0.05933736474301562 46417534.24173041 98
0.169085 35.00667188136815 0.2307538078790689 7750820.332889682 210
0.211357 22.18708908887731 0.1008753411866815 3136895.545453536 350
0.253628 6.996202518194591 0.05767773593662117 687963.918895224 450
0.295899 5.561104925453064 0.02518932774616044 396379.7395852426 602
0.33817 2.587994102677336 0.01460806841991715 140206.0036461245 762
0.380442 1.451244643275393 0.006961120322113185 62268.07420661789 1142
0.422713 0.6299284384596563 0.00662584564552865 21981.27504589232 1250
0.464984 0.4336121175040657 0.004169995811051034 12449.34804338119 1458
0.507256 0.3696351380191489 0.002761006045749154 8882.998992852552 1814
0.549527 0.2117580296709554 0.002667195349145865 4342.913741115399 2178
0.591798 0.195486905101323 0.001977482430249213 3456.129089791009 2498
0.634069 0.178102666402104 0.001946553464876766 2735.21194693797 2622
0.676341 0.1101303997349447 0.001607149740931923 1484.604879526118 3191
0.718612 0.08693356538146461 0.001090168722016421 1038.575043901538 3044
0.760883 0.05117640437491019 0.0007519258110426897 545.8470463596252 2736
0.803155 0.0359469809516564 0.0006567267671468033 343.7069625027133 2276
0.845426 0.02940603075859807 0.0005476512127996316 253.4772006580256 2016
0.887697 0.02692344962787577 0.0004362164446510295 210.5563009003474 1640
0.929969 0.02075260814961066 0.0004370046005955874 147.8652361670876 1056
0.97224 0.02138421721177903 0.000235119429775083 139.2520678037082 683
1.01451 0.006684830286215786 0.0004502607911072404 40.13724064209963 350
1.05678 0.01718826147216814 0.0002591269316551479 94.99180871766013 192
1.09905 0.02075062195429635 5.59206243464381e-05 105.6840515006229 44
1.14133 0.0183133752389527 4.228264572243781e-05 85.83932298093164 25


0.0422713 3.667171846936777 0.1218968866114299 36767443.29081447 18
0.0845426 87.50649978683651 0.054547213359829 112516067.4993982 62
0.126814 35.62676020058186 0.161421479290107 19218262.97337676 98
0.169085 36.43506663664679 0.1094650919098568 10617120.70014014 210
0.211357 17.47524947600806 0.05528892286500008 3263398.058440797 350
0.253628 4.61759822408517 0.03625999447624812 600801.7948284087 450
0.295899 3.293337015198402 0.01799050889420032 310539.9416349895 602
0.33817 1.581691842102491 0.0100542570204295 113322.8741536975 762
0.380442 0.7048922477030616 0.00619155121129641 40038.64841008816 1142
0.422713 0.5545306074586005 0.0033550817873913 25543.1543347581 1250
0.464984 0.3549542959473408 0.002213653361369385 13457.30806511832 1458
0.507256 0.2343292872404766 0.001899320074152564 7442.697880709546 1814
0.549527 0.1624534515062585 0.001527534889704356 4400.638768893031 2178
0.591798 0.1428129505473347 0.001177971267080247 3335.31035325462 2498
0.634069 0.1158749699616964 0.001289233326895413 2351.541828076978 2622
0.676341 0.08692321482359626 0.0008926008235889658 1547.534724923844 3191
0.718612 0.05972006838262308 0.0006884663020854323 942.5882605493343 3044
0.760883 0.03618277915205857 0.0004607310244655797 509.8260471798275 2736
0.803155 0.02906281130394522 0.0003567883044579702 366.978518485291 2276
0.845426 0.02223486700617534 0.0003159796534473543 253.1521220915192 2016
0.887697 0.01807554884088911 0.0002771086197035459 186.7557404910977 1640
0.929969 0.01521630742870156 0.000255366952232872 143.2088090111506 1056
0.97224 0.01089314932816765 0.0002226931165151177 93.76618481490345 683
1.01451 0.01319740209052832 0.0001180755489786899 104.3965209177374 350
1.05678 0.007204830960923341 0.0002558442651345179 52.6606970012952 192
1.09905 0.00241225793969301 0.0002707983281573533 16.3196348236409 44
1.14133 0.003501261807431994 0.0002071198338294104 21.73716911309447 25


0.0422713 25.55912056133974 0.03234697927785544 196299339.2596669 18
0.0845426 33.9745488490813 0.1137725357857921 55760592.64441797 62
0.126814 14.54149313263618 0.1550235584514347 10046397.61305145 98
0.169085 32.79010004497436 0.05822115817244567 11864554.41376252 210
0.211357 13.39512534741155 0.03724517414118825 3111542.418946118 350
0.253628 3.640988882937406 0.0245066706552252 589236.2086956166 450
0.295899 2.167249541879309 0.01376025742229703 254473.6869951268 602
0.33817 1.275043787652858 0.006545531567670364 113561.7026971977 762
0.380442 0.7476574365983877 0.003084991165637722 52708.01193446877 1142
0.422713 0.3852407025069592 0.002473075482429024 22072.41033590808 1250
0.464984 0.2250763884662016 0.001788396674179355 10617.77779283869 1458
0.507256 0.1844921240293438 0.001257990671496654 7284.155865388718 1814
0.549527 0.1359656282486597 0.0009579185910089814 4577.381646228077 2178
0.591798 0.11440412290234 0.0007673416916761368 3321.022431345152 2498
0.634069 0.09223733538823198 0.0008511457438971361 2326.719301608688 2622
0.676341 0.06897686928400004 0.0005881119400720999 1526.422706597453 3191
0.718612 0.04480293251323026 0.0004715299458715683 879.0955573153262 3044
0.760883 0.02942066627373706 0.0002940142710536405 515.2321586346809 2736
0.803155 0.02164920037597213 0.0002469211709635556 339.835766843743 2276
0.845426 0.01813990344519961 0.0002024709301285162 256.6917269388121 2016
0.887697 0.01551814647495123 0.0001728618845291638 199.2557907369702 1640
0.929969 0.01197430390069974 0.0001692020566345114 140.0792700357002 1056
0.97224 0.009104946655385502 0.0001388601169488942 97.40201413242728 683
1.01451 0.009286621526728118 9.395157792960197e-05 91.32484346271374 350
1.05678 0.004022869602457128 0.0001929056299740456 36.5946973137566 192
1.09905 0.004041524902150149 0.000145107888112866 33.86564029051549 44
1.14133 0.006463313585370937 7.981559690719318e-05 49.76699419350189 25


0.0422713 18.03700912117191 0.02526166853531311 168690807.6657305 18
0.0845426 17.4345358229911 0.1152147124858798 35518444.08182177 62
0.126814 37.17472159668572 0.0443076681660504 29557011.24460036 98
0.169085 16.98616732448969 0.0680517856738652 7409980.210882493 210
0.211357 9.137236778589354 0.03209182121829864 2544281.411825667 350
0.253628 3.24541719582999 0.0169351752915407 627674.2364071747 450
0.295899 1.615987670371525 0.01058840624909057 227164.5415433495 602
0.33817 1.087692134063472 0.004490269081834563 115810.864764448 762
0.380442 0.5577085031309207 0.002489435174187761 47036.14659258735 1142
0.422713 0.3489029925111574 0.00161464876750161 23890.46203186046 1250
0.464984 0.2291266057621718 0.001028058526330357 12910.53394293184 1458
0.507256 0.1565199674170106 0.0008696108983624125 7387.70546989578 1814
0.549527 0.09991891177534676 0.0007557951831739418 4023.528704228654 2178
0.591798 0.08997934679688306 0.000562599052635119 3123.155154742106 2498
0.634069 0.07380257895323161 0.0006235668154875941 2226.002928318152 2622
0.676341 0.0656609594141751 0.0003595261607405936 1736.507878309758 3191
0.718612 0.03817481155999458 0.0003283490245391242 895.4257837265553 3044
0.760883 0.02250842907714708 0.0002255085081935428 471.3554472071803 2736
0.803155 0.01782831942910454 0.0001764688071718612 334.5776217171614 2276
0.845426 0.01484121127252052 0.0001453923383821832 251.0775131230387 2016
0.887697 0.01231804873709401 0.0001262660761897564 189.1013858793907 1640
0.929969 0.01043897263157555 0.0001129144741965804 145.9721262174533 1056
0.97224 0.008127703138871702 8.992457749038437e-05 103.9249552586783 683
1.01451 0.00610865249419697 8.712151374048124e-05 71.85118310688462 350
1.05678 0.009161592117893842 6.197701452075387e-05 99.35572351948157 192
1.09905 0.0016657583633119 0.0001260818906705515 16.7440184684001 44
1.14133 0.000642949651979928 0.000119165990883217 5.99314470852614 25


0.0422713 2.800160384082859 0.05162186889294602 47592978.94644196 18
0.0845426 37.20254757643537 0.02810723342777202 83595407.06739548 62
0.126814 25.24712292064408 0.04490925264904814 23493381.3909138 98
0.169085 11.48921883369854 0.0605213297809728 5872028.676904165 210
0.211357 6.223150387472847 0.02893391184177353 2024425.571141556 350
0.253628 3.329661736745838 0.01086537547378457 748002.1425247327 450
0.295899 1.360055444320656 0.008091373670929838 222573.4127214562 602
0.33817 0.9055474252827199 0.003422531642094793 112222.2350900407 762
0.380442 0.4117770853318642 0.002131385596637138 40451.10186825954 1142
0.422713 0.2695887141372635 0.001337767223689515 21492.15707470385 1250
0.464984 0.1571848631079689 0.0009654655980003505 10317.25148527498 1458
0.507256 0.123233052511368 0.0007072593078370256 6770.608081460299 1814
0.549527 0.1012251646025868 0.0004647163017860314 4739.610578628764 2178
0.591798 0.07482349798833277 0.000439848149843875 3022.338406634546 2498
0.634069 0.0706459048662522 0.0004135378707384129 2478.327641925317 2622
0.676341 0.04358672962055253 0.0003424324486241984 1342.224342903791 3191
0.718612 0.03639188121414403 0.000218103293116965 992.9097126798446 3044
0.760883 0.01880129066302707 0.0001716659535066219 458.1509132883361 2736
0.803155 0.01518799729830283 0.0001316057987932406 331.6447111570466 2276
0.845426 0.01283956446010973 0.0001062989544024717 252.7277892441651 2016
0.887697 0.01030977762835167 9.588713591851464e-05 184.163499910878 1640
0.929969 0.008984375621402309 8.343561290179105e-05 146.1739373208602 1056
0.97224 0.00622138979789253 7.487291537182405e-05 92.5838897270541 683
1.01451 0.005364276970972907 6.289510781705203e-05 73.40814710229208 350
1.05678 0.004082847281526199 8.732550205624454e-05 51.59535893816133 192
1.09905 0.0084102424067785 1.278356822776841e-05 97.80799860027176 44
1.14133 0.007187085589666688 1.242323518382459e-05 76.92544238204862 25


0.0422713 17.66400017918505 0.002733257542914299 213947767.1431973 18
0.0845426 14.19271766084207 0.06533767817616239 38367550.55514782 62
0.126814 8.224554253312574 0.07270329403601757 9168103.130125966 98
0.169085 17.66424087389708 0.02611082684571439 10172475.57830891 210
0.211357 6.026261432038365 0.02099906909689897 2233208.324331764 350
0.253628 3.40378382202361 0.006650320115894524 870929.2393873938 450
0.295899 1.308988834212032 0.005913055651489101 244135.4013033771 602
0.33817 0.7533351515370015 0.002777637727499181 106536.9871474586 762
0.380442 0.3464053386981601 0.001699839026632161 38828.13940533517 1142
0.422713 0.2345416995537543 0.001029131970540708 21328.35596339408 1250
0.464984 0.1395926404261786 0.0007294444903009308 10450.09840796193 1458
0.507256 0.0951965706027563 0.0006076659726046162 5969.526623838294 1814
0.549527 0.06314668767904483 0.0004985016925088597 3377.626564056681 2178
0.591798 0.06157105202873079 0.0003602067378683647 2837.315543546794 2498
0.634069 0.05617084125493942 0.0003436849159992651 2248.216360890022 2622
0.676341 0.04119586835751972 0.0002519581204479433 1446.624049025667 3191
0.718612 0.02779079578399629 0.0001910512973667523 865.1513732795428 3044
0.760883 0.01712825127965007 0.0001277772529127929 475.9933734480327 2736
0.803155 0.0127089451455004 0.0001057408703675474 316.5608948434018 2276
0.845426 0.01089046575780362 8.428698915425601e-05 244.5116759976275 2016
0.887697 0.009534084702992917 6.969755683832102e-05 194.2181592899147 1640
0.929969 0.007510506814868406 6.765926028135865e-05 139.3852667058926 1056
0.97224 0.005712659100183095 5.486898958056104e-05 96.949304409026 683
1.01451 0.004083937840041407 5.502068328421849e-05 63.76606266986263 350
1.05678 0.008163094220815964 2.073840569801135e-05 117.4458201342009 192
1.09905 0.002732775142884372 5.800462936629815e-05 36.32051626746095 44
1.14133 0.0005592452278582841 6.915371157548175e-05 6.906784189295718 25


0.0422713 2.852738279803607 0.03233747978960299 57603740.42008843 18
0.0845426 14.0202737055525 0.0509929452520685 42330569.67586636 62
0.126814 19.04157034273124 0.02843046255494521 22756529.47019975 98
0.169085 12.32493024275962 0.02871230533342433 8015510.014577164 210
0.211357 6.262366681066586 0.01396061465536913 2601092.631217588 350
0.253628 2.859966573046677 0.005566827555314127 822549.6203560793 450
0.295899 1.382552721312457 0.003968063440473841 289178.8407119153 602
0.33817 0.6406234588136213 0.002306828367830509 101814.7558062293 762
0.380442 0.3036517073207071 0.001369184996886843 38239.48991101376 1142
0.422713 0.2052526220432257 0.0008272707893582086 20968.71420204038 1250
0.464984 0.1301872071529256 0.0005507932698708778 10944.82163933853 1458
0.507256 0.1041590809407941 0.0003848085744432033 7329.049881409708 1814
0.549527 0.07293778428505572 0.0003083430526217562 4376.774069824839 2178
0.591798 0.04856443771089253 0.0003134220618354347 2515.061973874064 2498
0.634069 0.04972254312475714 0.0002822448021793413 2235.613073693416 2622
0.676341 0.03645560428362551 0.0001989374789659647 1437.954802982207 3191
0.718612 0.02701725979600194 0.0001392060027686185 944.4916844834119 3044
0.760883 0.01497150072142849 0.0001026316004047042 467.3594129966286 2736
0.803155 0.01130270725304645 8.397515230526978e-05 316.2318700947889 2276
0.845426 0.009043674970739336 7.145591419684264e-05 228.1157642250461 2016
0.887697 0.008215333514328047 5.699194228096307e-05 187.9927294400612 1640
0.929969 0.007037797415808809 5.122701509779579e-05 146.6912487264 1056
0.97224 0.005041552090932541 4.385068381025132e-05 96.10578913807997 683
1.01451 0.003977932367422574 4.055047324810169e-05 69.74826132524102 350
1.05678 0.006177332701103004 2.636909086632688e-05 99.85215940393799 192
1.09905 0.0007004040546160728 6.266067175780432e-05 10.54037517434742 44
1.14133 0.001401272662596834 4.638811273851385e-05 19.2800681078106 25


