0.0323131 1.654148034770413e-06 3.32937245814594e-07 0.5751705490867585 18
0.0646262 1.095573999372144e-05 3.172245842024475e-06 0.8901493584934947 62
0.0969393 3.675387867291173e-05 8.670904938550334e-06 1.237237440969544 98
0.129252 8.949459002217304e-05 2.986441648141537e-05 1.662786799805911 210
0.161565 0.0001850212710142775 6.531957260650323e-05 2.210223940523131 350
0.193879 0.000278999100125763 0.0001055261682536617 2.316924655337279 450
0.226192 0.0004649681230840166 0.0001591831689942623 2.805566734704022 602
0.258505 0.0006584220438939367 0.0002487721010764288 3.021636117934742 762
0.290818 0.0008944449663229768 0.0004153390801377822 3.256444761015536 1142
0.323131 0.001208259902212179 0.0005566983149243936 3.572382249113121 1250
0.355444 0.001521419299107224 0.0007675445136311683 3.704177336926996 1458
0.387757 0.002111324881108643 0.0009952182721451467 4.303906048659854 1814
0.42007 0.002497384797912945 0.001317327694805913 4.34295774547411 2178
0.452383 0.003180791009732098 0.00168981682860577 4.770568949196221 2498
0.484696 0.003831372316086314 0.002241158297482631 4.992577088370693 2622
0.51701 0.004399982003073078 0.002694722391938438 5.034905303151 3338
0.549323 0.005074069810329832 0.003255132867831706 5.151271201803198 3722
0.581636 0.005990982169360311 0.004019597510645335 5.430598027321838 4170
0.613949 0.006778176228826805 0.004838734823092846 5.508971302207969 4358
0.646262 0.007498726699710825 0.005933087232591078 5.495465697437332 5034
0.678575 0.008736063982071638 0.006988947529804792 5.80998891214769 5714
0.710888 0.009687008095835418 0.008179592637504611 5.870666906266869 5982
0.743201 0.01114280185931367 0.00978764794500059 6.174047941833607 6602
0.775514 0.01196578295863369 0.01098597931869854 6.085517283259032 7130
0.807827 0.01331871123010159 0.01313944791273976 6.24403777520216 8034
0.840141 0.0144094307799962 0.01550572830934301 6.24917501072842 8606
0.872454 0.01579344462924573 0.01762441168798489 6.351041172565451 9066
0.904767 0.01725092104410195 0.02048410780977752 6.450062036982392 9962
0.93708 0.01865380966332965 0.02281403365391693 6.501994266059862 10550
0.969393 0.02000970781404523 0.02567499583189892 6.516028942391625 11226
1.00171 0.009100108872041233 0.01213823839871134 2.774804268241118 12146
1.03402 1.511255787056463e-33 1.40287432954102e-33 4.321022275459296e-31 12303
1.06633 1.591496395506511e-33 1.501912077065217e-33 4.277282437226531e-31 12584
1.09865 1.663843511098882e-33 1.592673699191696e-33 4.213793283335237e-31 12120
1.13096 1.730225321746877e-33 1.655807087355642e-33 4.134653978568476e-31 11180
1.16327 1.759253356147028e-33 1.750066877579462e-33 3.973492846004331e-31 11096
1.19558 1.817775967587633e-33 1.788938766438382e-33 3.887055752832089e-31 10056
1.2279 1.883096554873461e-33 1.876674544562014e-33 3.817398377003512e-31 9716
1.26021 1.863384937447855e-33 1.876615590761651e-33 3.58583352674597e-31 8604
1.29252 1.894709442834665e-33 1.846760188546545e-33 3.465180691819415e-31 8060
1.32484 1.880289873980831e-33 1.890646197108865e-33 3.273244456689255e-31 7320
1.35715 1.80864593141363e-33 1.851240293241658e-33 3.001447780477934e-31 6356
1.38946 1.838179733119293e-33 1.701763270134395e-33 2.90962520613022e-31 5348
1.42178 1.770199312255024e-33 1.74465152668355e-33 2.675101068601854e-31 4308
1.45409 1.753449286692855e-33 1.677978840455354e-33 2.533463139670247e-31 3563
1.4864 1.841960056097283e-33 1.640237406646347e-33 2.547740222764962e-31 2448
1.51872 1.83858688342656e-33 1.792955697672638e-33 2.434781926783332e-31 1868
1.55103 1.903717206396207e-33 1.842845075990561e-33 2.415350443763445e-31 1358
1.58334 1.782536330535539e-33 1.857950833968873e-33 2.169613327947139e-31 1062
1.61565 1.795083402665164e-33 1.760784902585735e-33 2.101136505846613e-31 776
1.64797 2.18540285918148e-33 1.808699264993874e-33 2.46192186903444e-31 432
1.68028 1.835602421710778e-33 1.902589065788013e-33 1.982779286904239e-31 200
1.71259 1.828855147923424e-33 1.56637222925472e-33 1.898248042064598e-31 168
1.74491 1.272996249333612e-33 1.820195938065486e-33 1.275060143948083e-31 56
1.77722 2.355730424610445e-33 1.665648056326743e-33 2.275328627561405e-31 7


0.0323131 3.705839241802687e-06 9.93463935618094e-07 24.47385770440536 18
0.0646262 3.052965495847131e-05 1.192551480125688e-05 31.72325834812396 62
0.0969393 5.702596115715506e-05 3.807290217301029e-05 22.74160000914628 98
0.129252 9.717451418372229e-05 0.0001347503775358432 22.2988282219042 210
0.161565 4.163806432376854e-05 0.0003009111298936825 11.20146464172844 350
0.193879 2.122430812445179e-05 0.0004311795068030808 6.50184104886412 450
0.226192 0.0002998595576258823 0.0004712046028818843 16.96292323953421 602
0.258505 0.001081857351555238 0.0003332644624988434 39.10701857763723 762
0.290818 0.002087017808544662 8.012423900931711e-05 57.74281544261697 1142
0.323131 0.002564573525577862 6.357379567458471e-05 57.36063522353385 1250
0.355444 0.00171313419461569 0.0004858261841665445 31.95144399507239 1458
0.387757 0.0004205416107587724 0.001090376337517916 7.29501409609553 1814
0.42007 0.0003344129869209988 0.001174240497630902 5.034832872268843 2178
0.452383 0.002003317168171742 0.0005722646790532183 22.80019006471904 2498
0.484696 0.003471278160456441 9.009259630322918e-05 33.95573937033068 2622
0.51701 0.002460029188041236 0.0004197593760387123 21.20149641798994 3338
0.549323 0.000803868495279014 0.00112832698351032 6.331086488593023 3722
0.581636 0.0007274362354919036 0.001153902365441165 5.11569242854049 4170
0.613949 0.00229161716877496 0.0005617811112219181 14.01016503141147 4358
0.646262 0.002960219614759532 0.0003736929745790312 16.26705266056666 5034
0.678575 0.002021537169869888 0.0007769712816386601 10.11988588142533 5714
0.710888 0.001461151809903373 0.001092928846605722 6.696860192278717 5982
0.743201 0.002074841385969837 0.0009289978623184737 8.64846391555279 6602
0.775514 0.002579079543829053 0.0007420478179648148 9.840187823566806 7130
0.807827 0.002144694494333263 0.001066154512338811 7.557957357984652 8034
0.840141 0.002080670886739648 0.001245949006555647 6.786020728951909 8606
0.872454 0.002519026954979016 0.001174845307514768 7.603319972033094 9066
0.904767 0.003212216321573284 0.001088332511882648 8.999703195619121 9962
0.93708 0.003405297164284253 0.001144948186117872 8.891263228404316 10550
0.969393 0.003240629324714682 0.001407697939223462 7.909041424147342 11226
1.00171 0.001501171861620771 0.0006134344720167285 3.428864176709086 12146
1.03402 1.492399105086961e-32 6.690374125721571e-33 3.197732827157424e-29 12303
1.06633 1.618980974385615e-32 7.133117478906923e-33 3.259879814579815e-29 12584
1.09865 1.776275056638189e-32 7.811616001381117e-33 3.369440400632658e-29 12120
1.13096 1.892134018034911e-32 8.818880263219662e-33 3.38660143117318e-29 11180
1.16327 2.047961237730666e-32 9.362058706995116e-33 3.463604700673046e-29 11096
1.19558 2.212071007248386e-32 1.045272727665598e-32 3.541629314048225e-29 10056
1.2279 2.367881099923834e-32 1.114118274368784e-32 3.593429885227421e-29 9716
1.26021 2.560121934565569e-32 1.196372694385066e-32 3.687440979447364e-29 8604
1.29252 2.69467832895298e-32 1.294715704973274e-32 3.688475935877112e-29 8060
1.32484 2.882728585806907e-32 1.438301612849211e-32 3.755600485296322e-29 7320
1.35715 3.160845626266956e-32 1.458583119585931e-32 3.924540474138662e-29 6356
1.38946 3.411717947940258e-32 1.619832123142468e-32 4.040311173541399e-29 5348
1.42178 3.564898182974926e-32 1.749129695212408e-32 4.030211839880466e-29 4308
1.45409 3.743963298573744e-32 1.87027690554309e-32 4.046582178437445e-29 3563
1.4864 3.859245514858627e-32 2.010274509795982e-32 3.99331953868951e-29 2448
1.51872 4.129768427442523e-32 2.039783834056539e-32 4.090373264672366e-29 1868
1.55103 4.35886978169312e-32 2.419557715338059e-32 4.136521565264265e-29 1358
1.58334 4.843179931461506e-32 2.650005608975265e-32 4.408761614987572e-29 1062
1.61565 5.069083004060891e-32 2.859165067290854e-32 4.437605405519522e-29 776
1.64797 5.50297644756626e-32 2.69402321200561e-32 4.635364301283695e-29 432
1.68028 4.973438745885998e-32 2.827863131166879e-32 4.016991112546697e-29 200
1.71259 4.901721093319712e-32 3.135611836307876e-32 3.804810965373416e-29 168
1.74491 7.26971209960964e-32 3.056770228694969e-32 5.441748696070802e-29 56
1.77722 4.188037574071286e-32 3.010024258046117e-32 3.025469832352795e-29 7


0.0323131 7.235319876307259e-07 6.475400648774116e-07 21.79304164858562 18
0.0646262 4.559914941268613e-06 7.292193544564956e-06 23.65429311535168 62
0.0969393 4.626940786703369e-06 2.115775408324493e-05 14.21483250179593 98
0.129252 1.812245308587881e-06 6.537515586877164e-05 13.03592407799142 210
0.161565 3.15109752305072e-05 0.0001113776338838426 14.82611257203924 350
0.193879 0.0001944480016526842 0.0001005201816600478 27.99307709271049 450
0.226192 0.0005060085601158473 4.389348100675601e-05 45.58977089615612 602
0.258505 0.00077153327698011 7.482716232978238e-06 51.26237739605835 762
0.290818 0.0005667959873929999 0.0001290351346149468 30.62975375422597 1142
0.323131 0.0001155068625732061 0.0003542754414441593 6.807907961050462 1250
0.355444 0.0001902868023267041 0.00036258104182592 7.949567796800419 1458
0.387757 0.0009714081188486381 0.0001199454417632919 28.35702431772561 1814
0.42007 0.001194199757007816 6.388635542299184e-05 29.44162548567616 2178
0.452383 0.0003948273497629565 0.0003789208045983302 8.893509765644607 2498
0.484696 0.0002227922815371867 0.0004701492974431974 4.606299277632385 2622
0.51701 0.001009746470715723 0.0001452499332218513 16.36087371922273 3338
0.549323 0.001063709976442891 0.0001507574423647815 15.257671182404 3722
0.581636 0.0003746224563444896 0.0004147512342468045 4.983538410158248 4170
0.613949 0.0006309718147780657 0.0003285862469776378 7.328022209067579 4358
0.646262 0.001019042540665046 0.0002087962362763979 10.53014196166508 5034
0.678575 0.0007344578666342716 0.0003249377362225916 6.929904063464183 5714
0.710888 0.000792059174032072 0.0003355771356049953 6.795230839901163 5982
0.743201 0.001003168342931173 0.0002913150666860381 7.830598009172189 6602
0.775514 0.0008137605187459107 0.0003753729744090745 5.848419879456086 7130
0.807827 0.0008054136058857663 0.0004280388218342962 5.33771047145544 8034
0.840141 0.00107121361717381 0.0003803273495580398 6.535778793743497 8606
0.872454 0.001128072915122671 0.0004056047295623371 6.377549476325138 9066
0.904767 0.001168703511660543 0.0004698624376204505 6.143456004944957 9962
0.93708 0.001260335148627749 0.0004834500595982654 6.170297641451986 10550
0.969393 0.001396206374868316 0.0004993148994392559 6.37971222683087 11226
1.00171 0.0006183627049225075 0.000227915332747557 2.644767163255366 12146
1.03402 1.288381386573018e-32 5.054372309414499e-33 5.168426928177901e-29 12303
1.06633 1.368844730336678e-32 5.481422021759327e-33 5.160187822099523e-29 12584
1.09865 1.478411068498876e-32 5.994130617504985e-33 5.249646866407263e-29 12120
1.13096 1.630337528802912e-32 6.602079710657514e-33 5.460593368055619e-29 11180
1.16327 1.742166552850353e-32 7.092108012623807e-33 5.513080912305705e-29 11096
1.19558 1.84984183386043e-32 7.727839348131249e-33 5.541050599227825e-29 10056
1.2279 2.030600590309686e-32 8.612826646047144e-33 5.765040062759961e-29 9716
1.26021 2.131720210786089e-32 9.405655449383546e-33 5.744414677933695e-29 8604
1.29252 2.297591137389942e-32 9.680458056385312e-33 5.881769830927169e-29 8060
1.32484 2.492990380075233e-32 1.070262382402561e-32 6.073631780165121e-29 7320
1.35715 2.602410215299895e-32 1.13884991017993e-32 6.04309730081355e-29 6356
1.38946 2.906466876003317e-32 1.252596032524586e-32 6.436161181707909e-29 5348
1.42178 3.008659014801997e-32 1.321053423936937e-32 6.359774439311251e-29 4308
1.45409 3.294920843929684e-32 1.383637119258152e-32 6.657002281127602e-29 3563
1.4864 3.371924430786432e-32 1.443550191319351e-32 6.521261477242636e-29 2448
1.51872 3.538601851222359e-32 1.516593338155925e-32 6.551269793819025e-29 1868
1.55103 3.976684059414124e-32 1.715894035983029e-32 7.052194408717842e-29 1358
1.58334 4.327561452232808e-32 1.844785990796676e-32 7.361209620185137e-29 1062
1.61565 4.17664832114195e-32 2.088162719604925e-32 6.834126133413596e-29 776
1.64797 4.663192551637323e-32 2.084992361231847e-32 7.340850826626022e-29 432
1.68028 4.391614072707917e-32 2.028996249912855e-32 6.62821011825204e-29 200
1.71259 4.141541719055666e-32 1.953174114000585e-32 6.005825785318186e-29 168
1.74491 5.811504539195266e-32 2.506217401692048e-32 8.130085271232397e-29 56
1.77722 3.31427926399039e-32 3.625857352669137e-32 4.485844253371469e-29 7


0.0323131 9.137724923741092e-08 4.778430437524244e-07 21.02418621482466 18
0.0646262 2.035827893308078e-07 4.950353530452292e-06 21.97848004909255 62
0.0969393 3.122550077289782e-07 1.271890898916193e-05 14.13083339371723 98
0.129252 1.140075608176423e-05 3.302037840014392e-05 18.07613472920836 210
0.161565 8.447984888783191e-05 3.867397856160868e-05 29.83434518130425 350
0.193879 0.0002263875480865249 1.480039282699849e-05 43.13020206236546 450
0.226192 0.0003435291544190265 4.579704435522821e-06 45.47060848835901 602
0.258505 0.0002683249671024906 6.571733408600845e-05 28.32128212202947 762
0.290818 4.512280011162141e-05 0.0001722111665338979 6.529928341803185 1142
0.323131 0.0001605061808868583 0.000163255610371334 11.91593970640082 1250
0.355444 0.0005814855138886565 3.102459335890847e-05 29.93986004933137 1458
0.387757 0.0005451288015632951 7.146251237684389e-05 23.6165909168726 1814
0.42007 9.27923691005799e-05 0.0002505808341705661 4.39871720911373 2178
0.452383 0.0003412535097829209 0.0001671113913693329 11.14097380569147 2498
0.484696 0.00074596958060211 3.526200780721617e-05 20.20833043499011 2622
0.51701 0.0002947914721217884 0.0001870409529327563 7.312603475561827 3338
0.549323 0.0002495404275416739 0.0002153487628869348 5.536711745266168 3722
0.581636 0.0006059804782730624 8.426356967016694e-05 11.41465910446172 4170
0.613949 0.0003849820794330536 0.0001759313525275748 6.60200073728454 4358
0.646262 0.0003857638342105594 0.0001902181186503272 5.955918605163805 5034
0.678575 0.0005045466014146255 0.000148167011512136 6.98566940706531 5714
0.710888 0.0003919376560524093 0.0002103562738306745 4.9847304364538 5982
0.743201 0.0005527157740761028 0.0001701322267435587 6.357021838223281 6602
0.775514 0.0005851256943649227 0.0001631869963092304 6.161813213659091 7130
0.807827 0.0004743948520068525 0.0002337125051124035 4.630727114978641 8034
0.840141 0.000559273426392343 0.000232608920446993 5.030394192894176 8606
0.872454 0.0006024638000899253 0.0002419895117051543 5.016382127986007 9066
0.904767 0.0006454307072571974 0.000270065095376298 4.993317578379499 9962
0.93708 0.0006943997410601383 0.0002792789115337276 5.001223094539069 10550
0.969393 0.0007967376276974149 0.0002784743642135683 5.349908121459571 11226
1.00171 0.0003821795353370107 0.0001159512180071171 2.398864634765267 12146
1.03402 1.105059854454385e-32 4.21005340551568e-33 6.512674390321265e-29 12303
1.06633 1.193069192103332e-32 4.664026315233702e-33 6.606626248527105e-29 12584
1.09865 1.279936926989643e-32 5.09352349987973e-33 6.67548372835243e-29 12120
1.13096 1.413732361727529e-32 5.520156655014739e-33 6.952727653608323e-29 11180
1.16327 1.483787155648032e-32 5.995779632364536e-33 6.894926787693302e-29 11096
1.19558 1.657531955141928e-32 6.374092670405324e-33 7.286665044394904e-29 10056
1.2279 1.793373441620135e-32 7.185452364601975e-33 7.472842629457693e-29 9716
1.26021 1.907940604189029e-32 7.466920357651455e-33 7.542780152622936e-29 8604
1.29252 2.01167403613113e-32 8.103331617899471e-33 7.556861381965263e-29 8060
1.32484 2.181901338807033e-32 8.726241007713736e-33 7.798741088477402e-29 7320
1.35715 2.383763516430993e-32 9.456152818056257e-33 8.119501140708335e-29 6356
1.38946 2.530829647467317e-32 1.031936992326151e-32 8.221198726372565e-29 5348
1.42178 2.645669256105369e-32 1.124703818937829e-32 8.204331255002049e-29 4308
1.45409 2.910083382438481e-32 1.169140917536743e-32 8.623717058852794e-29 3563
1.4864 2.915933921015447e-32 1.252069680613555e-32 8.272720118674897e-29 2448
1.51872 2.997624129588255e-32 1.246827258767266e-32 8.139393317874311e-29 1868
1.55103 3.529928083754527e-32 1.349407554811956e-32 9.177644350185972e-29 1358
1.58334 3.69079414527013e-32 1.494295190152721e-32 9.205835508602503e-29 1062
1.61565 3.508288311995537e-32 1.624520182310016e-32 8.41799964104106e-29 776
1.64797 4.194934170204879e-32 2.032147886656676e-32 9.687515451159355e-29 432
1.68028 4.173908078616318e-32 1.723310397719927e-32 9.234515220762185e-29 200
1.71259 3.74218572055935e-32 1.783795103989304e-32 7.957778816681762e-29 168
1.74491 5.001653425668957e-32 2.127806705614122e-32 1.025884069656615e-28 56
1.77722 2.54678189226579e-32 1.576190321190431e-32 5.045705038604535e-29 7


0.0323131 3.256082652900619e-09 3.359225538223001e-07 21.19018076919587 18
0.0646262 4.172575642130501e-07 3.165813283608393e-06 23.41873635951291 62
0.0969393 4.03204658852781e-06 7.021194723002227e-06 17.63990228776014 98
0.129252 2.798220493072947e-05 1.445962598339435e-05 26.93219142424579 210
0.161565 0.0001019636147579618 9.032347312984961e-06 40.85500100613739 350
0.193879 0.0001738598992897468 1.315536419371169e-06 43.62191294638172 450
0.226192 0.0001599711749783679 2.760108015720425e-05 30.50370460530359 602
0.258505 4.322422694196733e-05 9.194682917717033e-05 10.10968706351657 762
0.290818 6.259390024339375e-05 0.000101476805932957 9.535920265283817 1142
0.323131 0.0003292737719359497 2.696180260540608e-05 27.87378830125179 1250
0.355444 0.0003512390635477825 3.363240570003584e-05 24.29107346405539 1458
0.387757 6.820899395974693e-05 0.0001539366428696297 5.366685629558464 1814
0.42007 0.00020914261603748 0.0001105959222390543 10.8274760270765 2178
0.452383 0.0004661474247135767 2.306322011473174e-05 19.33983371178062 2498
0.484696 0.0001629800849547507 0.0001457570860530989 6.413580530351738 2622
0.51701 0.0001915420104513877 0.0001239058264679926 6.384353876494687 3338
0.549323 0.0004135839777221046 5.07516486637567e-05 11.5802130756641 3722
0.581636 0.0001942174006138011 0.0001331564329057206 5.057282811037831 4170
0.613949 0.0002853761735034692 0.0001041474918253207 6.473504666226204 4358
0.646262 0.0003179992999072815 0.0001025491193148571 6.46227677769537 5034
0.678575 0.0002765958553767418 0.0001196388831494554 5.11876928727683 5714
0.710888 0.0003716885877438557 9.673484272765097e-05 6.191296355706267 5982
0.743201 0.0002826015314705374 0.0001441504698791385 4.348227412072523 6602
0.775514 0.0003173230375524049 0.0001341421029656366 4.452101641042653 7130
0.807827 0.0003861914775105954 0.000127038781687615 4.964535854333381 8034
0.840141 0.0003980753131289002 0.0001434527559838006 4.731702432001601 8606
0.872454 0.0004238079220726513 0.0001505958581361337 4.663277094297338 9066
0.904767 0.0004656171535492087 0.0001639658704712346 4.756629722012167 9962
0.93708 0.0004562137698189077 0.0001859260049836165 4.347180980308717 10550
0.969393 0.0004865062991504274 0.0001997970137099342 4.326310558129922 11226
1.00171 0.0002290861262352109 8.574729419406347e-05 1.903602037234274 12146
1.03402 9.713522196947668e-33 3.746779364696042e-33 7.566921990338969e-29 12303
1.06633 1.072677384501921e-32 4.090427590623635e-33 7.847423439835127e-29 12584
1.09865 1.135177663607571e-32 4.413627433871051e-33 7.820926115889496e-29 12120
1.13096 1.258123198267173e-32 4.816967744372493e-33 8.172094208428565e-29 11180
1.16327 1.334365199222232e-32 5.196887166651828e-33 8.187557068986669e-29 11096
1.19558 1.486273146427575e-32 5.529115933685013e-33 8.62610922993238e-29 10056
1.2279 1.595661251254525e-32 6.339015980614327e-33 8.779133481454536e-29 9716
1.26021 1.689659013712386e-32 6.531306396170509e-33 8.818073260085318e-29 8604
1.29252 1.781057054983276e-32 7.198263429759779e-33 8.832629923437042e-29 8060
1.32484 1.954707945623648e-32 7.690082962610218e-33 9.221352693819719e-29 7320
1.35715 2.127453325298731e-32 8.26028308396848e-33 9.562765100391204e-29 6356
1.38946 2.249188962981884e-32 9.066913731073167e-33 9.641922162703551e-29 5348
1.42178 2.415333929921561e-32 9.589492721225507e-33 9.880650264252297e-29 4308
1.45409 2.497383730472807e-32 1.065744128268117e-32 9.768404088152494e-29 3563
1.4864 2.706674460840152e-32 1.073130947575859e-32 1.012834856741199e-28 2448
1.51872 2.786626452146492e-32 1.083558266554142e-32 9.979569109766941e-29 1868
1.55103 2.95499819185006e-32 1.267355948991851e-32 1.014024066201983e-28 1358
1.58334 3.223233049624699e-32 1.432971923288272e-32 1.060950730286986e-28 1062
1.61565 3.39734532686386e-32 1.343006857643945e-32 1.074636242005606e-28 776
1.64797 4.023434009129839e-32 1.529432796826494e-32 1.224417569220996e-28 432
1.68028 3.481798094579782e-32 1.476820728010261e-32 1.016110014151818e-28 200
1.71259 3.619129955707604e-32 1.44852689294881e-32 1.014552963572352e-28 168
1.74491 4.634193808345122e-32 1.813337932635192e-32 1.253111735796511e-28 56
1.77722 1.975743786929308e-32 2.211670131353321e-33 5.14156910859159e-29 7


0.0323131 8.936047791120988e-08 2.114210005364256e-07 21.85537629565305 18
0.0646262 1.741420327948569e-06 1.770148742288596e-06 26.23492074854279 62
0.0969393 8.133989178363645e-06 3.200202344348301e-06 21.99563354895935 98
0.129252 3.680510385475095e-05 4.51119783894722e-06 34.24652389662002 210
0.161565 8.982998885924907e-05 8.187568762586801e-07 43.53748577093221 350
0.193879 0.0001009901425963996 9.997444184632126e-06 34.19560837120861 450
0.226192 4.635207747988027e-05 4.501470043544912e-05 15.7841623594546 602
0.258505 1.172409530789427e-05 7.337009718142825e-05 7.282932404762603 762
0.290818 0.0001540892244533491 3.394611087519598e-05 21.55346459632822 1142
0.323131 0.0002658607273081618 9.859401496098827e-06 27.96324409304691 1250
0.355444 8.537717910564907e-05 8.571785388300831e-05 9.053109534610522 1458
0.387757 8.077443407949687e-05 9.942449118153787e-05 7.201816087845295 1814
0.42007 0.0003253688674213277 1.678141170544914e-05 19.67550121372712 2178
0.452383 0.0001546294592691068 8.382894176018328e-05 8.638311096651854 2498
0.484696 0.000103610202497605 0.0001100653584797421 5.301939747783829 2622
0.51701 0.0003003142951033971 3.048392531551196e-05 11.85514889216608 3338
0.549323 0.0001483043531211971 9.254697451192919e-05 5.467880793759613 3722
0.581636 0.0001953400399201373 7.566958912718268e-05 6.233379409113308 4170
0.613949 0.000237399832174525 6.42530284928732e-05 6.687543701410878 4358
0.646262 0.0001998835254078538 8.535438029078345e-05 5.120471222588788 5034
0.678575 0.0002388297447358849 7.216431716913297e-05 5.478993742788633 5714
0.710888 0.0001802117241313544 0.0001030666958925431 3.822383640522537 5982
0.743201 0.0002695650367231308 7.983275921470149e-05 5.121252604310375 6602
0.775514 0.0002600379190134347 8.589612841289651e-05 4.532692828981977 7130
0.807827 0.0002561129513575133 0.0001006266489564934 4.119243566943422 8034
0.840141 0.0002739005919017597 0.0001090204405757594 4.066929795183109 8606
0.872454 0.0002844466550557365 0.0001172364030328128 3.910998676933651 9066
0.904767 0.0003155193810927705 0.0001266545650844939 4.024477405064772 9962
0.93708 0.0003614765899474126 0.0001226133169109982 4.281186263722545 10550
0.969393 0.0003608971748482721 0.000141291937517963 3.995626287236284 11226
1.00171 0.0001689688545553525 6.09894251019139e-05 1.747624247106667 12146
1.03402 9.016317249046359e-33 3.351394866556452e-33 8.741148570418275e-29 12303
1.06633 9.781737701974539e-33 3.667948616648631e-33 8.906218785935019e-29 12584
1.09865 1.043313939883025e-32 3.953804158699177e-33 8.94383729733035e-29 12120
1.13096 1.14955913736193e-32 4.448800611806167e-33 9.29252333310968e-29 11180
1.16327 1.218410103430344e-32 4.752748892080619e-33 9.301926973380859e-29 11096
1.19558 1.317672038442242e-32 5.114490680368171e-33 9.516972691613947e-29 10056
1.2279 1.491883055196395e-32 5.694719506054114e-33 1.020651363400602e-28 9716
1.26021 1.561805682457277e-32 6.020908279320465e-33 1.013686644532051e-28 8604
1.29252 1.643668931678517e-32 6.411381519712224e-33 1.013462541566261e-28 8060
1.32484 1.810111840628166e-32 6.916856200169441e-33 1.061563393158154e-28 7320
1.35715 1.963746355696054e-32 7.490581560161547e-33 1.09733075665301e-28 6356
1.38946 2.047284840474495e-32 8.091010479490952e-33 1.090959383411437e-28 5348
1.42178 2.265578550337228e-32 8.870495222553123e-33 1.152033535277522e-28 4308
1.45409 2.362179548865033e-32 9.370264308355452e-33 1.148014706315791e-28 3563
1.4864 2.56164172387764e-32 9.843922619122325e-33 1.191164210268044e-28 2448
1.51872 2.496320742933774e-32 1.01678517054009e-32 1.111334570662366e-28 1868
1.55103 2.710865113298947e-32 1.136091828461673e-32 1.1560149530362e-28 1358
1.58334 2.832756172234336e-32 1.212769551507411e-32 1.158624230765352e-28 1062
1.61565 3.112323067647902e-32 1.255840031892007e-32 1.223408014824486e-28 776
1.64797 3.575421954173828e-32 1.396705718494678e-32 1.35210495701966e-28 432
1.68028 3.52781297717624e-32 1.424704952547504e-32 1.278959462671182e-28 200
1.71259 3.302604811701215e-32 1.301741998311449e-32 1.150087303145555e-28 168
1.74491 4.487187686965278e-32 1.364283092394867e-32 1.506062014924233e-28 56
1.77722 1.738770105160937e-32 9.721369306144192e-33 5.64580186100545e-29 7


0.0323131 2.087913669394396e-07 1.114837251445697e-07 22.67351539036597 18
0.0646262 2.929027929871954e-06 7.830272123941208e-07 29.08660473355119 62
0.0969393 1.032566975108223e-05 9.832247780599537e-07 25.33495862096079 98
0.129252 3.628263617421445e-05 5.690185344213115e-07 37.39332048892256 210
0.161565 6.284981736128787e-05 2.830757385073953e-06 38.81249757852562 350
0.193879 4.189200110311015e-05 2.047847578637939e-05 22.34435757571147 450
0.226192 5.963076832390454e-06 4.508845824181651e-05 9.216529951719856 602
0.258505 5.429045844474424e-05 3.976568202693236e-05 15.01827699843621 762
0.290818 0.0001737415961047569 6.002966259683373e-06 27.63062370509911 1142
0.323131 0.0001221446744981897 3.725320689154628e-05 16.92820751768056 1250
0.355444 1.820969404447285e-05 8.259978721214069e-05 4.322833121696046 1458
0.387757 0.0001927257968954774 2.863353622124777e-05 16.98703215641095 1814
0.42007 0.0001934898832240042 3.349360200796838e-05 14.44695531002267 2178
0.452383 4.168261944489861e-05 9.198595618580276e-05 3.641828425932531 2498
0.484696 0.0002331448958858598 2.819350950509467e-05 12.70660360936611 2622
0.51701 0.0001468820260976652 5.407953052023732e-05 7.238251255220989 3338
0.549323 0.0001110543062934614 7.160478765346255e-05 4.979309515243981 3722
0.581636 0.000198903429124798 4.009867452162352e-05 7.497269647073155 4170
0.613949 0.0001248880862229034 7.021509723266322e-05 4.359149067795748 4358
0.646262 0.0001800022662018236 5.549271567119559e-05 5.495139563399058 5034
0.678575 0.0001404440139667903 7.107754274727137e-05 3.939805438156657 5714
0.710888 0.000209104568049876 5.265202765735959e-05 5.214869771138352 5982
0.743201 0.000181026397490205 7.080357326676029e-05 4.157268652920496 6602
0.775514 0.0001735456193321303 7.529563274156544e-05 3.656603363023487 7130
0.807827 0.0001998676494306486 7.578756384748845e-05 3.856870991369573 8034
0.840141 0.0002198918008043986 7.984698303393162e-05 3.911468088306405 8606
0.872454 0.0002417486861906505 8.102941659221031e-05 3.972838482189534 9066
0.904767 0.0002630923320861725 8.917493530342367e-05 4.013112122533538 9962
0.93708 0.0002553439770831595 0.0001021884465613798 3.635053589581733 10550
0.969393 0.0002951008782433253 0.000101247372887141 3.90853534898931 11226
1.00171 0.0001156968091874949 5.186457188695376e-05 1.438915270140506 12146
1.03402 8.144450560759062e-33 3.108347909298273e-33 9.463775373736976e-29 12303
1.06633 8.996894516464924e-33 3.399294492501019e-33 9.813420259900106e-29 12584
1.09865 9.624346946433336e-33 3.677419193331507e-33 9.882590317790387e-29 12120
1.13096 1.072802693809105e-32 4.04312664689607e-33 1.038185920684186e-28 11180
1.16327 1.1538117111841e-32 4.319814773817596e-33 1.054236834677542e-28 11096
1.19558 1.20878071993521e-32 4.805745730965034e-33 1.04545136429847e-28 10056
1.2279 1.36435433796584e-32 5.220358007035836e-33 1.117282194387164e-28 9716
1.26021 1.434598289286228e-32 5.571685627619851e-33 1.11454292277386e-28 8604
1.29252 1.559767673365598e-32 5.94328410071482e-33 1.150690007341661e-28 8060
1.32484 1.649374373756586e-32 6.350458438889637e-33 1.157524581444043e-28 7320
1.35715 1.822453325782626e-32 6.795453551329418e-33 1.218194202877313e-28 6356
1.38946 1.913532631324363e-32 7.474458591980536e-33 1.219846411088297e-28 5348
1.42178 1.997471278108408e-32 8.159306227951713e-33 1.215476598145442e-28 4308
1.45409 2.173801222009363e-32 8.516291218082398e-33 1.263614881571601e-28 3563
1.4864 2.337892106406617e-32 9.247137350422238e-33 1.300559269686898e-28 2448
1.51872 2.325589142636226e-32 9.611103812087139e-33 1.238463318047474e-28 1868
1.55103 2.60718435475414e-32 1.035953595389557e-32 1.329241032943354e-28 1358
1.58334 2.759151984174009e-32 1.154816918342744e-32 1.349488643706582e-28 1062
1.61565 2.95086162600144e-32 1.228013691774537e-32 1.387383517301155e-28 776
1.64797 3.296256846727449e-32 1.258310612074906e-32 1.490302887581461e-28 432
1.68028 3.408618437305552e-32 1.484964146756032e-32 1.478387741065283e-28 200
1.71259 3.124521944795677e-32 1.254722972303397e-32 1.300959740870657e-28 168
1.74491 3.92399732357191e-32 1.280189377092077e-32 1.574737457520488e-28 56
1.77722 1.728017088099752e-32 1.658452813510721e-32 6.744825705865949e-29 7


0.0323131 2.943677787381568e-07 4.30240326171575e-08 23.36289916219879 18
0.0646262 3.486228469451644e-06 2.122199858993417e-07 31.0276381752571 62
0.0969393 1.018956663971418e-05 8.63710385503191e-08 26.68131626835223 98
0.129252 2.895730037817833e-05 4.647492847935428e-07 36.04199210426804 210
0.161565 3.427492567462047e-05 7.988455847586139e-06 30.34896980542766 350
0.193879 9.326875615329121e-06 2.499862359548157e-05 14.14458805188852 450
0.226192 1.276301998605566e-05 3.302341929596689e-05 11.50276064469263 602
0.258505 9.418892889858679e-05 1.336205558825029e-05 24.2400978401758 762
0.290818 0.0001274285103917297 8.932899775928846e-06 24.2747250282485 1142
0.323131 2.858950321887194e-05 5.458902806998252e-05 7.351172053446566 1250
0.355444 7.187931277754935e-05 4.499721796701559e-05 10.41689237444351 1458
0.387757 0.0001939193109008124 8.432386389905911e-06 19.53550633776146 1814
0.42007 5.505038157958226e-05 6.278538957990397e-05 5.944200383353274 2178
0.452383 0.0001121574092518838 4.453348813172515e-05 8.792124092081256 2498
0.484696 0.0001873832054878484 2.220985757002942e-05 11.95882688475681 2622
0.51701 5.80644726227257e-05 6.460164079888958e-05 3.767279710667101 3338
0.549323 0.0001592866949060945 3.12924713204296e-05 7.913838543980187 3722
0.581636 0.000106913551220434 5.101535473651581e-05 4.888427794559811 4170
0.613949 0.0001324881449584939 4.387507197856286e-05 5.296077245007836 4358
0.646262 0.000122837547370728 5.195372969610032e-05 4.445200770384493 5034
0.678575 0.000146276533705118 4.405891587968048e-05 4.719535732875369 5714
0.710888 0.0001388258309436094 5.242217768608493e-05 4.09242521904825 5982
0.743201 0.0001386060812505448 5.854749412077625e-05 3.734151959820616 6602
0.775514 0.0001574503840081235 5.305860177543502e-05 3.853182630747231 7130
0.807827 0.0001652789254772612 5.832634062989281e-05 3.721162152915591 8034
0.840141 0.0001784123467552317 6.261928132658619e-05 3.704657107598226 8606
0.872454 0.000179573458939073 6.958007537784586e-05 3.456547982303983 9066
0.904767 0.0001866713480728115 7.973853451823451e-05 3.340345130636063 9962
0.93708 0.0002133247452841296 7.78675123301408e-05 3.538926983386835 10550
0.969393 0.0002109644399875984 8.994156982529222e-05 3.273476711948758 11226
1.00171 0.0001125926201821888 3.382639864729744e-05 1.623317319627179 12146
1.03402 7.737976418274179e-33 2.845563940580964e-33 1.048175435842165e-28 12303
1.06633 8.403974733959565e-33 3.156776477253335e-33 1.068981046469722e-28 12584
1.09865 8.992446118800896e-33 3.374837622235808e-33 1.076403960615137e-28 12120
1.13096 9.984798067880532e-33 3.741263107065587e-33 1.126416266063327e-28 11180
1.16327 1.062313423221016e-32 4.074565791541378e-33 1.131798740715056e-28 11096
1.19558 1.186985298434559e-32 4.271496890225177e-33 1.195149726211288e-28 10056
1.2279 1.275209070731188e-32 4.821102782981363e-33 1.216801907313628e-28 9716
1.26021 1.35930179155057e-32 5.115096612562513e-33 1.230091910487942e-28 8604
1.29252 1.446789269628397e-32 5.518742382625497e-33 1.243543833805616e-28 8060
1.32484 1.525583138446879e-32 6.07756228839833e-33 1.247779842716774e-28 7320
1.35715 1.71449955267571e-32 6.349133982139903e-33 1.334868482072503e-28 6356
1.38946 1.79651437981705e-32 6.750601500861201e-33 1.333517679749889e-28 5348
1.42178 1.947577644014246e-32 7.375119491932339e-33 1.379418132130335e-28 4308
1.45409 2.050616816110885e-32 7.716982924252151e-33 1.38780175924513e-28 3563
1.4864 2.173494026534089e-32 8.802609740124558e-33 1.408350139636211e-28 2448
1.51872 2.265811753289347e-32 8.556286184624559e-33 1.404103845471832e-28 1868
1.55103 2.410683876328047e-32 9.883932302763813e-33 1.431450060039863e-28 1358
1.58334 2.635272831799528e-32 1.089614719533671e-32 1.500599497084861e-28 1062
1.61565 2.847044370556791e-32 1.083908240123863e-32 1.557485084509823e-28 776
1.64797 2.952703422438016e-32 1.179131709948101e-32 1.554522619960119e-28 432
1.68028 3.103971552291864e-32 1.39530617557825e-32 1.567545236401076e-28 200
1.71259 2.88183620455975e-32 1.327240346667349e-32 1.398163656383925e-28 168
1.74491 3.805951624897966e-32 1.160529374010626e-32 1.7769076434643e-28 56
1.77722 2.174089908064512e-32 7.480508309673724e-33 9.791565303995293e-29 7


0.0323131 3.193770258776916e-07 7.587917606819922e-09 23.74254643126266 18
0.0646262 3.33067695039768e-06 8.049970311255597e-09 31.61336172161778 62
0.0969393 8.243679718434297e-06 1.211141006638408e-07 25.95671301478607 98
0.129252 1.870191832522195e-05 2.223195417304628e-06 31.58119501740499 210
0.161565 1.291936861577916e-05 1.205217089501085e-05 22.37799757185434 350
0.193879 1.830141795301762e-06 2.261631264011932e-05 12.32136859065059 450
0.226192 3.654046780011513e-05 1.772158001191947e-05 18.72138410972932 602
0.258505 0.0001015763703007095 2.302183820190956e-06 28.35211809886482 762
0.290818 6.33285860934099e-05 2.232324638505138e-05 15.94532969552479 1142
0.323131 1.396919779579231e-05 4.821749691161804e-05 5.939059586672734 1250
0.355444 0.0001250902099092755 1.309649840035428e-05 17.91317915068286 1458
0.387757 0.0001119670524003403 2.419672570000427e-05 13.67844859845939 1814
0.42007 2.993596466709976e-05 5.702671747328335e-05 4.427329215593999 2178
0.452383 0.0001582914348343931 1.263948729742306e-05 13.35003356333797 2498
0.484696 7.328237302588367e-05 4.764901081100043e-05 5.971938745997748 2622
0.51701 8.800307681822934e-05 3.831832475103809e-05 5.957472811512135 3338
0.549323 0.0001244203535004229 2.818205522035021e-05 7.134072784293831 3722
0.581636 8.045777910599923e-05 4.454722046791822e-05 4.287422341935016 4170
0.613949 0.000118247623891357 3.267835108445591e-05 5.39258390052544 4358
0.646262 0.000104779570980834 4.126458837249122e-05 4.344688802923551 5034
0.678575 0.0001203072712780396 3.621052543619491e-05 4.452851407349512 5714
0.710888 9.394523496093375e-05 5.042211973437436e-05 3.229117112966676 5982
0.743201 0.0001315634525136076 4.163352975717298e-05 4.027600299607076 6602
0.775514 0.000125970544661582 4.489411714010314e-05 3.538762344445016 7130
0.807827 0.0001340756213806291 4.857041861683917e-05 3.46104358332524 8034
0.840141 0.0001366717635485024 5.511034042867782e-05 3.262711553845898 8606
0.872454 0.0001435965811080845 5.863039043581295e-05 3.169986740400074 9066
0.904767 0.0001752491155307617 5.743678172418395e-05 3.568534429070476 9962
0.93708 0.0001721769199828225 6.52075107564792e-05 3.271315319710645 10550
0.969393 0.0002003137124221843 6.389035391564667e-05 3.536093810923754 11226
1.00171 8.031785911431267e-05 3.234136180734311e-05 1.331138369389971 12146
1.03402 7.183254554355899e-33 2.721206296708485e-33 1.113417001116382e-28 12303
1.06633 7.961812833354824e-33 2.96739744190586e-33 1.157851991126999e-28 12584
1.09865 8.454106182313334e-33 3.172625393274708e-33 1.156951986318115e-28 12120
1.13096 9.289323574640516e-33 3.557118028670416e-33 1.198265675798938e-28 11180
1.16327 1.01684948397546e-32 3.717928079957056e-33 1.237341824459013e-28 11096
1.19558 1.098865253493654e-32 4.149463409788613e-33 1.265042895104906e-28 10056
1.2279 1.211302348781221e-32 4.550568409167436e-33 1.320507551664221e-28 9716
1.26021 1.262353779508067e-32 4.831798377007881e-33 1.305379158093523e-28 8604
1.29252 1.375166190452035e-32 5.188652464842449e-33 1.350058861775161e-28 8060
1.32484 1.491105107585779e-32 5.585229623620979e-33 1.392088316262646e-28 7320
1.35715 1.571650725948545e-32 6.228086268499666e-33 1.398501884229629e-28 6356
1.38946 1.686064657349787e-32 6.579042166172757e-33 1.42976357967653e-28 5348
1.42178 1.869607743775882e-32 6.821158123930272e-33 1.511498977278978e-28 4308
1.45409 1.937122807283363e-32 7.324258449512739e-33 1.496918276321301e-28 3563
1.4864 2.103533684757375e-32 7.909770947291479e-33 1.555181172980144e-28 2448
1.51872 2.220309963930266e-32 7.930449681011293e-33 1.570019124736917e-28 1868
1.55103 2.400999707690159e-32 9.000834047161718e-33 1.626393724101662e-28 1358
1.58334 2.636258478335287e-32 9.432804798836065e-33 1.711621201307473e-28 1062
1.61565 2.856710985098376e-32 1.008875956512204e-32 1.782717653632113e-28 776
1.64797 2.672820373424848e-32 1.067063426633888e-32 1.606163133125053e-28 432
1.68028 3.220030515866903e-32 1.119056625765877e-32 1.852590712078314e-28 200
1.71259 2.824767809418178e-32 1.184701666714235e-32 1.563153642205928e-28 168
1.74491 3.190411672470071e-32 1.173199538128335e-32 1.701473365239581e-28 56
1.77722 1.890896274031619e-32 4.037401564039195e-33 9.69836510671067e-29 7


0.0323131 2.851587860315198e-07 4.785445689900838e-10 23.75775967492609 18
0.0646262 2.634276157898166e-06 6.731116946294554e-08 30.91562124673977 62
0.0969393 5.42945734292494e-06 6.436359539974692e-07 23.80279681505439 98
0.129252 9.150083170223572e-06 4.235593812995889e-06 26.2468242618939 210
0.161565 2.391839049910435e-06 1.317033436612157e-05 17.98488422801072 350
0.193879 1.024118172002481e-05 1.585837965523213e-05 16.12405857710892 450
0.226192 5.509915528376214e-05 6.116014116617081e-06 25.66923783400508 602
0.258505 7.926831067193845e-05 4.184753934785476e-06 25.72880940589679 762
0.290818 1.950372316340497e-05 3.092749346161236e-05 8.987922600497006 1142
0.323131 4.486715454159254e-05 2.851963375689569e-05 11.26340804485733 1250
0.355444 0.0001240706043391108 4.236404861449025e-06 19.62395194709632 1458
0.387757 3.724716559667651e-05 4.092426865293118e-05 6.694048381802315 1814
0.42007 7.363831127106261e-05 3.031636413145316e-05 9.057172625672852 2178
0.452383 0.0001193112011984684 1.570929145924712e-05 11.53659461984105 2498
0.484696 3.266441799470851e-05 5.048933309175979e-05 3.610177210394212 2622
0.51701 0.000115207328384957 1.725021596177204e-05 8.374249252277831 3338
0.549323 6.748848657371847e-05 3.721152085589546e-05 4.638513586958217 3722
0.581636 9.405310639921069e-05 2.779693182252163e-05 5.467246712446623 4170
0.613949 8.011998140402309e-05 3.453807558152875e-05 4.226629899814604 4358
0.646262 0.0001017111706595706 2.970322905674751e-05 4.709325343018544 5034
0.678575 7.707873285741906e-05 3.925071747441636e-05 3.305925305601169 5714
0.710888 0.000108653691246378 3.149457297238877e-05 4.113946038532724 5982
0.743201 0.000103962666571195 3.746273431308893e-05 3.609419499884163 6602
0.775514 0.0001017770869181262 3.923466057012526e-05 3.236726055267071 7130
0.807827 0.0001067371793894329 4.30239925256528e-05 3.12070548149309 8034
0.840141 0.0001199089610658831 4.448483541539638e-05 3.221847610817298 8606
0.872454 0.0001386393848807608 4.26899190244325e-05 3.426293511790962 9066
0.904767 0.0001365326303985847 5.230348362488552e-05 3.145963305342529 9962
0.93708 0.0001526317240034005 5.188016664253952e-05 3.260424202404709 10550
0.969393 0.0001512734850292274 6.007203734277161e-05 3.022965184317783 11226
1.00171 6.443337885502001e-05 2.830099835496494e-05 1.205936299899393 12146
1.03402 6.969086035575925e-33 2.543594000871697e-33 1.215796859733864e-28 12303
1.06633 7.564166601418219e-33 2.791461582508283e-33 1.238643575745932e-28 12584
1.09865 8.090676069624627e-33 2.953710890373273e-33 1.246075563990923e-28 12120
1.13096 9.00132026916214e-33 3.269341962575116e-33 1.306055017520746e-28 11180
1.16327 9.434312819738457e-33 3.627187513356408e-33 1.293235000397299e-28 11096
1.19558 1.037573859001598e-32 3.93806100414723e-33 1.344530987306794e-28 10056
1.2279 1.139812961913109e-32 4.282812622610195e-33 1.398365214734985e-28 9716
1.26021 1.231794366444965e-32 4.477500614476519e-33 1.432304875332053e-28 8604
1.29252 1.294284632969656e-32 4.905929780590771e-33 1.42968280700062e-28 8060
1.32484 1.423121223788051e-32 5.257204239034556e-33 1.494387692478062e-28 7320
1.35715 1.527431741723349e-32 5.576269129989571e-33 1.527493309510384e-28 6356
1.38946 1.629943796326739e-32 5.977470450296173e-33 1.553634107248609e-28 5348
1.42178 1.72376248483897e-32 6.674812167026011e-33 1.568383220462819e-28 4308
1.45409 1.827566545685589e-32 6.958904788618969e-33 1.588349500971794e-28 3563
1.4864 1.981831871548727e-32 7.559407820752169e-33 1.647903427013844e-28 2448
1.51872 1.973848772579527e-32 8.124618227951708e-33 1.571608122722725e-28 1868
1.55103 2.29252140142171e-32 8.375302340547105e-33 1.745639333219185e-28 1358
1.58334 2.49375791885272e-32 8.954224005868366e-33 1.820367909120086e-28 1062
1.61565 2.596040623796479e-32 9.621928634054065e-33 1.821950541323608e-28 776
1.64797 2.791746623141215e-32 9.791679954824893e-33 1.883979128080873e-28 432
1.68028 2.954109774971142e-32 1.068204477707025e-32 1.91111490869242e-28 200
1.71259 2.906611071902821e-32 1.016251843740766e-32 1.805846097359606e-28 168
1.74491 2.653736453500829e-32 1.06921561891341e-32 1.592067510501375e-28 56
1.77722 1.257538463910007e-32 6.682104944376671e-33 7.291709273014975e-29 7


