0.0144337 6.087946030420596e-07 7.486974976669619e-09 1.638334662209218 18
0.0288674 3.987223050576913e-06 6.941793570939176e-08 3.284900960616013 62
0.0433011 1.316884138836583e-05 1.955888968201212e-07 4.76842801918003 98
0.0577348 3.145283351071253e-05 6.772490381909341e-07 6.361245886264697 210
0.0721685 6.332309688328468e-05 1.519077371539503e-06 8.322580356033727 350
0.0866022 9.285824607997864e-05 2.521636697683113e-06 8.530937441958853 450
0.101036 0.0001505936680362348 3.921903160612585e-06 10.09581746606034 602
0.11547 0.0002071472965730734 6.295769251425281e-06 10.58048723902079 762
0.129903 0.0002732879742543253 1.086674982834459e-05 11.08320672138245 1142
0.144337 0.0003586904739180227 1.494534652525926e-05 11.83050350792717 1250
0.158771 0.0004401064142808378 2.113959879003345e-05 11.96125339286128 1458
0.173204 0.0005955391487752363 2.806784975543906e-05 13.56547743532408 1814
0.187638 0.0006878066087241195 3.803086831575297e-05 13.36988929753889 2178
0.202072 0.0008569618249953853 4.989592256920283e-05 14.37424423177395 2498
0.216506 0.00101169640518954 6.751879928066105e-05 14.74682455942522 2622
0.230939 0.001141669093869435 8.140639805503292e-05 14.60773417256205 3191
0.245373 0.001290816629266842 9.832818784147427e-05 14.64564508982567 3044
0.259807 0.001506185623004948 0.0001186427270985133 15.25910771002458 2736
0.27424 0.001660415388108983 0.0001509428265400014 15.08013337503302 2276
0.288674 0.001916967277067835 0.0001782259279274828 15.69912811508111 2016
0.303108 0.002007282499878174 0.0002085825356164567 14.92007093673339 1640
0.317541 0.002386981036581765 0.0002458486079834086 16.16322568929605 1056
0.331975 0.002342520834831183 0.0003016919821850732 14.50742568978726 683
0.346409 0.002709691732582337 0.0003300933164691344 15.43483103608821 350
0.360843 0.003290991209886977 0.0004063987262018605 17.29762785019907 192
0.375276 0.004044132254178279 0.0004079886344837407 19.59956160689344 44
0.38971 0.00231565667953091 0.000367673223889216 10.32993528146704 25


0.0144337 14018603812.44087 63992978.46724185 2.348737209472321e+17 18
0.0288674 82821671905.06636 494873358.9702491 2.977951948896398e+17 62
0.0433011 200937284451.2221 1714333998.692475 2.994932150841514e+17 98
0.0577348 346077552792.384 4497354448.283339 2.815018029106946e+17 210
0.0721685 374653454841.9581 9065987584.383253 1.958529076465141e+17 350
0.0866022 245242062565.8119 12332916119.88672 8.920761574284589e+16 450
0.101036 131024249338.6147 16540778745.4236 3.482018497547871e+16 602
0.11547 26601302900.95333 17182515161.44884 5528091965954497 762
0.129903 9016989090.760555 14921512259.06998 1542389203558200 1142
0.144337 61095057910.70152 12162426817.07414 7931100511271812 1250
0.158771 134973496569.6423 8348186607.177774 1.434448460573864e+16 1458
0.173204 218039489353.9414 5651558112.57043 1.938462097923604e+16 1814
0.187638 247278529149.473 3193242467.498911 1.8742609279079e+16 2178
0.202072 267100293829.5771 1845628541.486742 1.745966901047295e+16 2498
0.216506 261859547504.3139 1560101036.50487 1.486946861671624e+16 2622
0.230939 218454943054.3881 1040311397.132362 1.088571350776883e+16 3191
0.245373 162772379307.1961 765482501.6064459 7190755630266022 3044
0.259807 90215898564.95685 1043204118.358261 3558254195143772 2736
0.27424 44295506176.11177 1320450822.25375 1566227557813175 2276
0.288674 19439537081.65179 1434849933.261148 619972577351472.2 2016
0.303108 11811319601.14586 1257281889.394056 341923162236439.5 1640
0.317541 5822562158.438392 1078596400.875508 153627297588062.7 1056
0.331975 5754692654.240358 589385142.8266896 138751478649112.3 683
0.346409 7396354766.578917 335824687.1751645 163942738568824.6 350
0.360843 10767953287.96752 189182471.7974287 220177137519854.9 192
0.375276 11614056484.00967 125220183.5322472 218957261316642 44
0.38971 7357338277.001928 51830221.62445872 127654497323604.2 25


0.0144337 244735893.2915057 130589999.4850518 2.212388552803207e+16 18
0.0288674 3637258457.946718 777504913.6024365 2.939987476949274e+16 62
0.0433011 21167237862.57904 1856225851.07373 5.835232215961464e+16 98
0.0577348 79955262177.12569 2969810151.215972 1.150339492325984e+17 210
0.0721685 209954095748.829 2473082406.253947 1.915136811969875e+17 350
0.0866022 311073752908.0726 772628712.8179659 1.965175532506844e+17 450
0.101036 388974599362.3688 99356146.65663673 1.785918745828071e+17 602
0.11547 313326678066.0275 1240989927.239337 1.093718816374157e+17 762
0.129903 161631401937.4485 3475261072.962648 4.477229556153655e+16 1142
0.144337 49897723797.30341 5224577978.184369 1.128445015721181e+16 1250
0.158771 11482502123.29578 5024631739.996778 2174616483092330 1458
0.173204 38749974391.84392 3943530962.595012 6030381832466243 1814
0.187638 71223419875.50316 2323577025.251738 9420474893029032 2178
0.202072 94015622035.99702 1364999651.936354 1.071704541896389e+16 2498
0.216506 89906788260.06406 1285923823.883169 8902400858139577 2622
0.230939 73149295387.68781 1004385980.21652 6355777840349763 3191
0.245373 50939910011.65723 829996382.5462496 3923918810101218 3044
0.259807 18682175130.00921 960062564.6666186 1285611030859029 2736
0.27424 7392755565.095204 845041184.5860604 456474423029431.9 2276
0.288674 9115391486.897121 560158438.4388516 506906885142330.2 2016
0.303108 10065029087.07795 376172701.0609147 507699473642736.2 1640
0.317541 11948098187.11206 187976381.6692057 548798154973530.1 1056
0.331975 6831420783.868362 134535900.0187559 286951760875119.9 683
0.346409 3479427320.429379 148220505.5707124 134450337370721 350
0.360843 792757198.0993422 208985862.7232286 28330687115462.56 192
0.375276 163151056.8549747 211159917.1395759 5430408649923.16 44
0.38971 10310178.65813239 124445463.4628834 347415817883.0453 25


0.0144337 3257212587.731296 14261165.01291119 1.427981987016703e+17 18
0.0288674 17753784407.75814 147793591.7522404 1.625597936370541e+17 62
0.0433011 35751967723.76655 652550344.9754559 1.35255241963006e+17 98
0.0577348 41504215045.22218 1961812776.211851 8.629724230237677e+16 210
0.0721685 12086298738.87018 3928104187.500852 1.756693398182602e+16 350
0.0866022 8254902437.983368 4230863242.883845 8422126330343105 450
0.101036 73813212143.96266 3347683382.822745 4.879366154982969e+16 602
0.11547 162742656263.98 1078833877.267946 8.111557686212059e+16 762
0.129903 175665580699.5818 160017321.9929211 6.931733632060244e+16 1142
0.144337 118197456965.7807 1035113648.850216 3.790743204265744e+16 1250
0.158771 43472135926.40073 2118566326.295957 1.151181342201727e+16 1458
0.173204 19386419376.63155 2412797533.801879 4318933983052765 1814
0.187638 27685979316.8801 1714829032.509665 5235465951236748 2178
0.202072 43095785996.56812 1107749326.75528 7013200531794580 2498
0.216506 42276713894.30357 1020559261.407148 5975116415912634 2622
0.230939 35339000125.04478 779265466.6585528 4382058290542210 3191
0.245373 26859292477.13001 558521017.8286706 2952219970499580 3044
0.259807 11344465955.138 539818605.6692877 1113955784181938 2736
0.27424 6785398276.810395 420818206.4349114 597343308998055.2 2276
0.288674 9253083722.919586 226107336.2858625 733642789922832.6 2016
0.303108 7819543066.250545 173917613.702462 562566399289639.6 1640
0.317541 6081631522.192059 141469011.1765034 398543845220864.4 1056
0.331975 2178680667.469483 128063406.2763741 130642633444673.6 683
0.346409 1292047129.211725 102830964.2326232 71274274474939.7 350
0.360843 2513172010.331129 59779186.14072249 127792236286016.9 192
0.375276 3256647339.750108 30890224.13315111 152653157897243.2 44
0.38971 2249360952.286566 8024009.073637232 97029469649225.59 25


0.0144337 1088841300.730793 31441420.29341085 7.365174467884547e+16 18
0.0288674 9410522239.254667 144671420.84803 1.150711148015984e+17 62
0.0433011 34404805292.77245 202078152.056751 1.679618140465143e+17 98
0.0577348 84582926576.37927 98033811.8641469 2.230399676395957e+17 210
0.0721685 125028416908.5667 166530026.6386954 2.112402923207317e+17 350
0.0866022 85934821328.13098 1183727882.345331 1.011439440731564e+17 450
0.101036 28487489511.16117 2793353165.40303 2.485041699488289e+16 602
0.11547 7145713538.815664 3000662531.615689 5001327338015788 762
0.129903 54830826846.7818 1493748557.182877 2.822896017538222e+16 1142
0.144337 95985016763.23793 306387807.9307302 3.998073520640252e+16 1250
0.158771 75634304538.54453 375931612.3787857 2.593616564907772e+16 1458
0.173204 39270919579.08379 1039118291.01777 1.129847678818907e+16 1814
0.187638 21636546409.83223 1101398285.362927 5316548436159743 2178
0.202072 23734649961.68014 882015694.2645301 5023236239580060 2498
0.216506 26769443349.55484 737274182.467312 4917385356848417 2622
0.230939 21973869949.63553 571877434.4016891 3541203237109562 3191
0.245373 17180743014.17453 397304144.6769883 2453880020165203 3044
0.259807 9640835793.067825 314091319.9268715 1229557789819938 2736
0.27424 5104080489.40151 269801435.8509802 583788534815177.6 2276
0.288674 6146836805.116252 156427590.207179 633213518608483.9 2016
0.303108 4867945264.571672 128554751.2830373 455050964839652.2 1640
0.317541 3704932186.291124 105464947.9009224 315471653683136.2 1056
0.331975 1952053683.495006 72526544.73358411 152020880670014.4 683
0.346409 1888622796.392497 42172631.99040531 135216877944287.3 350
0.360843 2957944754.962914 8731650.241771562 195314748241049.4 192
0.375276 2984265791.194869 2516578.910590467 181683468873031.1 44
0.38971 1675329274.009729 2918512.462020273 93870912828775.88 25


0.0144337 573767079.7725755 28552944.82580788 5.647210142663726e+16 18
0.0288674 1889988608.30663 215392628.0880847 3.666172669814878e+16 62
0.0433011 902080610.9652833 666466286.9476421 1.144506816474003e+16 98
0.0577348 2238333159.883526 1332348599.509685 1.124792658391817e+16 210
0.0721685 32733765370.04361 1342485512.40119 6.972274923252326e+16 350
0.0866022 82563661022.03111 411170840.1287584 1.193483503127771e+17 450
0.101036 110741706154.1935 101189080.3416911 1.161145828058135e+17 602
0.11547 60685854596.26853 1023169245.228125 4.851791004851461e+16 762
0.129903 9339002851.825193 1794081472.040081 6103620771811366 1142
0.144337 19695940034.5547 1339817367.099324 1.019517283040462e+16 1250
0.158771 47630235040.77524 434267766.8014616 2.011024254880191e+16 1458
0.173204 47726421709.61317 328124484.1412522 1.686872084260047e+16 1814
0.187638 28948250358.08752 512834924.052344 8733037775473484 2178
0.202072 20378195972.046 583836316.3365357 5305538370260499 2498
0.216506 23876613396.99596 447800564.4472779 5394732570551591 2622
0.230939 18514941238.26521 365846004.3523856 3670567844995966 3191
0.245373 12365707346.57543 295775872.6171877 2173432985067769 3044
0.259807 8775864983.446911 189299887.5047699 1376626629270288 2736
0.27424 4421586827.389206 181528781.8597171 622110395598947.2 2276
0.288674 3866377344.189267 130175183.3098826 490235882394765.6 2016
0.303108 2934962184.386197 109241584.5257069 337705515182558.9 1640
0.317541 2491607366.659019 82235606.41131452 261081554485519.8 1056
0.331975 1560301943.347313 49616914.21941186 149491903078835.5 683
0.346409 1609309741.665645 25560693.38341138 141733838993456.3 350
0.360843 2271565619.366301 4903587.985295542 184518736673836.5 192
0.375276 2079482465.031556 5682887.459857185 155748830217847.3 44
0.38971 1047180337.249768 7260777.001924956 72189490970261.36 25


0.0144337 1375850639.512341 2230506.429717025 1.19161190776489e+17 18
0.0288674 9268414924.793837 1798884.337721528 1.614578531884243e+17 62
0.0433011 24398637182.03525 18716791.35237837 1.738939275557946e+17 98
0.0577348 38600820331.65907 265286170.4912607 1.501288277705602e+17 210
0.0721685 22154359461.27015 1129517375.05819 5.667942173540854e+16 350
0.0866022 1685738702.844388 1650674486.106531 4258449405358503 450
0.101036 27865921728.75043 1297101279.758502 3.52869767000616e+16 602
0.11547 71523346777.53587 238838881.8648056 6.770906187575136e+16 762
0.129903 57802800047.78779 292018918.8389066 4.335402355103843e+16 1142
0.144337 17592336456.22689 999150399.3314666 1.081101107527493e+16 1250
0.158771 8996169180.91011 952398430.6780386 4576165515119494 1458
0.173204 25266734420.53087 505180520.0446458 1.062259461297554e+16 1814
0.187638 24937940332.14635 334094459.0394512 8930924947002035 2178
0.202072 18737889385.14565 383427167.3354936 5790109855353564 2498
0.216506 18266515867.31586 350438923.3204198 4901341677833998 2622
0.230939 15458906229.37907 257367139.4690012 3638525191939838 3191
0.245373 10302518329.91735 212079775.9114172 2149864485730689 3044
0.259807 7504271494.78775 129112956.16547 1397447852050911 2736
0.27424 4859436660.186452 107043389.665132 811182039568129.9 2276
0.288674 2844806753.083409 104224197.030583 428383655459242.8 2016
0.303108 2030121846.581986 89958971.70290388 277461527010938.2 1640
0.317541 1684103975.004789 69024001.57256064 209600410736128.6 1056
0.331975 1057602072.635424 41841355.80856086 120346009672745.3 683
0.346409 1187881661.939644 21309901.68201053 124215575182590.4 350
0.360843 1747130608.340661 4484247.141318893 168482360704225.8 192
0.375276 1640877770.995778 4002417.965591412 145898308755732.2 44
0.38971 829166464.5628484 5299692.662998391 67858154148006.9 25


0.0144337 974594.1156163771 24902457.9357196 2.567658488636801e+16 18
0.0288674 373672340.7941248 148812539.4289452 1.940569766831158e+16 62
0.0433011 4718650427.171012 322658925.934551 4.453543911897085e+16 98
0.0577348 23113115097.24681 366832060.0225582 1.055679293481569e+17 210
0.0721685 56946294464.85974 69054986.90616903 1.63266054755406e+17 350
0.0866022 52640020363.519 244751151.8225394 1.047812415956174e+17 450
0.101036 20238237230.49406 1105860982.32123 2.985461664256318e+16 602
0.11547 5134526748.758428 1315677856.897047 6096267685203062 762
0.129903 34583754267.00113 476928076.4057271 3.011248329042463e+16 1142
0.144337 44461460077.80379 139220184.4517682 3.134144216109994e+16 1250
0.158771 20087675015.91533 490369900.0850927 1.169595302260799e+16 1458
0.173204 11340747983.45258 606694273.1179047 5549528186861565 1814
0.187638 14280116037.64651 394016676.3134388 5932947129233263 2178
0.202072 14844425321.33919 310050366.1154951 5312601631274476 2498
0.216506 11014299711.78776 361538993.6230813 3426863011468348 2622
0.230939 10019038462.42062 259633608.5376891 2732754087615642 3191
0.245373 8458164987.771059 166108779.2024253 2043669094820032 3044
0.259807 5611068386.398633 112685570.6323896 1210105776147224 2736
0.27424 4878973121.46622 63438607.00500473 942555310355860.4 2276
0.288674 2866506811.413358 70473497.63931969 499533320527803.8 2016
0.303108 2192968601.527936 59288330.12272449 346792047260870.1 1640
0.317541 1408806523.003054 53974745.6431119 203010120615162.8 1056
0.331975 698111105.1960168 37129769.93388531 92034553692126.89 683
0.346409 798938001.6596496 20873648.29049477 96754381072435.66 350
0.360843 1299519304.332814 6259491.557026258 145088695056239.8 192
0.375276 1389609194.773081 1672936.817206971 143033066700389.8 44
0.38971 778619239.3703694 1626678.685089378 73760234666067.3 25


0.0144337 889177091.3385223 2123334.603589654 1.054065315418556e+17 18
0.0288674 4618133949.611783 33984436.41499577 1.103271124536973e+17 62
0.0433011 7685599334.083011 191356293.4015564 7.65489894847841e+16 98
0.0577348 4980614954.445348 606475275.9426069 2.975325168301418e+16 210
0.0721685 3116641687.234556 981828844.4839221 1.306918886412301e+16 350
0.0866022 27820554478.26608 521090850.5840324 6.355986634843431e+16 450
0.101036 56163615840.55778 66380680.99592464 9.213456758679869e+16 602
0.11547 34411352556.1383 450698282.6899723 4.305000627294709e+16 762
0.129903 5104683963.401158 904601445.1753963 5293950573682412 1142
0.144337 16992794340.80623 535573362.0438215 1.370605340425619e+16 1250
0.158771 28296930255.98756 145868714.3518641 1.866435529734769e+16 1458
0.173204 18852284401.34318 295808886.2609258 1.042918513717758e+16 1814
0.187638 12156615580.99408 319911449.9183115 5740978977971280 2178
0.202072 12444217023.44103 252375830.7050818 5061918064482752 2498
0.216506 11181187542.24006 253100865.0932353 3950314470079125 2622
0.230939 7701010348.245471 227494559.4239369 2388268279585510 3191
0.245373 6272125609.639493 152941267.7472045 1723011538339111 3044
0.259807 4084309017.038023 105521657.7190492 1001466015155533 2736
0.27424 3479196015.128736 64550646.74557937 764079166707547.6 2276
0.288674 2927862994.244129 45433925.84747147 579526460696836.8 2016
0.303108 2594329804.340458 31119828.02427832 465854645276180.6 1640
0.317541 1627437603.457782 33875569.56522409 266290899775287.5 1056
0.331975 632971363.3719357 29356157.29199043 94811817352751.92 683
0.346409 499191365.0448303 21038736.84259298 68743550485510.77 350
0.360843 789954901.8496926 11901898.12752464 100252097024214.7 192
0.375276 1049590474.720793 3774237.98792243 122761193242891.5 44
0.38971 698998991.1199213 67879.41954495361 75232448585960.08 25


0.0144337 281287637.9618836 11414853.41136262 5.54380625712796e+16 18
0.0288674 2897896733.311057 48342932.6978402 8.173279545500312e+16 62
0.0433011 11707740240.53996 49236063.10581949 1.251964994400627e+17 98
0.0577348 27868074150.6027 13047804.69910672 1.594399691140763e+17 210
0.0721685 29860020175.42204 261860723.92625 1.100229614983389e+17 350
0.0866022 6660184374.763252 803551552.7053672 1.829005484923451e+16 450
0.101036 6838724700.474516 913812820.3476741 1.346170020114401e+16 602
0.11547 35362669331.22387 236443755.9781179 4.946575373864906e+16 762
0.129903 32371191697.013 164041681.7617776 3.581818648986934e+16 1142
0.144337 8694310783.139746 579213229.4082702 7933789066705089 1250
0.158771 8497794396.868806 454484490.0215778 6345789337242990 1458
0.173204 16682124892.43622 229699425.7007392 1.033644062867467e+16 1814
0.187638 12519585111.75219 220295764.2242113 6615966012364598 2178
0.202072 10071821504.76921 223009039.1460461 4591100773534142 2498
0.216506 11824289474.16161 161122471.7235673 4675139562117507 2622
0.230939 8547728810.46068 147046629.1353124 2966027336533948 3191
0.245373 5280422957.448546 129505414.8250231 1625003357900610 3044
0.259807 3547970840.225769 86980792.30989495 974419271188443.6 2736
0.27424 2029792701.35613 74814077.76834837 499988786115478.1 2276
0.288674 2247222908.224795 43238355.54612779 498329951138829.8 2016
0.303108 2097105710.853981 28263182.68879656 421800509336905.2 1640
0.317541 1752568143.347878 19920763.26472701 321023623716361.7 1056
0.331975 794475251.1408224 18768591.77268871 133151456135775.8 683
0.346409 373168617.8880922 18884623.44978082 57585223368939.36 350
0.360843 308217891.6302967 18405167.3806264 43892608603987.51 192
0.375276 549937065.6823038 11036029.7681735 72081647842284.72 44
0.38971 472605949.1860378 2813484.465110234 56977076347127.22 25


0.0144337 263033325.2246366 9501731.419456882 5.718232484080223e+16 18
0.0288674 772692529.4623102 78173842.2303112 3.448819295348252e+16 62
0.0433011 182279287.3653441 249898937.1664748 1.052966122394879e+16 98
0.0577348 2582273496.775439 457126108.4441979 2.144356096429828e+16 210
0.0721685 22292392162.76969 288016213.1134886 9.155626497950168e+16 350
0.0866022 37102141423.8693 25418736.2262921 1.040574486953417e+17 450
0.101036 23838798124.2785 411164287.0574393 4.900080508437795e+16 602
0.11547 2659670328.741096 795304189.4361525 4673485124002827 762
0.129903 17856627138.1446 347711899.6383736 2.199934883635864e+16 1142
0.144337 25757661477.81948 103679475.4310749 2.560957677233799e+16 1250
0.158771 10541121819.07369 323699584.7520692 8678879504076034 1458
0.173204 8381703366.989347 326343558.9524105 5781623924632314 1814
0.187638 9461360254.334053 216059981.056267 5542621708282767 2178
0.202072 7868527261.755995 208086448.9043983 3975053167326786 2498
0.216506 7089140945.667516 204683693.2762019 3110111576007867 2622
0.230939 7002575140.636449 133122428.6576152 2691321083117548 3191
0.245373 5071974470.301126 99361103.31915215 1727621465062491 3044
0.259807 3369505966.542367 67453332.52864709 1024337444850274 2736
0.27424 2106687456.957147 56300465.1639292 574199521598232.4 2276
0.288674 1474702077.478177 47276155.2880046 362441910377984.9 2016
0.303108 1062450014.746095 40788677.74164554 237001363466059.8 1640
0.317541 1293513242.669231 21825306.98049202 262418038738377.1 1056
0.331975 896558062.6116278 11161813.86254602 166267308123774.2 683
0.346409 445113807.6463364 13344963.24892965 75980265797121.64 350
0.360843 125444202.8671436 19035007.66784466 19868692178687.8 192
0.375276 124030997.3522209 17523276.56679606 18095870422865.02 44
0.38971 159714484.5746292 8105010.475814456 21357085244094.46 25


0.0144337 548590424.5981691 1510349.980994616 9.328103594434826e+16 18
0.0288674 3852732431.087221 1314331.861817499 1.234982474244008e+17 62
0.0433011 10030717656.56667 11464833.30714112 1.299863009952686e+17 98
0.0577348 13757725891.00665 160136988.6526171 9.793637710169178e+16 210
0.0721685 3812334876.382833 583009205.5445524 2.012125070685358e+16 350
0.0866022 5609546504.513576 582214049.1623011 1.880011572824668e+16 450
0.101036 29217127885.60432 173073227.3274935 6.549358147543281e+16 602
0.11547 28143330563.49268 146510159.6418976 4.782769423315794e+16 762
0.129903 5470430678.496367 521368868.471598 7618630380619272 1142
0.144337 9904210262.864998 355751034.3916377 1.091404927649495e+16 1250
0.158771 17234889552.69857 106984729.7352853 1.547640567887142e+16 1458
0.173204 10913339254.4306 207521544.5075816 8226846658159126 1814
0.187638 8343443009.559183 186581051.7155694 5362753902457514 2178
0.202072 8265688863.00278 150458040.1872377 4575609711642741 2498
0.216506 6293382535.088679 176103596.7473613 3029020308050810 2622
0.230939 4888021772.978194 142405387.7506631 2063583865653428 3191
0.245373 4238063817.796047 90264204.39793821 1583912764084078 3044
0.259807 2885806719.189431 59714251.66508733 962430631111052.1 2736
0.27424 2527519832.113418 33631327.12377986 754811133828909.4 2276
0.288674 1486159645.0411 36760784.06338807 400451206072179.9 2016
0.303108 919750054.6576293 35726650.72226822 225081805481000.7 1640
0.317541 711858684.1774336 28329059.93754579 158649395897724.8 1056
0.331975 736045100.3365669 10687757.08106429 149734669563799.1 683
0.346409 565985758.3742164 7533845.025187926 105874490340499.9 350
0.360843 339709610.7925459 11331165.99002124 58688434896774.48 192
0.375276 104398804.5211675 15369438.96770207 16719287276962.9 44
0.38971 1567292.286902196 10219317.14117198 297730336972.0119 25


0.0144337 1841580.086604805 11405795.69272249 3.124314856050242e+16 18
0.0288674 133637018.2763647 69156798.67464012 1.97828979198371e+16 62
0.0433011 2409842937.832652 143314078.9118938 4.080033640949829e+16 98
0.0577348 12413345717.78321 131792195.886647 9.633329242727013e+16 210
0.0721685 26673859307.00953 23084460.07965458 1.292884070177737e+17 350
0.0866022 15463525814.31103 295804916.9699323 5.272871703162875e+16 450
0.101036 2032600774.758433 655432302.9085512 6061262277974461 602
0.11547 15940608158.40818 312319711.2091642 2.973244543721763e+16 762
0.129903 22895821021.35049 74396459.79402959 3.34960649325499e+16 1142
0.144337 7649523378.272404 339319784.7195539 9210344951214446 1250
0.158771 5825943318.814581 294123972.480378 5767954415253752 1458
0.173204 10542149626.87374 161587056.915916 8644945881793491 1814
0.187638 7705386761.921735 156746781.8146143 5389965009900976 2178
0.202072 7103730614.189431 136473265.5665969 4281623739126386 2498
0.216506 7916039722.25414 103750276.3929043 4138240697823186 2622
0.230939 5270967755.80784 104762142.4459949 2419384902085839 3191
0.245373 3510699930.013638 84448808.15181044 1428669501766502 3044
0.259807 2358587688.383914 56689039.90933126 856492177362506 2736
0.27424 1807762476.930959 38746763.66699319 588040539375982.2 2276
0.288674 1644212734.293508 24966014.55496728 481808960845215 2016
0.303108 1442175167.113666 17485270.00357924 383340142847777.2 1640
0.317541 724027197.4202431 22864085.25350001 175531875399012.8 1056
0.331975 456780057.2853934 13754827.52142245 101235301295533.9 683
0.346409 517205071.4681324 6197558.313906481 105282635403575.2 350
0.360843 597908471.3234826 3193553.142030031 112245549982528 192
0.375276 428076648.1020308 5918995.56812104 74127768146328 44
0.38971 137057958.2923909 5933809.742277454 21873432338744.88 25


0.0144337 458929024.2447011 629872.2968823854 9.249055817429091e+16 18
0.0288674 2374466344.95905 14776534.46762266 9.400705542701027e+16 62
0.0433011 3647823985.275868 97384578.65605526 6.110357382113564e+16 98
0.0577348 1713736595.716851 314517860.7677365 1.984709807046366e+16 210
0.0721685 4152034016.571432 429714304.5112585 2.500165958820637e+16 350
0.0866022 20599495560.5526 115581747.9235716 7.509236037933051e+16 450
0.101036 25015991653.72787 94834183.24661708 6.597468726994866e+16 602
0.11547 4994776436.956766 475673525.7559507 1.052854550765251e+16 762
0.129903 7921161047.388146 328523314.1734044 1.275662915848888e+16 1142
0.144337 17246789687.78136 78202325.64549452 2.21523558350017e+16 1250
0.158771 8203318382.171125 198815129.8266748 8720515300129371 1458
0.173204 6413361268.484963 207629048.7016288 5713731600026949 1814
0.187638 6374297719.668789 149434575.9813893 4825941684310428 2178
0.202072 5003350213.777995 149796550.3268928 3268147207721528 2498
0.216506 5067121423.283717 134591284.1913492 2870948524484844 2622
0.230939 4879173720.299356 88839013.78311084 2421215343260254 3191
0.245373 3373103394.422073 69772406.73911647 1483727557322869 3044
0.259807 2174819543.05687 48785921.11662214 853839599929825.2 2736
0.27424 1209453907.999177 43301952.86958886 426048189651318.3 2276
0.288674 1212774042.068266 27659436.02518784 384528307104255.8 2016
0.303108 1179540008.733177 17756402.6180932 339068838692033.2 1640
0.317541 982529002.2442245 12812146.22525723 257186266503412.3 1056
0.331975 359146330.2124121 13331867.69855633 86108140528990.58 683
0.346409 309844459.7457097 8898412.556851244 68265932005162.76 350
0.360843 477702027.8643317 4029457.58823964 96970422046536.19 192
0.375276 567361633.9836839 1029665.205386776 106145249765613.1 44
0.38971 330378180.6110496 565306.3257834651 56883057700460.33 25


0.0144337 118002115.976768 6642689.178436309 4.912946669274661e+16 18
0.0288674 1416376074.027886 27764113.83672085 6.633381131071973e+16 62
0.0433011 6208115576.225791 25078677.12415158 1.038607160561304e+17 98
0.0577348 14556979796.70046 9337032.007839844 1.290745805992466e+17 210
0.0721685 12366946975.2984 207162249.4805773 7.152616923008449e+16 350
0.0866022 1098360602.015146 470750179.7287223 6266224091115085 450
0.101036 11269806001.43602 317579457.4245658 3.261186638457943e+16 602
0.11547 22605399736.47508 42799297.4019898 4.85760061677405e+16 762
0.129903 7567299138.179238 287500641.8865375 1.309960266343579e+16 1142
0.144337 5107916208.548329 289989405.7921777 7204061617886811 1250
0.158771 11287841080.29518 93403732.60081746 1.284077733838933e+16 1458
0.173204 7777657411.916914 143560855.1895771 7425459370719026 1814
0.187638 6330317478.078565 121249820.9106223 5149430298741224 2178
0.202072 5916388533.550925 103764625.8710715 4145878622495889 2498
0.216506 4430431264.280709 123626412.6266409 2700242031878615 2622
0.230939 3610838014.589775 96297559.80718774 1929353763164180 3191
0.245373 3006551263.321381 62952160.05826655 1422098441563892 3044
0.259807 2077908506.963634 40982282.74340935 876885665234268.9 2736
0.27424 1589182179.357565 27881558.12312633 600735135340102.4 2276
0.288674 925658644.1467271 28417527.38848487 315822063513665.1 2016
0.303108 575455923.0512712 26555392.50136257 178364925762494.1 1640
0.317541 781333264.9539155 13652358.69725041 219964078454702.3 1056
0.331975 464958833.3203052 8771285.307413658 119692137538935 683
0.346409 211761081.5032151 9483473.169538366 50219884971301.98 350
0.360843 150951026.1155171 9841706.667040171 33064947205985.82 192
0.375276 275929910.5097272 6132229.951845221 55564117433146.49 44
0.38971 253511270.8416936 1451817.616988626 46933102334458.29 25


