0.018171 4.308480549103976e-07 4.01064934441369e-08 0.7041241193599693 18
0.036342 2.857932930691351e-06 3.845958927066908e-07 1.235362445041077 62
0.054513 9.608643639425212e-06 1.045589949216503e-06 1.776365481392753 98
0.072684 2.346276474277655e-05 3.601461756837343e-06 2.409646620292215 210
0.090855 4.870493712082293e-05 7.845921034425883e-06 3.235193194264842 350
0.109026 7.377916459625941e-05 1.262052331893748e-05 3.417322712347262 450
0.127197 0.0001235431197450985 1.893180719081363e-05 4.167946607709612 602
0.145368 0.0001758922136268446 2.94375447897589e-05 4.51759483309722 762
0.163539 0.0002403454592929737 4.880429258387602e-05 4.899358622330725 1142
0.18171 0.0003266762190602173 6.506382851199719e-05 5.412392491847342 1250
0.199881 0.0004137906991135905 8.917884037952212e-05 5.647504856694214 1458
0.218052 0.0005777736380339843 0.0001149638306816637 6.606309777661235 1814
0.236223 0.0006876648033690569 0.0001512552706443121 6.708812351448153 2178
0.254394 0.0008811533146563695 0.0001928169059416659 7.416316217846199 2498
0.272565 0.001067579195386906 0.0002542338304879003 7.807608159585638 2622
0.290736 0.001232976606240742 0.0003038604705795356 7.919801319107899 3338
0.308907 0.001430134280463118 0.0003651521873086969 8.151031082505886 3722
0.327078 0.001697890080929725 0.0004483122273940259 8.64151177198571 4170
0.345249 0.001930699087606225 0.0005370027104767756 8.811200096472001 4358
0.36342 0.002146488276957932 0.0006553099671471834 8.833130982848465 5034
0.381591 0.002512848245822163 0.0007681489577814625 9.385267965354974 5714
0.399762 0.002798775790002833 0.0008951815901617987 9.525991073098158 5982
0.417933 0.003232937650493968 0.001066642679689487 10.06107025722589 6602
0.436104 0.003485721217921772 0.001192563704616701 9.957309276574819 7130
0.454275 0.00389494905467902 0.001420657790411544 10.25668073729627 8034
0.472446 0.004229365904447258 0.001670266894304104 10.3027516918086 8606
0.490617 0.004651503958102173 0.001892044707242236 10.5070977514816 9066
0.508788 0.00509730456718474 0.002192082093825827 10.70582343794577 9962
0.526959 0.005528786487738048 0.002433968909815889 10.82569591482906 10550
0.54513 0.005947642055368648 0.002731394029233524 10.88036546542236 11226
0.563301 0.006601792140128741 0.003072802481502171 11.30868467971198 12146
0.581472 0.007056622096844025 0.003439650998828292 11.33926549138652 12303
0.599643 0.007433032602771904 0.003833651317103789 11.2281192822428 12584
0.617814 0.00796238192682275 0.004334510318243698 11.33422658465047 12120
0.635985 0.008587078536498932 0.004929093731752713 11.53439377494421 11180
0.654156 0.00878101660884501 0.005301808015283425 11.14808984310726 11096
0.672327 0.009360832300064521 0.005863400435442317 11.25185019511715 10056
0.690498 0.01027933791720348 0.006575807165904516 11.71400370428244 9716
0.708669 0.01092145049060775 0.007044992278136404 11.81437608428725 8604
0.72684 0.0118020114739157 0.007948959326236278 12.13412248335632 8060
0.745011 0.01216822080532971 0.008537107293712033 11.90837369767299 7320
0.763182 0.01308402077702663 0.009503010049219152 12.20691198986206 6356
0.781353 0.01372411674433882 0.01029520626287929 12.21352261179777 5348
0.799524 0.01431149855515428 0.0109957897101616 12.15937371802418 4308
0.817695 0.01545560915459568 0.01127965317907988 12.55465485110461 3563
0.835866 0.01528348559783822 0.01304818503719105 11.88625400223745 2448
0.854037 0.01732546049559525 0.01341533514515305 12.89994623511073 1868
0.872208 0.01695809955738009 0.01530083526873214 12.09707193368462 1358
0.890379 0.01723709104741901 0.01400791904664599 11.79561123111924 1062
0.90855 0.01904630331626203 0.01795264362098134 12.53533501048261 776
0.926721 0.01806564535040573 0.01984350596079564 11.44459662020838 432
0.944892 0.01989062947437829 0.01323433542213513 12.07870932504954 200
0.963063 0.02581986334027599 0.02004154404106411 15.06724663122807 168
0.981234 0.01937560195888616 0.009734480123718164 10.90978291525295 56
0.999405 0.03189098670731701 0.002135660449601699 17.32009201010562 7


0.018171 0.05389859162063067 0.01625166400190057 1012578.531508431 18
0.036342 0.5073904133890967 0.1223495090934476 1388250.260851203 62
0.054513 1.675399654942184 0.2981189483624749 1661937.337995439 98
0.072684 5.182794249813917 0.6283742072606817 2650438.881526885 210
0.090855 11.91365452886184 0.7621225806775405 3801783.63711598 350
0.109026 19.31844372760419 0.5192739938366396 4231725.935160014 450
0.127197 29.61818660196227 0.2008905320109834 4694815.024103519 602
0.145368 37.31720519260474 0.03279603268908286 4486527.793211794 762
0.163539 37.51567026151449 0.6110687053960266 3573610.753242812 1142
0.18171 33.53764500878707 2.339980730221625 2598649.562025803 1250
0.199881 21.36699401030626 4.738045684245775 1369309.869958296 1458
0.218052 9.017703207748193 7.657957288497965 492786.6668833225 1814
0.236223 1.011863239134498 8.6643030689446 56555.04360861129 2178
0.254394 3.851585129463812 7.922357873963987 157980.8410248697 2498
0.272565 15.3824635960082 5.431567206683926 526565.8962144228 2622
0.290736 26.75938325807528 2.263484461573856 799671.1610812668 3338
0.308907 33.8995495010931 0.4866093648933598 897440.772941703 3722
0.327078 30.09393584268657 0.5043429035369681 711263.0287879165 4170
0.345249 20.06075830113181 1.772748540949563 425430.7745871389 4358
0.36342 9.643533227381999 3.101627911986348 184844.7334253564 5034
0.381591 3.684617868678006 3.642145532277202 64515.79814746737 5714
0.399762 3.624913501017488 3.263590703652981 57735.42162670558 5982
0.417933 6.327700561012591 2.342208497905488 91652.76260800827 6602
0.436104 8.479139363552472 1.477125944791901 112516.1973872965 7130
0.454275 8.713090323925545 1.11751217679774 106524.7147580096 8034
0.472446 7.894033952911951 1.016542100934782 89263.97603291545 8606
0.490617 6.463476542776079 1.085490464229006 67781.04208841616 9066
0.508788 5.711902030681295 1.115781717145714 55695.71360035404 9962
0.526959 5.543544478569399 1.006938011547062 50383.7358005053 10550
0.54513 5.644353454012558 0.8529521292863808 47915.0265114904 11226
0.563301 5.779268865979794 0.7809166564184856 45931.88477110829 12146
0.581472 5.244445960185366 0.6516045664422301 39095.00825846942 12303
0.599643 3.774646822706679 0.6177874869493406 26453.8546341214 12584
0.617814 2.367605509354041 0.5941934103830163 15640.37271499538 12120
0.635985 2.220053228354592 0.4243219765628296 13834.50504278246 11180
0.654156 1.86497259961726 0.3010884306963983 10982.47564636187 11096
0.672327 1.279945664038403 0.3164819092152438 7137.962642471698 10056
0.690498 0.8398694225804518 0.3406887542951014 4442.426060245575 9716
0.708669 0.7226939360513696 0.2998419145165073 3628.559637218313 8604
0.72684 0.7219157730854371 0.2684756181436544 3444.279810188732 8060
0.745011 0.6969247312979229 0.2130517243180529 3164.170820390588 7320
0.763182 0.6181904081587208 0.1934657749973796 2675.588205418268 6356
0.781353 0.5853497952000872 0.1962672295398346 2416.609714369694 5348
0.799524 0.5472025391372982 0.1466913216880047 2156.343828373729 4308
0.817695 0.5001458280648837 0.1137261145931136 1884.144110084153 3563
0.835866 0.4293859335938837 0.06748610711188903 1548.340466980383 2448
0.854037 0.4476665185577273 0.04332526877030318 1545.283742120404 1868
0.872208 0.5251474796639098 0.02349878035947162 1736.441473712709 1358
0.890379 0.3402002594559264 0.03219956637652988 1079.253632012839 1062
0.90855 0.2755648616571278 0.05909914423546306 840.9131136554081 776
0.926721 0.1537682961056022 0.08445858522115057 451.8979081513576 432
0.944892 0.08846925636369077 0.07897358886707637 249.4039911334215 200
0.963063 0.0661118370664306 0.1248692634479232 179.3792976112781 168
0.981234 0.02287086236401408 0.08118778235642089 60.03242538125114 56
0.999405 0.0121072897042135 0.06776027872058074 30.74642297179381 7


0.018171 0.02650558758236271 0.006245073457922928 1034664.864176876 18
0.036342 0.2568298830027294 0.04457022779909085 1353114.513443656 62
0.054513 0.8697987900624091 0.09864469660450743 1591989.742299464 98
0.072684 2.721682088675369 0.1755110230716781 2520621.126302835 210
0.090855 6.146525820185504 0.1333840895762214 3523943.699994177 350
0.109026 9.329825423876008 0.02137841192597711 3665685.842675786 450
0.127197 12.56581706664949 0.076123220411575 3576775.509737375 602
0.145368 12.41065680466089 0.5827767845786402 2690490.364957005 762
0.163539 7.805483178618516 1.618454179725553 1357670.921954506 1142
0.18171 2.495031795269646 2.94878085437761 377491.72870701 1250
0.199881 0.3385721181788147 3.421490650953773 64518.42812319289 1458
0.218052 5.112526759308526 2.900639405673434 502255.5066777705 1814
0.236223 13.89559112564788 1.222609430830413 1131960.509426355 2178
0.254394 19.64576396688182 0.1532155447560385 1374237.918258523 2498
0.272565 16.56787842442193 0.5463460173464481 1007228.38274337 2622
0.290736 7.05865004427307 1.761313278953325 379262.2521902202 3338
0.308907 1.415861724854626 2.542208266993762 70346.45743362022 3722
0.327078 3.022010593781328 1.943764714346527 129624.7742282023 4170
0.345249 7.670848887760804 0.8525402723771446 290952.807072611 4358
0.36342 9.060243266027095 0.3541759825760161 309245.4361239817 5034
0.381591 6.558334785997959 0.5835318626696275 203298.3168198527 5714
0.399762 3.795629849015026 0.9374994917914663 107473.0195062808 5982
0.417933 2.778408027209383 0.9620914110982109 72006.43134666367 6602
0.436104 3.252245154831145 0.6888373354298124 77176.0913588603 7130
0.454275 3.159553337211377 0.5743483186167041 69062.65188936515 8034
0.472446 2.610531488444773 0.5658101283037198 52791.69786481913 8606
0.490617 2.078945385640596 0.5737756848302668 38999.50915541306 9066
0.508788 2.065238765795875 0.5253889143266866 36003.35879554811 9962
0.526959 2.245200861763356 0.4341207516313288 36459.12923073143 10550
0.54513 2.324680022033121 0.3671312304333096 35250.06647776777 11226
0.563301 2.227644492751243 0.3691200466482015 31627.21518142113 12146
0.581472 2.016231787420329 0.313886947736997 26846.8655067139 12303
0.599643 1.476431244925347 0.2817785015828563 18483.10383961226 12584
0.617814 1.028792662472658 0.2408726121784781 12138.66542545787 12120
0.635985 0.924280593161603 0.1806432667450707 10286.58368442448 11180
0.654156 0.6530490841354095 0.1521493885973375 6870.233691714105 11096
0.672327 0.5728219345141359 0.1227344582970163 5704.275599061959 10056
0.690498 0.6313934794779242 0.08317296901553765 5957.519819681661 9716
0.708669 0.5761362072945139 0.06858418384437888 5159.704510411015 8604
0.72684 0.5093061240154577 0.06973306550424016 4335.227667737775 8060
0.745011 0.3913813447951924 0.06869485543888128 3171.470285136407 7320
0.763182 0.3023176502837344 0.07142855841322658 2335.918722103149 6356
0.781353 0.2612563407132568 0.07787728732479755 1925.932105045842 5348
0.799524 0.2241260770877221 0.06192721673786331 1577.115686542372 4308
0.817695 0.2433609207049819 0.04084327351627027 1636.457031815303 3563
0.835866 0.1970947852077484 0.02593241008591722 1268.61354391074 2448
0.854037 0.1688572984997616 0.02434882852993094 1040.587841000839 1868
0.872208 0.1415133105672981 0.02984029187377536 835.6463580896756 1358
0.890379 0.04056038018113792 0.03669447436213483 230.3135075813051 1062
0.90855 0.02018197211202935 0.0450199219610421 110.6791931952503 776
0.926721 0.03207763192035547 0.04027890898618949 168.7477935964897 432
0.944892 0.04357437044964001 0.02935094526615143 219.3470071742812 200
0.963063 0.1022154767078317 0.03203741763456289 493.8675597252549 168
0.981234 0.0817027988118447 0.01558289495735206 380.7866618440298 56
0.999405 0.07503549785532716 0.01085188092759771 337.3094464306945 7


0.018171 0.02072843187705255 0.002725450219598443 1109985.442811642 18
0.036342 0.1964919213244635 0.01789902813351766 1470358.830328544 62
0.054513 0.6441129697882516 0.0338886327519976 1693042.21479939 98
0.072684 1.922260724070741 0.04454689401297289 2568195.845121307 210
0.090855 3.970129419613777 0.01067832024675114 3295058.012054055 350
0.109026 5.278630003867219 0.03725776040153493 3013830.128206901 450
0.127197 5.800301896997111 0.2980467929960535 2416521.375526625 602
0.145368 3.887578838781491 0.8972725259376078 1261778.567640103 762
0.163539 0.9410121201575238 1.537287519065317 285319.0562354733 1142
0.18171 0.5387084157060543 1.843828801036826 149792.6743646676 1250
0.199881 4.391078627301462 1.246392311598063 740294.6922685006 1458
0.218052 10.58483287556376 0.3698246950765712 1457404.280005228 1814
0.236223 11.57820821838065 0.1206971838549669 1355403.449072751 2178
0.254394 6.611254281672943 0.9383457601412344 672189.9630015591 2498
0.272565 1.235872577971892 1.771235881833392 116284.666359379 2622
0.290736 1.674507901232112 1.419694482182522 133701.6163512142 3338
0.308907 6.019983904011386 0.5400745054906266 411693.9088194668 3722
0.327078 7.084191469974392 0.1887092571736569 431254.248638535 4170
0.345249 4.03177177679937 0.5828439973848063 220813.3357892012 4358
0.36342 1.652980329179301 0.8527075471342802 82458.13061118619 5034
0.381591 2.046489298260984 0.6455171427116503 92013.75733441416 5714
0.399762 2.950924621721999 0.3991909009533101 120261.2299790217 5982
0.417933 2.658661862778489 0.3648482569261571 99024.22346656893 6602
0.436104 1.87166960137898 0.4027112515644164 64064.49417811247 7130
0.454275 2.00210687510079 0.3029434734094345 63063.67680746574 8034
0.472446 2.000237022504591 0.2390082536566328 58228.29352693803 8606
0.490617 1.687097051258755 0.2437926937092804 45546.84002620498 9066
0.508788 1.371142110997918 0.2726272878450435 34436.59880183281 9962
0.526959 1.200546941811497 0.27100673895821 28112.41237456372 10550
0.54513 1.179582868562397 0.2441722153109455 25791.83373176694 11226
0.563301 1.16610485897808 0.2371784152568576 23868.06871461803 12146
0.581472 1.004440742583369 0.2116228296653238 19283.1423256096 12303
0.599643 0.8933657226800525 0.1553040344375871 16112.55204917879 12584
0.617814 0.6367812606002538 0.1316211616642617 10824.28993228121 12120
0.635985 0.500232956026381 0.1109154946780043 8023.526127466978 11180
0.654156 0.4115271143000413 0.0814471829883375 6236.283866587059 11096
0.672327 0.3492069843637988 0.06769864657908202 5009.398133550578 10056
0.690498 0.3597772284948919 0.04985440562016057 4890.066211172656 9716
0.708669 0.3237487622055234 0.04220572525416584 4176.501021771049 8604
0.72684 0.2820493855487827 0.04321969160973974 3458.474303344013 8060
0.745011 0.218286779289575 0.04139653868597203 2548.184297583484 7320
0.763182 0.1741251184475303 0.04117721841966635 1938.200106467644 6356
0.781353 0.1654459490318859 0.04172673500043678 1756.645956004165 5348
0.799524 0.1462278985685377 0.0323850121309996 1481.849915239001 4308
0.817695 0.1230125832311144 0.02747099201869493 1191.779631411944 3563
0.835866 0.07385531926699716 0.02330486752921719 685.3324973357583 2448
0.854037 0.06696209908224435 0.02035398546201697 594.8149355008977 1868
0.872208 0.07537939096564535 0.01831656561281761 641.2266590226469 1358
0.890379 0.09805778057809245 0.005559986222004015 799.4347327893586 1062
0.90855 0.1208628758573167 0.003284001826521377 947.476639519243 776
0.926721 0.1046620347457571 0.005475988355563204 789.7755065275486 432
0.944892 0.0723668185414955 0.007277698407411299 523.6428124163151 200
0.963063 0.06954514679469363 0.01657543753034809 483.8341448467424 168
0.981234 0.0294484476043875 0.0128725615014681 197.8537184909283 56
0.999405 0.01851460526648362 0.0115912290215514 120.0794659715629 7


0.018171 0.01762409805846552 0.001207823195459927 1163238.344501298 18
0.036342 0.161928555722622 0.006988906641367796 1553234.982405473 62
0.054513 0.508135663599272 0.01009635985333521 1739801.760792797 98
0.072684 1.428996174233254 0.006879895686297163 2505250.730277959 210
0.090855 2.649445601173868 0.01043651580500617 2904259.111020953 350
0.109026 2.997977470316604 0.1175332260295728 2280839.674690348 450
0.127197 2.522532378118194 0.4309587104908831 1432567.783880276 602
0.145368 0.8822492799048165 0.8908275562523434 444972.1714266741 762
0.163539 0.2149765781417722 1.09572268980076 134338.7531234247 1142
0.18171 2.563827838156228 0.8567878677214991 703549.4897741163 1250
0.199881 6.391869701907781 0.2498916958487491 1379410.470164431 1458
0.218052 8.135550127625956 0.08019490718032414 1462615.310640326 1814
0.236223 4.320733707261096 0.6779524242787359 670268.839890819 2178
0.254394 0.6111096212524875 1.280947539548682 93660.37151184701 2498
0.272565 1.888373261865558 0.9933091873213145 223843.0448049445 2622
0.290736 5.143188028628077 0.2542445595951421 518013.0400932944 3338
0.308907 5.018863156132696 0.2003132823508653 447817.2053350335 3722
0.327078 1.874005831901765 0.6326104514208678 151290.2293189371 4170
0.345249 1.054140254641559 0.6742471330182456 77122.76574269237 4358
0.36342 2.3808409585895 0.3432542595315945 153680.5498698435 5034
0.381591 2.563072692617586 0.2243580776723798 149731.3372372472 5714
0.399762 1.725554887062796 0.3153862340818338 92086.97310369306 5982
0.417933 1.478893285359794 0.2987425441482139 72149.57003930793 6602
0.436104 1.598703176439817 0.208003233832183 71404.74934169673 7130
0.454275 1.178031976084111 0.2327670145365137 48559.70512245175 8034
0.472446 0.890806583476127 0.2409870167557228 34005.20806702726 8606
0.490617 0.8985528867630317 0.2043107132660606 31758.6503126968 9066
0.508788 0.9674206539650481 0.1729871465622406 31746.54810059286 9962
0.526959 0.9251514437464617 0.1593758617915313 28289.88831822867 10550
0.54513 0.8481779241112908 0.1533131444177555 24227.0039726804 11226
0.563301 0.8303640043495027 0.1501240987606903 22202.78568822601 12146
0.581472 0.7767312140418263 0.1234064903600937 19470.79737051543 12303
0.599643 0.6053561586891539 0.1030342807210445 14264.04645200912 12584
0.617814 0.4884613452856549 0.0768287518194123 10841.62320891474 12120
0.635985 0.3685907677913313 0.06824375850873612 7721.021850744117 11180
0.654156 0.2652081776719817 0.05652648139593587 5251.478690746882 11096
0.672327 0.2294227518369502 0.0463621769371242 4299.765573220548 10056
0.690498 0.192820924641112 0.04252530792539525 3426.1483100664 9716
0.708669 0.189984063429147 0.03337452585341922 3202.516186102684 8604
0.72684 0.2044318866445173 0.02611578012925527 3273.271514075952 8060
0.745011 0.1777536041163473 0.02186948136151376 2708.68674409953 7320
0.763182 0.1500933057216996 0.02132706406459059 2180.576186941589 6356
0.781353 0.1454552136014403 0.02148949528752515 2015.625758196842 5348
0.799524 0.106749198094275 0.02009325620735023 1412.595417713826 4308
0.817695 0.09006367815003953 0.01696879791586729 1139.372875634278 3563
0.835866 0.05358469762393126 0.01472160280290847 649.3436844013227 2448
0.854037 0.05390718437806648 0.01181600584487995 625.1213396918013 1868
0.872208 0.0682952451979592 0.008832555967719516 758.2046605931222 1358
0.890379 0.07135753461293966 0.002864425717646054 759.5082916758604 1062
0.90855 0.06742064968902754 0.005146636554996926 690.2665678375762 776
0.926721 0.03701014663895993 0.01030438917294997 365.1293225817925 432
0.944892 0.01815455391360279 0.01084729356492882 172.0185110176556 200
0.963063 0.006866642079013249 0.01874042793506149 63.25168853681548 168
0.981234 0.0005551138313031714 0.01221907732468326 5.432256445682013 56
0.999405 6.978175419692803e-06 0.01003549745352424 0.4951655887385113 7


0.018171 0.01524864443228164 0.0004832898520593051 1194047.360067305 18
0.036342 0.1354349318317532 0.002226796347621746 1589336.270669036 62
0.054513 0.4051493592940395 0.001686912170350105 1720920.887345719 98
0.072684 1.067060518001279 0.001197074765441338 2338124.239048161 210
0.090855 1.74937132411553 0.03899900315303315 2421005.650739717 350
0.109026 1.623027165546987 0.1810660251645013 1591615.304892599 450
0.127197 0.9300668818561136 0.4673290087904063 736944.087727941 602
0.145368 0.09517211319738551 0.7404693628471617 154625.6314924553 762
0.163539 0.9512353511105984 0.6625955720291716 439849.7069509819 1142
0.18171 3.832292665841271 0.292479820547778 1256990.606084314 1250
0.199881 5.596519800986248 0.02740833943883319 1487796.701312394 1458
0.218052 4.123567123539287 0.370749041675954 926361.017740878 1814
0.236223 0.7589138809163537 0.9010315984581866 162340.3427377523 2178
0.254394 1.137424144523488 0.8106843563340749 197941.3000074759 2498
0.272565 4.232282663124637 0.2344707335026655 601184.5853250726 2622
0.290736 4.102657513498269 0.1299973660577924 510156.9135796498 3338
0.308907 1.475840064589953 0.524652838978501 166088.0292203337 3722
0.327078 0.8676477811158561 0.5440953568342841 88273.42093080442 4170
0.345249 2.26401465359479 0.2308851764440567 200205.5003688592 4358
0.36342 2.146029130112411 0.1815264595348045 170798.2771138177 5034
0.381591 1.214124345908843 0.2792159627986746 88179.31390939395 5714
0.399762 1.234124463485797 0.2334733198750108 81451.6608658756 5982
0.417933 1.26057925654367 0.1857016139258876 75886.09521853787 6602
0.436104 0.8739179803353744 0.2034951318069223 48392.86178247357 7130
0.454275 0.7860455524458402 0.1821964967063311 40089.34510019822 8034
0.472446 0.8904388034053012 0.1329021408586385 41880.72505483963 8606
0.490617 0.8451731311195049 0.1158384142207374 36830.97507690249 9066
0.508788 0.7639817367314982 0.1164595125445002 30953.77875135523 9962
0.526959 0.715736272339579 0.1094091574401033 27024.71707091524 10550
0.54513 0.682456652840032 0.1007069836564119 24062.86513033399 11226
0.563301 0.6720843398839673 0.097956382815761 22181.77988993 12146
0.581472 0.533756288450389 0.09596094333963172 16531.05523879195 12303
0.599643 0.414554614208578 0.08007719869184131 12068.65616251829 12584
0.617814 0.3179898762173587 0.06301581711639892 8721.735650554989 12120
0.635985 0.2839354090795196 0.04697180002328741 7342.892870916114 11180
0.654156 0.2257803206076602 0.03534103778294404 5516.751479353978 11096
0.672327 0.1760288502921569 0.03222828657562658 4072.957517291098 10056
0.690498 0.1564757554829019 0.02819319839915665 3431.644089644973 9716
0.708669 0.1237092132986714 0.02711348560483067 2576.234445188938 8604
0.72684 0.1029809294178159 0.02750881432028968 2039.040926024362 8060
0.745011 0.09396348140970971 0.02250213137989097 1770.002326338438 7320
0.763182 0.09791034715522205 0.01767272584271798 1756.817406126951 6356
0.781353 0.104759208235989 0.01591929332242891 1792.235336513393 5348
0.799524 0.09126489901227151 0.01217544626323535 1490.213634977561 4308
0.817695 0.07036108162306098 0.01148009488681889 1098.657488451598 3563
0.835866 0.04103840879838077 0.01035155135589681 613.9131286194646 2448
0.854037 0.03540490489530385 0.009355856591401914 507.073690011291 1868
0.872208 0.03887017202250641 0.008549013229881084 533.0783177887624 1358
0.890379 0.05000156528340006 0.002558737256963161 656.9037912107061 1062
0.90855 0.05666478432702135 0.002392086364949295 715.8634251940063 776
0.926721 0.04128874249967857 0.004777461072736079 502.3007263222356 432
0.944892 0.02423675798281913 0.005764686101360815 282.9177618873671 200
0.963063 0.01508230683105916 0.01161099583601851 169.7818895364683 168
0.981234 0.003522877850469122 0.008218462378286001 38.65201100089799 56
0.999405 0.001181877814055133 0.007011747946892518 12.78334235531926 7


0.018171 0.01312766625555725 0.0001439891296443889 1205369.359831334 18
0.036342 0.1125321939117915 0.0003693500957639895 1581007.947331481 62
0.054513 0.3198140291795881 9.60201322666483e-05 1643903.727979471 98
0.072684 0.7837122915539569 0.007591178453547978 2094303.61121981 210
0.090855 1.113200460147067 0.06979582532032444 1912425.102572412 350
0.109026 0.7948744699603251 0.2162555567880542 1020824.745753109 450
0.127197 0.2390387945567468 0.4400040154206111 341514.2366101694 602
0.145368 0.1939538977772201 0.5490717037258617 228728.0915243343 762
0.163539 1.729450198021968 0.3416846290656363 868627.0599665729 1142
0.18171 3.944239217713498 0.05904774721644853 1527119.708727223 1250
0.199881 3.76287802863704 0.116662410996065 1198646.795558969 1458
0.218052 1.398764067551105 0.587982961565726 394155.6908083597 1814
0.236223 0.3637839432656187 0.7292367909675792 103546.456774771 2178
0.254394 2.716696478923715 0.3098757933738452 534145.2638820313 2498
0.272565 3.986008834520277 0.05966994477535968 672320.7937392391 2622
0.290736 1.705764382407904 0.3510885225706024 256578.2122498372 3338
0.308907 0.5523761132183183 0.5026064007951022 77461.40164929442 3722
0.327078 1.824185227587571 0.2194229807438626 214967.5877639545 4170
0.345249 2.049202505275148 0.1271536737489357 215427.2955297001 4358
0.36342 1.036313418760431 0.247259930306206 99114.08426565895 5034
0.381591 0.9147393197186579 0.2178840416104671 79266.90446145348 5714
0.399762 1.058167238077067 0.1612594720041907 83106.51886417897 5982
0.417933 0.8052545059192975 0.1723461181683597 57921.57640225083 6602
0.436104 0.720078133954444 0.148415230451587 47479.13143618726 7130
0.454275 0.8699837697005908 0.09437548900154839 52644.56609490049 8034
0.472446 0.7177021114304025 0.09733784200711343 40188.25179658293 8606
0.490617 0.5725813917473982 0.1031929199390175 29755.26185545859 9066
0.508788 0.5280764033124542 0.1002800195705395 25507.81566058663 9962
0.526959 0.4885021766038219 0.09528300793520283 21989.3776609231 10550
0.54513 0.4355766734051331 0.09343160647866569 18317.8913309782 11226
0.563301 0.4189740068893584 0.0928299640834815 16493.59472415894 12146
0.581472 0.3838154484514969 0.07868934713337543 14162.30240423831 12303
0.599643 0.3398668448992326 0.0580251222739024 11775.78027050461 12584
0.617814 0.2723044636149169 0.04370238555949614 8886.134851534629 12120
0.635985 0.2041354447117823 0.03889975666340394 6287.728390901937 11180
0.654156 0.1516620913691834 0.03124027848192113 4415.186468340249 11096
0.672327 0.1396001674055634 0.02411563153413294 3844.599498154657 10056
0.690498 0.1206850280104507 0.02167317729215061 3150.648186804196 9716
0.708669 0.1155255342850076 0.01723657483434212 2861.071553547613 8604
0.72684 0.1157514425300996 0.01464503764762027 2723.202840105878 8060
0.745011 0.0901367938086256 0.01415917777597072 2019.02261326917 7320
0.763182 0.07035853564680312 0.01457282888705431 1503.158870691582 6356
0.781353 0.06256217597401716 0.01559503379626017 1275.3815937136 5348
0.799524 0.05500063130056402 0.01218427052989285 1069.906801316748 4308
0.817695 0.05093292928977104 0.009437049546919745 946.7500451588411 3563
0.835866 0.03988677213513015 0.006437383004130675 709.5424858584825 2448
0.854037 0.03041225808426889 0.006628876124728631 518.2074474750493 1868
0.872208 0.02079963109225938 0.008296994539939314 340.1037584614693 1358
0.890379 0.0184796809975844 0.00572756805729993 289.5860834945537 1062
0.90855 0.03523204398463905 0.003437486473283346 529.8610538785972 776
0.926721 0.04764504652146066 0.0007342059025684294 689.1269866166658 432
0.944892 0.03947954594064146 0.0005526765693533478 547.4365234248576 200
0.963063 0.04801987972706537 0.002116866922503889 639.9828279887665 168
0.981234 0.02366227608695565 0.002391310191135798 304.4407147013944 56
0.999405 0.01635077610849007 0.002492659637872711 203.0083366936966 7


0.018171 0.01112125726970896 1.537928618092755e-05 1200371.667272181 18
0.036342 0.09182774556374991 2.750005177478345e-05 1534620.515521571 62
0.054513 0.2468197988064384 0.001690314671562074 1521544.106923636 98
0.072684 0.557617537858248 0.01795997831187121 1804933.88933863 210
0.090855 0.66477307791428 0.09412095208167495 1433301.39659507 350
0.109026 0.3232319551596572 0.2258006221537604 607233.9695667945 450
0.127197 0.04193996582754762 0.3770836797932582 210758.2149944233 602
0.145368 0.5787007341986136 0.3678002260832196 507961.9132238529 762
0.163539 2.164850767652882 0.1422491685883865 1226077.377061977 1142
0.18171 3.317524495955019 0.02179095762667469 1491071.849753208 1250
0.199881 2.018420430129622 0.2628134208703642 763232.1829632364 1458
0.218052 0.2858985370935743 0.6113338559678948 121263.3876505287 1814
0.236223 1.187603237842892 0.430491213027009 327951.2506219877 2178
0.254394 3.227711535917944 0.07028206136627714 729537.5734675569 2498
0.272565 2.378623811969783 0.1882539181590408 469301.5270941305 2622
0.290736 0.468416038865564 0.4337625241362728 87885.93043166967 3338
0.308907 1.169345166595436 0.2770028155944019 181545.9669930702 3722
0.327078 1.9602390828575 0.09113666884402054 266841.3568575474 4170
0.345249 1.055099709073715 0.2032721235189945 129991.5222994492 4358
0.36342 0.7172755674372651 0.2168073035287087 80090.53596988269 5034
0.381591 0.9665855707126624 0.1340391190763068 96796.08643889155 5714
0.399762 0.7397836666326633 0.1480464290053161 67652.12210632805 5982
0.417933 0.6832029703157083 0.1313101764001098 57029.36214276005 6602
0.436104 0.7701519929436894 0.08539071290118307 58727.47299569314 7130
0.454275 0.5765929575542487 0.09675642792947065 40597.32623636344 8034
0.472446 0.4498285644527272 0.09966696440703883 29334.50068345646 8606
0.490617 0.4329887797051366 0.08697205269067011 26140.94497017261 9066
0.508788 0.4184623387729282 0.08104000251552006 23467.39022973613 9962
0.526959 0.3830920714285227 0.07769903423459051 20021.89743182657 10550
0.54513 0.368848397487024 0.07130034041794021 17994.63420798386 11226
0.563301 0.3707019910974606 0.06813917657584959 16921.43746701753 12146
0.581472 0.358162275644303 0.05417112203183985 15316.78232282999 12303
0.599643 0.268675999897234 0.0471708340138061 10803.37718641381 12584
0.617814 0.1965869127691876 0.03882119541614294 7449.752910667664 12120
0.635985 0.1711193644544504 0.0297721892738195 6113.713850487219 11180
0.654156 0.1410047292983931 0.02156008349505529 4757.972598572474 11096
0.672327 0.1089631139512894 0.01983645247366641 3482.163465243116 10056
0.690498 0.1003387280541628 0.01672919987293432 3038.308971245278 9716
0.708669 0.07968137331611362 0.01612205815237325 2291.286768909919 8604
0.72684 0.06415491524976064 0.01682903885912737 1754.662375035234 8060
0.745011 0.06149203506589766 0.01323057466239705 1599.237206292452 7320
0.763182 0.06277734941996314 0.01049514164630221 1554.983790050096 6356
0.781353 0.06706701003226088 0.009426529471996932 1583.735056929569 5348
0.799524 0.05161582099262441 0.008413223294441104 1163.847580664032 4308
0.817695 0.04189171100900813 0.007378357389527882 903.1416759762418 3563
0.835866 0.03162211607283223 0.005210685756886236 652.4915945535593 2448
0.854037 0.03075359784671937 0.004129633741095579 607.2476984710663 1868
0.872208 0.03337221347360689 0.003573616238362754 631.0328497707178 1358
0.890379 0.01340509826879706 0.00485373600854188 243.8311968018079 1062
0.90855 0.008050273162111621 0.006478538275682439 141.4521713301208 776
0.926721 0.01060455143095972 0.005670693845743353 178.7918261354035 432
0.944892 0.01443800450997714 0.003610812485746884 232.6838686883389 200
0.963063 0.03362290299336546 0.00258363094999936 519.7869093874622 168
0.981234 0.02548593892950926 0.0007051048528107022 380.0084851732644 56
0.999405 0.02233001437829306 0.0002878018808060448 321.1393530314874 7


0.018171 0.009202238751404641 7.986709927625792e-06 1182352.781225265 18
0.036342 0.07296845854546882 0.0004898826528059707 1458639.179849115 62
0.054513 0.1842622906742855 0.004640671492669216 1369058.141788783 98
0.072684 0.378456244202252 0.02848629711560637 1500967.331815166 210
0.090855 0.358920153807763 0.1093422251398482 1025294.493298724 350
0.109026 0.09040242531657236 0.2155382978024154 362864.6740714601 450
0.127197 0.1031166306988177 0.2988910319435633 285450.077674963 602
0.145368 0.9704737981970364 0.2197746657722128 858886.4011706603 762
0.163539 2.229276218951122 0.0426166929850295 1422082.8534338 1142
0.18171 2.396756978199356 0.07580290325392217 1237718.594203165 1250
0.199881 0.8180908351312878 0.3595914830031674 379024.2085287014 1458
0.218052 0.264046248954985 0.4980023619174895 127662.5367313197 1814
0.236223 1.975464693431533 0.1856377441379413 598723.5041221571 2178
0.254394 2.680907319432477 0.0556649267645434 690441.2756697088 2498
0.272565 0.9427439377988958 0.3285388553673697 219487.4963806234 2622
0.290736 0.4665901388174258 0.342778918782799 98852.5355415668 3338
0.308907 1.676312798410704 0.1068520278825423 292049.4125037221 3722
0.327078 1.313066169747138 0.1276653218424331 204541.0116161857 4170
0.345249 0.5336182318725136 0.2247512948890362 76366.27090052278 4358
0.36342 0.8258449371171095 0.1381386739872559 104216.5831714164 5034
0.381591 0.7997936285011754 0.1102396744011835 91262.70714660829 5714
0.399762 0.6128005176258755 0.1214731350827606 63870.06901056482 5982
0.417933 0.6814682008814994 0.08779788449144511 64596.98518881699 6602
0.436104 0.5642705391506073 0.08275191623933215 49093.18739707095 7130
0.454275 0.3733763277629678 0.09724902544106996 30078.00074218798 8034
0.472446 0.3818353949450157 0.08009594800709505 28355.20744082094 8606
0.490617 0.376938707777362 0.06821757477009126 25901.1284804115 9066
0.508788 0.3663852672874833 0.06311203987651695 23382.5988876908 9962
0.526959 0.3595358214683616 0.05648103928192178 21365.90968086923 10550
0.54513 0.3617093571215539 0.04878538722984676 20055.95946069606 11226
0.563301 0.34644941825746 0.0491288288683841 17983.26952916527 12146
0.581472 0.2803457326785357 0.04731150229014026 13655.53843420644 12303
0.599643 0.2239437740834089 0.03843176203394023 10250.44989650093 12584
0.617814 0.1776475336702147 0.02924267176810671 7657.844060853338 12120
0.635985 0.1449053867133148 0.02387942945835721 5892.093204682064 11180
0.654156 0.1034448238201198 0.02003517364490258 3976.842776542704 11096
0.672327 0.09055337212708224 0.01621373260506554 3293.804446565362 10056
0.690498 0.07353109536201802 0.01540406029447753 2536.522350460831 9716
0.708669 0.06976008319632307 0.01254668939191797 2282.344834372432 8604
0.72684 0.07704079049478625 0.009581760343720207 2392.496721959834 8060
0.745011 0.06480385585240933 0.008418165450577459 1915.40725668458 7320
0.763182 0.05274006817083682 0.008495718563901777 1486.580259310044 6356
0.781353 0.04850245591322649 0.008996269857692488 1304.337500841701 5348
0.799524 0.03991208708705215 0.007392557585548275 1024.506919948238 4308
0.817695 0.03456848588002825 0.00607226951231695 848.1124410466366 3563
0.835866 0.02303485618816832 0.004850960515607173 541.2305997493248 2448
0.854037 0.01929488345946932 0.004505313542393957 434.1098016140447 1868
0.872208 0.01935159235573535 0.004420249960175216 417.0135155961352 1358
0.890379 0.02522629194426117 0.001411591566944934 520.2978767346789 1062
0.90855 0.02756835309252824 0.001528445331503019 546.7929328373344 776
0.926721 0.01782938357452472 0.003032121248270542 340.7915654341509 432
0.944892 0.009040637287209104 0.003511652769471003 166.0589193330039 200
0.963063 0.003100680779402953 0.006636642388388288 55.7463760108842 168
0.981234 0.0001577315612346122 0.004393332497612092 3.445145088953188 56
0.999405 8.080286236186383e-05 0.00358624791887966 1.905905132656425 7


0.018171 0.007388156359352128 6.908287111913393e-05 1154766.71074549 18
0.036342 0.05599877495164943 0.001341043232582934 1362723.094368555 62
0.054513 0.1315069240266235 0.007915898750116827 1202490.837221406 98
0.072684 0.2401352432276022 0.03725404010015921 1210770.7744854 210
0.090855 0.1641229646413764 0.115337324529334 716410.639185227 350
0.109026 0.01552132237496625 0.1916546248523796 278959.7195356499 450
0.127197 0.2782598202747266 0.2194185760667388 496492.8702043021 602
0.145368 1.248243386282472 0.1126876727255492 1181699.835399761 762
0.163539 2.013240599093163 0.01362396357425233 1438744.5675241 1142
0.18171 1.492616277653705 0.1532076968645255 886408.6707159389 1250
0.199881 0.2197264804560319 0.3819812801746009 151077.1978586135 1458
0.218052 0.7270889367502055 0.3336367555921904 315789.3009871676 1814
0.236223 2.259899008517251 0.05600967219915182 760417.8936969086 2178
0.254394 1.702214238782932 0.1420621965283033 497389.4577840228 2498
0.272565 0.279266354693357 0.3638383738597147 83068.31397367299 2622
0.290736 0.9417174580547104 0.1950657294324135 211927.4984985479 3338
0.308907 1.570726726074966 0.06368473249889406 306471.5872947395 3722
0.327078 0.6588759844067279 0.1840532349076898 117380.9825554496 4170
0.345249 0.5605774366254656 0.1699942944337047 89415.35400198128 4358
0.36342 0.8326106490121793 0.09314029876559773 117495.3935995872 5034
0.381591 0.5812623440383197 0.1089054110881529 74750.84902230647 5714
0.399762 0.6094969372188085 0.08630718512491475 71077.31905162605 5982
0.417933 0.5548246748477141 0.07741582779233844 59072.96079325976 6602
0.436104 0.3560801513132631 0.09027063336293223 34987.82722250149 7130
0.454275 0.3714686151940533 0.07203287615261308 33489.342327798 8034
0.472446 0.376972856977561 0.05798956837995187 31340.51534572328 8606
0.490617 0.340926869994978 0.05350207051313818 26263.60220629937 9066
0.508788 0.3287074802405262 0.0497594163256672 23520.38208758076 9962
0.526959 0.3188648689110912 0.04487925430237893 21247.4602543327 10550
0.54513 0.2845322305668256 0.0446660059151422 17713.52327830032 11226
0.563301 0.2743658711106375 0.04448567630649314 15987.76326211846 12146
0.581472 0.2260427186888634 0.0416028678263351 12358.44683180327 12303
0.599643 0.1899940644972042 0.0321492376492355 9755.1813498099 12584
0.617814 0.1488678729182769 0.02480771752329932 7198.904636939128 12120
0.635985 0.1118219440167671 0.02192262660503013 5104.544756546561 11180
0.654156 0.09043394308199186 0.01629726216070757 3898.547605488488 11096
0.672327 0.07876339428208791 0.0132361486187281 3212.613087920617 10056
0.690498 0.07515586558258948 0.01065636133737542 2903.515234791729 9716
0.708669 0.06453839394786269 0.009571597299130928 2366.566962314805 8604
0.72684 0.05148341827050594 0.01045896238834424 1795.87003179465 8060
0.745011 0.03906041307364869 0.009833496804531487 1297.802542718241 7320
0.763182 0.03676235265399506 0.008502804041205157 1163.604056763299 6356
0.781353 0.03674198399041616 0.008294799324753774 1108.900401215874 5348
0.799524 0.03326207182280772 0.006300749436399695 957.5621319935993 4308
0.817695 0.02661253750187949 0.005560168143210413 732.5852074556652 3563
0.835866 0.02261821253314637 0.003506622608407014 595.4546394776803 2448
0.854037 0.02084011382944895 0.002972233679575401 525.0977603007655 1868
0.872208 0.02006854257348575 0.003056262458423485 484.4345834172274 1358
0.890379 0.006295555079077053 0.003894102668143851 146.7226578770513 1062
0.90855 0.008243668659994655 0.003987166679191936 184.3631345407831 776
0.926721 0.01649398640386539 0.002273130854056857 353.3554808633143 432
0.944892 0.01823030900903369 0.001028684375834444 374.0217607534412 200
0.963063 0.0323410358081177 0.0002078820072195322 637.1767921675008 168
0.981234 0.02037205030635236 4.067193918794733e-05 387.2778787734268 56
0.999405 0.01614859175850409 0.0001146586682047593 296.1527044785053 7


0.018171 0.005713504970149199 0.0001643158502654722 1121149.441291512 18
0.036342 0.0410983363465043 0.002316746412207627 1256954.918384215 62
0.054513 0.08832035729056371 0.01090236180106728 1037367.543595408 98
0.072684 0.1380550201773342 0.04334857013610501 958170.8652249707 210
0.090855 0.05551164193352006 0.1131716954694849 520922.1934442909 350
0.109026 0.03939527363437808 0.1598354203945759 331193.920198893 450
0.127197 0.4779588986053901 0.1477772694236474 774750.1805429892 602
0.145368 1.374488614668291 0.04556377783063257 1411755.649900534 762
0.163539 1.633732113557801 0.02765679957263236 1303792.856110187 1142
0.18171 0.776938510934742 0.2163319582476619 544361.6136784251 1250
0.199881 0.09611839417178171 0.3427276689414205 102498.3473950525 1458
0.218052 1.236202226850421 0.1823387875511411 560095.2135925976 1814
0.236223 2.048957050182026 0.02979798038465488 763821.7933628872 2178
0.254394 0.8248967968073773 0.2295613605864907 277228.0534141597 2498
0.272565 0.2943354449713934 0.3021314912725515 95124.55356273617 2622
0.290736 1.294303941622966 0.08466008298440546 317589.774832179 3338
0.308907 1.088245009730038 0.09905501029565746 237076.0324998718 3722
0.327078 0.3789366200709605 0.1892755704950489 76881.13260209793 4170
0.345249 0.73244295077391 0.1027263411474171 127824.2106198721 4358
0.36342 0.6737192241256723 0.08695687672976456 105672.456476882 5034
0.381591 0.4738023230617683 0.09755964647757212 67751.51270622217 5714
0.399762 0.549143007185817 0.069509733619649 70981.52457514637 5982
0.417933 0.3901760401302706 0.08111141425476648 46308.99531136233 6602
0.436104 0.3113527830849609 0.07628588170214308 33944.44616189166 7130
0.454275 0.3829626842847438 0.05074007675569511 38171.67897133523 8034
0.472446 0.3380424643574966 0.04725277833441898 31149.95862607248 8606
0.490617 0.2977712797228331 0.0449697901980924 25435.23368123512 9066
0.508788 0.2775131009851578 0.04343257730675089 22027.51597601977 9962
0.526959 0.2476693790319912 0.04293689391947954 18326.69763810456 10550
0.54513 0.2085384904505108 0.0444140175347195 14429.37883958046 11226
0.563301 0.2166172407584775 0.04133867722230291 14012.15091725693 12146
0.581472 0.1965053003713213 0.03520001742196089 11911.22499220209 12303
0.599643 0.152429389099713 0.02940449927461323 8684.681169468979 12584
0.617814 0.1211338399306569 0.02240620042305962 6498.329613838229 12120
0.635985 0.1034974232733152 0.01746971606129505 5234.044083100723 11180
0.654156 0.08298694572740759 0.01303420294819715 3963.604415454172 11096
0.672327 0.06580486126034168 0.01165475299190371 2976.213621714288 10056
0.690498 0.05553691664837476 0.01071072535311451 2381.409224455269 9716
0.708669 0.04613002733878747 0.00982450795608855 1877.957106057391 8604
0.72684 0.04284145652893618 0.009183872840801697 1657.085227001482 8060
0.745011 0.04346368379580862 0.006674382927056753 1597.529944824367 7320
0.763182 0.04056905848451131 0.005705286831889873 1420.781082174269 6356
0.781353 0.04251885587439809 0.005184791842170285 1419.536761456968 5348
0.799524 0.03203189688426861 0.004783753447613426 1021.329108176644 4308
0.817695 0.02853286011157798 0.00376291685105054 869.375620173238 3563
0.835866 0.0173844074599501 0.003370911052498403 507.5763098788332 2448
0.854037 0.01426033407730711 0.003194619930633906 398.7531395376917 1868
0.872208 0.01370457177237189 0.003240959987603466 367.1275059298097 1358
0.890379 0.01802352343234788 0.001073473465781496 461.8295441048135 1062
0.90855 0.01950285744694611 0.001196850439551838 480.5728756990673 776
0.926721 0.01196390079663294 0.002355224509057109 284.2708349016737 432
0.944892 0.005664429658690666 0.002681794037446786 129.5125709329387 200
0.963063 0.001342089042811811 0.004922697344004629 30.73002821624475 168
0.981234 0.000130284160945658 0.003147777226354371 3.595143412014051 56
0.999405 0.0004103719618610038 0.002508958080479992 8.967797094649711 7


0.018171 0.004215819797219577 0.0002699510781854321 1084973.814568668 18
0.036342 0.02845482667672094 0.003242600869133443 1151098.127833046 62
0.054513 0.05447067086794387 0.01324046451377225 887504.7817480108 98
0.072684 0.06792753635318224 0.04645964427437559 760964.9979125577 210
0.090855 0.01192689235248932 0.1044965578446818 440078.2366054821 350
0.109026 0.1175256814758284 0.1249475245953829 484847.4035733465 450
0.127197 0.6489968428261825 0.089283339396507 1058392.768344428 602
0.145368 1.356738343325888 0.01268761763837661 1517372.652056593 762
0.163539 1.196839956488347 0.06207886279377136 1069185.426255109 1142
0.18171 0.3141355490740819 0.249085835424431 286985.339324859 1250
0.199881 0.2630942695410188 0.2675087168709842 200507.4360747791 1458
0.218052 1.55692177235298 0.07734850475950991 758352.5224168373 1814
0.236223 1.545775767153984 0.06635323042791205 637749.6456561259 2178
0.254394 0.3050509698271848 0.2693635716509156 126186.1836268126 2498
0.272565 0.6377077197330472 0.1977872571681276 204935.5194387198 2622
0.290736 1.312213372008638 0.04232621205106574 352231.3320242444 3338
0.308907 0.598459816512335 0.1454334168207747 146338.622722514 3722
0.327078 0.4206378703822374 0.1489066773749108 92622.62697789406 4170
0.345249 0.7762435031306067 0.06578842379113108 148072.5735165178 4358
0.36342 0.4925455921893864 0.09166558800305546 85415.67959690825 5034
0.381591 0.4504564897686969 0.07825732885551621 70641.97112252045 5714
0.399762 0.4199800201188177 0.07038700842184528 59863.58370307324 5982
0.417933 0.3084891381774357 0.07581484320465869 40370.93428298601 6602
0.436104 0.3456809804010371 0.05350899517741067 41180.6445219677 7130
0.454275 0.3320970300327991 0.044389907435165 36371.38174517478 8034
0.472446 0.2760849365888208 0.04421037625617131 27983.89916021308 8606
0.490617 0.2460007729968054 0.0413577226072739 23106.83809424278 9066
0.508788 0.2218317010777184 0.04114169805747437 19371.7664378518 9962
0.526959 0.1921685080109031 0.04134097778812484 15652.35217780586 10550
0.54513 0.1864552748547483 0.037733370189386 14167.25957061964 11226
0.563301 0.1848815167490908 0.03655139929274277 13140.70013842852 12146
0.581472 0.1717030606338275 0.0305030028551002 11430.84861560945 12303
0.599643 0.1385305019088692 0.02455077793154516 8663.984872121384 12584
0.617814 0.1075660441511141 0.01910437939836242 6335.866406501696 12120
0.635985 0.09380555404853216 0.01454749092699305 5207.205662450543 11180
0.654156 0.0676683735237938 0.01212938460817019 3551.420301667874 11096
0.672327 0.05628566610416381 0.01030495244951564 2795.90686428462 10056
0.690498 0.04746433826191384 0.009458375797355114 2235.332786068502 9716
0.708669 0.04472031189679816 0.007737171484981199 1997.068471606635 8604
0.72684 0.04794140522299986 0.006128389637297714 2031.754657442062 8060
0.745011 0.03903815843024858 0.005602494406504457 1574.96387003326 7320
0.763182 0.03309478333868041 0.005352234094190412 1273.05065200592 6356
0.781353 0.03002250542236104 0.00573272175558135 1102.020203629263 5348
0.799524 0.0241145067614714 0.004820984298711656 844.9992410481199 4308
0.817695 0.01913697468968242 0.004275153758293154 641.2778283224384 3563
0.835866 0.01602404444757665 0.002768779146168007 513.4372092775345 2448
0.854037 0.0156598180550101 0.002199928185010075 480.0142865565966 1868
0.872208 0.01739612716259114 0.001850407184491651 510.4617284863603 1358
0.890379 0.006993455946633265 0.002486627839485782 197.6773761057271 1062
0.90855 0.005072560548427502 0.003157787349357188 138.4486664527087 776
0.926721 0.008404809718520806 0.002393950535429994 219.5340322564826 432
0.944892 0.01058533658905875 0.001313811511562739 264.386906929992 200
0.963063 0.02205552314276018 0.0005468783996391781 528.5243873135278 168
0.981234 0.01521050533262487 4.270324921410965e-05 351.6027511472904 56
0.999405 0.01258478315641697 9.174826394793293e-07 280.6098634221365 7


0.018171 0.00292776458443595 0.0003693262539231726 1049472.060085964 18
0.036342 0.01819692299357964 0.004005377216293127 1053910.891887702 62
0.054513 0.02954017596980651 0.01474471379515449 764035.8095813903 98
0.072684 0.02529811061154071 0.04667410199100338 630006.5269348532 210
0.090855 0.014773400143207 0.09121232484263024 463685.5519056491 350
0.109026 0.2166431993330945 0.09090035749763346 699942.6449419904 450
0.127197 0.7634221632290984 0.04629877003590419 1298078.267763783 602
0.145368 1.225488265967771 0.006083740628616571 1495067.519269755 762
0.163539 0.7835462688058072 0.1002353798714908 794421.4364011382 1142
0.18171 0.09660314794229685 0.2494190749003205 152354.8587650502 1250
0.199881 0.5481300314260603 0.1818830343091816 383983.6798310225 1458
0.218052 1.618372348115272 0.0264589303773503 852586.6236405427 1814
0.236223 0.9755959950597037 0.1237120660701287 448486.5711154359 2178
0.254394 0.1630864370532755 0.254666735680191 83743.43183116811 2498
0.272565 0.9872947763972685 0.1018941986628735 334410.3999501096 2622
0.290736 1.058933714650718 0.05384606813364985 310919.2093009949 3338
0.308907 0.3153156375152968 0.1638062309547776 87637.81520637081 3722
0.327078 0.5728789330499414 0.09654304730098688 134689.0604525894 4170
0.345249 0.6613411115043297 0.06180965689850482 137712.793036674 4358
0.36342 0.3873123626645722 0.08853421033620819 73630.9577088579 5034
0.381591 0.4303973272164417 0.06309810190884316 73439.18323079825 5714
0.399762 0.3076962095462932 0.07255586029605006 48127.73353177811 5982
0.417933 0.3089809905578285 0.06030163701626604 43936.97865117415 6602
0.436104 0.3476057129199449 0.03973460923204541 45011.40303530109 7130
0.454275 0.2599958868720176 0.04463291168334513 31121.59658200416 8034
0.472446 0.2229919045470032 0.04233689700453629 24686.2952324744 8606
0.490617 0.2016939683037182 0.03894438015952549 20681.9922584896 9066
0.508788 0.1845883304400372 0.03804137522897587 17591.09018891011 9962
0.526959 0.1748328854643454 0.0354044900606053 15513.10525725277 10550
0.54513 0.1855103872808103 0.02953941256756548 15331.07964389973 11226
0.563301 0.1688799123684145 0.03113122990896686 13073.92523759794 12146
0.581472 0.1551077177546311 0.02617655671972872 11248.08405508596 12303
0.599643 0.1320209715907995 0.0198737788261264 8987.372490491582 12584
0.617814 0.09733646624364144 0.01636357045359453 6244.747487088006 12120
0.635985 0.07639534189629912 0.01387801406948509 4624.619656810518 11180
0.654156 0.05795291515597498 0.01095415542611965 3314.869732973678 11096
0.672327 0.05149312853403559 0.008734090141986296 2785.501763538979 10056
0.690498 0.04902150161118201 0.007065363848860309 2511.008166641623 9716
0.708669 0.04235203649259203 0.006296411798142503 2058.885049513046 8604
0.72684 0.03679724005184343 0.006342744684993606 1700.712359550469 8060
0.745011 0.02778842233813796 0.006075018198731289 1223.570534338138 7320
0.763182 0.0239415722105108 0.005613909749001369 1004.991907258853 6356
0.781353 0.02284898894008393 0.00566620803325662 914.8485263544472 5348
0.799524 0.02170111689697761 0.004159730772561028 828.1746907436246 4308
0.817695 0.01912457102505492 0.003357763122733682 697.3679028556188 3563
0.835866 0.01419890625783863 0.002423164355891914 495.5117696769041 2448
0.854037 0.01137339017279336 0.002364736611541695 380.2053895148924 1868
0.872208 0.008343722487025154 0.002861461042697371 267.8517655993149 1358
0.890379 0.009307507814755445 0.001623733276139904 285.6589274696691 1062
0.90855 0.01528318007761876 0.000860067890555431 450.0664967747028 776
0.926721 0.01544047131784835 0.0006887706827373832 437.512699576461 432
0.944892 0.01020540624213684 0.001007872036504447 277.469644055693 200
0.963063 0.007268025621755595 0.002649187957371189 190.6703631774914 168
0.981234 0.001784141856944164 0.002102755370542286 45.71405528242246 56
0.999405 0.0006226000119578372 0.001859730208124116 15.78142831721922 7


0.018171 0.001872458338148698 0.0004510978875028291 1017457.845549963 18
0.036342 0.01035989911647577 0.004537981830009816 972565.8186127553 62
0.054513 0.01285209007063417 0.01535802682742024 674715.583154445 98
0.072684 0.005426747564942248 0.04434598972967746 568925.6843164231 210
0.090855 0.0477001317352839 0.07524662766512422 572455.3013323211 350
0.109026 0.312770310988903 0.06059572493594077 936086.8704403611 450
0.127197 0.8112729576840386 0.01893378042882276 1460013.906498784 602
0.145368 1.02053397540421 0.01716841728654494 1363078.137839564 762
0.163539 0.4463260620924735 0.1313017313180404 534323.2435428201 1142
0.18171 0.07529323742487032 0.2233676733091718 144392.3251825103 1250
0.199881 0.8214056824132125 0.1053133978795087 586442.7422524805 1458
0.218052 1.453999393487225 0.02122414052304706 829899.6771270639 1814
0.236223 0.5036727410824148 0.1714757210277076 265497.9990966718 2178
0.254394 0.2869196602404029 0.2021827889120239 138793.8660401895 2498
0.272565 1.160766035585304 0.04281671313030856 420681.027831991 2622
0.290736 0.702111900139969 0.08859058617349054 226400.0040132614 3338
0.308907 0.2645382128909101 0.1481504509519563 80541.80405871998 3722
0.327078 0.6683831647281502 0.05887548593472892 168466.4074283661 4170
0.345249 0.4822596930944993 0.07301805882884592 109602.4757726556 4358
0.36342 0.3592296219578623 0.0761265260702939 73914.78351669431 5034
0.381591 0.3798710252402991 0.05660528885699263 70245.33197842224 5714
0.399762 0.2651025920421119 0.06593148921840815 45003.07651707502 5982
0.417933 0.3256057492481549 0.04492868491213358 49913.5209448791 6602
0.436104 0.2948822690516719 0.03779712643844352 41392.85888172621 7130
0.454275 0.2104779117235603 0.04319974893146376 27355.55983073719 8034
0.472446 0.1917944900770115 0.03873323664806716 23014.96645029226 8606
0.490617 0.1760596756631462 0.03517869134143854 19559.29119600543 9066
0.508788 0.1716202674637959 0.03253566603343498 17693.61862457317 9962
0.526959 0.1761036205881558 0.02793922989323862 16877.95954656406 10550
0.54513 0.1717169818693869 0.02512287041579332 15351.84340892062 11226
0.563301 0.1619318055221789 0.02567097362237742 13553.77269261446 12146
0.581472 0.1423599056852008 0.02250890924628993 11169.19782128964 12303
0.599643 0.1144137876507087 0.01818846371144681 8433.033180588893 12584
0.617814 0.08657807857662606 0.01454748167265593 6011.815459108443 12120
0.635985 0.06516420610680035 0.01281360742650293 4271.984116788054 11180
0.654156 0.05487228536759179 0.009159474404067959 3394.222623264272 11096
0.672327 0.04671175769238919 0.007605435258258957 2733.927222125608 10056
0.690498 0.04085965098681208 0.006760729769765174 2266.363239999619 9716
0.708669 0.03392302277612409 0.006248665526859276 1786.473810593094 8604
0.72684 0.02774897073100592 0.00649756439079649 1390.385962371292 8060
0.745011 0.0260872137179629 0.005158003884869529 1242.331947841064 7320
0.763182 0.02540736372346834 0.004272973659200313 1152.107077908358 6356
0.781353 0.02771689142836841 0.003749933374212679 1197.463472129125 5348
0.799524 0.02258990475917298 0.003123692796005357 931.5878008088512 4308
0.817695 0.01818152481366525 0.002784946001487786 716.9546314194099 3563
0.835866 0.01204549485299376 0.002256415994312204 454.9850558000309 2448
0.854037 0.01103589384533361 0.001938233116696336 398.8963944165807 1868
0.872208 0.01344824399724085 0.001479207994754068 464.9481037418683 1358
0.890379 0.01145565537852249 0.0008877754354815051 379.6454028316214 1062
0.90855 0.006863239282280986 0.001957192400984552 219.5868769412043 776
0.926721 0.001807542015912064 0.002716248141085204 56.89040319087016 432
0.944892 0.001832308388091498 0.002170618358051879 54.9348884080588 200
0.963063 0.006708186171283596 0.002300944992215702 190.3665268820528 168
0.981234 0.006942570375854297 0.0009161972204668088 189.4034382376145 56
0.999405 0.006878603037279926 0.0005305491214868705 180.8484339341376 7


0.018171 0.001060943125886671 0.0005082612553208956 991172.093536291 18
0.036342 0.004872195270192759 0.004810195081389322 912219.720599857 62
0.054513 0.003466042760446646 0.01512037116463885 623549.3223433612 98
0.072684 0.003364103603968464 0.04000086818063524 574483.549126991 210
0.090855 0.09664373195598627 0.05839440654345075 740898.2149596231 350
0.109026 0.3899062592080163 0.03594061469811291 1156699.047922264 450
0.127197 0.7951604543998239 0.005668138234219092 1526980.366498837 602
0.145368 0.782220598463973 0.03786099941014851 1154014.8924475 762
0.163539 0.2111327618131774 0.1495494367907153 331054.4649191736 1142
0.18171 0.1834334207215204 0.180626473342701 240951.0020293965 1250
0.199881 1.0042861855537 0.04933879726269835 752165.1947723012 1458
0.218052 1.147781486912978 0.04556340607531632 712069.9088577382 1814
0.236223 0.2125435639169007 0.194064407799465 139776.3157182841 2178
0.254394 0.5252813090431869 0.1358697704066397 250086.4037361131 2498
0.272565 1.117240752073589 0.02566502365656655 434881.9365338671 2622
0.290736 0.3927670647504494 0.1195656616809219 141228.6608862465 3338
0.308907 0.360093557063022 0.111899650578022 114049.1600720285 3722
0.327078 0.6475792675247306 0.04471790979780974 175329.8812688558 4170
0.345249 0.3356403323486844 0.0819225013045025 83256.34153264739 4358
0.36342 0.3622995498132867 0.06140499206889125 79946.75517925122 5034
0.381591 0.3146650403284372 0.05520953025328671 62874.48406591358 5714
0.399762 0.2774398471785247 0.05233482589050332 50454.57472610035 5982
0.417933 0.3115246836670326 0.03698399828685451 51334.53149560744 6602
0.436104 0.2253653072287417 0.0405734409265753 34217.46097137094 7130
0.454275 0.1895000065845735 0.03858659249364566 26524.51234355214 8034
0.472446 0.1781757637348306 0.03367163060549309 23003.75573860244 8606
0.490617 0.1661622172633297 0.03013028948061782 19852.49437714955 9066
0.508788 0.169373667663314 0.02653247963091204 18760.94337201813 9962
0.526959 0.1694895021433735 0.02308602809454794 17462.18547107487 10550
0.54513 0.1473690009006733 0.02367672088791037 14192.21533004261 11226
0.563301 0.1532442117948055 0.02164795231284828 13792.83080130503 12146
0.581472 0.1259129490801835 0.02048540445691071 10634.55112101081 12303
0.599643 0.09439226898694088 0.01772184525429835 7497.624364491625 12584
0.617814 0.07697114932394183 0.01316026618950262 5752.674690474485 12120
0.635985 0.06280374305167435 0.01073646701372238 4426.345778549202 11180
0.654156 0.05038205412881461 0.008012588564760371 3352.569208992459 11096
0.672327 0.04017744722582434 0.007116515445354276 2531.659828607718 10056
0.690498 0.03246978141654114 0.006784001113313276 1940.89809019318 9716
0.708669 0.02944092500216897 0.005770007748320668 1668.977040380946 8604
0.72684 0.02944352178361977 0.005034260577054691 1584.373539738475 8060
0.745011 0.02783561481112103 0.003857445886524638 1423.756603264876 7320
0.763182 0.02570873715058468 0.003326784064446927 1252.837691924818 6356
0.781353 0.02545276306104608 0.003262628654269763 1182.77005461548 5348
0.799524 0.01772768284669617 0.003243852992346852 787.4194115529823 4308
0.817695 0.01522028176450052 0.002686641199267023 646.061993756329 3563
0.835866 0.01173227741952717 0.001859078810214277 476.4302131011302 2448
0.854037 0.01080935008198494 0.001578892696869233 420.034694385434 1868
0.872208 0.01027405162269015 0.001643696652777303 382.5142294498309 1358
0.890379 0.003351186621244095 0.002012063495461551 120.8043034329424 1062
0.90855 0.006177776728836072 0.001745914071280033 212.6521645348912 776
0.926721 0.01152498171246596 0.000688867214715859 380.0386369761115 432
0.944892 0.01134176547076286 0.0002388032122195171 358.2641343822111 200
0.963063 0.01681237492727758 0.0001678201777256424 510.1804053695217 168
0.981234 0.008949244106988132 0.0003472273026211764 262.1783043359251 56
0.999405 0.006352509200595017 0.0004480752543162938 179.614265342189 7


0.018171 0.0004912810440885398 0.0005374837843398629 972170.1179487611 18
0.036342 0.00155697174497195 0.004821704533050568 875764.1661579049 62
0.054513 0.0002177522805149681 0.01414340464483568 610760.1487183844 98
0.072684 0.01413014592377305 0.03425753144826352 637495.8599504933 210
0.090855 0.1499903436227685 0.04220189977221278 940490.6216117248 350
0.109026 0.4389107272005857 0.0179134771020791 1332334.205171647 450
0.127197 0.725929225692405 0.003911608213985913 1497512.205874893 602
0.145368 0.5459392938008383 0.06129837330860786 907444.0262083451 762
0.163539 0.08206234362241875 0.1533298135174291 210016.198813665 1142
0.18171 0.353456641557292 0.131454347290732 403993.6771653303 1250
0.199881 1.065032794253457 0.01806737430985256 845193.8605081039 1458
0.218052 0.7941164578442599 0.08223010255567977 540680.1361146246 1814
0.236223 0.1118751721320848 0.1887094928097574 94897.38225202401 2178
0.254394 0.7484843587506932 0.07642866619400411 368365.7077260599 2498
0.272565 0.9103755380316166 0.04007708842539113 381689.0095095225 2622
0.290736 0.2127563028362036 0.1319879503266917 87382.8025480932 3338
0.308907 0.4904495740806313 0.07307029523052606 162229.2122984826 3722
0.327078 0.5356334315136054 0.04886185871351677 155999.5081587209 4170
0.345249 0.264707856541548 0.08049477456828914 71089.23757145202 4358
0.36342 0.3561807549475838 0.05056914144279862 83980.52550918155 5034
0.381591 0.2629042762843557 0.05351721810472603 56518.03766764273 5714
0.399762 0.2984821445543051 0.03913228565218994 57830.13917434185 5982
0.417933 0.2649477975755417 0.03624278314578279 46867.35316282541 6602
0.436104 0.1769629881957994 0.04117754134984297 28938.8107342436 7130
0.454275 0.1823678626523743 0.03294610336543086 27304.93513113054 8034
0.472446 0.1716173736041337 0.02860439659782209 23701.03894737737 8606
0.490617 0.1614064109808021 0.02529564435402855 20624.34751665493 9066
0.508788 0.1617365857773027 0.02248483620405607 19167.72826989284 9962
0.526959 0.1483300373197828 0.02168431508744254 16378.71922990853 10550
0.54513 0.1266529504234323 0.02249481230831764 13077.80968572151 11226
0.563301 0.1348788968126524 0.02016607968132698 13007.39900826442 12146
0.581472 0.1081657389857915 0.01946378258727019 9793.147558904648 12303
0.599643 0.08347749590902508 0.01631241527058541 7104.317324376378 12584
0.617814 0.06905708683368036 0.01196970780604756 5527.80241755903 12120
0.635985 0.06053272779502403 0.009047600759369874 4564.235712031302 11180
0.654156 0.04331610132304718 0.007618988371601674 3088.617049694508 11096
0.672327 0.0353553870814157 0.006591083548738098 2386.431111958054 10056
0.690498 0.03169261226414006 0.005717748698513789 2026.466347518664 9716
0.708669 0.02888709583921053 0.004815990377511705 1751.632917985673 8604
0.72684 0.03018448000823498 0.003930876747162141 1736.615140545156 8060
0.745011 0.02435339881006525 0.003623842150948839 1334.00682601987 7320
0.763182 0.01977260977541375 0.003604725124989371 1033.224192049696 6356
0.781353 0.01713350294430788 0.003962553573253136 854.9364395982009 5348
0.799524 0.01482239604689188 0.00313587898625883 705.4290306103364 4308
0.817695 0.01350960039007511 0.002465875922178838 614.0139691758757 3563
0.835866 0.0097013947173372 0.001837322323998017 422.0769701474983 2448
0.854037 0.008118429057922961 0.001714774807204594 338.2506926917582 1868
0.872208 0.006268726210233012 0.002010666832067693 250.8044616803768 1358
0.890379 0.008080988417938563 0.0009291779052588289 308.583599726292 1062
0.90855 0.01114939123954977 0.0006024962995152307 408.8261653531948 776
0.926721 0.008778445917565075 0.0009145798135201418 310.1058208322696 432
0.944892 0.004792430669743985 0.001177055929675375 162.7600942747755 200
0.963063 0.001786412211087993 0.002506298698580598 59.61878852844814 168
0.981234 9.248041134550007e-05 0.00171589238040623 3.922223924226937 56
0.999405 4.558457616234449e-05 0.001402662976838892 2.155710503095433 7


0.018171 0.0001489716052376509 0.0005385379178130945 961261.3614831824 18
0.036342 0.0001447788257442239 0.004595904330445189 863770.9741731444 62
0.054513 0.001786562244473161 0.01258778014976917 633081.1235403445 98
0.072684 0.0329368543988597 0.02776129981481067 744213.0253095396 210
0.090855 0.1987200904728786 0.02788845794378399 1142814.539947862 350
0.109026 0.456399772529091 0.006675993374543854 1442902.160782397 450
0.127197 0.6190705654997568 0.01050362455309226 1383557.081834003 602
0.145368 0.3389785669834294 0.0822354558155529 663119.0477987984 762
0.163539 0.04715548754541238 0.143958569447798 179086.2884277816 1142
0.18171 0.5278802262952355 0.08469918939387339 589781.2822122284 1250
0.199881 1.008166223173457 0.00982713636558627 852038.9739063706 1458
0.218052 0.4725176228117809 0.1168835063046481 362436.5207314122 1814
0.236223 0.1621384957217138 0.161255596597651 127975.0537564016 2178
0.254394 0.8764329566873156 0.03645808591325383 453281.2154526789 2498
0.272565 0.6330508591414852 0.0694462950605194 287969.7475993322 2622
0.290736 0.172341302409744 0.1234794080959491 77484.81165059032 3338
0.308907 0.5735478401454791 0.04485742521714288 199938.5356529492 3722
0.327078 0.3927329280688285 0.06044913223528368 123424.213968206 4170
0.345249 0.2606905557269768 0.06974254793593822 74448.67722857423 4358
0.36342 0.3272805146706024 0.04541906205692472 82342.47013151104 5034
0.381591 0.2378866853729009 0.04884939549387334 54623.39114525318 5714
0.399762 0.2935043172019237 0.03183430303623497 60521.39499621983 5982
0.417933 0.2100278137327248 0.03821461748373928 39836.3407215173 6602
0.436104 0.160227410018371 0.03753353089529121 27975.62834963347 7130
0.454275 0.1757674083251478 0.02826713282906457 28030.57190215419 8034
0.472446 0.1636458067841273 0.02471891173982077 24079.44525437535 8606
0.490617 0.1528957475175196 0.02195822873423843 20818.84670796993 9066
0.508788 0.1434565396027728 0.02106368288976831 18143.25214522752 9962
0.526959 0.1227817004197182 0.0217813309871863 14490.4554530895 10550
0.54513 0.1137979908851438 0.02067557764401488 12536.07355576741 11226
0.563301 0.111156256497773 0.0202972733494397 11454.27758916034 12146
0.581472 0.09567251394374365 0.01815339908908711 9242.839586494665 12303
0.599643 0.08012452787127604 0.01410496382319087 7264.618780364215 12584
0.617814 0.06248030911245264 0.01093563959407682 5333.539648331069 12120
0.635985 0.05340790367304882 0.008508570754935009 4295.646635712908 11180
0.654156 0.03805453288036321 0.007155965240905227 2894.783636677415 11096
0.672327 0.03345864621452165 0.005766245836980282 2406.546952447079 10056
0.690498 0.03189293131658929 0.004668869653191828 2171.246348342838 9716
0.708669 0.02723374279225372 0.004213492072596728 1759.741736852409 8604
0.72684 0.02474544588533549 0.004041818407394785 1519.48300636075 8060
0.745011 0.01855064054449746 0.003914890905563101 1085.575954686508 7320
0.763182 0.01575791545784551 0.003659459334975808 879.2847779114265 6356
0.781353 0.01513305069204931 0.003677267371525524 805.3561820832983 5348
0.799524 0.01557977961561109 0.002485605821464526 789.2182579864427 4308
0.817695 0.01202128843874398 0.002288467124518072 582.5556002326496 3563
0.835866 0.008960681963709194 0.001646286514102542 415.5074891169164 2448
0.854037 0.008032488410445029 0.001444652495005854 356.4599295602677 1868
0.872208 0.00973103130041854 0.001123051205388502 412.9164231725493 1358
0.890379 0.008416707597907559 0.0006609983403298618 342.2444856417488 1062
0.90855 0.004872179958994726 0.001470894584432817 191.5006323498623 776
0.926721 0.001471097757691626 0.001968425905926174 56.92680618350011 432
0.944892 0.001781626998325514 0.0015173755193249 65.350185770064 200
0.963063 0.006226300885857906 0.001466916461344908 216.5007725766082 168
0.981234 0.006052000531859604 0.0005122188219157535 202.3983583431013 56
0.999405 0.005814096772293934 0.0002627221422606111 187.4064738054906 7


0.018171 8.437628432321154e-06 0.0005137386177215846 958506.9315124523 18
0.036342 0.0002942284539812251 0.004173859747331193 874629.3704098426 62
0.054513 0.006778301594033881 0.01064208574335021 684329.158823366 98
0.072684 0.0554140176534811 0.02112766446191772 878006.0988970187 210
0.090855 0.2364601310580316 0.01630371556931759 1322390.582319324 350
0.109026 0.4435927100496305 0.00172031357344728 1478687.123913685 450
0.127197 0.4917748578157914 0.02214332813838916 1207036.771708813 602
0.145368 0.1791703999258723 0.09719119240806287 455431.0876146986 762
0.163539 0.08436501744606544 0.1246256004634105 230505.7214663592 1142
0.18171 0.6651117482831232 0.04673307334974669 757609.3274150376 1250
0.199881 0.8616796490494487 0.01922759609721623 779532.0711663748 1458
0.218052 0.2351937549886692 0.1400518299250807 217503.7759019681 1814
0.236223 0.3004160947889642 0.1216897716532749 216770.0928619024 2178
0.254394 0.8821239975295976 0.01980142510436494 482528.3674515588 2498
0.272565 0.3740070374987961 0.09814346341851503 188257.5461177555 2622
0.290736 0.2332535389557107 0.1000337766416146 105838.0635247326 3338
0.308907 0.5756806065558474 0.03241055102528171 212460.9284879652 3722
0.327078 0.2733150826732733 0.06980676962412467 93083.96969937776 4170
0.345249 0.2888870953885612 0.0551813287315357 86773.47598667124 4358
0.36342 0.2838120428495354 0.04417579169540197 76131.50987827314 5034
0.381591 0.2337385140577395 0.0419046284972197 56896.84876030911 5714
0.399762 0.2567343800140515 0.03110799911374193 56359.91604527271 5982
0.417933 0.1699896751168364 0.03868764293442858 34461.70155557674 6602
0.436104 0.1635736729554128 0.03140712812607972 30239.31537600592 7130
0.454275 0.1650172655085075 0.02512717658622321 27948.63124275839 8034
0.472446 0.1510108335522967 0.0223754009079135 23608.59274516638 8606
0.490617 0.1379590193896695 0.02039726719937519 19968.51439343089 9066
0.508788 0.1204743064250168 0.02108733403206598 16225.50351410426 9962
0.526959 0.1041991547151332 0.02128862571044978 13093.05512882157 10550
0.54513 0.1047868834731969 0.018776467679577 12263.55811067423 11226
0.563301 0.09307591190927608 0.02002045051402018 10211.77914730989 12146
0.581472 0.0897583225719262 0.01620865851125724 9208.089234655359 12303
0.599643 0.07719415142329999 0.01222795616003729 7427.973714405356 12584
0.617814 0.05708840860047594 0.01000749390055659 5176.979484451866 12120
0.635985 0.04493684976746427 0.008449737092156477 3844.725297494168 11180
0.654156 0.03610113285865607 0.006318483910347858 2915.342894034459 11096
0.672327 0.0318427168773282 0.005058366690484098 2431.224868004321 10056
0.690498 0.02819991230334535 0.004437409583151491 2039.941012202132 9716
0.708669 0.02375822898522431 0.004050840090816874 1631.482051926527 8604
0.72684 0.01919407579706421 0.004286461865916969 1254.645436086258 8060
0.745011 0.01672136802440596 0.003620201473647392 1039.531221802993 7320
0.763182 0.01665885444956771 0.002956761036514818 985.4237579929406 6356
0.781353 0.01839254835424003 0.002576069789417544 1036.051430085798 5348
0.799524 0.01470947143268757 0.002194484550745735 791.020462757728 4308
0.817695 0.01167246169444026 0.001976015167922372 600.3196705410517 3563
0.835866 0.009147179388962746 0.001339109512884962 449.9342352405508 2448
0.854037 0.008240132160103908 0.001165594288846151 387.8949996205495 1868
0.872208 0.008645950658013815 0.001072909055268171 389.6334024014852 1358
0.890379 0.002911834000827959 0.001438821522923422 127.0721045690019 1062
0.90855 0.004044269169493461 0.001413903852423177 169.0239963520403 776
0.926721 0.007810571106832741 0.0006689563780339561 312.0764299183195 432
0.944892 0.008131825132966924 0.0002518448693768007 311.0688071719605 200
0.963063 0.01294228664847436 7.879282256156479e-05 475.4322155401503 168
0.981234 0.00713784157712668 0.0001914278973147439 253.119954197513 56
0.999405 0.005147176066400889 0.0002726373358199978 176.1609285429359 7


0.018171 3.53298262775768e-05 0.0004673531143743569 963274.3185577183 18
0.036342 0.001617810839214006 0.003608307276641343 904854.9851911907 62
0.054513 0.01381301848867089 0.008503475274889221 756195.3235328851 98
0.072684 0.07780859381423973 0.01489685111484299 1021188.028901512 210
0.090855 0.2594115708158097 0.007917860092374714 1458966.300467983 350
0.109026 0.4051169736142868 0.002039562150107433 1440190.696474283 450
0.127197 0.3605960553464485 0.03573927659208534 995791.017862166 602
0.145368 0.07491003399261713 0.1043920043921607 309462.8303363865 762
0.163539 0.1670440193234691 0.09941696208996759 344610.9027660245 1142
0.18171 0.7412410303602059 0.02109518608501092 876195.1534827969 1250
0.199881 0.6647721864789209 0.0391622829691539 649512.3793716193 1458
0.218052 0.1044352300675216 0.1474844845683034 132176.6702783957 1814
0.236223 0.4619496198777871 0.08044091129438161 329375.9968726852 2178
0.254394 0.7805505076789531 0.02337991815999266 453585.5399300814 2498
0.272565 0.1930097987167093 0.1156245674503879 112375.1377418413 2622
0.290736 0.3378661140498369 0.07101295621974744 155175.4920425138 3338
0.308907 0.5051038487729931 0.03390251249774013 197999.6724989157 3722
0.327078 0.206056149717092 0.07176413385239802 75797.08090814357 4170
0.345249 0.3145108226014847 0.042405942850202 99228.11938590692 4358
0.36342 0.2414273756633593 0.04390010223890579 68935.34610520652 5034
0.381591 0.2351604939642044 0.03505211301997695 60419.39799073895 5714
0.399762 0.2044560541290021 0.03394814325271957 47832.98264982703 5982
0.417933 0.1532611929087928 0.03604546049857752 32966.07828313095 6602
0.436104 0.1696525887240326 0.02558042659392342 33082.60923105509 7130
0.454275 0.1512148811683371 0.02317386678411664 27132.42536858554 8034
0.472446 0.1349690308076663 0.02121483911598748 22368.46567836242 8606
0.490617 0.1194853687251477 0.0199890561861981 18347.92410111065 9066
0.508788 0.1019169432335617 0.02087703638247102 14573.479085734 9962
0.526959 0.09586638848105793 0.01954041948456456 12758.40295351141 10550
0.54513 0.09644896923621855 0.01723273920378363 11953.21062286259 11226
0.563301 0.0865507500682595 0.01822349515302449 10053.67729500255 12146
0.581472 0.08644999444161142 0.0142199341432183 9381.21536906726 12303
0.599643 0.07145497541275997 0.0111545024165339 7278.594429247997 12584
0.617814 0.05282586729892231 0.009136236197551002 5071.184056121635 12120
0.635985 0.04008849097912359 0.007971534144552006 3633.465754115536 11180
0.654156 0.03485104181679476 0.005519582352529187 2976.971933887613 11096
0.672327 0.0287717519127495 0.004734180583031825 2326.05240483055 10056
0.690498 0.02348505322269636 0.004496349656087621 1801.09677047255 9716
0.708669 0.02075473162779665 0.003907994731037047 1509.81310969792 8604
0.72684 0.01840343779599732 0.00380650173303902 1272.635186780285 8060
0.745011 0.01825876117303273 0.002828836503763159 1198.718233743854 7320
0.763182 0.01757035968495358 0.002329024986344921 1098.266947230925 6356
0.781353 0.01845524617091567 0.002101926499636201 1099.229851284956 5348
0.799524 0.01227795464790592 0.002231883846857242 699.5689028051341 4308
0.817695 0.011601387967333 0.00166447270794831 630.9659841490768 3563
0.835866 0.007712674050584291 0.001351368103538571 401.8562040520957 2448
0.854037 0.006699716533320559 0.001223425948418751 334.1749043662808 1868
0.872208 0.004881753217642656 0.001518697226578751 234.0606444898819 1358
0.890379 0.00446241383363462 0.001009271003735314 204.6877439487886 1062
0.90855 0.008172043848800279 0.0005237008194800578 358.8299929273583 776
0.926721 0.00845433425064549 0.0003956398148654426 357.0879928337269 432
0.944892 0.005477279177969485 0.0005821198573934318 222.0985477005568 200
0.963063 0.003441956688767848 0.001547968303277567 135.1840538231108 168
0.981234 0.0006166547745538694 0.001212026336875086 24.1584453858066 56
0.999405 0.0001197707098197014 0.001053771143815337 5.168379487953992 7


0.018171 0.0001893873715417185 0.0004049849844240838 974343.3941918059 18
0.036342 0.003710129038362832 0.002957803588040329 949536.6852019469 62
0.054513 0.02160873328157998 0.006360514954771193 839169.9321324553 98
0.072684 0.09713700319129126 0.009500282266005805 1156796.031097666 210
0.090855 0.2661429253559522 0.002841647047221822 1539087.711833111 350
0.109026 0.3478139836898586 0.006308150805492762 1336929.17271096 450
0.127197 0.239726112251943 0.04867059348826598 779394.4836105863 602
0.145368 0.02618628130508551 0.1035630300336987 238824.885350604 762
0.163539 0.2685379481306759 0.0725068860110103 494579.0032010619 1142
0.18171 0.748881652016104 0.008650244179649724 927326.7928323607 1250
0.199881 0.4576749049690133 0.0624766514353931 492007.3440336817 1458
0.218052 0.0765381493110299 0.1394314500504707 116054.4287884838 1814
0.236223 0.5947260070337367 0.04588294932105268 433639.411797603 2178
0.254394 0.6115541736222263 0.04005473091834752 379983.7885618845 2498
0.272565 0.1132020692442763 0.1176549273538699 77881.32133198038 2622
0.290736 0.4330239922062802 0.04508584293873372 205009.5366699547 3338
0.308907 0.394112674667243 0.04354749615939813 164855.2712613429 3722
0.327078 0.192215320723907 0.0658763393534974 74817.28359854227 4170
0.345249 0.3172617105720933 0.03460649194967896 105293.7875528268 4358
0.36342 0.2115741870362473 0.04244289237042389 64059.42749071766 5034
0.381591 0.2290022830952525 0.03034022441126225 62014.54494625144 5714
0.399762 0.158523332476159 0.03646978945996565 39531.86166721251 5982
0.417933 0.1541568232249358 0.03111498408426042 34899.28166843169 6602
0.436104 0.1672213937685877 0.02182306517933451 34360.28642050022 7130
0.454275 0.1367993599629756 0.02187006320466879 25942.19092200808 8034
0.472446 0.1188087314819513 0.02056871455059624 20827.01982207322 8606
0.490617 0.1026112795611156 0.01976060474097632 16678.38544676129 9066
0.508788 0.09264385253450276 0.01951488835132877 13997.62084579747 9962
0.526959 0.09397489271541466 0.01710441370094088 13183.80475653187 10550
0.54513 0.08927778625644824 0.01587233049803921 11681.28505455751 11226
0.563301 0.08817115901059086 0.01541209168380183 10786.74012425555 12146
0.581472 0.08178099903325775 0.01279300630138848 9363.285408606971 12303
0.599643 0.06428797261374916 0.01058584312845022 6916.109351261356 12584
0.617814 0.04940636819597215 0.008325706580366922 5005.14653321538 12120
0.635985 0.03923788548328457 0.006976315885976187 3749.672956308499 11180
0.654156 0.03203632815289301 0.005119759939481662 2888.462535008332 11096
0.672327 0.02535120771330447 0.004578337149503095 2164.843348964557 10056
0.690498 0.02128661497194009 0.004217283501255659 1723.568460547963 9716
0.708669 0.01942000617852656 0.00356250228321532 1490.666049008043 8604
0.72684 0.02009806850673558 0.002979785803411732 1463.138860819053 8060
0.745011 0.01829033273494773 0.002365735742920949 1265.823149268924 7320
0.763182 0.01547286658319665 0.002280083599984534 1021.136119183934 6356
0.781353 0.01403930907091749 0.002457406606725669 884.3378705670757 5348
0.799524 0.01101895238438725 0.002113737126313462 662.7620166904891 4308
0.817695 0.009957871075385521 0.00166621294859024 571.9195230964485 3563
0.835866 0.00640326885247432 0.001371876439869862 352.4975258507284 2448
0.854037 0.005768110479797423 0.001201287255583344 303.8310282834886 1868
0.872208 0.005782431888417129 0.00117920743570899 291.657461539572 1358
0.890379 0.007240183255620503 0.0003904806290127207 348.6937056317818 1062
0.90855 0.005907446955968751 0.0007699558916005465 274.1527900423301 776
0.926721 0.002015323620349404 0.001372208501848453 91.31821086108909 432
0.944892 0.0007700499917733967 0.001281729165123708 34.2687070719806 200
0.963063 0.001469563900820461 0.001722427791794925 62.00902619251935 168
0.981234 0.002293988060266326 0.0008164227660623847 91.5127919512102 56
0.999405 0.002637461557987683 0.0005313448884274903 101.0993594935763 7


