0.0220146 2.46958551905776e-06 2.511767150399546e-08 1.85783794598959 18
0.0440292 1.568124199666645e-05 2.253219561396919e-07 3.635685316790605 62
0.0660438 4.979772369778102e-05 6.728588359882767e-07 5.079465668407869 98
0.0880584 0.0001139565732885743 2.377639805729453e-06 6.494139230819101 210
0.110073 0.0002179032172059315 5.588786041838654e-06 8.071195203213678 350
0.132088 0.0003049585487569239 9.707566492881594e-06 7.896587254808435 450
0.154102 0.0004754449278981629 1.574741193353825e-05 8.984046892518139 602
0.176117 0.0006302862729563729 2.613499950934372e-05 9.074451349503962 762
0.198131 0.0008048237932433315 4.673261619081313e-05 9.200822229595074 1142
0.220146 0.001026515071759541 6.595242952413717e-05 9.544063993371928 1250
0.242161 0.001230738564606687 9.541304748293917e-05 9.429310612481695 1458
0.264175 0.001631676243461545 0.0001291284441178756 10.47724119652788 1814
0.28619 0.001851289424224191 0.0001780265037361124 10.14457279679213 2178
0.308204 0.002271982115897289 0.0002371780211554689 10.74297030297338 2498
0.330219 0.002647866132601652 0.0003250776405542646 10.88046249272617 2622
0.352234 0.002955247201732966 0.000396389105016437 10.65953819049553 3191
0.374248 0.003307538131221034 0.0004832734431490838 10.57914017157388 3044
0.396263 0.003825269304708423 0.000588398994426568 10.92470796318607 2736
0.418277 0.004185898985346126 0.0007542851293956781 10.71720917762859 2276
0.440292 0.004800666319525261 0.0008964119580040969 11.08311216825946 2016
0.462307 0.004996298372316716 0.001055540202938887 10.46921223399928 1640
0.484321 0.005910221319531801 0.001250285003984429 11.28179670209049 1056
0.506336 0.005773792160750602 0.001541489456975955 10.0804524850312 683
0.52835 0.006648747028876408 0.001693734869994042 10.67628664585877 350
0.550365 0.008041859396067096 0.002093314976181122 11.91544109206223 192
0.57238 0.009853197521387524 0.00210993027975105 13.46074181817507 44
0.594394 0.005627413011831947 0.001905193738739059 7.076848485636833 25


0.0220146 48465.04424210556 4734.20465372602 416880004402.6302 18
0.0440292 495160.7171647536 22766.4189340535 731047872730.0306 62
0.0660438 2024310.61583706 38907.68826336304 1192371463714.042 98
0.0880584 5237222.010438161 36798.95247328449 1669157496588.305 210
0.110073 8243916.935111329 7177.075545934439 1683513045083.909 350
0.132088 6755009.454786817 7367.08512878949 958185080162.9202 450
0.154102 4025322.452349765 41658.84515063818 415628417186.3077 602
0.176117 926655.3338359984 67148.51470011323 73080936729.89282 762
0.198131 115159.6658826071 54384.09537534231 7378963148.928086 1142
0.220146 601595.6889317442 27988.09804311377 30443894039.25465 1250
0.242161 952451.0677567407 7889.417331768393 39597420053.20338 1458
0.264175 885636.4285762293 3602.276117395275 30833288445.65019 1814
0.28619 557958.4626173516 5171.344687899001 16569955144.68605 2178
0.308204 335820.6605251146 7154.003760108223 8604754099.470432 2498
0.330219 295850.1336575453 6578.449745746681 6585113107.935691 2622
0.352234 188637.421443175 5217.338360115412 3684889726.410322 3191
0.374248 100585.3582647345 3774.24439866012 1742160194.106549 3044
0.396263 84772.21038564725 1275.532114451312 1310211912.05673 2736
0.418277 62922.9942310345 708.2923383739014 871608513.4628862 2276
0.440292 31861.96947077963 973.9301158431712 398022938.981479 2016
0.462307 21522.71473297751 842.3652421875463 244010603.8611479 1640
0.484321 13895.59506554125 675.170215800511 143515841.5100906 1056
0.506336 12457.55557919484 230.0906729486407 117618774.1968616 683
0.52835 10869.58816287364 81.0482764608179 94374982.47080049 350
0.550365 8645.391079726007 135.2240703315915 69263623.01149562 192
0.57238 5637.399670366558 191.8725702133815 41649970.29092596 44
0.594394 2572.90209840639 160.3715257085395 17498217.4835199 25


0.0220146 625.0527589762943 2362.688292517554 165627846359.0129 18
0.0440292 70880.81574140611 11930.99496243948 241283915444.8481 62
0.0660438 642938.8260371529 19704.8366967303 703444900597.1414 98
0.0880584 2265324.747455863 14100.19562539624 1315155838671.057 210
0.110073 3494976.030716567 2248.794339989322 1297317261555.575 350
0.132088 1661501.023107641 22389.26016345143 429606294684.14 450
0.154102 189714.5940849906 41060.7250984271 37041582589.95806 602
0.176117 627680.725674431 20429.6306675684 89828505397.00519 762
0.198131 1059122.954650647 2402.552971781408 119548059693.743 1142
0.220146 510270.3708628924 6954.707411495448 46828589830.5945 1250
0.242161 114619.1258452711 9458.473364845035 8705648181.091095 1458
0.264175 178866.3531285931 5566.050344073618 11328421707.702 1814
0.28619 175617.250531528 3209.716209920132 9476054742.517159 2178
0.308204 132784.7002295142 2854.382814326941 6179991146.258148 2498
0.330219 126744.3892130137 2412.61449054876 5123144277.915362 2622
0.352234 98819.31058164735 1564.099702769402 3504492084.630085 3191
0.374248 56475.72318343232 1178.758920852146 1775756309.027329 3044
0.396263 32933.23221535532 638.5111203970428 924327813.5021139 2736
0.418277 18229.43796699827 518.6409306839694 458672001.6429914 2276
0.440292 10431.1239281152 437.8303597873719 236695825.6298667 2016
0.462307 6846.161201558496 370.6070648999097 141001976.8804606 1640
0.484321 6021.103533864976 256.343483175714 112923498.5833785 1056
0.506336 4438.681271986939 124.5806468025875 76100243.29206994 683
0.52835 4088.667853532813 58.03251083997515 64452718.32528859 350
0.550365 4848.563084062904 23.19983324237907 70509419.45266122 192
0.57238 3462.389061352515 42.32373105810908 46431025.2237442 44
0.594394 1561.513626908767 45.19368355244861 19276160.19868835 25


0.0220146 1361.870900392388 1351.684690412315 209726231430.6487 18
0.0440292 14970.51465970441 7303.458115291401 131258535175.7939 62
0.0660438 319112.5381116917 12204.61542114349 519540139902.9281 98
0.0880584 1360047.025667563 7407.207335860745 1147639818333.446 210
0.110073 1895591.956017926 3486.181699321425 1021724212281.796 350
0.132088 455753.0932172888 20773.62797151869 173236908384.5616 450
0.154102 237375.5852703624 20539.4104750221 66085790016.32108 602
0.176117 897091.4279249437 2585.858127048416 185329840171.7705 762
0.198131 390908.1404737294 5715.411839486039 64108179899.18787 1142
0.220146 103209.3930382229 7225.929249044301 13846952073.49749 1250
0.242161 221309.7437541648 2293.32619533648 24235565989.83115 1458
0.264175 160515.9957972952 2161.356687429973 14723783124.49397 1814
0.28619 109937.5544629581 1724.512628560415 8600217720.952354 2178
0.308204 90047.00430692214 1357.047501712144 6074312661.334556 2498
0.330219 67090.00023605565 1512.7665636598 3932697279.966958 2622
0.352234 44585.77920016673 1152.357652036449 2293526910.079485 3191
0.374248 32304.61283307893 671.4589668007388 1472592603.84228 3044
0.396263 18570.68137129685 372.3275019009963 755614889.3068645 2736
0.418277 14317.06699577304 207.0428267134539 521970190.7017812 2276
0.440292 7412.235793375524 214.9212949555422 243754619.3938397 2016
0.462307 4044.327766160168 203.772425707244 120766412.0690539 1640
0.484321 3822.350840173893 132.9333158843691 103907507.6731288 1056
0.506336 3505.225604082952 47.89871416415304 87079431.49336381 683
0.52835 2171.068017230245 41.2629792999499 49609273.96600886 350
0.550365 989.1027543718434 64.22116106409501 20874193.78655113 192
0.57238 217.451780979156 71.27642748696769 4254370.664786974 44
0.594394 64.82060520917501 46.32369365254728 1175667.116873512 25


0.0220146 4991.29122275353 841.8724434635706 313021632683.9172 18
0.0440292 2473.409091347995 5008.8389043917 99811884293.71819 62
0.0660438 164759.9863662093 8937.146497899917 367915511895.8181 98
0.0880584 893852.1930155137 5251.284536451989 991901273534.6354 210
0.110073 1193535.014683377 3559.24838154212 844729385954.1769 350
0.132088 159465.9157762524 15992.88900976909 81991140628.93378 450
0.154102 391876.4176593422 9705.957648304538 140863373950.4718 602
0.176117 612550.2245547755 1747.573363167639 165882255645.6526 762
0.198131 103576.189550531 6431.197209834054 22516074117.96026 1142
0.220146 189701.368131188 2614.035528812955 33111835978.24246 1250
0.242161 152446.4941911968 1536.077663119974 21881559476.28649 1458
0.264175 91541.77100835377 1720.611615228286 11014189870.51647 1814
0.28619 62071.58622231414 1348.566604529821 6368819639.053948 2178
0.308204 41804.27933975346 1245.691337293768 3701074134.168472 2498
0.330219 42009.28297304691 1038.070305199922 3228297432.385828 2622
0.352234 35943.42071972056 643.2442939232919 2422055450.356052 3191
0.374248 22681.01946580098 429.1788633381066 1354794105.155584 3044
0.396263 11822.3744505954 261.2111992020873 630446449.3838985 2736
0.418277 7743.973962278958 174.7533447654382 370095124.4686336 2276
0.440292 6896.566456776252 101.2345016382287 297016728.2954894 2016
0.462307 5765.203269381517 69.46360620494457 225279150.0540692 1640
0.484321 2619.07360326563 87.14296899648907 93295508.64024436 1056
0.506336 2334.942190931622 33.28736418763145 76001005.30477847 683
0.52835 1585.242846603035 24.56957268079812 47454985.54741075 350
0.550365 929.7670284917768 35.22927966873017 25696481.00193908 192
0.57238 240.1446150362474 43.24746871822919 6143096.252096966 44
0.594394 24.11417714174609 29.93543119601692 583175.6964828499 25


0.0220146 8722.614352296432 534.7375454960099 446450056130.4753 18
0.0440292 4988.913801487769 3602.887011532904 126190772549.1287 62
0.0660438 80649.54529728563 7131.136892387603 243832732677.324 98
0.0880584 614572.7777969111 4414.439236968763 847846060037.4644 210
0.110073 840461.8402121386 3047.572739132739 737315534231.5221 350
0.132088 80440.96739812115 12097.57154073265 53247650713.57027 450
0.154102 414011.4572019296 4971.304248745538 183480792422.1775 602
0.176117 358994.507600191 2780.437462500145 120514620558.1826 762
0.198131 75794.15372749101 4585.379822830135 20443139495.72924 1142
0.220146 180848.2420204866 1209.13669916939 39009038258.77828 1250
0.242161 76383.41478467319 1720.70127218442 13598328705.71341 1458
0.264175 64897.48491101333 1269.669903816237 9665003478.877928 1814
0.28619 39646.32179411218 1073.98975571668 5037970857.837781 2178
0.308204 41353.22877432156 700.7392165210759 4524519744.837541 2498
0.330219 41266.05971119748 565.0137129463843 3919644316.019188 2622
0.352234 26311.98945684467 468.0529210126712 2193533619.160514 3191
0.374248 17496.57266742555 292.6010681948439 1292714664.140327 3044
0.396263 9950.182611036727 163.2512984624134 656166525.648025 2736
0.418277 6325.549930994598 114.8641505921531 373872089.2736341 2276
0.440292 3739.976212216043 99.16199856271761 199369669.6856359 2016
0.462307 2605.780436733248 81.66673708020195 126069379.5202465 1640
0.484321 2754.047646463478 45.09065819774478 121265610.4326951 1056
0.506336 1109.30894114719 37.18674640392599 44697183.35675018 683
0.52835 1288.723254042606 15.04525919614304 47708732.75341893 350
0.550365 1435.190190241851 8.593439401572054 49009737.07995605 192
0.57238 954.8974417027152 13.68981543354149 30074266.93039455 44
0.594394 294.5995938788514 15.2258193475824 8549105.841961585 25


0.0220146 11841.0626870774 332.3311054866232 590234533159.9291 18
0.0440292 13888.35071313843 2620.554689757665 200179118821.6265 62
0.0660438 34495.63783672652 5925.189399012079 151676606762.6086 98
0.0880584 431046.7023272868 4063.166743415175 713736996581.7635 210
0.110073 641649.5829504132 2422.321482094788 671983913186.5248 350
0.132088 56217.86093961434 9344.324356775853 45547413752.71246 450
0.154102 377866.2644883904 2893.664081893379 199374384168.0381 602
0.176117 210032.4780669196 3226.72563929569 84356843687.95294 762
0.198131 93640.01840488255 2911.886764235461 29908093948.78008 1142
0.220146 129293.6872165623 1121.678440692998 33263239821.00423 1250
0.242161 52371.48627457066 1416.675675287068 11131004378.49566 1458
0.264175 46500.84623328968 1034.851129497523 8261455760.375529 1814
0.28619 39707.71328637526 662.5046274442607 6006706781.638943 2178
0.308204 37664.5151175555 440.4851325016525 4908601972.499514 2498
0.330219 32134.48694340165 431.8060550337183 3637754610.322536 2622
0.352234 20961.46528979727 346.3601838709453 2082505640.339613 3191
0.374248 12174.72379636402 247.8122909039278 1072410943.273008 3044
0.396263 6575.922525445174 145.8440634844526 517052956.5971078 2736
0.418277 4411.742663762051 96.1488275569869 310839170.3060488 2276
0.440292 3696.541127521801 60.33044402432717 234687285.5757627 2016
0.462307 3385.093889202865 36.65515382250295 194939012.1449157 1640
0.484321 1942.554496403018 38.19887557908005 101943313.5515288 1056
0.506336 1294.516270838358 19.60058406195055 62102653.20923995 683
0.52835 506.4046953027829 21.79658669458813 22371238.26775261 350
0.550365 588.2521319606735 17.42586543120052 23959264.17475986 192
0.57238 885.9915625783697 7.157243997315435 33240483.53900655 44
0.594394 757.8944425952425 0.3346001091182813 26160974.10260737 25


0.0220146 14069.47189297283 194.750856841302 726957712997.9387 18
0.0440292 25121.84637887491 1882.076489407004 310137308696.962 62
0.0660438 11713.1366506441 4994.238073273653 95141371566.21057 98
0.0880584 302913.649501397 3911.699688404402 588447489791.4661 210
0.110073 518325.0139348448 1855.995551026601 631075062465.7715 350
0.132088 46601.18057139202 7423.03535734633 44381456601.21494 450
0.154102 327637.7450816156 1929.366537188261 200681979568.6136 602
0.176117 130734.7290536677 3175.695696709908 61301610524.70819 762
0.198131 103208.2436460209 1860.752370627985 38146072829.53929 1142
0.220146 86712.14546147373 1181.200413421154 25949453429.92317 1250
0.242161 46469.19843665989 1049.026186095026 11464039068.23887 1458
0.264175 37515.00145253986 821.4292254130982 7742031425.206016 1814
0.28619 38415.35762970786 417.910038458301 6741566066.239734 2178
0.308204 27983.55487302006 391.995673060887 4236117780.762349 2498
0.330219 23358.01595899891 385.8161458270291 3071547231.112097 2622
0.352234 16592.26486993575 279.9453518533655 1914090031.718905 3191
0.374248 9166.827487102215 208.0352631750208 937804188.8006364 3044
0.396263 5762.677658483112 107.0861997850267 525920527.1980691 2736
0.418277 4130.227438226415 65.80431854942178 337694821.9428456 2276
0.440292 2935.003405328423 48.9105008989028 216332382.2496597 2016
0.462307 1682.063170474827 48.51649547701599 112591906.5075087 1640
0.484321 1500.428574503066 31.51856303389536 91419794.88864706 1056
0.506336 758.2800539683772 20.94623718592955 42260809.46743657 683
0.52835 876.2626802497412 7.94761173188116 44861516.44442353 350
0.550365 617.3642892805055 11.15753803405551 29174206.69322759 192
0.57238 222.2857223594663 15.8003686991126 9708897.095878076 44
0.594394 4.918590949286303 12.55784168856138 219408.9150311776 25


0.0220146 15311.65790865603 102.5545963871047 841841429344.8475 18
0.0440292 36336.86294332594 1309.032365873541 442240350850.6525 62
0.0660438 4329.188889266466 4200.756124278787 76025480460.75497 98
0.0880584 210262.2484738486 3835.864185650821 472566163655.2097 210
0.110073 434904.4226948477 1398.433888410633 603619784282.1306 350
0.132088 41403.84289409523 6050.868701808875 45155306371.84948 450
0.154102 279626.7360835172 1445.487255994465 195107189101.4595 602
0.176117 88998.87848216604 2904.743744717621 47827718667.80883 762
0.198131 101618.649109726 1264.548390095633 42710404906.34212 1142
0.220146 60718.09747011576 1146.87107896597 20742567951.11104 1250
0.242161 42647.02517105833 789.5843705211946 11975900843.647 1458
0.264175 34315.07526505371 618.1122968601511 8061219001.280343 1814
0.28619 32143.93410236655 337.8946196474614 6424248301.792518 2178
0.308204 20332.01091604442 368.4623021892161 3508133851.601216 2498
0.330219 17455.0915122484 346.9350604818437 2615634338.581848 2622
0.352234 12979.71823769326 242.2776829166764 1705731976.51254 3191
0.374248 8725.759141368686 150.5769988058154 1016011383.258482 3044
0.396263 5340.804042962791 77.6854380234828 554826216.8560565 2736
0.418277 3143.925619915875 59.05763739060787 292797391.0676342 2276
0.440292 2035.553871325172 47.07670212706821 170947371.8391282 2016
0.462307 1591.826428160879 35.826694247915 121280781.8614108 1640
0.484321 1306.904643242257 24.65119513309293 90658729.36550583 1056
0.506336 963.4305139603525 10.86293167252508 61075047.08575144 683
0.52835 319.7285850206212 14.3717807622141 18678867.74718271 350
0.550365 405.7368264386301 11.0287622040745 21842878.15393354 192
0.57238 604.0816090780155 4.559341190124101 29950210.64974532 44
0.594394 520.2975966716667 0.1353980492393279 23731542.68788873 25


0.0220146 15582.34583477696 44.46095933528701 923719154285.0653 18
0.0440292 46033.68147846132 863.9639941143975 581314509364.7856 62
0.0660438 7258.930726667965 3485.517160231404 93680472856.61621 98
0.0880584 142446.6405687238 3771.479557534106 368148812432.8267 210
0.110073 373776.6861886297 1056.027888463507 582555733751.8887 350
0.132088 38174.35550629283 5035.205405413861 46795997746.5594 450
0.154102 238246.3630858249 1181.039619682215 186620036283.3289 602
0.176117 66384.03867460997 2574.666918751321 40270214415.82284 762
0.198131 94075.90087822826 931.0279372158182 44339116507.02969 1142
0.220146 46298.73975431329 1041.432648841204 17784967922.79814 1250
0.242161 38169.10802599811 628.095679078659 12024637881.72522 1458
0.264175 32525.99065602463 460.058916893828 8567315087.909971 1814
0.28619 24781.7825338143 323.7681109711683 5560973614.000958 2178
0.308204 15827.86857915834 330.9190197023241 3066511721.838631 2498
0.330219 13920.96760319919 304.3911349136171 2341760561.678048 2622
0.352234 10851.61792163231 205.0654693480448 1600231318.342268 3191
0.374248 8430.330613493037 108.3330644966644 1100692397.204889 3044
0.396263 4236.351518291765 70.17613800956639 493868918.6503521 2736
0.418277 2648.217536643444 49.57752719303758 276704429.5505998 2276
0.440292 1895.906295429345 36.28936253589405 178566330.9444208 2016
0.462307 1860.021396931471 20.96624408839234 158827350.3930569 1640
0.484321 1281.504357276528 17.42788265164328 99684656.42303514 1056
0.506336 517.5020847572116 14.68761274976663 36848956.66376274 683
0.52835 597.0033497273436 5.832254669621523 39037031.28987299 350
0.550365 591.9654568286911 4.597364816743426 35706638.09233654 192
0.57238 340.0800427923609 7.224838434276276 18928336.59149719 44
0.594394 55.14915243628135 7.528773205911546 2843136.088577968 25


0.0220146 14977.00880839747 12.66622631628992 965845878608.35 18
0.0440292 53264.17849675609 526.7958080772734 712148207647.4702 62
0.0660438 16825.19830530285 2826.370879520308 144738757769.3436 98
0.0880584 93330.42820542183 3682.136098935773 278122877950.5783 210
0.110073 325584.2899648045 820.6633539695905 563142271294.1562 350
0.132088 36437.41468510911 4252.708403563707 49423679656.51082 450
0.154102 203705.7919323845 1024.932399011736 177065833284.5102 602
0.176117 53447.22475025751 2255.88274839052 36130555472.14364 762
0.198131 84543.81426355925 738.083992066434 44178943886.37099 1142
0.220146 38270.88408003862 912.8811112898234 16325477182.9842 1250
0.242161 33570.60512533612 524.9506901458398 11728967625.45032 1458
0.264175 30300.40939621572 354.8063078557953 8845429019.039009 1814
0.28619 18813.05364578888 317.7091834234591 4686432221.692374 2178
0.308204 13285.65622651362 287.5439530371347 2855294916.965985 2498
0.330219 11890.28920729999 261.1132565005188 2218305130.379467 2622
0.352234 9712.291467916224 168.5480775153524 1587773100.003123 3191
0.374248 7353.7991578343 90.94904144124477 1064468225.288768 3044
0.396263 3330.398462387563 65.27608382921174 430663685.0173542 2736
0.418277 2414.59624435601 39.90129974527073 279657011.2137167 2276
0.440292 1896.4359253502 26.3352717323358 197920045.8393554 2016
0.462307 1474.06157047561 20.22117673333976 139575734.1333168 1640
0.484321 887.5608474444632 18.7684320962316 76593595.6988135 1056
0.506336 593.0849434817325 9.725876344545137 46775316.43711562 683
0.52835 418.5038067444266 6.801338254447526 30350940.01755221 350
0.550365 175.5322139165023 10.14576389503866 11779080.61675298 192
0.57238 159.603637941225 8.554926151081631 9869529.284284173 44
0.594394 202.7231475406583 3.436900068368375 11508186.31671151 25


0.0220146 13650.8183003709 0.9171169475992853 966298809073.5328 18
0.0440292 57507.31733779066 284.4146478565049 820935884125.7806 62
0.0660438 30130.67783521077 2219.916642543867 223156665723.2314 98
0.0880584 59053.82238628675 3547.35803710864 205644364741.4481 210
0.110073 285110.6347347584 679.6908330278195 542143947439.421 350
0.132088 36145.18053793978 3625.190938674955 53488665896.47665 450
0.154102 174993.0719041036 927.7686213289217 167211563609.9826 602
0.176117 45518.46411760883 1972.701529709836 33918886005.24199 762
0.198131 75063.49919600315 619.0615778161869 43086115947.02436 1142
0.220146 33439.82295135612 789.3356880438663 15678942993.20798 1250
0.242161 29433.50429288312 452.9011735950182 11297525243.20301 1458
0.264175 27472.64331590629 290.632713468296 8806064549.071314 1814
0.28619 14712.66892565278 302.8705890398775 4030280642.140676 2178
0.308204 11738.98116569639 246.5416153902305 2770997490.263824 2498
0.330219 10715.07598966778 220.5859864002184 2195175079.781296 2622
0.352234 8831.800607283187 139.9720446195355 1585261817.55863 3191
0.374248 5940.873351449969 86.85270939328285 944699478.6470163 3044
0.396263 2895.213597404948 56.62990977987176 411154692.7436062 2736
0.418277 2118.551762094766 34.38588959233306 269435655.1882436 2276
0.440292 1604.035494297835 23.74161047099592 183840655.1914593 2016
0.462307 975.6832601229918 22.88125494557707 101553102.4095576 1640
0.484321 727.0677984188179 17.05377114290672 68914613.12414661 1056
0.506336 560.9155261561762 7.674228241802065 48562107.84721123 683
0.52835 195.4912106950948 8.950544344055675 15606416.68328555 350
0.550365 359.4154748410606 4.94889319192334 26398214.75940212 192
0.57238 449.4978929827163 1.717544504926769 30415502.8860545 44
0.594394 313.3002319755242 0.5202165667329158 19507089.84785026 25


0.0220146 11798.85609679123 3.730736989288296 927881972063.3365 18
0.0440292 58602.96519729013 125.7444850598813 896632165293.2047 62
0.0660438 44797.57815518611 1672.019601445846 320584613056.4155 98
0.0880584 36908.42125763989 3357.611441738047 153498101390.924 210
0.110073 249390.2838143628 619.1338474161498 517429062802.0352 350
0.132088 37266.03064913613 3102.976112998363 59439998108.21729 450
0.154102 150927.7667609223 866.2862306006222 157313059413.1939 602
0.176117 40300.91976621759 1729.264148454554 32804051582.51199 762
0.198131 66467.01743294358 539.5469414046701 41582158736.10668 1142
0.220146 30148.89014600671 681.8067000855531 15407845266.55433 1250
0.242161 25954.18086247183 397.850664889777 10858195137.48515 1458
0.264175 24403.56580131799 252.4966561810686 8523147809.922369 1814
0.28619 12095.59997312578 279.9040516703872 3614082750.436018 2178
0.308204 10681.90980824165 210.9789335933069 2746933046.731302 2498
0.330219 9977.53791590227 184.9772397061204 2226329606.978872 2622
0.352234 7897.151064235878 121.0930434521308 1544239289.130947 3191
0.374248 4725.052297450179 84.78774870440093 819084300.5251552 3044
0.396263 2685.479101578312 47.42905970181215 415369843.679944 2736
0.418277 1802.660224257135 31.31706204301911 249801070.7733072 2276
0.440292 1232.396790589674 23.99200617576203 153965135.2770115 2016
0.462307 777.4507014935756 21.45161114435463 88201688.15128802 1640
0.484321 784.4218545897537 12.4356846167874 80929580.32238673 1056
0.506336 369.234627196982 9.003337943410443 34859188.73126185 683
0.52835 354.2441951185076 4.563183875696038 30717836.49181613 350
0.550365 403.467327324372 2.824773515262724 32259800.30545511 192
0.57238 240.8864076074546 4.385660040021922 17773469.04993663 44
0.594394 41.1216930538912 4.73870714803098 2812383.046440863 25


0.0220146 9636.053097582591 16.13961477705324 857537459229.3406 18
0.0440292 56699.70568911925 39.45944503488644 932036250777.6471 62
0.0660438 58875.92281281533 1192.204960034759 427031564445.6944 98
0.0880584 24746.53942422723 3111.773343196323 123584796874.3136 210
0.110073 216771.8056683288 624.5996204155706 487777009598.671 350
0.132088 39689.26965324602 2654.524712839003 67590993366.32983 450
0.154102 130487.4321164153 828.6008524851417 147406129035.1574 602
0.176117 36654.65139288225 1522.029365814962 32344286975.5301 762
0.198131 58978.08438546902 482.0995457566827 39950200730.32262 1142
0.220146 27612.93908154733 592.2642648632735 15275849315.08282 1250
0.242161 23099.21507815403 353.2079266221446 10462684813.0581 1458
0.264175 21439.33385916382 228.8498702932096 8105854528.443031 1814
0.28619 10445.28340587221 253.329714451352 3380230225.182611 2178
0.308204 9871.230470489079 181.295845464006 2746674345.459221 2498
0.330219 9424.023381164523 155.2911043262767 2274798080.852553 2622
0.352234 6925.481394059487 109.2291377520334 1465740631.20549 3191
0.374248 3888.898775559522 80.401480211275 729968175.8949443 3044
0.396263 2498.571228803417 40.28127784073582 418103000.9792291 2736
0.418277 1553.646521295994 28.64703427360607 233017520.3030917 2276
0.440292 1027.207960277165 22.45315024616639 138918655.0997168 2016
0.462307 819.2859743995775 16.8360215411491 100493925.2062405 1640
0.484321 758.3562360989119 10.02176869178314 84632022.9640317 1056
0.506336 348.9830157519032 7.613347245083768 35642095.30079792 683
0.52835 389.6789631458689 2.758973687703298 36538953.798848 350
0.550365 174.2855660902122 5.829984332652127 15113736.23210835 192
0.57238 75.1991604289687 6.35373409907627 6037720.700636314 44
0.594394 60.36039007745639 3.734838582719679 4450154.057976091 25


0.0220146 7377.422673435598 33.68451974236862 765334363450.1499 18
0.0440292 52199.61623358542 13.12561786607295 924468857876.6301 62
0.0660438 70827.55201218298 790.0228181666049 531753933378.4537 98
0.0880584 20671.81204675374 2815.457711114817 116528714293.1416 210
0.110073 186415.778693413 681.5158103698001 452779579949.8147 350
0.132088 43216.758966745 2260.078026085383 78061260413.83745 450
0.154102 112875.6624116887 807.8858499814339 137453606501.1279 602
0.176117 34001.8803847849 1345.25822378311 32316593443.27529 762
0.198131 52554.95971536379 437.8701812342964 38327865761.83203 1142
0.220146 25481.18553623703 518.9607928065523 15171299514.6233 1250
0.242161 20757.18006974618 315.8745017044914 10120701109.71554 1458
0.264175 18778.31621268137 212.5171723539138 7642968002.356926 1814
0.28619 9362.911835737294 226.8132767195977 3261717361.558863 2178
0.308204 9188.52590865409 156.9943179584277 2750527080.544987 2498
0.330219 8916.142128220907 131.6099969713074 2314942114.894769 2622
0.352234 6025.242999622196 100.9690919262041 1372521146.927687 3191
0.374248 3376.122240163382 73.77407483473424 682105213.6407667 3044
0.396263 2284.080043704542 35.39874391352844 411196468.5830619 2736
0.418277 1389.483238581996 25.7240429518191 224229385.5943959 2276
0.440292 984.5849798478649 19.00769366414402 143213189.3677357 2016
0.462307 902.1582145448019 12.25453446447875 118943194.9777631 1640
0.484321 628.9624915961173 9.891468310907529 75538513.87475684 1056
0.506336 414.2748830971452 5.041874665829034 45469209.3185889 683
0.52835 222.4352190537402 4.72661453647307 22471216.13292005 350
0.550365 130.4883480783924 5.646504498803022 12186955.49754046 192
0.57238 206.6522085026077 3.190133512308567 17743882.82037937 44
0.594394 218.0997512682802 0.4349937495658113 17212749.24283556 25


0.0220146 5219.862669369915 52.51371695897819 663158535122.0902 18
0.0440292 45694.91439209292 33.18316622959249 875956710679.9962 62
0.0660438 79537.47673967306 472.6150072390303 624271503541.584 98
0.0880584 22889.66423574469 2479.568082484451 131434581710.5003 210
0.110073 158002.1926946634 775.272965195066 412771678778.9024 350
0.132088 47577.17794369865 1907.697805580236 90752530909.4635 450
0.154102 97505.93619947681 799.5887978394636 127419152520.13 602
0.176117 32038.42178294358 1193.229677416849 32615899350.46954 762
0.198131 47060.31064033783 402.2942893416725 36770909933.59786 1142
0.220146 23603.26331453796 459.0885077856221 15050134402.01085 1250
0.242161 18812.80775053841 284.2226262630863 9824932761.45125 1458
0.264175 16491.97119991016 199.5925175512105 7190999367.062675 1814
0.28619 8595.107037397604 202.3950555360589 3206519891.469355 2178
0.308204 8576.397748853695 137.2967698065671 2748290772.885523 2498
0.330219 8394.390568542362 113.3549122686584 2332853505.727802 2622
0.352234 5269.712565588553 94.00929892738694 1285709124.564213 3191
0.374248 3066.370541150618 66.25619912855507 663338947.6672984 3044
0.396263 2061.115264852981 32.01944678612148 397271115.3282252 2736
0.418277 1287.674472707317 22.67709341006847 222443116.9514544 2276
0.440292 985.6561652867488 15.52747197804519 153403020.2255037 2016
0.462307 904.5445051371139 9.578753353065284 127611188.5521229 1640
0.484321 512.9245547116211 9.874652147756995 65979508.28303654 1056
0.506336 390.5660893860752 4.281235380500776 45881266.51054759 683
0.52835 119.9739955787588 5.661117860174753 13014265.2920821 350
0.550365 247.3658584909816 2.811785848638467 24651809.92811918 192
0.57238 288.0679513782504 1.11829533269763 26447011.75434669 44
0.594394 184.4525534778278 0.6445362288981803 15583745.58364199 25


0.0220146 3326.908833675587 69.5081818147914 563260081722.3218 18
0.0440292 37897.31552136655 85.43156656486234 792899978708.6484 62
0.0660438 84325.48347181517 243.1654134202867 695396520348.7394 98
0.0880584 29654.08141707514 2118.838308572173 165813710356.9368 210
0.110073 131543.2174004026 891.4590888796801 368755041651.3065 350
0.132088 52445.69775206684 1590.710133182192 105344337937.1174 450
0.154102 83963.76232999314 800.1841720164466 117303442932.5531 602
0.176117 30593.12979498552 1061.016873556653 33196970217.16803 762
0.198131 42337.8612428833 372.9366064600012 35291898543.72008 1142
0.220146 21915.59260269397 409.8951893375663 14901347750.94096 1250
0.242161 17171.6524723598 257.2254146335231 9563917856.625654 1458
0.264175 14575.59472756702 188.1725259520876 6779560981.515142 1814
0.28619 7997.040650583542 180.8860241201484 3180687647.349944 2178
0.308204 8009.068280267512 121.3848450953943 2735672177.905 2498
0.330219 7847.288247263553 99.58655883078634 2324421646.780579 2622
0.352234 4675.4181317243 87.31011756738289 1216455467.366374 3191
0.374248 2861.694746205189 58.95981173928278 659857171.6847804 3044
0.396263 1854.257564825876 29.43444404398524 381024574.08759 2736
0.418277 1217.467279578544 19.83011268977702 224140677.8263388 2276
0.440292 950.0009730933567 13.21885166106944 157554902.2135417 2016
0.462307 811.4886451595667 8.909869053558845 122032982.7905967 1640
0.484321 459.850858450078 9.066672838109762 63057860.26911213 1056
0.506336 288.1190426819153 5.051591118934027 36107291.65109165 683
0.52835 163.2046090265596 4.187679934227265 18824611.20034452 350
0.550365 280.420075885831 1.607183738836764 29766403.48198022 192
0.57238 190.8839084864574 2.280087474982583 18693156.02536279 44
0.594394 49.16744749959594 2.660712010788711 4449442.809398872 25


0.0220146 1817.614170749217 82.38417705799735 476828812958.2067 18
0.0440292 29564.05336328514 155.7900894690306 685260308650.592 62
0.0660438 84942.63240559264 100.0909552836998 738158407299.5331 98
0.0880584 39273.72519165014 1750.302247777038 215686445020.4842 210
0.110073 107251.6283657077 1016.219698065426 322295732477.341 350
0.132088 57465.04577831114 1305.972044992629 121305855337.6988 450
0.154102 71967.99558401348 806.6196987910793 107160158536.6936 602
0.176117 29558.87078177631 944.6629690870366 34041103278.12802 762
0.198131 38243.4438767362 348.4214143001331 33882423615.05914 1142
0.220146 20389.61630620608 369.0566793597358 14728216463.04864 1250
0.242161 15762.97053302058 234.1203264101141 9327231171.343735 1458
0.264175 12988.85507865315 177.4399428172041 6420365262.872184 1814
0.28619 7491.612294086448 162.3853045470191 3164459356.688058 2178
0.308204 7476.940070035706 108.500231451566 2712035292.419154 2498
0.330219 7286.956766102274 89.27520475976588 2292060752.122744 2622
0.352234 4222.288348446858 80.63759962701866 1166945348.094795 3191
0.374248 2703.94219884469 52.44751733565504 661988973.566619 3044
0.396263 1675.319234105772 27.23719380944062 365623706.1566896 2736
0.418277 1154.445196420443 17.44351272823955 225648990.1613641 2276
0.440292 867.8011203791681 12.11377456380884 152831109.5009806 2016
0.462307 667.5020283646664 9.398182955315566 106643843.114788 1640
0.484321 444.4606427283468 7.868003055070092 64700033.45347022 1056
0.506336 203.2054438761072 5.641233342702034 27080877.44797885 683
0.52835 239.0577565241659 2.284390059482419 29219031.67447848 350
0.550365 191.157511443871 2.613275586981656 21564620.3195781 192
0.57238 74.80467112764835 3.807789250053987 7812123.162937539 44
0.594394 4.480095014929121 3.115759917406366 459655.786672357 25


0.0220146 760.3354657379847 89.74462420821258 412760080583.5945 18
0.0440292 21425.97508404249 231.1597564318603 565364189499.4177 62
0.0660438 81544.87448918411 36.88751523592146 748516255151.8427 98
0.0880584 50153.23468062841 1391.72391260252 275852394613.5099 210
0.110073 85440.89159023346 1136.715582858854 275387897108.1349 350
0.132088 62267.19131950464 1052.627507893594 137923315938.9778 450
0.154102 61337.11425367746 816.0895254388586 97100149742.49213 602
0.176117 28858.37133492708 841.1262593925976 35136933289.29004 762
0.198131 34655.1674664759 327.9009314577474 32525503732.78611 1142
0.220146 19009.55987891785 334.7340205466403 14538865368.9981 1250
0.242161 14535.51445079839 214.2887608628376 9106894046.040607 1458
0.264175 11680.29368246532 167.1093844051549 6114826845.865441 1814
0.28619 7040.037791877852 146.6514880946804 3147489961.351306 2178
0.308204 6977.836343485178 97.9901685226054 2678759672.559806 2498
0.330219 6732.756326946015 81.48169659527025 2241446005.153613 2622
0.352234 3876.943734730941 74.10898516096793 1134237553.165595 3191
0.374248 2565.153910085235 46.87422225543951 664540216.8248557 3044
0.396263 1525.702873446967 25.24812701533195 352442978.7824677 2736
0.418277 1085.108657213972 15.6287797863616 224438058.6970539 2276
0.440292 765.5821371263784 11.67121865512564 142727991.9857569 2016
0.462307 526.16977124356 10.08401853380605 89045999.63607539 1640
0.484321 429.905820500214 6.864265721715593 66211145.27137653 1056
0.506336 183.1190864814128 5.232646726385829 25831818.05606237 683
0.52835 249.9443065652692 1.595828723870216 32313345.63893762 350
0.550365 96.02273896305613 3.766277638505592 11500452.45927605 192
0.57238 61.30432618177016 3.608415904047668 6782988.831832501 44
0.594394 65.64827742252776 1.789507100121907 6658530.54570762 25


0.0220146 171.7170227699142 91.06544026302173 376746379286.6005 18
0.0440292 14123.43276522643 300.2475718466549 446461724276.3432 62
0.0660438 74641.55475823286 42.54914949817869 725773530864.8318 98
0.0880584 60852.13395880476 1060.06625886435 340303410816.3034 210
0.110073 66445.67333381374 1241.626451005192 230284983917.7903 350
0.132088 66495.29001723368 831.1648627643685 154342618825.8425 450
0.154102 51961.14424720268 825.968329415922 87287803703.245 602
0.176117 28427.33651866806 748.1512091711255 36469334280.0731 762
0.198131 31474.6789496769 310.7892396468762 31202416568.69249 1142
0.220146 17763.54680258951 305.5168022730106 14341890648.75678 1250
0.242161 13452.30451228075 197.2135770921102 8897269383.239241 1458
0.264175 10599.71675064942 157.1267455099073 5859231415.377577 1814
0.28619 6623.787434028788 133.319116865134 3125089333.7256 2178
0.308204 6512.179433643844 89.32129314648833 2638082168.607873 2498
0.330219 6202.364430432395 75.44364616821773 2179064411.67762 2622
0.352234 3607.059359461713 67.91712139398396 1113594558.167566 3191
0.374248 2434.422995725937 42.18553328350164 665359787.9450449 3044
0.396263 1401.921558395547 23.40380469286892 341745075.779941 2736
0.418277 1006.151670810353 14.35347172863346 219578895.9391274 2276
0.440292 671.0004526615754 11.36607981162943 132040204.5285748 2016
0.462307 422.137834216551 10.35110578970914 75457919.06439424 1640
0.484321 401.2861309848698 6.264317917183814 65204813.84151381 1056
0.506336 208.542595089845 4.154666421065424 30999139.97379 683
0.52835 194.9686978525331 2.091489132179671 26608907.59703961 350
0.550365 75.5067722543095 3.687508483087286 9555073.350459434 192
0.57238 122.2313635710184 2.197267596136422 14199904.41323975 44
0.594394 134.3372231043884 0.3917672377245823 14334984.15123042 25


0.0220146 20.64426925969254 86.61483141870127 370787515214.5239 18
0.0440292 8155.127903530403 354.2436600939105 341209139316.2704 62
0.0660438 65020.86801963046 102.4607533695969 672642074707.0824 98
0.0880584 70147.63317604725 770.0968804912385 402739163506.8076 210
0.110073 50558.05302652517 1321.641296329687 189306402560.4103 350
0.132088 69825.23045595354 642.6732992128821 169625734251.3745 450
0.154102 43778.47460904648 833.8274057717947 77931660622.03535 602
0.176117 28206.31665283337 664.1276688549932 38013136092.25697 762
0.198131 28625.04126229882 296.6277014437677 29896458488.67265 1142
0.220146 16640.44900376067 280.3388230366036 14144552837.26517 1250
0.242161 12486.31297596454 182.461022229745 8694521801.214785 1458
0.264175 9703.293490397664 147.5201709190853 5647831757.671695 1814
0.28619 6234.428942436418 122.0087309281734 3095706554.920998 2178
0.308204 6080.622705152136 82.07403254025151 2592370281.359589 2498
0.330219 5708.216081984224 70.59199104694476 2110760501.938338 2622
0.352234 3387.20528818857 62.21104621667408 1100442205.52734 3191
0.374248 2308.677120751624 38.25232615069199 663913933.1476333 3044
0.396263 1299.111667953364 21.6886440448825 333267192.8697963 2736
0.418277 920.977688770791 13.49373532282394 211523041.7896914 2276
0.440292 598.1542471993228 10.9216546814781 123898493.5696227 2016
0.462307 365.4050950352363 10.00729993357184 68776417.28170949 1640
0.484321 363.2619184149381 5.954384241395998 62118971.99077255 1056
0.506336 238.4880463252557 3.090822433331243 37259568.7728565 683
0.52835 124.9665086502118 2.881499839587385 17978989.88818453 350
0.550365 116.5399693801958 2.61728720125849 15463319.38000533 192
0.57238 173.8944387846987 1.008431560697494 21222088.44430223 44
0.594394 142.2405089856962 0.07213225022179323 15964154.92280671 25


0.0220146 236.4593165617237 77.31308961790268 393159676684.0084 18
0.0440292 3843.837464938556 387.2726338279852 260251259571.4278 62
0.0660438 53657.62405246334 199.6405374263192 594941815587.6187 98
0.0880584 77090.4295701985 533.2299989957856 457133410016.6174 210
0.110073 37977.98949826277 1369.877963436394 154632636231.4263 350
0.132088 71985.77708405463 488.2461832713626 182818088469.4848 450
0.154102 36756.6496107522 837.4920951405851 69270533807.32544 602
0.176117 28137.15011605273 587.9600810412973 39729912669.72729 762
0.198131 26047.64011193538 285.0162318738257 28595021052.49085 1142
0.220146 15629.03833897087 258.3985994541796 13952196363.97289 1250
0.242161 11617.36690138365 169.6688648459198 8496077553.164102 1458
0.264175 8954.833865588818 138.3333172150356 5474513975.859175 1814
0.28619 5868.25583666843 112.3750414243063 3059396088.957228 2178
0.308204 5683.120171919732 75.92701191449324 2543735395.23989 2498
0.330219 5257.071349688076 66.52895673978146 2041097080.680464 2622
0.352234 3199.644190519038 57.06719905716982 1091185422.181337 3191
0.374248 2187.725374166542 34.93815807619767 660357021.9826688 3044
0.396263 1212.57893807753 20.10330357066132 326547246.3841989 2736
0.418277 835.6804673982134 12.89662094708712 201518702.7137526 2276
0.440292 548.2430769396599 10.28699443601583 119223695.3740807 2016
0.462307 348.2591602280909 9.159679106565108 68799006.86845142 1640
0.484321 326.4485317833982 5.731780882916937 58610223.74641131 1056
0.506336 246.6318014324843 2.465987756217419 40423072.72222219 683
0.52835 82.03227954835054 3.249390965284239 12421640.99863884 350
0.550365 164.0648736083918 1.493471460364045 22805229.50217399 192
0.57238 171.8368442282431 0.777201024707617 22005997.29375329 44
0.594394 95.47182571522252 0.6997873471120566 11255532.59543559 25


0.0220146 720.3399006548616 64.54770241521817 438827958151.6851 18
0.0440292 1321.270855622284 396.5731789117468 211066886940.7047 62
0.0660438 41610.97787706959 316.1888141836554 500964252828.1769 98
0.0880584 81045.16349246862 356.6906545448679 498292293941.3983 210
0.110073 28778.059916329 1382.181886786623 128105095105.6996 350
0.132088 72776.08409315172 368.5082104940571 193022666245.171 450
0.154102 30876.44625595868 835.1171128638377 61556187071.78596 602
0.176117 28161.90294333631 518.9519898544766 41566936009.5951 762
0.198131 23699.0853800375 275.578294811519 27290725100.23484 1142
0.220146 14717.96286045554 239.0942298296343 13768210827.9623 1250
0.242161 10830.0631361078 158.5357316320254 8300216922.901946 1458
0.264175 8325.321485150886 129.5999919822603 5333583284.635548 1814
0.28619 5523.595854158688 104.1227747065193 3016944280.186222 2178
0.308204 5318.745901055877 70.6382687061345 2493876834.408659 2498
0.330219 4851.016653347029 62.9913190869521 1973245545.172843 2622
0.352234 3032.989382381973 52.49987251093116 1083344708.359321 3191
0.374248 2072.075742021533 32.12460999834371 655051250.7219663 3044
0.396263 1138.325324825611 18.65175687478401 321081795.5963502 2736
0.418277 756.0121792292646 12.42656535294637 191002730.6113248 2276
0.440292 515.5935435252734 9.530317185618571 117433006.5339548 2016
0.462307 355.3661020242553 8.04274172701199 73476450.87977715 1640
0.484321 298.1592802209625 5.457799115829959 56074918.65710305 1056
0.506336 229.3629320848488 2.321968103844644 39370744.41348854 683
0.52835 76.67588402830131 3.02243570912009 12161683.93424698 350
0.550365 178.8330696349898 0.9671934513971554 26017390.37487808 192
0.57238 126.9007001202849 1.297212593403881 17032464.96953832 44
0.594394 37.81611785461421 1.519174741811215 4689666.693093164 25


0.0220146 1358.482226514972 49.96335409671516 500234622309.4486 18
0.0440292 532.3989874258133 382.3932710034376 197207278562.3079 62
0.0660438 29921.04255694476 434.7894212573943 400566768634.3932 98
0.0880584 81709.78063955464 243.0624000991901 522345294600.6229 210
0.110073 22882.89062471181 1357.265813059534 111048361455.9081 350
0.132088 72079.30800179363 283.2593407023795 199475365661.5904 450
0.154102 26118.82653239717 825.2643058782774 55033698991.13364 602
0.176117 28223.23588415049 456.7051710112615 43457823807.68909 762
0.198131 21548.42719954646 267.9438716009173 25981986024.17013 1142
0.220146 13895.95306006085 221.973133444905 13594204559.38139 1250
0.242161 10112.40390182605 148.8109253956031 8105809428.269228 1458
0.264175 7791.808001185545 121.3379514525639 5220051193.08292 1814
0.28619 5199.541603429566 97.00725051415317 2969403514.057266 2178
0.308204 4985.840967777046 66.027287374677 2444061708.150434 2498
0.330219 4488.868733431214 59.8131232210111 1909153865.780457 2622
0.352234 2880.378565992008 48.48220651328784 1075386305.182784 3191
0.374248 1962.170663590566 29.71629582556939 648365843.904916 3044
0.396263 1073.169982499712 17.33610571893827 316405128.1554129 2736
0.418277 685.833365825835 11.9879007829104 181175718.3903016 2276
0.440292 493.0240306223258 8.747711849877968 117357315.1228432 2016
0.462307 371.5781038942335 6.888256621758522 80234286.23355654 1640
0.484321 280.087231905352 5.092366413385867 55058131.56305109 1056
0.506336 196.9733025093514 2.4729744853242 35354283.42775229 683
0.52835 96.09046108669111 2.418172543636884 15892695.11595837 350
0.550365 155.9338261685824 1.10469200821443 23715391.70506072 192
0.57238 74.1105005556839 1.96601717288952 10421475.92134598 44
0.594394 5.156232626340773 1.925345170484996 699974.6911120353 25


0.0220146 2035.620774715915 35.24851706286785 568352864625.7231 18
0.0440292 1257.684758516415 347.6203547897862 218009829770.0107 62
0.0660438 19513.5084877357 540.1125886913762 304096601693.2787 98
0.0880584 79110.75524366484 190.2475902749207 527115143036.9131 210
0.110073 20063.44350782064 1296.667284591648 104131846564.6997 350
0.132088 69871.16985540879 231.2358639783976 201615364060.6198 450
0.154102 22454.58099929542 806.9713929497876 49920821132.61997 602
0.176117 28265.6145810441 401.0311529638888 45324612217.0556 762
0.198131 19574.73652580201 261.7426377460445 24673182788.11382 1142
0.220146 13152.04424604711 206.6942630059524 13430244283.16658 1250
0.242161 9454.908966707573 140.2850417019561 7912162412.755032 1458
0.264175 7336.201761189232 113.550553224071 5129662864.800638 1814
0.28619 4895.401589384462 90.82873259459389 2917863780.102543 2178
0.308204 4682.25805736073 61.95969688986167 2395172276.270765 2498
0.330219 4167.469415905849 56.89432277663822 1849818824.316352 2622
0.352234 2737.878329774441 44.96531413633443 1066467331.196921 3191
0.374248 1858.221066330227 27.63824604580348 640615851.8391675 3044
0.396263 1014.719720798905 16.15461243197584 312131594.4192935 2736
0.418277 626.7981193452039 11.52761772138814 172809645.1975065 2276
0.440292 474.756271691001 8.014605181622242 117881383.4977183 2016
0.462307 385.9298782412214 5.859941090764197 86874373.01276787 1640
0.484321 269.9583447286545 4.663567219066948 55354282.67257133 1056
0.506336 162.4636405633128 2.694389794049267 30445726.53597688 683
0.52835 121.0438336323899 1.755902744860757 20846186.07619519 350
0.550365 113.2165467556426 1.594743782124293 17983341.44066067 192
0.57238 41.25175118848359 2.315632810017128 6080197.126476136 44
0.594394 6.972264477551618 1.76533456024153 972750.9993793837 25


0.0220146 2647.469887410533 21.93983569541394 633867955233.4373 18
0.0440292 3149.940826315074 297.1936065105182 268811567049.3388 62
0.0660438 11120.59100922171 619.9839485886424 221263962935.3518 98
0.0880584 73573.85450478234 191.8333052253156 512324739007.1844 210
0.110073 19945.67626466423 1204.517531701961 107285304226.428 350
0.132088 66222.59104311511 209.9905382057742 199144036534.6815 450
0.154102 19836.62531890414 779.8027452019976 46387811531.92259 602
0.176117 28237.00792307187 351.8731085569028 47081056303.0132 762
0.198131 17765.00162564505 256.6034543578296 23374498286.84376 1142
0.220146 12475.75641111925 192.9998919814376 13275104998.11176 1250
0.242161 8850.030447729741 132.7817333354324 7718947443.164453 1458
0.264175 6944.175208705456 106.230880391752 5058803912.99641 1814
0.28619 4610.497771504215 85.42499389327196 2863355671.445538 2178
0.308204 4405.595648207767 58.33511060777581 2347778306.385264 2498
0.330219 3882.683926697622 54.17708727811134 1795563265.464022 2622
0.352234 2603.31594290507 41.89192285505612 1056200224.815573 3191
0.374248 1760.238234272759 25.83157585709462 632057193.9834654 3044
0.396263 961.2740849774443 15.10137586053585 307974966.0094535 2736
0.418277 578.7574001845799 11.02695861266585 166238396.308359 2276
0.440292 457.2593593595112 7.371995164699489 118231392.7792575 2016
0.462307 392.5149244991478 5.039983919416047 91971418.6043728 1640
0.484321 264.0530024083203 4.224415013555602 56375082.82419852 1056
0.506336 134.8903123527247 2.831744970555091 26351720.79628736 683
0.52835 137.4709380088166 1.264271454441308 24631735.74562467 350
0.550365 72.59582835867862 2.065964660895394 12039484.30205767 192
0.57238 36.69295513037239 2.20941917718216 5637661.973165899 44
0.594394 31.95735130613448 1.233484002538041 4501101.658933362 25


0.0220146 3110.870958847708 11.2626404810019 688337352113.8676 18
0.0440292 5781.225658532326 237.3666602101357 341627206350.3624 62
0.0660438 5224.945048157844 666.2125572482453 160090710957.8723 98
0.0880584 65672.70918296148 237.8199508996456 479615739517.5033 210
0.110073 22032.25467578033 1087.132814716613 119678343022.8258 350
0.132088 61295.91948540059 215.8913883240837 192066384157.7231 450
0.154102 18194.97465186261 743.8753362438783 44539328699.04828 602
0.176117 28090.82534954937 309.2368773326664 48636957342.56168 762
0.198131 16112.26940604651 252.1581206726461 22101449385.22898 1142
0.220146 11857.22970525598 180.6944340574435 13126515896.04147 1250
0.242161 8291.755084775516 126.1507881348692 7526174058.087471 1458
0.264175 6604.262805642114 99.36598672135801 5004363341.859493 1814
0.28619 4344.118072525437 80.66408856524322 2806822085.177347 2178
0.308204 4153.38200438768 55.07788706259828 2302211204.292747 2498
0.330219 3630.08481666542 51.62918458110571 1746272374.631695 2622
0.352234 2475.509449613234 39.2047079676149 1044471857.396917 3191
0.374248 1668.101733669604 24.24960323219904 622897702.9970046 3044
0.396263 911.6979823641044 14.16697400247895 303749934.939687 2736
0.418277 540.4162203428471 10.48940895382596 161450529.4198082 2276
0.440292 438.9629283655056 6.831247262325573 118012555.4343184 2016
0.462307 389.5991418853441 4.444259061570622 94891595.69023073 1640
0.484321 259.0242452377958 3.822431325182632 57489497.70097851 1056
0.506336 117.7342876556668 2.825204350331547 23933438.24657708 683
0.52835 139.9806451683841 1.026216048141582 26069487.12491268 350
0.550365 48.09206119175547 2.284385330544912 8322945.838403384 192
0.57238 53.13275780119027 1.772178752417649 8452372.064828819 44
0.594394 61.94468632736297 0.6338957403654281 9032005.511374667 25


0.0220146 3370.747562590487 4.021162821871205 725189456024.5637 18
0.0440292 8694.393848074056 174.902100664631 426201626097.6682 62
0.0660438 2030.826581589056 675.0085839497167 126053232739.83 98
0.0880584 56159.70716138386 315.6373909601494 432373327621.255 210
0.110073 25735.11604489987 952.4557060723062 139768441324.5425 350
0.132088 55334.73722061001 244.2338626331961 180709990500.6187 450
0.154102 17434.41344214437 699.8551077047518 44399963019.31581 602
0.176117 27787.89180455713 273.1307186675022 49903273522.40857 762
0.198131 14613.96938875742 248.0481678460184 20874108552.80682 1142
0.220146 11287.32942561136 169.6283155092665 12981405102.90659 1250
0.242161 7775.320625590905 120.2625234051046 7334187757.828786 1458
0.264175 6307.152411210864 92.94038360694451 4963592558.440392 1814
0.28619 4095.529500495955 76.43809212716387 2749122818.246854 2178
0.308204 3923.202902085638 52.13031553690031 2258629178.993746 2498
0.330219 3405.374146556981 49.23298707960227 1701575164.913849 2622
0.352234 2353.798424337198 36.85066551838666 1031319330.983474 3191
0.374248 1581.61358534715 22.85490402156251 613308631.0577136 3044
0.396263 865.2841750244517 13.33959762997847 299360546.4587944 2736
0.418277 509.953431513807 9.929730889699146 158214933.7868699 2276
0.440292 419.5921831811124 6.384875409922003 117124659.7751765 2016
0.462307 378.1335370177033 4.046923415185562 95611286.97295213 1640
0.484321 252.7015254674006 3.486485154289817 58223224.89992163 1056
0.506336 110.1942297134478 2.686250953878947 23263104.84230524 683
0.52835 130.086025070503 1.011023334407267 25155840.90706148 350
0.550365 43.00579534042896 2.196534765190469 7734782.593576666 192
0.57238 77.0849174622399 1.228604174109324 12694603.95577485 44
0.594394 82.70399582668774 0.20084415355517 12503805.49320927 25


0.0220146 3403.368974194903 0.5459863646331555 740445592425.6964 18
0.0440292 11453.7119424575 116.2826543107481 511303274931.9805 62
0.0660438 1464.012405063609 646.9649096434766 121516450897.8136 98
0.0880584 45885.46233561594 411.3484003351668 375372570829.3006 210
0.110073 30415.89554461159 809.3878699080558 165415537905.6482 350
0.132088 48647.7519613915 289.4547639867286 165718177526.5035 450
0.154102 17434.81478981552 648.9213122229141 45904838386.71676 602
0.176117 27298.28275352698 243.5140816321481 50797712321.53786 762
0.198131 13270.37809149468 243.933812181789 19716022286.98827 1142
0.220146 10757.73452818953 159.6854561780713 12836150659.12002 1250
0.242161 7297.000523031526 115.0034026838695 7143675595.125419 1458
0.264175 6045.146495855307 86.93855632954705 4933979841.286132 1814
0.28619 3864.007768640165 72.65799140311999 2691052259.26805 2178
0.308204 3712.780944671712 49.4476870111665 2217069876.278646 2498
0.330219 3204.61401015936 46.97856365588148 1660973860.879761 2622
0.352234 2237.777408662538 34.7829165884534 1016851934.225101 3191
0.374248 1500.532164548107 21.61719551805609 603432674.6048136 3044
0.396263 821.623892116235 12.60629282025195 294781155.1443346 2736
0.418277 485.4770696170618 9.365978792400407 156196032.3673069 2276
0.440292 399.5372538132621 6.016584641885427 115646969.7766234 2016
0.462307 360.3651303297588 3.80301813479293 94479188.82584623 1640
0.484321 244.1509602352999 3.225966113191399 58322337.00807478 1056
0.506336 109.3136101884683 2.461639722904613 23920968.82224024 683
0.52835 112.709432741603 1.13341309561914 22610004.54418298 350
0.550365 52.83316516929361 1.878007112879529 9825431.965413919 192
0.57238 96.72801035670687 0.7727152231265875 16493116.47058238 44
0.594394 88.13235075900553 0.03164433533347092 13809883.54000765 25


0.0220146 3215.85316478077 0.6997070841637578 733088012134.6865 18
0.0440292 13689.34026597297 67.01836197881219 586098438782.8408 62
0.0660438 3199.113951727822 586.6218064727508 145522640572.784 98
0.0880584 35714.18392764889 510.9238339726567 314281417438.2064 210
0.110073 35430.63637638794 667.0663059193647 194054695441.3487 350
0.132088 41587.77620613717 345.4297417441217 148016155373.1108 450
0.154102 18053.96063295367 592.6988948940674 48896431264.64977 602
0.176117 26602.85856545128 220.2561277506913 51250445751.29888 762
0.198131 12083.20346615267 239.5042862231358 18652846601.65666 1142
0.220146 10261.01874103646 150.7733519105567 12686843837.99429 1250
0.242161 6853.928682014575 110.2727360945704 6955667669.20279 1458
0.264175 5811.762810855201 81.34656905794057 4913148725.982913 1814
0.28619 3648.864420500899 69.24965775106747 2633359581.546705 2178
0.308204 3520.01817668721 46.99477189038512 2177490565.087142 2498
0.330219 3024.328958738626 44.85955560482491 1623930548.354801 2622
0.352234 2127.155807473584 32.96101737303951 1001206393.448108 3191
0.374248 1424.591587292944 20.51181326344407 593388890.3245026 3044
0.396263 780.4978119676797 11.95405216142959 290035119.341041 2736
0.418277 465.2963442342519 8.814691031258517 155039348.3403077 2276
0.440292 379.4074027022265 5.708213237394866 113739611.7991016 2016
0.462307 338.835104673574 3.664517246889434 92006009.14216945 1640
0.484321 233.3695036615846 3.035884577885818 57730078.54618591 1056
0.506336 111.7443568544265 2.204148895359097 25308613.44397511 683
0.52835 93.19511633515344 1.302937813771608 19377309.01503605 350
0.550365 69.83224946896711 1.456499470866399 13410820.58055338 192
0.57238 105.5745787886082 0.508537062377619 18630067.25843186 44
0.594394 79.34728241655738 0.1041053239253867 12876699.13440082 25


0.0220146 2842.254604811391 3.935441321674296 705043112390.2286 18
0.0440292 15131.40295194684 31.11508423991239 641439485653.952 62
0.0660438 6710.244419749455 501.6755288435583 193957834404.1671 98
0.0880584 26442.59300631141 601.4697183995835 255071515141.2659 210
0.110073 40174.88808906558 534.1407961714804 222912305442.5141 350
0.132088 34527.2400486233 405.830063092769 128751376042.4338 450
0.154102 19132.58827244175 533.1615407352946 53128337537.17142 602
0.176117 25694.35658856676 203.1049368610555 51209546387.60912 762
0.198131 11054.2888148125 234.4887633779117 17710741537.6132 1142
0.220146 9790.727696035838 142.8150853201495 12529566872.80017 1250
0.242161 6443.947025962351 105.980313047928 6771526455.977356 1458
0.264175 5601.445695916599 76.15290694407764 4898783234.6456 1814
0.28619 3449.464572316967 66.15074938115688 2576766005.158845 2178
0.308204 3343.013092407663 44.74331970475441 2139797520.457725 2498
0.330219 2861.529502474535 42.87085393898028 1589921778.139199 2622
0.352234 2021.691796654258 31.35049665721065 984524293.222252 3191
0.374248 1353.51310714469 19.51858014848718 583275848.1957756 3044
0.396263 741.7927567863549 11.37062503609732 285175053.7960047 2736
0.418277 448.0440526156993 8.288627031526145 154424498.6662876 2276
0.440292 359.7772533536368 5.443539800630099 111576780.6778601 2016
0.462307 315.7955830846806 3.589467012925756 88715477.30035882 1640
0.484321 220.8928124752803 2.903271373388647 56526351.86034364 1056
0.506336 114.7680156964871 1.955963108315942 26871062.08800901 683
0.52835 75.6057487276954 1.451539006752648 16280235.17819079 350
0.550365 86.69347003432624 1.051139787859626 17190372.34472743 192
0.57238 102.58589424665 0.4498453119260943 18722107.63874953 44
0.594394 61.55859737803898 0.3296404839530816 10340079.52262356 25


0.0220146 2336.935123807239 9.397416151043062 660797729909.5298 18
0.0440292 15630.7046510427 10.74931411684612 670913781737.0872 62
0.0660438 11338.80067369478 401.9258103669949 260074828269.3683 98
0.0880584 18729.58626091445 672.2938818228214 203398775440.6909 210
0.110073 44125.30147956298 418.1108511783608 249246484288.5862 350
0.132088 27832.02383375467 464.509673140023 109211785749.0785 450
0.154102 20501.25736679943 472.510480829974 58276195313.54842 602
0.176117 24577.92466187732 191.6682730611797 50645722393.14484 762
0.198131 10184.45145596555 228.6670591176636 16914591032.48532 1142
0.220146 9341.450652976713 135.7428371726504 12360682112.56653 1250
0.242161 6065.465656621663 102.0448193187585 6592918639.442143 1458
0.264175 5409.36355802423 71.34871482737148 4888580203.748522 1814
0.28619 3265.233921811498 63.30837354620177 2521976537.587789 2178
0.308204 3180.060972126985 42.67028856711415 2103866685.769805 2498
0.330219 2713.691213705751 41.00738934467296 1558470642.888455 2622
0.352234 1921.166828858794 29.92206222905529 966943321.6540163 3191
0.374248 1287.012822836301 18.62093251042199 573174124.2256322 3044
0.396263 705.4437927428345 10.84502170854482 280266778.7670432 2736
0.418277 432.6981843450869 7.796206307463048 154090990.1142706 2276
0.440292 341.0767639280504 5.209788824480201 109310090.6426729 2016
0.462307 292.9576055352383 3.545744160827556 85058483.51834518 1640
0.484321 207.4641434475979 2.812497075036004 54863470.72318834 1056
0.506336 116.6579973472077 1.742993478267397 28207832.30381647 683
0.52835 62.19015915969099 1.541672623893437 13855731.70537413 350
0.550365 98.47344927490089 0.7412088196043428 20154873.61866263 192
0.57238 90.42710585148312 0.5500420158770851 17056409.44320414 44
0.594394 40.93850096383651 0.6052570720312271 7117412.939121577 25


0.0220146 1766.171388196439 16.04896098947472 606711168644.6232 18
0.0440292 15164.7432284497 6.169929101702204 671532005735.7106 62
0.0660438 16370.62527558932 298.0805430587373 335310363640.3276 98
0.0880584 13042.68941663368 715.7179314900717 164019632535.8746 210
0.110073 46874.16577733558 324.7756910572771 270589262543.5286 350
0.132088 21835.59802559932 515.8908330516275 90727977826.78474 450
0.154102 21988.5107339226 413.0363219379754 63955383550.0917 602
0.176117 23271.01302191733 185.4065138282636 49555940247.49747 762
0.198131 9472.482543948525 221.8792708372474 16286138308.70206 1142
0.220146 8908.881826545057 129.4926453967965 12177124495.98979 1250
0.242161 5717.329951860159 98.39289938767088 6421766318.844607 1458
0.264175 5231.272731755114 66.92757537365183 4880227696.088458 1814
0.28619 3095.656004102038 60.67735361794004 2469685153.407043 2178
0.308204 3029.644128603237 40.75659020611155 2069557605.260566 2498
0.330219 2578.711929222256 39.26357824730509 1529163825.101294 2622
0.352234 1825.380626119066 28.65072562658538 948596561.0868522 3191
0.374248 1224.807835894645 17.80522196868236 563148739.2576348 3044
0.396263 671.3979853578226 10.36774995853518 275377678.4698916 2736
0.418277 418.5468175775746 7.341905232003251 153844888.8602952 2276
0.440292 323.5691536680248 4.997760053794849 107054017.156945 2016
0.462307 271.454006622923 3.511377333895205 81377143.61232561 1640
0.484321 193.8127321734477 2.748765271550848 52914881.83086386 1056
0.506336 116.6241943764156 1.576000882723059 29097276.96788041 683
0.52835 53.58507486085539 1.562498513205898 12337142.26940193 350
0.550365 103.0081479331594 0.5600484283903698 21750352.47784225 192
0.57238 73.34261207494376 0.7375652635217915 14290197.26744922 44
0.594394 22.54102028085565 0.8475215886776009 4063153.369025849 25


0.0220146 1199.086595935912 22.81116067636585 550121160680.5688 18
0.0440292 13829.33034193833 15.82202804584116 643980901440.4047 62
0.0660438 21114.16303448537 200.5461371522742 410299902791.5483 98
0.0880584 9625.601713722363 727.5674509792154 140305683227.5242 210
0.110073 48153.98259733668 257.8411122502895 284967288554.2814 350
0.132088 16815.49535269236 555.3163225965072 74567131313.44835 450
0.154102 23429.70693067754 356.9728550302893 69744511546.27625 602
0.176117 21802.5821008672 183.637890065655 47965568419.46262 762
0.198131 8914.340520761769 214.0335334418746 15842147289.17457 1142
0.220146 8489.864101342237 124.0002780714802 11976684620.16702 1250
0.242161 5398.692054167333 94.95873415325654 6260176420.350077 1458
0.264175 5063.431980572542 62.88494701627076 4871407814.706108 1814
0.28619 2940.261511884831 58.21896917692076 2420573231.970304 2178
0.308204 2890.416638923515 38.98619700593714 2036722323.975275 2498
0.330219 2454.8607190358 37.63313652532736 1501659059.348653 2622
0.352234 1734.155123580727 27.5149741574614 929616016.0708753 3191
0.374248 1166.621620626417 17.0601466096447 553251747.3789655 3044
0.396263 639.5946752888761 9.930850736181426 270569226.9859249 2736
0.418277 405.1286361694893 6.927073102896623 153553997.9732734 2276
0.440292 307.3727887735702 4.801296437286099 104884829.0059987 2016
0.462307 251.9165062524935 3.473083639021076 77901797.97224368 1640
0.484321 180.5356427215469 2.699913911468709 50841606.96159133 1056
0.506336 114.5687345017651 1.454714859671157 29470170.22521039 683
0.52835 49.32577096010404 1.521210457012627 11717203.47040765 350
0.550365 100.4059140961932 0.5039182382573417 21858758.94490948 192
0.57238 55.48973208535187 0.9432245636305635 11165265.18782285 44
0.594394 9.418662226175419 1.006550102583075 1775465.531107646 25


0.0220146 698.9978030350237 28.69536840067854 498364084963.3507 18
0.0440292 11817.68133733691 36.66421753928652 592420208685.45 62
0.0660438 24971.47031413535 118.3284750537866 475970633950.6287 98
0.0880584 8488.993701548017 707.3064102121987 133909098202.7706 210
0.110073 47850.07788210682 218.7133446085974 291079230587.6071 350
0.132088 12974.00403131002 579.3384993585834 61827859901.18477 450
0.154102 24675.84496340959 306.352844262973 75213148691.74333 602
0.176117 20211.62973753201 185.5555975128747 45928754217.60686 762
0.198131 8502.571645902442 205.1111322101112 15592714826.48828 1142
0.220146 8082.406959835275 119.1981626336917 11758266028.37103 1250
0.242161 5108.886410467035 91.68401162820065 6110348996.153668 1458
0.264175 4902.555070367172 59.21736242359621 4859821750.430672 1814
0.28619 2798.611684415511 55.90006038817302 2375301576.006378 2178
0.308204 2761.186606669584 37.34550230173235 2005210622.683985 2498
0.330219 2340.726276493648 36.10908696265708 1475686705.564308 2622
0.352234 1647.341052703469 26.49604868021794 910137944.9169092 3191
0.374248 1112.188692807493 16.37628469077875 543524937.8604817 3044
0.396263 609.9571794598743 9.527802237492768 265892941.4497059 2736
0.418277 392.1693542171865 6.550832481614832 153137443.745393 2276
0.440292 292.4986185112854 4.616543723389767 102846256.8303358 2016
0.462307 234.5962972017201 3.424163462924489 74765992.95361795 1640
0.484321 168.0559226470042 2.656988187575432 48774673.14442843 1056
0.506336 110.8077999379102 1.372417808330876 29363127.8530191 683
0.52835 48.38016271469156 1.434166299483932 11838337.61367335 350
0.550365 92.19190336330898 0.5463064578608887 20681028.57174389 192
0.57238 39.99372417344533 1.115420512848548 8310889.780319069 44
0.594394 2.629790350878369 1.065393985331813 542291.3050410575 25


0.0220146 316.150143147786 32.91461805983211 457836136182.125 18
0.0440292 9390.106472251422 64.63119460837913 523859741179.355 62
0.0660438 27495.02602392186 58.1527296240646 524584698113.8517 98
0.0880584 9424.40678847147 657.8175400666174 144614931518.4144 210
0.110073 46000.33758956918 206.4934588327943 288411802671.0588 350
0.132088 10424.66606842473 585.9203581862276 53345523907.1817 450
0.154102 25601.69052639611 262.8760803006007 79951773796.12251 602
0.176117 18545.09004163376 190.25567809381 43526856635.96468 762
0.198131 8225.987083996532 195.1683343096905 15539864517.94804 1142
0.220146 7685.670646733752 115.0133548545584 11522098007.61262 1250
0.242161 4847.310638774215 88.51817383555588 5974466909.802472 1458
0.264175 4745.791192418837 55.92147372126732 4843234394.243867 1814
0.28619 2670.277709477009 53.69240784174294 2334496667.896426 2178
0.308204 2640.897910624256 35.82285728659272 1974872663.231428 2498
0.330219 2235.168534587049 34.68386093599869 1451047784.169268 2622
0.352234 1564.823895836284 25.57734702174119 890308462.1220542 3191
0.374248 1061.258430062329 15.74571392515413 534002508.8083078 3044
0.396263 582.3916208561046 9.15335146298764 261388864.3230146 2736
0.418277 379.5248302993447 6.210886632112707 152553626.3927391 2276
0.440292 278.8876752844171 4.441242740526825 100957462.1169035 2016
0.462307 219.4861247410923 3.362421542053875 72028607.44992983 1640
0.484321 156.6276606237467 2.614071879274339 46809312.72058707 1056
0.506336 105.8394507344598 1.319717064571406 28871669.99448622 683
0.52835 49.56599727571525 1.320052761910967 12476466.25432406 350
0.550365 80.48403046642639 0.6514943934016586 18593953.21514707 192
0.57238 28.64195950840231 1.224824129591677 6148064.113840447 44
0.594394 1.722952117963155 1.031765424813088 380646.0341327575 25


0.0220146 82.58519092572956 34.96241262226342 433212429407.9596 18
0.0440292 6838.298040699976 95.18020766949006 447203375165.7142 62
0.0660438 28425.09200230618 23.88275465485081 550611177475.8372 98
0.0880584 12038.85329356188 584.8651634597453 170395994830.5807 210
0.110073 42782.31628309949 218.168082306925 277282043922.8596 350
0.132088 9185.712744918867 574.5308144437703 49617079456.45477 450
0.154102 26112.55360803908 227.7994404280643 83601600666.23453 602
0.176117 16855.20413961539 196.773895994564 40864893922.74512 762
0.198131 8069.617549808529 184.3344749345553 15676548902.85511 1142
0.220146 7299.909830779447 111.3665446050494 11269884462.63821 1250
0.242161 4613.314172981321 85.4188275966841 5854571171.865562 1458
0.264175 4590.724694368335 52.99302098741247 4819535263.008424 1814
0.28619 2554.817951628885 51.57231501015116 2298732079.233706 2178
0.308204 2528.612659205682 34.40823042162376 1945559889.118341 2498
0.330219 2137.274994305239 33.34944107089992 1427609854.867125 2622
0.352234 1486.52765134749 24.74395323582039 870288446.0258274 3191
0.374248 1013.597886790387 15.16170403831957 524713549.1532632 3044
0.396263 556.7896476708366 8.803317218381046 257085726.5962552 2736
0.418277 367.1352361133493 5.90416225444028 151788842.4221977 2276
0.440292 266.441867760311 4.27415490532606 99220820.37134086 2016
0.462307 206.423435543731 3.288430661919561 69696400.75140564 1640
0.484321 146.3644265270605 2.567760215996974 45006531.49985096 1056
0.506336 100.1838241037452 1.287104899684695 28112735.39504534 683
0.52835 51.81375595376463 1.19563351519738 13402998.54065367 350
0.550365 67.38182185456256 0.7844902809400796 16025137.32943971 192
0.57238 22.00093435053759 1.262191077394847 4874810.253398142 44
0.594394 5.36001086771518 0.9276705883584186 1119809.901129754 25


0.0220146 9.593952754581043 34.6519213670596 426916950322.3803 18
0.0440292 4448.583768479907 123.8541819750481 372085879554.9808 62
0.0660438 27704.66472477309 16.28554780279651 551326355305.7335 98
0.0880584 15805.75915738803 496.3071829685673 207663585947.9124 210
0.110073 38489.102036718 248.9747980815612 258800613492.2106 350
0.132088 9181.00639838986 546.1251974829773 50753147276.47352 450
0.154102 26149.1592104944 201.8573406458807 85881802693.46272 602
0.176117 15196.50656484223 204.1292117161837 38066116573.33884 762
0.198131 8014.954189759727 172.8060570399192 15986171939.2663 1142
0.220146 6926.372162977375 108.1720865926941 11004870526.06091 1250
0.242161 4406.097939068915 82.35221144343406 5752427839.562399 1458
0.264175 4435.386778753857 50.42579425302942 4786811828.244533 1814
0.28619 2451.754685558519 49.52033290267362 2268506176.131217 2178
0.308204 2423.495089450397 33.09295087589373 1917124856.390823 2498
0.330219 2046.32195598744 32.09751897733974 1405301464.390088 2622
0.352234 1412.415775865819 23.98228383643448 850257136.0418899 3191
0.374248 968.9935209779117 14.61847242036173 515684187.0378394 3044
0.396263 533.0328193747465 8.47439369236819 253002094.250951 2736
0.418277 354.9908544368424 5.627277341499771 150847689.8277685 2276
0.440292 255.0463379262 4.114641741334985 97628388.76623127 2016
0.462307 195.1679937706818 3.204232415351473 67743496.25240675 1640
0.484321 137.2753070760222 2.516527614110085 43398482.44809096 1056
0.506336 94.29198717145977 1.266390048871929 27199469.67023776 683
0.52835 54.29369330714193 1.073734088230088 14422218.28608941 350
0.550365 54.60720479287323 0.9167781386383437 13365221.05993848 192
0.57238 19.73824117894658 1.232925035034976 4501581.860259551 44
0.594394 11.87111529583705 0.7802990257844538 2491147.048328475 25


0.0220146 87.87348439096436 32.11371096229815 438901276827.9537 18
0.0440292 2468.384727616357 146.7962999430933 307651389164.8509 62
0.0660438 25471.58812473268 33.14746139025574 527074630599.2745 98
0.0880584 20126.42332709432 401.1456028980156 251685598811.5564 210
0.110073 33496.31980233619 292.9052838884558 234758715960.7543 350
0.132088 10248.43127610869 503.0116577876768 56462765726.54023 450
0.154102 25690.19155088281 185.2188716251758 86611740166.52731 602
0.176117 13622.60645920845 211.3709494463689 35264972810.1421 762
0.198131 8040.469149930364 160.8368835394465 16442717739.11017 1142
0.220146 6567.150001248101 105.3390180384554 10731811574.27727 1250
0.242161 4224.628762971299 79.29361675902562 5669393826.475115 1458
0.264175 4278.272719677379 48.21065479267964 4743430650.911244 1814
0.28619 2360.551890457814 47.52107614414384 2244217470.770804 2178
0.308204 2324.79734483705 31.86950834239212 1889420550.182324 2498
0.330219 1961.740204018693 30.91965738205758 1384105473.615272 2622
0.352234 1342.489163338862 23.27983859744577 830414022.7210848 3191
0.374248 927.2518375227218 14.11099381283 506939300.3654118 3044
0.396263 510.997274073623 8.163971553440497 249147979.1307858 2736
0.418277 343.1081745883841 5.376854704507713 149745598.1757415 2276
0.440292 244.5841229752027 3.962381195444479 96166747.06001161 2016
0.462307 185.4549511967351 3.112449727624185 66126503.42037599 1640
0.484321 129.2994605594973 2.460133361373511 41995177.14713997 1056
0.506336 88.50717960535708 1.251279455993334 26227199.39955937 683
0.52835 56.44621406297614 0.9627978773131594 15387945.14713533 350
0.550365 43.3588762549298 1.028568676714515 10919296.19000972 192
0.57238 20.98866578189716 1.151016785483403 4908409.597023917 44
0.594394 19.65183689810516 0.6155775548287351 4202944.854701755 25


0.0220146 290.1802103137302 27.7551448937171 466748841662.5908 18
0.0440292 1079.512953849183 161.1600676002128 261426324358.7679 62
0.0660438 22029.87771841387 69.71071847030336 481163284267.2201 98
0.0880584 24395.32960996314 308.5179388191049 297124884309.2749 210
0.110073 28223.42448937537 343.2974506604308 207449038068.5066 350
0.132088 12155.04175429099 448.6140160715417 66073426983.3727 450
0.154102 24752.26816236681 177.4852289189963 85726096872.95908 602
0.176117 12182.96673495194 217.6264128706518 32598881165.07426 762
0.198131 8122.392308433595 148.7245216138145 17011535475.79942 1142
0.220146 6224.986970542143 102.7729864997253 10456834210.93814 1250
0.242161 4067.572300946922 76.22766957761027 5606290063.952471 1458
0.264175 4118.358873143893 46.33467741248199 4688121082.193861 1814
0.28619 2280.59554279043 45.56308739146137 2226139154.872047 2178
0.308204 2231.847375132965 30.73138912604422 1862299658.117675 2498
0.330219 1883.084454961357 29.80745357876086 1364051339.337447 2622
0.352234 1276.781284525284 22.62504257881464 810978780.4605078 3191
0.374248 888.199023460523 13.63485576273663 498503724.8719276 3044
0.396263 490.5579115191067 7.869984586085867 245526561.8195516 2736
0.418277 331.5142375198673 5.149713093583027 148503389.5339034 2276
0.440292 234.9447778024085 3.817190384530365 94820325.0881108 2016
0.462307 177.0277141623756 3.015734597003612 64795266.53028289 1640
0.484321 122.3349305953365 2.39913031707281 40791044.80813911 1056
0.506336 83.06012534905665 1.237414804404799 25267885.81341119 683
0.52835 57.95521577854564 0.8673561197770074 16205676.98207923 350
0.550365 34.31401602134393 1.108667070659502 8890312.276301179 192
0.57238 24.67111073607635 1.033857064172011 5903640.958367105 44
0.594394 27.39165321082486 0.4545142668560046 5991815.972353006 25


0.0220146 575.9903814483673 22.18893319040551 506079559380.4511 18
0.0440292 380.9589121164795 165.3740130321074 238424508228.6642 62
0.0660438 17804.4703282705 119.3655164108076 419408117255.2846 98
0.0880584 28062.51175499197 226.7340149910789 338637336051.7397 210
0.110073 23092.90214673094 393.4606809735926 179437935142.2162 350
0.132088 14617.69133070433 387.1506297463413 78585736926.31387 450
0.154102 23387.3006435304 177.727984282218 83281343227.71379 602
0.176117 10919.89432005123 222.1455741338798 30199349917.09571 762
0.198131 8235.703284329466 136.7936810839837 17650786043.23726 1142
0.220146 5903.044711052607 100.3789646730146 10187185364.66531 1250
0.242161 3933.248014091296 73.14839109558329 5563291091.052821 1458
0.264175 3955.114429711126 44.78047051775233 4620055773.430894 1814
0.28619 2211.177715656569 43.63871345737405 2214394499.763089 2178
0.308204 2144.039078355838 29.67293379157363 1835614208.846962 2498
0.330219 1810.00587218696 28.75270412870555 1345206321.304792 2622
0.352234 1215.350761453248 22.0071661318076 792189104.7104206 3191
0.374248 851.6796980151976 13.18615230174842 490402930.4598852 3044
0.396263 471.591747373965 7.590783976194599 242135810.1282657 2736
0.418277 320.2371332277478 4.942968512616162 147143569.5851868 2276
0.440292 226.0287098437563 3.67892406391828 93573503.63883002 2016
0.462307 169.6557949609375 2.916463259730353 63699861.73695344 1640
0.484321 116.2604711634025 2.334493601337543 39770580.33119701 1056
0.506336 78.08300493764729 1.222116019990937 24370127.17634264 683
0.52835 58.69549542416287 0.7889034576049584 16826233.69799678 350
0.550365 27.71261730390624 1.153026052197133 7384214.947307052 192
0.57238 29.71785450011444 0.898521174179157 7272898.621648211 44
0.594394 34.16392170645094 0.3118056432361254 7650846.850761369 25


0.0220146 897.4696297075461 16.14152505725365 551192236747.6256 18
0.0440292 382.5809769843559 159.2391717488738 240590323951.5989 62
0.0660438 13285.23451341285 174.5080610165779 349388519229.4572 98
0.0880584 30686.73880575695 162.4539992108025 371462610832.9863 210
0.110073 18491.11964347068 437.2764147253642 153311307676.3087 350
0.132088 17327.38518658077 323.2562819921242 92758697966.9736 450
0.154102 21677.4074701484 184.5655475835401 79452626444.57472 602
0.176117 9865.948975578698 224.3395663522013 28183073077.05907 762
0.198131 8355.28153192824 125.3773512112781 18313506265.24247 1142
0.220146 5604.638858421175 98.06458015086521 9930873572.213511 1250
0.242161 3819.609085506229 70.05897034621974 5539840213.725607 1458
0.264175 3788.503564124732 43.52572406435559 4538921930.943753 1814
0.28619 2151.48563782586 41.74396233629493 2208934902.858724 2178
0.308204 2060.824718342977 28.68920567040896 1809215929.345851 2498
0.330219 1742.227069601184 27.74757109773051 1327665573.482943 2622
0.352234 1158.271751658551 21.41630995689591 774296415.8972889 3191
0.374248 817.5549278882024 12.7614090241434 482663166.2849311 3044
0.396263 453.9803569216296 7.325038834745724 238969878.1921306 2736
0.418277 309.3008210809932 4.754073973058246 145687983.9739387 2276
0.440292 217.7487162203408 3.547423165943369 92411808.05202842 2016
0.462307 163.1424007395435 2.81659972686546 62794680.97470957 1640
0.484321 110.9507730576557 2.267360575369268 38912806.21142542 1056
0.506336 73.63110872349588 1.20400922097015 23562235.61461772 683
0.52835 58.67480009716505 0.7268468928348975 17235615.1975655 350
0.550365 23.47434080443101 1.1628005815893 6427118.918522701 192
0.57238 35.21321907450177 0.759548113150199 8813846.696397191 44
0.594394 39.42099827932135 0.1959759150492172 9039091.745543508 25


0.0220146 1205.939946986538 10.35379243695352 595853932091.3237 18
0.0440292 1009.771099611435 143.8580696157221 266641262880.0728 62
0.0660438 8966.993583827823 227.4607462610848 279504765106.1766 98
0.0880584 31974.47958591286 120.0852410790373 391941449038.439 210
0.110073 14734.3306013968 469.719930853839 131419567050.0013 350
0.132088 19975.26907756635 261.5792004447668 107218524257.5129 450
0.154102 19727.74390602446 196.2721072116061 74520989887.21304 602
0.176117 9041.956513826291 223.8100593470657 26643676679.24839 762
0.198131 8457.143553226042 114.7967609837431 18950194859.36393 1142
0.220146 5332.956700786388 95.74384197453475 9696215270.712147 1250
0.242161 3724.249224483154 66.97120172275575 5534598781.763362 1458
0.264175 3618.974432583078 42.54302648528005 4444977230.068339 1814
0.28619 2100.596672122804 39.87831597088276 2209522383.027715 2178
0.308204 1981.709580480066 27.77586268704212 1782957617.61872 2498
0.330219 1679.519206406394 26.78474903742186 1311541131.803682 2622
0.352234 1105.622597197908 20.84344249789626 757559493.3865961 3191
0.374248 785.6996716923918 12.35753342402731 475311099.9796728 3044
0.396263 437.6114737940078 7.07165974213999 236020241.1154075 2736
0.418277 298.722819776397 4.580819914312242 144156489.2007524 2276
0.440292 210.0298491580731 3.422494172470986 91322478.68742181 2016
0.462307 157.3255724114707 2.717664943875872 62040425.1337743 1640
0.484321 106.2862069031599 2.198862438493526 38194556.33837321 1056
0.506336 69.70535781872469 1.182647787579329 22856591.48849969 683
0.52835 57.98199666755151 0.6793457695522545 17444231.66243 350
0.550365 21.31524817414964 1.142429381831507 5987012.224048702 192
0.57238 40.45708889902757 0.6279457188221933 10356876.97573207 44
0.594394 42.9357309282113 0.1103698448292153 10078375.66063675 25


0.0220146 1458.022134163148 5.48662120793621 634129646788.552 18
0.0440292 2117.891182983172 121.4135840352021 312319922411.5288 62
0.0660438 5292.447738655708 271.3485826320519 217953157175.2491 98
0.0880584 31801.28200961352 101.4497243287713 397902145198.3116 210
0.110073 12042.78327593639 487.2578430676912 115647443939.2838 350
0.132088 22278.0210296496 206.3875773566801 120581385290.6449 450
0.154102 17657.7873671211 210.9106783358095 68851674623.36565 602
0.176117 8455.775446112286 220.36717823132 25644779938.31787 762
0.198131 8519.686374309582 105.3413865214778 19511775143.07618 1142
0.220146 5090.771766925418 93.34100751193678 9491307854.373514 1250
0.242161 3644.437060990696 63.90456272421599 5545436838.628021 1458
0.264175 3447.432384974343 41.79998008635619 4339084629.141991 1814
0.28619 2057.479933757992 38.04447936568904 2215718260.78418 2178
0.308204 1906.248760113599 26.92902762392151 1756695759.899343 2498
0.330219 1621.680972605507 25.85763018211394 1296949907.303253 2622
0.352234 1057.47326568625 20.28047696733485 742236209.796331 3191
0.374248 755.9998225060132 11.97178497998461 468372997.8641356 3044
0.396263 422.3798793221691 6.829741416621986 233276564.6798602 2736
0.418277 288.5136864287957 4.421311610676423 142566338.0972635 2276
0.440292 202.8083921981237 3.303905966835738 90294643.01369739 2016
0.462307 152.0756681977405 2.620765917851219 61404704.2003485 1640
0.484321 102.1583831129513 2.130025358244369 37592731.78597038 1056
0.506336 66.27209427109932 1.158182857527949 22254127.46435481 683
0.52835 56.74626742934974 0.6439671030682184 17477306.65768889 350
0.550365 20.84683281635989 1.098021400111049 5995031.952520649 192
0.57238 44.97494648081318 0.5110597508404822 11774186.30902738 44
0.594394 44.72114358775185 0.05448125250984754 10742940.94223673 25


0.0220146 1620.720668885266 2.042671654806564 661144064271.2493 18
0.0440292 3514.198686752741 94.83261538447333 371013969440.853 62
0.0660438 2604.245868631805 300.8357099412453 171743314961.0365 98
0.0880584 30214.17557424961 105.743625924501 388873865879.4836 210
0.110073 10525.04216566301 488.0886796007031 107232056315.8419 350
0.132088 24000.46627375084 161.2191388749022 131578817326.0901 450
0.154102 15591.74806026793 226.479873241555 62865078461.79331 602
0.176117 8101.916335414744 214.0344019095487 25214970212.15765 762
0.198131 8524.851577167732 97.25030851587597 19952747073.76423 1142
0.220146 4880.172534828798 90.79430738533055 9323459614.615147 1250
0.242161 3577.177372545903 60.88493263367366 5569470409.252 1458
0.264175 3275.195803118866 41.25963029545618 4222721039.488849 1814
0.28619 2021.004982492801 36.24805271356613 2226879590.653295 2178
0.308204 1834.045906396417 26.14515431277482 1730294537.884185 2498
0.330219 1568.51945519276 24.96046343476077 1284000916.161269 2622
0.352234 1013.872176768755 19.72037515919582 728573648.8663257 3191
0.374248 728.3490181000167 11.60176002504942 461873512.288481 3044
0.396263 408.187740061818 6.598520609380303 230727335.4085347 2736
0.418277 278.6775236963493 4.273934866765707 140932041.7601317 2276
0.440292 196.0304531529701 3.19139548147287 89319253.36777836 2016
0.462307 147.2910934667769 2.526653924678028 60861783.87994875 1640
0.484321 98.47273498388566 2.061720987138004 37085730.96070943 1056
0.506336 63.27871122493946 1.131104635044665 21748310.35033706 683
0.52835 55.10814153079799 0.6181462857755995 17367250.49891225 350
0.550365 21.65064262515445 1.036148903992834 6363571.657766584 192
0.57238 48.49520715153837 0.4129650408300157 12980522.2665977 44
0.594394 44.94932880871991 0.02527917551351117 11046237.14103629 25


0.0220146 1674.890246867062 0.312932507102008 673679299116.484 18
0.0440292 4984.223481887016 67.38115174007473 434657266716.9116 62
0.0660438 1111.148370219098 312.6459147352543 145875478997.7688 98
0.0880584 27415.75722004681 129.7789264086882 366104483884.3326 210
0.110073 10173.61348102893 472.2096578692585 106647828137.9046 350
0.132088 24973.48783509864 128.6034335848248 139173946424.6249 450
0.154102 13648.85200524482 241.0628266888405 57002661942.83575 602
0.176117 7962.053797899465 205.0398017446866 25345170403.03403 762
0.198131 8459.125171871936 90.696210414961 20234309945.61808 1142
0.220146 4702.323270452806 88.05923681976208 9198613684.558565 1250
0.242161 3519.296792513966 57.94297962244341 5603148066.143553 1458
0.264175 3103.934130454135 40.88120790991078 4097955925.655781 1814
0.28619 1989.957692086308 34.49711959504726 2242164635.410544 2178
0.308204 1764.753666806879 25.42088943149003 1703631269.332962 2498
0.330219 1519.833041075892 24.08850097823933 1272782111.769358 2622
0.352234 974.8330638151289 19.15726503147472 716797005.2707696 3191
0.374248 702.6453866248836 11.24538691090848 455834160.1139464 3044
0.396263 394.944545726972 6.377345690266954 228360289.0442521 2736
0.418277 269.2130048521232 4.137317395636872 139265529.1711972 2276
0.440292 189.6504773621494 3.0846768511659 88388902.54439527 2016
0.462307 142.8934795715854 2.435792353261963 60391866.93313184 1640
0.484321 95.14912056901854 1.994649896358969 36654257.43973023 1056
0.506336 60.66498718256573 1.102055359491069 21328350.22589512 683
0.52835 53.20100126986083 0.5994774154851435 17148153.58633684 350
0.550365 23.32855236139698 0.9630406506519587 7000125.172294264 192
0.57238 50.91048389074775 0.3351080704829739 13928743.9678622 44
0.594394 43.88124307413989 0.01834641287579354 11027749.70703193 25


0.0220146 1616.753947674193 0.3531566173459292 670536811117.9496 18
0.0440292 6319.194937046968 42.24292173593861 494791855572.5358 62
0.0660438 871.410267732285 305.8188942422835 142775006748.8591 98
0.0880584 23732.53143734554 168.4676258791583 332383086230.899 210
0.110073 10871.85743298784 441.3098219208616 113570010902.5488 350
0.132088 25105.73406265971 109.8799065939161 142657234610.3713 450
0.154102 11934.25879450845 252.9664832267297 51690623776.24677 602
0.176117 8006.406530473253 193.7939828924 25988709249.30763 762
0.198131 8314.295830702573 85.77319859924407 20327220697.34497 1142
0.220146 4557.27453747362 85.11113174157464 9120807974.863968 1250
0.242161 3467.5500301524 55.11227048968276 5642386276.326798 1458
0.264175 2935.588887208773 40.62116577953893 3967397414.10552 1814
0.28619 1963.063035713287 32.8017509706853 2260548285.348972 2178
0.308204 1698.075495868451 24.75293163540611 1676603204.850476 2498
0.330219 1475.39664363311 23.23812499440479 1263347314.993073 2622
0.352234 940.322560849873 18.58655897390111 707097776.0298408 3191
0.374248 678.7883920880782 10.90092738219723 450271592.8639064 3044
0.396263 382.5667809582459 6.165654905971875 226162679.8419689 2736
0.418277 260.1145922264568 4.010290416222057 137576476.3917447 2276
0.440292 183.6298468709414 2.983451087872153 87497589.27237657 2016
0.462307 138.823009166394 2.348422953566285 59980170.79888035 1640
0.484321 92.12120398983249 1.929345422282886 36281684.4257496 1056
0.506336 58.37064878636978 1.071704501588642 20981592.42707763 683
0.52835 51.14083323408214 0.5858706908725581 16852188.83358083 350
0.550365 25.53225684679568 0.8841133555250684 7816833.231515863 192
0.57238 52.23443872136836 0.2770131407080064 14602761.57374935 44
0.594394 41.81225280313253 0.02875616965443581 10741529.22560538 25


0.0220146 1457.40121901616 1.991304413259452 652624333138.3102 18
0.0440292 7341.173595740492 22.13301646903012 543652809668.9884 62
0.0660438 1794.421046217981 281.6861589424276 162048910150.2199 98
0.0880584 19571.64508360411 215.4849647628922 291689708432.3123 210
0.110073 12411.08755722868 398.5063918872062 126920411506.5324 350
0.132088 24388.19174347505 105.126087598604 141712177216.5153 450
0.154102 10531.32712587124 260.8402215724956 47304460978.64114 602
0.176117 8195.895922138938 180.8560954694269 27064200556.69228 762
0.198131 8087.907396151903 82.48942070978137 20214154147.82949 1142
0.220146 4443.83907282256 81.9467787013017 9091715134.264099 1250
0.242161 3418.74110659205 52.42718216384902 5682749560.391317 1458
0.264175 2772.279714514777 40.43447308990467 3834105327.406027 1814
0.28619 1939.014141483556 31.17343144486043 2280847838.702278 2178
0.308204 1633.76840994701 24.13789163995613 1649135468.146886 2498
0.330219 1434.949627897132 22.4069461542695 1255703854.485316 2622
0.352234 910.2492216511696 18.00505985961736 699621852.6298782 3191
0.374248 656.6759384520135 10.56698044480875 445195773.792781 3044
0.396263 370.9774405607009 5.962960843519117 224121432.3366942 2736
0.418277 251.3737548723946 3.891853023853851 135872717.3640749 2276
0.440292 177.9356429087169 2.887414770575218 86640476.76340851 2016
0.462307 135.034243829838 2.264624771347315 59615965.7587762 1640
0.484321 89.3351629452451 1.866188975180674 35954120.95950321 1056
0.506336 56.33993834026068 1.040673024145053 20695171.42248273 683
0.52835 49.02189739902501 0.5756152119105985 16507554.15814063 350
0.550365 27.97684866337161 0.8037603146266938 8736283.179686265 192
0.57238 52.5613839538784 0.2369380156674198 15009702.33633521 44
0.594394 39.03389143825578 0.0516828279018343 10247150.79100691 25


0.0220146 1220.446951320473 4.863235761022008 622765417515.9771 18
0.0440292 7922.990401886472 8.991005334075535 575138067548.3346 62
0.0660438 3659.510948533759 243.5831487097265 200589343168.0873 98
0.0880584 15371.22750304879 264.0315650915972 248714543381.1862 210
0.110073 14515.80548634407 347.9558410665023 144990329204.5432 350
0.132088 22891.34706331672 113.2001547934921 136444109637.1538 450
0.154102 9495.830473131733 263.7645039830782 44137543032.89609 602
0.176117 8484.933962242034 166.890209371885 28461112525.04795 762
0.198131 7783.360515938944 80.76516711978449 19891352115.03231 1142
0.220146 4359.545514375511 78.58485908087401 9110305275.059841 1250
0.242161 3369.852800133602 49.9207153884662 5719667919.915442 1458
0.264175 2616.198694710739 40.2761126559405 3701472649.903825 1814
0.28619 1916.506586570418 29.62442089029168 2301758988.95704 2178
0.308204 1571.646194604569 23.57215853660508 1621189782.781604 2498
0.330219 1398.186849702105 21.5938653626962 1249801617.266135 2622
0.352234 884.4546648189156 17.41104254223792 694458201.7857375 3191
0.374248 636.2018826700058 10.24248537123908 440608189.0890067 3044
0.396263 360.1054738821383 5.768839149265024 222223213.7235331 2736
0.418277 242.9800789108311 3.781140578825851 134160678.4477397 2276
0.440292 172.5395961827253 2.796267135087119 85813667.9189301 2016
0.462307 131.4925933770579 2.18436352608905 59291667.91514175 1640
0.484321 86.74809405153052 1.805430740533642 35660290.80321038 1056
0.506336 54.52397889543886 1.009493530649617 20457059.37704099 683
0.52835 46.9162802685319 0.5673803241115385 16137554.47940685 350
0.550365 30.44330959063634 0.7253177969446514 9694354.498484723 192
0.57238 52.03231043512614 0.2124215300070647 15172484.61740497 44
0.594394 35.80988345245545 0.08278080267258139 9603211.883236213 25


0.0220146 938.2502751863224 8.470551085458775 585265182257.1426 18
0.0440292 8000.867721403228 3.786252808553708 585542884398.9192 62
0.0660438 6148.916366560224 196.3436145294434 253006339341.6337 98
0.0880584 11550.01696189884 307.6071406956701 208303576327.6071 210
0.110073 16874.29100700694 294.3824473754237 165627572469.97 350
0.132088 20755.33535682556 131.8916840047036 127368779183.9275 450
0.154102 8852.562051543813 261.3027601187323 42376551921.2007 602
0.176117 8824.64131915679 152.6151177931583 30047681570.40282 762
0.198131 7409.641646929623 80.43678049409193 19369388270.2612 1142
0.220146 4300.678022746403 75.06509817900115 9172669282.070253 1250
0.242161 3318.176516974361 47.62232692233007 5748680577.549705 1458
0.264175 2469.497278919477 40.10271059362796 3573079153.861717 1814
0.28619 1894.276533639248 28.16707068062593 2321901236.73605 2178
0.308204 1511.582509263351 23.05177897768697 1592773484.202798 2498
0.330219 1364.753214040458 20.79909076191861 1245524259.862803 2622
0.352234 862.7074900302181 16.80429950363056 691628872.0432477 3191
0.374248 617.2540942676475 9.926720866263965 436500228.4102015 3044
0.396263 349.8852222703534 5.582920006843429 220454460.1380985 2736
0.418277 234.9222201585095 3.677397539562039 132445800.3446163 2276
0.440292 167.4172203398844 2.709715449299987 85014008.1985416 2016
0.462307 128.1714391245969 2.107531216143942 59002033.86533743 1640
0.484321 84.32635398922784 1.747211887427851 35391304.60139127 1056
0.506336 52.88163011409832 0.9785949091649424 20256653.18448122 683
0.52835 44.87573598309887 0.5601812869796466 15760460.11911789 350
0.550365 32.7740440192725 0.6511419897458287 10640929.48549737 192
0.57238 50.80861134884057 0.2007043812441452 15123445.24490149 44
0.594394 32.36348407245099 0.1183808019621336 8863116.895948485 25


