0.0256672 2.134518633040593e-06 6.824594324344778e-08 1.072798708231216 18
0.0513344 1.392976975431442e-05 6.291978174400435e-07 2.063031562028403 62
0.0770016 4.578527626347329e-05 1.787141239277634e-06 2.961277645081934 98
0.102669 0.0001087359200864585 6.202726473332176e-06 3.923679380478612 210
0.128336 0.0002173054924059091 1.400860636652283e-05 5.090304729510965 350
0.154003 0.0003163570292337392 2.341939827332909e-05 5.177282635583593 450
0.17967 0.0005096797332838253 3.668701022441228e-05 6.083832355240605 602
0.205338 0.0006964914973467908 5.924715838127333e-05 6.333195478623487 762
0.231005 0.0009132342718125144 0.0001029583019196784 6.593199307754039 1142
0.256672 0.001191847425714723 0.000142326727770647 6.996866662494597 1250
0.282339 0.001455414582443607 0.000202258578566535 7.040192840681688 1458
0.308006 0.001960834004226874 0.0002696484689336742 7.948475300053458 1814
0.333674 0.002255788206777791 0.0003667633176726708 7.803215364899601 2178
0.359341 0.00280098417568645 0.0004828622516399304 8.360240379380844 2498
0.385008 0.003296914743978841 0.0006553407244506565 8.551438566333609 2622
0.410675 0.003706840856578036 0.0008055373498941017 8.445326776149134 3338
0.436342 0.00418769192622467 0.0009913938685719111 8.466367953931552 3722
0.46201 0.004853358395081659 0.001248111850012508 8.7626853363313 4170
0.487677 0.005402439256722445 0.001526697570124422 8.74676577292856 4358
0.513344 0.005886327237967488 0.001899884970656993 8.593854606833256 5034
0.539011 0.006759239535574071 0.002270728163577965 8.956785966265468 5714
0.564678 0.007400135970705669 0.002690487725919758 8.93656215602234 5982
0.590346 0.008413581329389198 0.003257400676108115 9.290275098361136 6602
0.616013 0.008937614079710849 0.003694858045999039 9.059044976276381 7130
0.64168 0.009847583112718912 0.004465201992934697 9.201471148016399 8034
0.667347 0.01055530727441727 0.005319408962708315 9.123945839037907 8606
0.693014 0.01147114308771463 0.006097515392285496 9.194687863736705 9066
0.718682 0.01243134060845999 0.007141614799433506 9.265023607758108 9962
0.744349 0.01334462331299666 0.008011735624363346 9.272272183454737 10550
0.770016 0.01421967496598973 0.009076537246854473 9.230982820754049 11226
0.795683 0.01564308301130094 0.0103035449301359 9.50899884765375 12146
0.82135 0.01658347249958333 0.01163109248106393 9.456505459478867 12303
0.847018 0.01733425320532783 0.01306193954408416 9.292207971711782 12584
0.872685 0.01843118639857165 0.01487631707408741 9.310654572903683 12120
0.898352 0.01974312335423414 0.01703358949711153 9.411267424604723 11180
0.924019 0.02006036948905261 0.018436884911245 9.038200260857666 11096
0.949686 0.02125589051082113 0.02051517842986535 9.067318096377464 10056
0.975354 0.02321067630096791 0.02313698070293885 9.386831113854385 9716
1.00102 0.0117003700038874 0.01135856555566184 4.491668827692989 8604
1.02669 2.829487096275503e-33 1.833741162407761e-33 1.032152220315284e-30 8060
1.05236 2.962658621994254e-33 1.873351351937391e-33 1.028685509985795e-30 7320
1.07802 3.074240813324917e-33 1.982725953769449e-33 1.017608185120084e-30 6356
1.10369 3.117484456474066e-33 1.943037549330821e-33 9.843129102040531e-31 5348
1.12936 3.214866611580281e-33 2.085967218824589e-33 9.690718626932344e-31 4308
1.15502 3.143251032334729e-33 2.019140848554926e-33 9.059023998746216e-31 3563
1.18069 2.967935145383137e-33 2.100243091203018e-33 8.189158428910197e-31 2448
1.20636 3.135050120687668e-33 2.101201851723954e-33 8.281930628096862e-31 1868
1.23203 3.309013844637648e-33 2.031180217834264e-33 8.374420707562244e-31 1358
1.25769 3.141853965858642e-33 1.80633500845523e-33 7.628076230887444e-31 1062
1.28336 3.159693462768423e-33 1.869559790673575e-33 7.377476996576961e-31 776
1.30903 2.992024508463055e-33 1.699777841081137e-33 6.72411763415276e-31 432
1.33469 3.135136957824138e-33 2.009980766349104e-33 6.755151594774825e-31 200
1.36036 2.669432841995103e-33 1.898592509089892e-33 5.52700112770824e-31 168
1.38603 3.613009051032568e-33 2.0180684855187e-33 7.218440775782092e-31 56
1.4117 2.44178729249468e-33 4.645247522245191e-34 4.705386145094778e-31 7


0.0256672 10.74286927370918 0.0001412682267038029 53741062.0912823 18
0.0513344 69.64892107573507 0.07756413214827332 71837203.37837985 62
0.0770016 165.5144957061652 1.022167150766339 70153154.29080939 98
0.102669 272.9388891552423 5.788477264948312 63070281.67634579 210
0.128336 203.4957368631851 18.66278589944373 30522125.71509 350
0.154003 37.66218666877507 28.50013006533996 4306025.580084016 450
0.17967 34.2083834088188 30.12664931860783 2807518.086520846 602
0.205338 224.3497342226577 14.84927905352376 12704781.87522071 762
0.231005 342.9839017134053 1.676051248007826 15294995.46628218 1142
0.256672 235.9274496089938 4.177169816645924 8548944.694196355 1250
0.282339 46.90168917488567 11.27158042194332 1414076.957026069 1458
0.308006 18.96216148978177 9.866286398554587 483694.1867373516 1814
0.333674 79.61390393575896 2.211149757715821 1696033.964578155 2178
0.359341 70.17688467914654 0.7660122301903295 1288462.205250923 2498
0.385008 17.15973942750647 2.957106723123956 274846.752124019 2622
0.410675 6.024325380976503 2.281411165289708 85110.86253818985 3338
0.436342 17.41271663214928 0.5803333005110721 216426.6471815145 3722
0.46201 12.53733354183468 0.3990657935359134 139113.7467293327 4170
0.487677 4.018306696992334 0.7025198796029882 40068.85856008554 4358
0.513344 3.257595782729098 0.4665235106987859 29264.77808689241 5034
0.539011 3.5278773104108 0.2391330257357464 28726.50126466623 5714
0.564678 2.480607788455256 0.2204495458919606 18408.96736539085 5982
0.590346 1.92906485899294 0.1707805376874404 13087.40713221147 6602
0.616013 1.726274403149817 0.1097589973756499 10745.86578330262 7130
0.64168 1.116227155824728 0.1173121142285569 6407.094393740394 8034
0.667347 0.7454279356825005 0.1146061620542033 3959.269306532738 8606
0.693014 0.6504509155787626 0.09370486136140514 3202.896988042508 9066
0.718682 0.6408948373876787 0.0777648250990718 2933.405008455843 9962
0.744349 0.5954954921700317 0.06918048795272598 2540.711568766084 10550
0.770016 0.5468043034471818 0.06170647722203397 2179.384636393066 11226
0.795683 0.5276444100350989 0.05930546975432232 1969.093799599801 12146
0.82135 0.4851766546993757 0.0446838964438088 1698.15889400254 12303
0.847018 0.3241505863340139 0.03369839152083538 1066.544106476876 12584
0.872685 0.213944994636526 0.02340849165259535 663.3261646872761 12120
0.898352 0.1456393915002447 0.01981466195571445 426.1244301796124 11180
0.924019 0.1012820369550175 0.0153152431564206 280.092761990664 11096
0.949686 0.08424386133665462 0.01271373758734594 220.5656515410916 10056
0.975354 0.07306161187170734 0.01095178510668614 181.3426729487621 9716
1.00102 0.03363867106331343 0.004198993544441158 79.24667330664512 8604
1.02669 1.949465233995981e-27 2.870189209568313e-28 4.365152016175325e-24 8060
1.05236 2.027489374754674e-27 3.031857518214396e-28 4.321158547043292e-24 7320
1.07802 2.228952635844388e-27 3.42698957253287e-28 4.528689396952284e-24 6356
1.10369 2.347632915816016e-27 3.535437511866424e-28 4.549613429906795e-24 5348
1.12936 2.527421726428663e-27 4.053532669577047e-28 4.676199204023366e-24 4308
1.15502 2.625125616216923e-27 4.508242607098356e-28 4.643794804450899e-24 3563
1.18069 2.861220444922773e-27 4.859563027584341e-28 4.845549520772112e-24 2448
1.20636 2.999427987164916e-27 5.344123390664416e-28 4.863292435252988e-24 1868
1.23203 3.093895548016609e-27 5.684793089323111e-28 4.805875413131139e-24 1358
1.25769 3.472525916824649e-27 6.127624049493429e-28 5.174490627807557e-24 1062
1.28336 3.953821534627931e-27 6.528203927362994e-28 5.665869036982045e-24 776
1.30903 3.829289464869338e-27 6.813625717966667e-28 5.281698019460531e-24 432
1.33469 4.626984293847353e-27 8.37501165325875e-28 6.118504566091175e-24 200
1.36036 4.656199937526495e-27 7.322206008326643e-28 5.916184332211961e-24 168
1.38603 4.989884030402156e-27 6.356139709655058e-28 6.117686804354569e-24 56
1.4117 1.041256371453253e-26 2.721820708931157e-28 1.231252203470132e-23 7


0.0256672 1.02019885676807 0.1779504589827158 18761937.89580712 18
0.0513344 2.86254272629672 1.375949063919794 10924228.04987114 62
0.0770016 0.4546345531506888 3.908960246665759 3679106.504973511 98
0.102669 13.49164594030137 7.287786279027389 7786773.204068713 210
0.128336 110.7135582099667 5.418207292803578 30679065.58125024 350
0.154003 205.9057372399371 0.5542504324557903 38730689.62036938 450
0.17967 173.672879283093 3.22576015847432 23791961.75243693 602
0.205338 26.9781184625603 9.917162201912127 2971813.939356171 762
0.231005 46.19489453666571 6.160879503034675 3859179.560632304 1142
0.256672 113.6889056223891 0.5445745525434358 7575222.498872678 1250
0.282339 38.08103428993587 3.207735539819973 2102944.338065717 1458
0.308006 13.28564189390585 3.4732659627756 622118.7268131173 1814
0.333674 41.44052490743538 0.4077480953911141 1622614.770531864 2178
0.359341 12.54504859161356 1.397342158933141 425981.0311679717 2498
0.385008 7.957546417596995 1.028618072521443 234746.6969225832 2622
0.410675 12.07131911856526 0.235489565901513 310922.2681095272 3338
0.436342 3.459758533424658 0.5089079548789321 79433.47055492357 3722
0.46201 4.02374368637349 0.2379322408188402 82181.40740278183 4170
0.487677 2.868897969619495 0.1768435187813375 52524.05114568808 4358
0.513344 1.960787245185413 0.135331569756691 32364.7785451478 5034
0.539011 1.287502349394342 0.1091701538143312 19290.15807001559 5714
0.564678 0.9764604879405248 0.08831334325090065 13330.09479414995 5982
0.590346 0.9854042601991294 0.05160666291207721 12286.56171213859 6602
0.616013 0.6620893347303867 0.04850652442820882 7579.422748215573 7130
0.64168 0.4616235489107098 0.04461962633450781 4872.601418202647 8034
0.667347 0.3820826408284742 0.03700524892587299 3730.011937764281 8606
0.693014 0.3413694990447648 0.02993446131068728 3089.267324878136 9066
0.718682 0.3442705995057309 0.02380370155304859 2895.598159879877 9962
0.744349 0.3278753247208726 0.02028173247452937 2570.428678500194 10550
0.770016 0.274890514933074 0.02002467297748303 2013.475990949998 11226
0.795683 0.2816475912525003 0.01784742332617531 1931.349581384856 12146
0.82135 0.2080749228046455 0.01688741969464215 1338.633299647859 12303
0.847018 0.1319446423935526 0.01327294990514889 798.056662787399 12584
0.872685 0.09499120101232521 0.008552283270273344 541.3111384183431 12120
0.898352 0.07317609896011389 0.006327187222260154 393.4449642195256 11180
0.924019 0.05265287183037195 0.004755276308300666 267.5626786406027 11096
0.949686 0.0413855134453826 0.004175412277101436 199.120596252576 10056
0.975354 0.03242655395647339 0.003996829499990047 147.9281276696329 9716
1.00102 0.01404469932998932 0.001634605984056418 60.81446380846467 8604
1.02669 1.981347602092539e-27 1.967634595583695e-28 8.152619407291191e-24 8060
1.05236 2.117012235054122e-27 2.175794324545765e-28 8.291278121531809e-24 7320
1.07802 2.216899470257686e-27 2.369024779179295e-28 8.277021410317949e-24 6356
1.10369 2.349879830494387e-27 2.61604233449324e-28 8.368695281682108e-24 5348
1.12936 2.572539442206662e-27 2.764211057039698e-28 8.74615795733131e-24 4308
1.15502 2.645266707809921e-27 3.057258423370252e-28 8.59874990063987e-24 3563
1.18069 3.013086085078344e-27 3.213056064390706e-28 9.376131592012621e-24 2448
1.20636 2.905913305380763e-27 3.599156205045651e-28 8.658029418762077e-24 1868
1.23203 2.922930094011423e-27 3.919362248307651e-28 8.34335217950779e-24 1358
1.25769 3.15877081228376e-27 4.079353810260069e-28 8.649505294805981e-24 1062
1.28336 3.74489656602042e-27 4.454813473973525e-28 9.861183534656284e-24 776
1.30903 3.720888864767556e-27 4.461518260026424e-28 9.430277155922339e-24 432
1.33469 3.731872269557505e-27 5.11051493570429e-28 9.06832260797388e-24 200
1.36036 3.779489316746559e-27 6.231085768290232e-28 8.825931596787133e-24 168
1.38603 4.37226109203058e-27 6.192621193193528e-28 9.851480888694546e-24 56
1.4117 9.212493714981352e-28 3.997586559554828e-28 2.004504080465317e-24 7


0.0256672 0.7972819906335918 0.0868546517343713 20788903.02622983 18
0.0513344 8.76708300369781 0.3843295011463538 28555209.27729578 62
0.0770016 34.36331080908261 0.3685995245279995 40541913.00602578 98
0.102669 82.96563700506445 0.10763265824131 51795967.74433658 210
0.128336 81.42519048093514 2.238990450036948 32865253.42540016 350
0.154003 12.13652106141193 6.173950488709691 4055193.612603234 450
0.17967 34.78179947580335 5.267960432930848 7268046.016009214 602
0.205338 104.9472114420922 0.5256145452780304 15880282.01539511 762
0.231005 38.86759077997496 2.874897356857729 4716731.850051793 1142
0.256672 16.69858369965711 3.090616628912625 1669192.418755209 1250
0.282339 46.93553929699016 0.3150072599757487 3752174.230633521 1458
0.308006 9.346529926578173 1.873376481562288 639049.5404056837 1814
0.333674 16.80841505903469 0.6572914786764656 961854.0781091425 2178
0.359341 10.91230148242557 0.5545147160019488 538653.7682570383 2498
0.385008 4.712942014375025 0.5692255084943033 202979.8568202821 2622
0.410675 6.290886702708635 0.1805113185600469 236237.4785418748 3338
0.436342 2.336876598503833 0.2586017688064705 78185.42788602537 3722
0.46201 2.530144165826351 0.1228117097884775 75287.74667528836 4170
0.487677 1.542091852968393 0.1061219692243022 41164.64029788315 4358
0.513344 1.072910155497453 0.07993315546920754 25817.66650030236 5034
0.539011 0.8278530278978243 0.0552933554941509 18067.69129565124 5714
0.564678 0.7383021068890915 0.03782474193842888 14670.9091320986 5982
0.590346 0.4450225483010502 0.03782014129479588 8091.923531795554 6602
0.616013 0.3586999926500923 0.0285005571987718 5984.145264140087 7130
0.64168 0.3362098388053059 0.02009312569750024 5166.42972419295 8034
0.667347 0.2836471254637582 0.01632258359294993 4030.974449759357 8606
0.693014 0.20454868305408 0.01627243362371702 2696.378032490453 9066
0.718682 0.1732889840341782 0.01520516108224822 2123.902822344178 9962
0.744349 0.1527923163485785 0.01404559304899249 1745.711755620579 10550
0.770016 0.146249010296352 0.01204968216745384 1560.588269714208 11226
0.795683 0.1469483741514082 0.01114882975725309 1467.937952622314 12146
0.82135 0.1245372846692095 0.009147013086619731 1166.834032422075 12303
0.847018 0.09235029496161253 0.006173988942767551 813.2177193033682 12584
0.872685 0.06020404155210839 0.00436779591838129 499.5660817932113 12120
0.898352 0.04518531179428662 0.003325992490836304 353.7765612807821 11180
0.924019 0.02999403224038097 0.002701011959102861 221.9855967165298 11096
0.949686 0.02638918333273858 0.002122426597902177 184.8764933195439 10056
0.975354 0.02362781058638352 0.001791774774367384 156.9125089652457 9716
1.00102 0.009100247124318504 0.0008210325654584257 57.37480246219998 8604
1.02669 1.862193348983892e-27 1.60090198576209e-28 1.115742543524638e-23 8060
1.05236 1.941764346394577e-27 1.76564080212641e-28 1.107392995820072e-23 7320
1.07802 2.018726959289642e-27 1.848166140436277e-28 1.097485756783639e-23 6356
1.10369 2.197579547005653e-27 2.066414373821892e-28 1.139575437215391e-23 5348
1.12936 2.447315432326338e-27 2.259135717439505e-28 1.211522562670311e-23 4308
1.15502 2.42650036909588e-27 2.38554297397623e-28 1.148492023212294e-23 3563
1.18069 2.59573959360444e-27 2.632339932579132e-28 1.176203411213535e-23 2448
1.20636 2.862929118182665e-27 2.757775207413014e-28 1.241926329157615e-23 1868
1.23203 3.093851395481965e-27 2.834296415887e-28 1.285681596595964e-23 1358
1.25769 3.085073057293449e-27 3.089818030608835e-28 1.229936029858773e-23 1062
1.28336 3.50522216619484e-27 3.73582086687931e-28 1.343957722124504e-23 776
1.30903 3.424669758978708e-27 3.575800657505646e-28 1.263760719264653e-23 432
1.33469 4.249405031325214e-27 3.585576973365161e-28 1.503165775467077e-23 200
1.36036 4.040106923706478e-27 4.424064604492665e-28 1.373465737773791e-23 168
1.38603 4.527176233658613e-27 4.637418842468731e-28 1.485087984174026e-23 56
1.4117 2.212440971880925e-27 7.153038479386056e-29 6.998511017602764e-24 7


0.0256672 1.586422320519944 0.00230321575038546 33602895.73307683 18
0.0513344 9.038090544434562 0.09248043630994256 36399684.09038878 62
0.0770016 14.66443112920501 0.7069647177743987 24742720.09545053 98
0.102669 8.79708012822107 2.58827457485009 9858145.077877311 210
0.128336 11.02501863468857 3.765606197442411 7349532.163146837 350
0.154003 64.45884704483946 0.9720927668697993 23522922.48140583 450
0.17967 69.910746759657 0.9877519874028369 18440100.57651173 602
0.205338 7.610875581119352 3.822807291067279 1762957.475195889 762
0.231005 38.19391356432728 1.169691702178826 6057185.035815736 1142
0.256672 27.90144129969807 1.130890439903925 3591258.797026792 1250
0.282339 7.934176087696787 1.538104526113541 861320.08250856 1458
0.308006 22.33493770136413 0.3036758059976497 1966866.29991041 1814
0.333674 3.760757117138685 0.8776768059737429 290018.0410336042 2178
0.359341 10.30094375961628 0.1842185771445589 666656.0410725303 2498
0.385008 2.429434973993739 0.4209189062881616 138519.9861469303 2622
0.410675 4.055816102398995 0.1282768104605241 200263.2597711781 3338
0.436342 1.807982081382378 0.1554084001357715 79475.39201184192 3722
0.46201 1.566766447145971 0.08915914581579149 61323.79021572341 4170
0.487677 1.137527301085081 0.06326603225901326 39894.86955104586 4358
0.513344 0.6639088162903221 0.05610605461728096 21015.96427239322 5034
0.539011 0.6401512631234322 0.03100870031011317 18348.86168567615 5714
0.564678 0.4310169742599103 0.02912704280675504 11263.73787405193 5982
0.590346 0.2984596025102301 0.02477302920778803 7133.201702020781 6602
0.616013 0.2692720203152834 0.0169040330442396 5900.611357132125 7130
0.64168 0.2387621134226611 0.01241199734077165 4819.820299050354 8034
0.667347 0.1623549060465225 0.01261782134313497 3033.513401277671 8606
0.693014 0.1334254856495946 0.0108731806436683 2311.362040959778 9066
0.718682 0.1256480348347407 0.009358544491285406 2022.936145123812 9962
0.744349 0.1320697436437503 0.007222678145691026 1980.93830213924 10550
0.770016 0.1153773398024761 0.006769555650954721 1616.717501157125 11226
0.795683 0.1136930988257037 0.006338277101246135 1491.468002177595 12146
0.82135 0.08479905560231861 0.005926586435030014 1043.712763880911 12303
0.847018 0.05336786149015447 0.004654541930009831 617.6036701940948 12584
0.872685 0.03931346502743804 0.002945694907782349 428.5629462041098 12120
0.898352 0.02910795302733658 0.002274932150774526 299.4028930622616 11180
0.924019 0.02017620555865812 0.001764705864976516 196.1582962524722 11096
0.949686 0.01807027635255688 0.001370837743646912 166.2872909163369 10056
0.975354 0.01670157190160922 0.001114952805786294 145.6754644621342 9716
1.00102 0.006183675658901014 0.0005324396230567502 51.21017032012448 8604
1.02669 1.722357266158398e-27 1.397786110540228e-28 1.355461859074362e-23 8060
1.05236 1.850677940387563e-27 1.516434192477537e-28 1.386241587894873e-23 7320
1.07802 1.920324915895925e-27 1.561100289289432e-28 1.371158269658243e-23 6356
1.10369 2.0098466444429e-27 1.731687292878307e-28 1.368872276418705e-23 5348
1.12936 2.273133534377461e-27 1.874161448072425e-28 1.477918849254587e-23 4308
1.15502 2.325935580969118e-27 2.007868711153192e-28 1.44584840711963e-23 3563
1.18069 2.5784336488077e-27 2.17734774808999e-28 1.534376614921084e-23 2448
1.20636 2.681823487794549e-27 2.298193029953747e-28 1.527887048231731e-23 1868
1.23203 2.833830965184872e-27 2.67463651753772e-28 1.546775759779633e-23 1358
1.25769 2.8820375175442e-27 2.55755366814303e-28 1.508983352170162e-23 1062
1.28336 3.509167605661056e-27 3.024932465525006e-28 1.76689124394234e-23 776
1.30903 3.234974086627455e-27 3.419381380226168e-28 1.567957015178654e-23 432
1.33469 3.753933138630708e-27 3.194758987873877e-28 1.744057472431784e-23 200
1.36036 4.319402427935445e-27 3.757882432193105e-28 1.928326130916489e-23 168
1.38603 4.969214983597891e-27 3.028802967073872e-28 2.140308665710399e-23 56
1.4117 2.768594431032608e-27 9.253358524447859e-29 1.150094417889812e-23 7


0.0256672 0.1040421062211601 0.05767518031506901 16513847.59156854 18
0.0513344 0.04363563750147551 0.413516829689649 8703033.989111608 62
0.0770016 2.431909999593478 0.9405506282404796 9033687.852489956 98
0.102669 22.01219305292425 1.011963419631343 24235512.75264598 210
0.128336 55.67573937648935 0.1688347052075338 36423053.50068471 350
0.154003 25.9159332299713 1.877964111434205 12230023.75062907 450
0.17967 7.777452939049517 3.039393138539068 3046848.788570039 602
0.205338 47.80207551899395 0.4296453104907128 11840392.92580471 762
0.231005 16.07499632642893 1.520604516444801 3231784.587222282 1142
0.256672 17.01094498575702 0.9802996371861618 2732915.912631053 1250
0.282339 16.55680350897925 0.5173858307250984 2169721.361671626 1458
0.308006 6.567145001326395 0.7648074884210119 730724.8208989513 1814
0.333674 9.130595838320755 0.2700600391167045 851709.7052126281 2178
0.359341 3.765566753547151 0.3486249304124985 305187.3581894315 2498
0.385008 4.035256152825932 0.1719448756843664 281898.3881005847 2622
0.410675 2.071465958924265 0.1448645590704852 127321.594457613 3338
0.436342 1.603387864228223 0.09522881327032216 87249.33413428348 3722
0.46201 1.091343281990774 0.06742119857843133 52991.23702638299 4170
0.487677 0.8132360991313476 0.04669370121875506 35368.1315099011 4358
0.513344 0.5309372105393184 0.0375686843040362 20824.87262383281 5034
0.539011 0.4482816516264557 0.02359791082256636 15931.00959433198 5714
0.564678 0.333550602809251 0.01978951229824257 10801.02364261011 5982
0.590346 0.2185036313261741 0.01779676232474173 6473.838904737086 6602
0.616013 0.1999554642648645 0.01197717882684637 5430.073656980224 7130
0.64168 0.1731589087418193 0.009048245929144228 4331.855406269797 8034
0.667347 0.1147153694781615 0.00931584878873035 2656.952579368015 8606
0.693014 0.09899300766365024 0.007735549951030099 2125.149394801072 9066
0.718682 0.1020954090080949 0.006064437718041283 2035.996666501982 9962
0.744349 0.09872765049414153 0.005090450076085135 1834.667369833013 10550
0.770016 0.08268881198832508 0.004982222164780468 1435.723278877874 11226
0.795683 0.07793929534863478 0.004923357064847862 1267.054565351462 12146
0.82135 0.06096252568058504 0.004332755543660841 929.7283895975504 12303
0.847018 0.04311132685646613 0.00306893313864064 617.9654601205608 12584
0.872685 0.03003484503910396 0.002037855004109168 405.6049698360384 12120
0.898352 0.02334777304957437 0.001493566439483447 297.4583807734085 11180
0.924019 0.01713131170300114 0.00109990168394792 206.2651654380153 11096
0.949686 0.01303757923167593 0.0009996766846849016 148.6429875897623 10056
0.975354 0.01170837463303413 0.0008404738858432052 126.5290318118519 9716
1.00102 0.004775951259294474 0.0003641083940198126 48.99356018669376 8604
1.02669 1.619007788986888e-27 1.2068229013492e-28 1.578319366005193e-23 8060
1.05236 1.717143360639401e-27 1.325784408110708e-28 1.593330649677822e-23 7320
1.07802 1.82729227102668e-27 1.361664599268139e-28 1.616185062756092e-23 6356
1.10369 1.883952763052879e-27 1.557970773111044e-28 1.589510868304267e-23 5348
1.12936 2.202392373809562e-27 1.630664313216967e-28 1.773683572700734e-23 4308
1.15502 2.190419066585931e-27 1.708027249086434e-28 1.686590724160017e-23 3563
1.18069 2.403579955232447e-27 1.961452103254017e-28 1.771799955608604e-23 2448
1.20636 2.643338097292902e-27 1.986193891923908e-28 1.865305456234441e-23 1868
1.23203 2.780430627583262e-27 2.139965750183122e-28 1.879645559782905e-23 1358
1.25769 2.808967789070061e-27 2.287900535687072e-28 1.821737072492445e-23 1062
1.28336 3.150388881052503e-27 2.589788539012363e-28 1.964866987107365e-23 776
1.30903 3.35494082278185e-27 2.566027289615859e-28 2.013765792463451e-23 432
1.33469 3.595098039556896e-27 2.837714968649714e-28 2.06883207761301e-23 200
1.36036 3.804403182299518e-27 3.862570297418063e-28 2.104152343506445e-23 168
1.38603 1.862489017421412e-27 4.070753500511522e-28 9.950493157066551e-24 56
1.4117 7.642772188235041e-28 1.228086651349036e-28 3.936201271224997e-24 7


0.0256672 0.4795150136029891 0.02251821884908329 23593975.60676391 18
0.0513344 4.716777473878099 0.06555646024485923 30189965.5593398 62
0.0770016 15.21593900454568 0.009561781858266918 35590297.30295888 98
0.102669 25.15505917407376 0.3506070149357991 31880712.91727112 210
0.128336 6.971625081166486 2.067083065243708 7303390.227587635 350
0.154003 14.77011705877397 1.693668463073378 8692397.618099567 450
0.17967 44.33193721213561 0.2508796373216755 17321347.18746328 602
0.205338 9.929464284819906 1.81118181940154 3184849.161924919 762
0.231005 18.93946541894257 0.7875515008580497 4485469.106449839 1142
0.256672 13.6647028473242 0.7329335578569384 2625190.590276767 1250
0.282339 8.206070902732556 0.6403382902001631 1300964.159433963 1458
0.308006 8.871618908132204 0.3773004118963099 1164332.86627498 1814
0.333674 5.123728280495325 0.3110349762088759 574235.0763953483 2178
0.359341 3.425982876383853 0.2393741909857746 330926.4753860806 2498
0.385008 3.27491589741184 0.120431319306515 273045.8539307204 2622
0.410675 1.482633269000093 0.1181262855923922 109011.1493108199 3338
0.436342 1.307279732654536 0.06839601023225676 84896.88501053453 3722
0.46201 0.8946034830464826 0.04848263395834299 51835.8520135822 4170
0.487677 0.5427712923337569 0.04072671603177619 28227.09166883582 4358
0.513344 0.4948318825752462 0.02358182390612661 23132.47246820698 5034
0.539011 0.3019338506601537 0.02070302089683901 12822.46069345347 5714
0.564678 0.2747228187162364 0.01405611884476542 10612.97797447416 5982
0.590346 0.1792383836209689 0.01294300835968059 6336.108164841215 6602
0.616013 0.1432737720773095 0.009825195128725008 4645.748420692594 7130
0.64168 0.1387363096359461 0.006604446017940468 4140.705283187234 8034
0.667347 0.09375064302686767 0.006781834406278575 2590.51643375389 8606
0.693014 0.07388970628659824 0.006062125776617166 1893.378293063761 9066
0.718682 0.07922943121842098 0.00460780116762087 1885.192864647302 9962
0.744349 0.0767456370891106 0.003858416342336793 1701.509893340442 10550
0.770016 0.06356871176845456 0.003823266885191638 1316.912324933299 11226
0.795683 0.0593782548546621 0.003809007793061647 1151.767972777363 12146
0.82135 0.04876502404091326 0.003194749832754253 887.1884742625957 12303
0.847018 0.03468533864400537 0.002254742235669405 593.0856066130143 12584
0.872685 0.02463801078423866 0.001459417316277997 396.8618721864628 12120
0.898352 0.01756576018791182 0.001173613607159312 267.0059053839162 11180
0.924019 0.01222957467682131 0.0009077699762381438 175.7057917292333 11096
0.949686 0.01086009684747685 0.000707050966963071 147.6758785069005 10056
0.975354 0.009061312392896122 0.0006418662695388704 116.816319326451 9716
1.00102 0.003721367060095844 0.000274909059183195 45.53945918965621 8604
1.02669 1.527542884719681e-27 1.083647955138127e-28 1.776342027800138e-23 8060
1.05236 1.621672561458216e-27 1.184322234790903e-28 1.794908055228623e-23 7320
1.07802 1.706139551068591e-27 1.240816054993515e-28 1.800067150455135e-23 6356
1.10369 1.848707334918791e-27 1.365832617998125e-28 1.860394100908431e-23 5348
1.12936 2.041429674749267e-27 1.499620169628825e-28 1.961118231894377e-23 4308
1.15502 2.081350010613056e-27 1.531833383080344e-28 1.911564370205584e-23 3563
1.18069 2.281569328345981e-27 1.734967558948434e-28 2.00606573787388e-23 2448
1.20636 2.530621455228885e-27 1.796532325465379e-28 2.130002766418171e-23 1868
1.23203 2.702304938966293e-27 1.936121626981081e-28 2.17892755351739e-23 1358
1.25769 2.664769503345983e-27 2.021848965922433e-28 2.061311592396455e-23 1062
1.28336 2.875951064947879e-27 2.398628249050797e-28 2.139605059856694e-23 776
1.30903 3.187728638942274e-27 2.31982191804347e-28 2.282176265425306e-23 432
1.33469 3.506098143809488e-27 2.679539087091823e-28 2.406524194771637e-23 200
1.36036 3.736896325495919e-27 3.382935710854822e-28 2.465007862895545e-23 168
1.38603 2.72669504598439e-27 2.981718993819192e-28 1.735919444493723e-23 56
1.4117 1.258642008027427e-27 2.347773708029185e-28 7.735397399945853e-24 7


0.0256672 0.6341794358798192 0.00489821979601161 27984325.852048 18
0.0513344 2.985124982700718 0.09643297941223358 24835668.0497326 62
0.0770016 2.796020818971804 0.5118665723358569 12058846.3807099 98
0.102669 1.071446374284202 1.29544174719991 5308338.896662337 210
0.128336 20.96285174109777 0.8082735621965644 20108885.9608506 350
0.154003 32.50301287455176 0.2471289511928913 20531592.20919353 450
0.17967 6.422140980232546 1.779410308003839 3484777.65785963 602
0.205338 21.50629407162568 0.6928343703428894 7515182.26317038 762
0.231005 14.09622221149324 0.6971277412345098 3905942.627823241 1142
0.256672 9.558686222406291 0.6514372463273106 2152384.256028279 1250
0.282339 9.177535585660502 0.3722615886303011 1678363.396234924 1458
0.308006 5.93285188854204 0.3615505801896399 910772.75837424 1814
0.333674 3.76679089437026 0.2696178627036612 492681.6383000241 2178
0.359341 3.82323769611131 0.128069848937037 427137.8959833417 2498
0.385008 1.449060773015761 0.1636309490722108 142248.1856034834 2622
0.410675 1.665435086476549 0.06651894169482447 141720.8080721374 3338
0.436342 0.9687291593200507 0.05898627139225697 73248.59238388494 3722
0.46201 0.704462114054912 0.03936042880546972 47478.21129386548 4170
0.487677 0.4629514956120066 0.03080779768869198 27979.18811667246 4358
0.513344 0.3955254314678338 0.01879867008184585 21495.79455672059 5034
0.539011 0.2330483777244903 0.01704613098398108 11511.98732162564 5714
0.564678 0.2050005345376745 0.01208333705507462 9211.184740052751 5982
0.590346 0.1692618044542356 0.008770846723791321 6946.366537731757 6602
0.616013 0.106101134511376 0.008349011620211566 4001.842996913364 7130
0.64168 0.1099025427408544 0.005337460336709196 3812.306627442787 8034
0.667347 0.08443884220070255 0.004833200752559139 2709.754049531379 8606
0.693014 0.05868781555665534 0.00485477161146495 1748.044205789244 9066
0.718682 0.05927099869580812 0.003930640593053491 1639.547948390992 9962
0.744349 0.0617812019103677 0.003056538901499852 1591.593725913674 10550
0.770016 0.05152822936473434 0.003008439700917972 1240.362472476398 11226
0.795683 0.04777161103768875 0.003017979749392555 1076.733866862841 12146
0.82135 0.0383863262775084 0.002587811085228474 811.560224747549 12303
0.847018 0.02826830207445196 0.001763133236746835 561.5995681100467 12584
0.872685 0.01977085507469442 0.001162260034643078 370.0200133217762 12120
0.898352 0.01409907894168773 0.0009325622521434622 249.0077285446467 11180
0.924019 0.01003600044904101 0.0007058059086331175 167.5203900659494 11096
0.949686 0.008462794786105721 0.0005801991425762522 133.7168542001721 10056
0.975354 0.006961802784613071 0.000530329905443789 104.2920146741965 9716
1.00102 0.003298353798759523 0.0001975214026932755 46.88023215864448 8604
1.02669 1.408547476672404e-27 1.023063093899333e-28 1.903109795283592e-23 8060
1.05236 1.591106942593407e-27 1.067241533863766e-28 2.045793707549236e-23 7320
1.07802 1.603458992092818e-27 1.159629471412422e-28 1.965443363803024e-23 6356
1.10369 1.769886736940924e-27 1.228325812339916e-28 2.069054703605483e-23 5348
1.12936 1.892591287241694e-27 1.403572641481104e-28 2.112289460919025e-23 4308
1.15502 1.969548166330553e-27 1.411181994248469e-28 2.101418633691304e-23 3563
1.18069 2.144439203834994e-27 1.62839627151726e-28 2.190486417769368e-23 2448
1.20636 2.335295988730221e-27 1.718328275071168e-28 2.283593464294952e-23 1868
1.23203 2.520000952253489e-27 1.848600805225565e-28 2.360617885309973e-23 1358
1.25769 2.491046584950854e-27 1.843693038615144e-28 2.238495540147066e-23 1062
1.28336 2.843411746555345e-27 2.134864161150559e-28 2.457211855491245e-23 776
1.30903 2.926245735716161e-27 2.197988746448435e-28 2.43380310561736e-23 432
1.33469 3.308713189669e-27 2.452595299416018e-28 2.638217611863894e-23 200
1.36036 3.562340298757665e-27 2.803822325147767e-28 2.729489018217505e-23 168
1.38603 2.284872643530974e-27 2.841747496718123e-28 1.690244069355192e-23 56
1.4117 2.889530912026875e-27 9.547468301404888e-29 2.059601166725188e-23 7


0.0256672 0.006311207729690292 0.03147800606342879 16836795.7976626 18
0.0513344 0.1949226716649116 0.1989092095617154 11188854.59328714 62
0.0770016 3.752630410397251 0.3392142677517138 15619222.4465014 98
0.102669 17.39468337273822 0.1775929148075734 29574621.16144529 210
0.128336 21.62972656726769 0.4406492585697715 23271701.11278649 350
0.154003 2.234058217847292 1.523140560997683 2758513.646069223 450
0.17967 21.3279612015248 0.5853820572446142 11289753.18809658 602
0.205338 15.70333779534041 0.6890592131301487 6321932.822785139 762
0.231005 8.038626925405707 0.7604267308669809 2605132.15535486 1142
0.256672 11.06368829337157 0.3660517122969933 2810806.604231783 1250
0.282339 5.099121045910827 0.4372601390798886 1081229.43993995 1458
0.308006 5.30561184001136 0.2769375478268761 928137.6251857094 1814
0.333674 4.159871143955603 0.1606027171811839 616638.7293724285 2178
0.359341 1.773670094519744 0.1833065697462022 229350.5009253422 2498
0.385008 2.318840367764337 0.07067386834697503 256195.7113186962 2622
0.410675 1.024978731685683 0.07427756475934637 100001.7825168134 3338
0.436342 0.8399541789147063 0.04614649870817004 72389.95820263654 3722
0.46201 0.5235696134293385 0.03560208969482476 40306.00946584993 4170
0.487677 0.4657881473745635 0.02038064685965741 32022.36427631765 4358
0.513344 0.2587577310397078 0.01936430080112727 16078.47321414341 5034
0.539011 0.2275063335024117 0.01192473073255831 12790.29595363753 5714
0.564678 0.1524255175531676 0.01089210700232253 7816.388668081927 5982
0.590346 0.1445920817803595 0.006895023882422875 6761.834938444805 6602
0.616013 0.1000821021547325 0.006106592121399981 4298.102454067163 7130
0.64168 0.07809868931485681 0.005126512210756546 3091.144183329679 8034
0.667347 0.07525697439827102 0.003627838045099398 2751.064993705413 8606
0.693014 0.05405658242279909 0.003641902033767731 1833.731607669768 9066
0.718682 0.04563043485967351 0.003422538911129356 1439.237689178646 9962
0.744349 0.0483717323480524 0.002665224516889027 1420.441079957378 10550
0.770016 0.04317574644325674 0.002425540924743554 1184.245258048803 11226
0.795683 0.03783825243416083 0.00256777045011079 972.0727549329838 12146
0.82135 0.03059437098844856 0.002187459811434183 737.217005845359 12303
0.847018 0.02277799885687366 0.001479370705877815 515.7040371501834 12584
0.872685 0.01629709667586345 0.0009545853233119284 347.5395939915696 12120
0.898352 0.01198258167962814 0.0007421754701826704 241.1080463763089 11180
0.924019 0.00834485728826489 0.0005745681164150252 158.7102110702111 11096
0.949686 0.00704521197630455 0.0004713189141177162 126.8330397266027 10056
0.975354 0.006244070957899608 0.0004016561390331375 106.5465776370575 9716
1.00102 0.00272564158559533 0.000161800619467025 44.13818318866824 8604
1.02669 1.417597856586371e-27 9.214825985110392e-29 2.181882055769842e-23 8060
1.05236 1.490819364559554e-27 1.008907331118321e-28 2.183988815467899e-23 7320
1.07802 1.540855159536434e-27 1.058028597012897e-28 2.151717056111582e-23 6356
1.10369 1.705876285674571e-27 1.129512075346703e-28 2.271909200097512e-23 5348
1.12936 1.884745357766067e-27 1.275686231134398e-28 2.396286253662993e-23 4308
1.15502 1.915206802118814e-27 1.323355069092672e-28 2.327985322554483e-23 3563
1.18069 2.100895322867934e-27 1.456558869649737e-28 2.444641979318053e-23 2448
1.20636 2.240534495095397e-27 1.608848617512097e-28 2.496019471076103e-23 1868
1.23203 2.37473529020306e-27 1.750103094723859e-28 2.534381508596018e-23 1358
1.25769 2.297184319119897e-27 1.82460690492254e-28 2.351999926740193e-23 1062
1.28336 2.671478718707778e-27 1.962375690550599e-28 2.630063554124085e-23 776
1.30903 2.798304430470141e-27 2.243063679823172e-28 2.651681192111503e-23 432
1.33469 3.015430406149958e-27 2.317105352297704e-28 2.739281496465015e-23 200
1.36036 3.276395622780961e-27 2.307960394956629e-28 2.85962209621439e-23 168
1.38603 3.290113768283272e-27 1.967093267344868e-28 2.770479747521961e-23 56
1.4117 2.169572123879612e-27 1.539156029342823e-28 1.762593405076189e-23 7


0.0256672 0.3612276392873819 0.007375917300167391 25036816.43722677 18
0.0513344 3.102620158337956 0.01031766714536864 29900204.80790726 62
0.0770016 8.041192351481476 0.02648011930025284 29204471.3436275 98
0.102669 8.65232636634712 0.4755995569256202 18460488.66114416 210
0.128336 2.20881016832165 1.224740497705657 4992093.962933494 350
0.154003 20.10745707900854 0.294937931134354 16514415.42948876 450
0.17967 15.55373813895999 0.6308175333289292 9390023.844519338 602
0.205338 6.402469124038114 0.9420144634489765 3113698.734515893 762
0.231005 13.53707549933504 0.2749362607146672 4760839.85758539 1142
0.256672 4.414341585921221 0.5721900114930019 1316513.788287697 1250
0.282339 7.270271815860842 0.2068466712491627 1700850.304566893 1458
0.308006 4.022450753650697 0.2551600296589065 794560.5504089127 1814
0.333674 2.427104067132002 0.1960618124795723 409066.4704978509 2178
0.359341 2.738109597957201 0.08417474959185609 391907.8127939285 2498
0.385008 1.147376835926519 0.1045179854385353 144201.2632677631 2622
0.410675 1.049581625149937 0.05206159620901517 114648.9340344865 3338
0.436342 0.671238561653595 0.04079168137926566 65063.39494614346 3722
0.46201 0.5239887970494309 0.02517490874441393 45199.4842707533 4170
0.487677 0.3166766472757016 0.02147029672272489 24528.36620900908 4358
0.513344 0.2564508389773149 0.01407656164789722 17861.52591361776 5034
0.539011 0.1858459231537408 0.01033800591217851 11738.14106723513 5714
0.564678 0.1511463343773649 0.007832678139544514 8689.330279662838 5982
0.590346 0.09814680161058804 0.007178118787245903 5165.326519718557 6602
0.616013 0.0964987821130578 0.004412901591875359 4647.896843936115 7130
0.64168 0.0625482030058908 0.004502992785899908 2781.232377454835 8034
0.667347 0.05649336131630685 0.003455506698182989 2320.613262374045 8606
0.693014 0.05255980157942367 0.002640244738898454 1999.699203160811 9066
0.718682 0.04140596907006871 0.002699416617166152 1465.508453342482 9962
0.744349 0.03670440787538665 0.002484279964803536 1210.836203175135 10550
0.770016 0.03693169528356167 0.002004264200543014 1137.045949999546 11226
0.795683 0.03179847025178877 0.002160049790762836 917.0834459348375 12146
0.82135 0.02649718797957194 0.001793665135711547 716.6483521582923 12303
0.847018 0.01905963789467129 0.001251945003401173 484.4133225586308 12584
0.872685 0.01363092703196356 0.0008081171393453322 326.2961399142339 12120
0.898352 0.01039406218743814 0.0006049891037165515 234.7259906119403 11180
0.924019 0.006991845900872775 0.0004850907987759393 149.2677186707027 11096
0.949686 0.006064137715400281 0.0003876177736535471 122.5267448721101 10056
0.975354 0.005569431539444727 0.0003175492183160105 106.6436875332066 9716
1.00102 0.00207297960808991 0.0001508316280817999 37.69316749626554 8604
1.02669 1.359748435750625e-27 8.676180715763664e-29 2.348901742695218e-23 8060
1.05236 1.432500405560776e-27 9.525899324623879e-29 2.355304742451971e-23 7320
1.07802 1.51256238283635e-27 1.000066143160538e-28 2.370521467349926e-23 6356
1.10369 1.584783516338313e-27 1.098333052506327e-28 2.369056198863521e-23 5348
1.12936 1.819589207140345e-27 1.20208828670344e-28 2.596372563134499e-23 4308
1.15502 1.842520328844912e-27 1.235804029551505e-28 2.513492675003878e-23 3563
1.18069 1.987455153739446e-27 1.388002837540344e-28 2.595556537042457e-23 2448
1.20636 2.179783374565345e-27 1.510203646549516e-28 2.725219086012243e-23 1868
1.23203 2.319414149384857e-27 1.589974274549822e-28 2.777809410354583e-23 1358
1.25769 2.411095445886465e-27 1.5777464655726e-28 2.769827797766811e-23 1062
1.28336 2.593798511457416e-27 1.813474146975153e-28 2.865685370757119e-23 776
1.30903 2.880102903610744e-27 1.898392071927195e-28 3.062200601309608e-23 432
1.33469 3.295731412794942e-27 2.044215060521313e-28 3.359077740329424e-23 200
1.36036 2.888101910864057e-27 2.252623744389975e-28 2.82924093277148e-23 168
1.38603 2.725968986467729e-27 2.544007973301062e-28 2.577378267870756e-23 56
1.4117 1.653376756768116e-27 1.319164624280805e-28 1.507643093355829e-23 7


