0.04 1.386760909482032e-05 1.378110574165707e-07 2.751901251484419 18
0.08 7.638314239039988e-05 1.656730115195381e-06 3.301581448713105 62
0.12 0.0003489501235269466 5.278253460755791e-06 6.259088933373728 98
0.16 0.0006528715007733159 1.849908108072326e-05 6.400444264619614 210
0.2 0.0009116029235284187 4.394184634139264e-05 5.744565930153236 350
0.24 0.001364421952828054 8.286317759844197e-05 5.973848007031351 450
0.28 0.001822874175534592 0.0001557174581856894 5.806096264006429 602
0.32 0.002282437120286638 0.0002567563745402323 5.526877912701833 762
0.36 0.00332395221524108 0.0004163853937789219 6.37869295691402 1142
0.4 0.003805836802631486 0.0006387380540887934 5.933903255230095 1250
0.44 0.005232921248611236 0.000866492505040022 6.715707586501662 1458
0.48 0.005865353436345393 0.001348924193392401 6.306768021986274 1814
0.52 0.006847781974853359 0.001903473665491833 6.280515052551965 2178
0.56 0.007971026917732211 0.002497962436369223 6.30580001679739 2498
0.6 0.008987435266704305 0.003167695775845702 6.176450470520169 2622
0.64 0.01026515461939156 0.00404237406612515 6.190813521560671 3191
0.68 0.0112813138860182 0.005094170973340827 6.032012844986767 3044
0.72 0.01333629154525533 0.006251320654543893 6.3653111133625 2736
0.76 0.01440340761493071 0.008107980319352923 6.162669394692373 2276
0.8 0.01619557918558329 0.009701864033342795 6.247373970201394 2016
0.84 0.01801844411812573 0.01216891299457309 6.307855944550423 1640
0.88 0.01831631768779717 0.0135948976468535 5.84100156457635 1056
0.92 0.02101555094952362 0.01550508732289031 6.12786387589289 683
0.96 0.0247668500561586 0.01757113613241743 6.640795636992214 350
1 0.024799544994809 0.01657237065145541 6.134463355421492 192
1.04 0.03473779366102623 0.02026962548476588 7.921456799270628 44
1.08 0.03523340509424988 0.02394098753755971 7.395266665344307 25


0.04 1.933794547463729e-06 1.561955783155882e-08 1.52253321274399 18
0.08 1.527484323198812e-05 1.421590185082463e-07 2.580186415012225 62
0.12 5.872011803204648e-05 5.428662520876855e-07 4.108241329710286 98
0.16 0.0001211380736253238 1.717626678969128e-06 4.627460530058441 210
0.2 0.0001907249409570645 3.582260502809644e-06 4.678746328199494 350
0.24 0.0002854149811455189 6.72784794048873e-06 4.863335081384904 450
0.28 0.0004336424355256202 1.108937475369254e-05 5.372051840109615 602
0.32 0.0005121544084704091 1.92906709586097e-05 4.824487111970768 762
0.36 0.0007563442016009891 3.079855347342265e-05 5.645369606999358 1142
0.4 0.001036132208332993 4.020610948923005e-05 6.279666905389866 1250
0.44 0.001199168940812625 6.386350773482532e-05 5.985113469943911 1458
0.48 0.001530783844080029 8.921524355241777e-05 6.398907384392698 1814
0.52 0.00191589149521805 0.0001185276270685849 6.829765887214053 2178
0.56 0.002372019501402602 0.0001481036178063411 7.292374809714668 2498
0.6 0.002790961625777822 0.0001820710126199015 7.453231689768456 2622
0.64 0.003209945641121326 0.0002290976094808034 7.522419409797036 3191
0.68 0.003584571349681643 0.000287972251078773 7.447362285381675 3044
0.72 0.004090176590905028 0.0003616169834641132 7.586314155625295 2736
0.76 0.004727163782962189 0.0004462821081553464 7.858461624623613 2276
0.8 0.005373121524796444 0.0005277739912484693 8.053025261397663 2016
0.84 0.006275014958349695 0.0006456966196381053 8.534426243340921 1640
0.88 0.006398186923254519 0.0007159998446001848 7.92677604165136 1056
0.92 0.007509657741123782 0.0007834148815755114 8.507011180386229 683
0.96 0.006260811584927523 0.001185529124645083 6.52623857463397 350
1 0.008054980810698723 0.0008803379375925126 7.742681590837438 192
1.04 0.009121577997289994 0.001314212471576303 8.085766379643145 44
1.08 0.01595138125832039 0.000693851949708255 13.0059117232257 25


0.04 8.640401463415818e-07 6.537876593715135e-09 1.207986322040415 18
0.08 6.00723684732008e-06 6.804353827840573e-08 1.787019049340557 62
0.12 2.533162957145339e-05 2.533130137782158e-07 3.102139410046534 98
0.16 5.120076863221725e-05 7.579742193215014e-07 3.420678950028065 210
0.2 9.23314119033646e-05 1.395712307445038e-06 3.95401042593753 350
0.24 0.0001497852706224198 2.428112570829767e-06 4.451986987411759 450
0.28 0.0002227644065256547 4.065195985912564e-06 4.813357501777835 602
0.32 0.0002815151700364054 6.642316423410796e-06 4.623810285876518 762
0.36 0.0004349238056041028 1.0165197387975e-05 5.658822459298187 1142
0.4 0.000533765543307167 1.478109408072266e-05 5.640985180858622 1250
0.44 0.0006694997463492759 2.165956514827382e-05 5.825104581267061 1458
0.48 0.0008956088901322151 2.874014503255198e-05 6.525210440044865 1814
0.52 0.001090271266060433 3.950994494977243e-05 6.774664783776666 2178
0.56 0.001257524555870633 5.265069627095347e-05 6.739981889553899 2498
0.6 0.001529597381359245 6.23133078602112e-05 7.120494045414727 2622
0.64 0.001722890146675215 8.07553911728205e-05 7.038518572475374 3191
0.68 0.001942936475059923 0.0001001102093888443 7.03675854986165 3044
0.72 0.002268826725640304 0.0001228298281217904 7.335202031218636 2736
0.76 0.002583786018046893 0.0001543090928496074 7.487337317810596 2276
0.8 0.002939973272706778 0.0001819857539002074 7.680771885775137 2016
0.84 0.003352270619069504 0.0002266618409637872 7.947735714238306 1640
0.88 0.00350179744853114 0.0002485322844009525 7.562351555770529 1056
0.92 0.003961637648819953 0.0002796957462450989 7.823078786977826 683
0.96 0.003605055703025136 0.0003921367892488066 6.549813990220134 350
1 0.00500313445663681 0.0002579025654869404 8.381071624328969 192
1.04 0.006014960179492305 0.0003704981680555846 9.291262423711073 44
1.08 0.005254908050983235 0.0005365248597643726 7.473162911219677 25


0.04 5.035429856612194e-07 3.864913231050527e-09 1.024141737438764 18
0.08 3.436132972291476e-06 4.048766637601379e-08 1.471987077209346 62
0.12 1.071673081762487e-05 1.883985755295947e-07 1.893452169590188 98
0.16 3.855299610177682e-05 3.460505796041948e-07 3.673383073241673 210
0.2 5.847946422084911e-05 7.639055945466599e-07 3.576776060441077 350
0.24 9.339520956574671e-05 1.340116859516196e-06 3.963619751517058 450
0.28 0.0001508423927164964 2.057595744890238e-06 4.650601917102819 602
0.32 0.0002016478156609353 3.214756910869946e-06 4.724344684071545 762
0.36 0.000259310700013927 5.84302000845307e-06 4.816369063039219 1142
0.4 0.0003453608971866104 7.891636593009482e-06 5.208102641449361 1250
0.44 0.0004621381604108809 1.0818694157191e-05 5.735910014136393 1458
0.48 0.000536346815915294 1.64298108737596e-05 5.57703715476844 1814
0.52 0.0007287881107684505 2.029904959025737e-05 6.460335761993907 2178
0.56 0.0008429757143948606 2.708899032553177e-05 6.445431787310483 2498
0.6 0.001041299515746351 3.141190486692724e-05 6.914656628892825 2622
0.64 0.001174435644214364 4.086761647557257e-05 6.844070435874328 3191
0.68 0.001323641592714269 5.079819813219316e-05 6.838238804290694 3044
0.72 0.001501013936242727 6.392522650415298e-05 6.922777536683511 2736
0.76 0.001732991700154512 7.934253170760718e-05 7.163689970918107 2276
0.8 0.002001870758293301 9.198528598393862e-05 7.460130087084211 2016
0.84 0.002281915356437811 0.0001145582744607736 7.71705116406859 1640
0.88 0.002566877971592486 0.0001165217446395729 7.905936448637421 1056
0.92 0.002616052072541252 0.0001467479488303337 7.369200704773855 683
0.96 0.002542332923735269 0.0001924712255467971 6.588172076624451 350
1 0.003139312824282051 0.0001475177837280888 7.502059603220752 192
1.04 0.004343830339810228 0.0001740801872104504 9.569970773967064 44
1.08 0.002678349637445551 0.0003213292428040941 5.436410614586263 25


0.04 3.280181125583201e-07 2.714687630254662e-09 0.8865980074977426 18
0.08 2.353293180481424e-06 2.693576726681063e-08 1.320040322760524 62
0.12 8.55585878739768e-06 1.123591866459129e-07 1.965033671486658 98
0.16 2.403897137486857e-05 2.573704759784594e-07 2.985710800496471 210
0.2 4.200733334229804e-05 4.831723374906286e-07 3.341170422502582 350
0.24 6.260062943255702e-05 9.108982157170905e-07 3.455944473028647 450
0.28 0.0001063129173423652 1.332126488781867e-06 4.260648613775504 602
0.32 0.0001458504844982004 2.024904634262685e-06 4.440692993393569 762
0.36 0.0002069958522021355 3.344385998815302e-06 4.993722551500833 1142
0.4 0.0002582066365124859 4.803473379281955e-06 5.058907168183495 1250
0.44 0.0003305191930137482 6.906696244356292e-06 5.330591640983793 1458
0.48 0.0004118326877051214 9.833259171692175e-06 5.562924418406907 1814
0.52 0.0005234251354229904 1.292188412234018e-05 6.028653863485711 2178
0.56 0.0006454359311710173 1.611051038006362e-05 6.410618519709987 2498
0.6 0.0007346943713586718 2.039010681315316e-05 6.338869636557829 2622
0.64 0.0008803033425512735 2.48962062934668e-05 6.664182572966259 3191
0.68 0.0009845466813539045 3.107609835911094e-05 6.607599003052791 3044
0.72 0.001167925316919098 3.745978143125385e-05 6.996686630137527 2736
0.76 0.001354872745341232 4.617582215729215e-05 7.274667989689123 2276
0.8 0.001445418977521504 5.795769935373288e-05 6.997769496816611 2016
0.84 0.001740832756184694 6.853462733201303e-05 7.647285994068242 1640
0.88 0.001871193262652063 7.276670864701173e-05 7.486856010887929 1056
0.92 0.001908548527058469 9.165636511314809e-05 6.984166274169089 683
0.96 0.00228721350632635 9.936338608603879e-05 7.69636467482349 350
1 0.001758529410302373 0.000117612824309401 5.461961250195951 192
1.04 0.00203405263764819 0.0001636795445378036 5.826203719726503 44
1.08 0.00481995016183422 6.120480687371887e-05 12.69006045090154 25


0.04 2.263182789069325e-07 2.111370977278817e-09 0.7735325585974776 18
0.08 1.754389508136119e-06 1.943170147815517e-08 1.219659998045495 62
0.12 7.711734111864037e-06 6.837653636009712e-08 2.175331133193203 98
0.16 1.659858923928059e-05 1.98001037438277e-07 2.54546057391793 210
0.2 3.234235696095467e-05 3.381874663029617e-07 3.167941564388122 350
0.24 5.346178066070625e-05 5.718907671139887e-07 3.630140306595695 450
0.28 7.312364315721436e-05 1.043919608570061e-06 3.610360348855296 602
0.32 0.0001113290722589069 1.42312569607483e-06 4.171981563010807 762
0.36 0.0001604037212099509 2.318404988664909e-06 4.762122945519057 1142
0.4 0.0001891411573552634 3.52759185970336e-06 4.561539789757608 1250
0.44 0.0002528360344978569 4.851423682452157e-06 5.018023883192654 1458
0.48 0.000329742341338042 6.601643946144115e-06 5.479922940110557 1814
0.52 0.0004145107826460399 8.765233991227695e-06 5.873911347868377 2178
0.56 0.0004860369625108613 1.149428748775647e-05 5.940308560162323 2498
0.6 0.0005936718285944687 1.354730546872752e-05 6.301368882465533 2622
0.64 0.0006857470590623193 1.713172071801462e-05 6.387104429830757 3191
0.68 0.000758771588038439 2.161488427483305e-05 6.265482739384755 3044
0.72 0.0009345599665923726 2.517617947894802e-05 6.887651028259964 2736
0.76 0.001097442627561564 3.064238754105945e-05 7.248830447330756 2276
0.8 0.001203242290090447 3.758762135539633e-05 7.165751161185427 2016
0.84 0.001349434376110296 4.755837643194829e-05 7.293157904786893 1640
0.88 0.001396063478685503 5.25227968334328e-05 6.872778593486665 1056
0.92 0.001667780086963004 5.626576773255658e-05 7.506639381464872 683
0.96 0.001703161676048343 7.198296280393611e-05 7.051408146420428 350
1 0.001968835879880337 5.6623713896453e-05 7.517887009768364 192
1.04 0.002875279898760813 6.03029414734469e-05 10.12099627313848 44
1.08 0.001681633204979373 0.0001282547955182465 5.454204116300395 25


0.04 1.619494410021871e-07 1.745135788565617e-09 0.679281051272372 18
0.08 1.368919533823361e-06 1.489488045483301e-08 1.138332499768213 62
0.12 6.662961092262614e-06 4.650675163487317e-08 2.23175949520224 98
0.16 1.366668424064876e-05 1.441462194937784e-07 2.491119694294715 210
0.2 2.408637975646735e-05 2.71170234597815e-07 2.806744660787089 350
0.24 3.767963254120377e-05 4.860187406786664e-07 3.043885951433156 450
0.28 5.975129832258079e-05 7.673886834905239e-07 3.50392012311035 602
0.32 7.864559608022293e-05 1.200067137251646e-06 3.503685486141342 762
0.36 0.000127269384388781 1.747835117811262e-06 4.487538760139216 1142
0.4 0.0001549713808505754 2.573832555690378e-06 4.437951225714519 1250
0.44 0.0002002146712896067 3.662269697477734e-06 4.719056594798699 1458
0.48 0.0002707450145908188 4.797442326406824e-06 5.342281242037217 1814
0.52 0.0003423235851411733 6.328513186735071e-06 5.759364663930961 2178
0.56 0.000437306523132388 7.595214551806963e-06 6.343564336352189 2498
0.6 0.0004667264870608107 1.026368580455705e-05 5.882406201631404 2622
0.64 0.0005872537658724579 1.193836134392744e-05 6.49303636296133 3191
0.68 0.0006281346322255134 1.562601052899004e-05 6.157750519518167 3044
0.72 0.0007767863436955396 1.81119516314493e-05 6.796422637532914 2736
0.76 0.0008730788253590447 2.309166268199682e-05 6.847020683827526 2276
0.8 0.0009344424284986963 2.883466941713497e-05 6.607666731497845 2016
0.84 0.001111851852157753 3.444194412677481e-05 7.133940825136535 1640
0.88 0.001268627270241244 3.450293982985596e-05 7.412790102055911 1056
0.92 0.001340326577097929 4.185941843142522e-05 7.16231017881543 683
0.96 0.001363079543268916 5.358719194167645e-05 6.700158899955258 350
1 0.001452656878402803 4.709807658314663e-05 6.586349779206052 192
1.04 0.00210709404500837 5.315467107287525e-05 8.806570094345128 44
1.08 0.002711710004703292 4.595461850285729e-05 10.42816125774816 25


0.04 1.197308020914486e-07 1.490405526265405e-09 0.603916308902634 18
0.08 1.098922809925744e-06 1.195252881192449e-08 1.066378937698323 62
0.12 5.590072433217689e-06 3.531735922195046e-08 2.171356519455232 98
0.16 1.163855471227748e-05 1.092762924323259e-07 2.458415013664204 210
0.2 2.011819625818088e-05 2.090725898565066e-07 2.716545174862699 350
0.24 3.420275799881575e-05 3.445717606192257e-07 3.197607051632793 450
0.28 5.14860555225891e-05 5.70993490209308e-07 3.495950925519368 602
0.32 7.071955841384659e-05 8.668959054852482e-07 3.646699708254423 762
0.36 0.0001035430247299238 1.38660172524918e-06 4.228656861067491 1142
0.4 0.0001268882007780408 2.02384761103323e-06 4.208335641282751 1250
0.44 0.0001705599760914309 2.770081613791349e-06 4.654521119899102 1458
0.48 0.0002176671189173271 3.851754018059009e-06 4.974041057433354 1814
0.52 0.0002776510600662771 5.039260888882141e-06 5.40938210404221 2178
0.56 0.0003299815497160925 6.528759690224733e-06 5.544326195286127 2498
0.6 0.0004173888744239173 7.404846275804901e-06 6.089313800802694 2622
0.64 0.0004644680264748697 9.721006949190014e-06 5.946776545562029 3191
0.68 0.0005536450999594348 1.144604122697877e-05 6.282831989310327 3044
0.72 0.0006436930909373314 1.4066980513591e-05 6.520557903800937 2736
0.76 0.0007214833590245306 1.801506682281208e-05 6.550968991339467 2276
0.8 0.0008069879433837697 2.154603993209183e-05 6.606011949558016 2016
0.84 0.0009511788150470379 2.594284737145313e-05 7.065287945915006 1640
0.88 0.0009814119268474158 2.883380922086772e-05 6.64025216727371 1056
0.92 0.001103349991089828 3.296070312117929e-05 6.826189702457979 683
0.96 0.001340693804464129 3.501023139685364e-05 7.626754659515759 350
1 0.001386235313687051 3.090434855931206e-05 7.274546734077824 192
1.04 0.001950567634536163 3.505336366847815e-05 9.436321460609108 44
1.08 0.001270464632969186 6.762534347155661e-05 5.662307968068446 25


0.04 9.216255985549261e-08 1.289099752789885e-09 0.5492541728866188 18
0.08 9.001261357450759e-07 9.930062168554539e-09 1.001008645757145 62
0.12 4.658863068235834e-06 2.890093302728784e-08 2.061593002321182 98
0.16 9.82901734934447e-06 8.83042902697825e-08 2.362975005810866 210
0.2 1.712574984843474e-05 1.674454183585439e-07 2.63004742454238 350
0.24 2.701208617168514e-05 2.989733107933407e-07 2.874117163328839 450
0.28 4.040467426358826e-05 4.978550831351119e-07 3.121611009232852 602
0.32 5.77708418132022e-05 7.21097386673554e-07 3.387386495215194 762
0.36 8.463071889577723e-05 1.157653002158686e-06 3.929627014500182 1142
0.4 0.0001045970571788955 1.671088990601957e-06 3.943622731339532 1250
0.44 0.0001401634722845059 2.290755308334449e-06 4.347983977468886 1458
0.48 0.0001839878596261657 3.1049893206426e-06 4.778306556736806 1814
0.52 0.0002353627815426595 4.053188915384307e-06 5.211127145462755 2178
0.56 0.000296746379394766 4.939350430955109e-06 5.664586890973822 2498
0.6 0.0003404740109356282 6.226132883553719e-06 5.645413702450224 2622
0.64 0.0003915083803555293 7.879779076914333e-06 5.696328156675592 3191
0.68 0.0004612520776211697 9.358230777565724e-06 5.948314145487053 3044
0.72 0.0005205925497764834 1.18550158064389e-05 5.993377012048722 2736
0.76 0.0006190817215540612 1.429388954868415e-05 6.387219806599494 2276
0.8 0.00069837695223088 1.697343636407659e-05 6.49582415247731 2016
0.84 0.0008085496107295353 2.077079700944201e-05 6.824391398183606 1640
0.88 0.0009250728429721538 2.07699283232009e-05 7.11023816935454 1056
0.92 0.001020298670212717 2.414060805898477e-05 7.171135518528402 683
0.96 0.001005551015826046 3.193324860541281e-05 6.501606992463047 350
1 0.00086768597323839 3.381354122280194e-05 5.177266859192216 192
1.04 0.0009899470931721539 4.766502845864377e-05 5.447535400040612 44
1.08 0.001629790697111059 3.832064386580261e-05 8.246383693130088 25


0.04 7.489909913004427e-08 1.11330448435183e-09 0.5167489958740181 18
0.08 7.492915652439444e-07 8.467628134408593e-09 0.9417995243275951 62
0.12 3.908349672911556e-06 2.467312153359967e-08 1.942989178455507 98
0.16 8.318062254742045e-06 7.439472029004771e-08 2.244264883008522 210
0.2 1.429674606756065e-05 1.429842795590647e-07 2.463026243321348 350
0.24 2.249897011504871e-05 2.550410431495248e-07 2.684452417677354 450
0.28 3.643067487604471e-05 3.9274402495463e-07 3.152294478298312 602
0.32 5.154107172941925e-05 5.771803618445983e-07 3.38496765900739 762
0.36 7.472556818631609e-05 9.345397673231819e-07 3.886461494050302 1142
0.4 9.551725716414198e-05 1.308857539944277e-06 4.032746236540522 1250
0.44 0.0001187005938493242 1.924315591430517e-06 4.125333443771249 1458
0.48 0.0001587455608745028 2.561306965287756e-06 4.618124572271258 1814
0.52 0.0002074622059904791 3.274790022396728e-06 5.144567570982035 2178
0.56 0.0002508217483610852 4.1754161959874e-06 5.363362752300476 2498
0.6 0.0002953668266969211 5.090866840732709e-06 5.485309842890312 2622
0.64 0.0003549213542506699 6.166378724037332e-06 5.782772533190312 3191
0.68 0.000400884965002114 7.657993125409851e-06 5.79015696106898 3044
0.72 0.0004771324252431044 9.22372906613283e-06 6.15105159437995 2736
0.76 0.000544264282051512 1.159073007037421e-05 6.288792641424012 2276
0.8 0.0006014319087813372 1.404478990994767e-05 6.265404517697741 2016
0.84 0.0007423603556117793 1.62053177390852e-05 7.016351338052636 1640
0.88 0.0008095361921773546 1.692952715678358e-05 6.968404129213938 1056
0.92 0.0008952111968823843 1.961072990391172e-05 7.046446509556899 683
0.96 0.0009770984287934127 2.343435475364263e-05 7.073466627568715 350
1 0.0009257506239027591 2.307428827709146e-05 6.183201905375855 192
1.04 0.001135054872031296 3.148141367887747e-05 6.990462010066238 44
1.08 0.000543920793291444 5.464715502846419e-05 3.09123108892517 25


