0.114651 3.841278771192405e-05 2.980653381363219e-05 0.4797688291062678 18
0.229303 0.0002515796518408296 0.0002763610556018997 0.5722389313614094 62
0.343954 0.0008309071128875386 0.0007786627616684428 0.6991036780128327 98
0.458606 0.001984561683278895 0.002696209891774712 0.8996294068501699 210
0.573257 0.003995460686340985 0.006047631187648087 1.135111651451086 350
0.687908 0.005859021363529575 0.01003894413504276 1.141663638841223 450
0.80256 0.009501916618928626 0.01561357974552314 1.328786499788578 602
0.917211 0.01307024326249195 0.02506423875519009 1.38456505097125 762
1.03186 0.003800154559751043 0.008928686116726798 0.3184903846604213 1142
1.14651 2.880702942021851e-34 5.47970862994596e-34 1.943558511700452e-32 1250
1.26117 3.64935580195376e-34 7.010940045148586e-34 2.020279641193194e-32 1458
1.37582 4.907857008524041e-34 8.180720140228449e-34 2.267209200362625e-32 1814
1.49047 5.63012581996774e-34 1.003613792859095e-33 2.213863123913895e-32 2178
1.60512 5.551396932659045e-34 1.029963793616242e-33 1.882096570967577e-32 2498
1.71977 6.764087535947306e-34 1.175293862654319e-33 1.988735663342036e-32 2622
1.83442 6.498251999711172e-34 1.242158645597209e-33 1.675884159969029e-32 3191
1.94907 6.503962430791282e-34 1.043816829552579e-33 1.48435287388588e-32 3044
2.06373 5.291714948969197e-34 9.253360420700044e-34 1.078437291728532e-32 2736
2.17838 5.652219925156753e-34 9.322577901823663e-34 1.031477273547668e-32 2276
2.29303 6.015595508758319e-34 1.042777256066803e-33 9.89394530276773e-33 2016
2.40768 6.646155452105189e-34 1.217646137440438e-33 9.917467184639893e-33 1640
2.52233 6.970180528884311e-34 1.186447417841388e-33 9.466164129954712e-33 1056
2.63698 6.303491700336894e-34 1.071152819946197e-33 7.827611742119582e-33 683
2.75163 7.456619732239476e-34 9.787966726449866e-34 8.508574707581375e-33 350
2.86628 5.87028532631326e-34 1.055569834746375e-33 6.184244008993479e-33 192
2.98094 5.435026064054534e-34 1.343847160088131e-33 5.281427817016432e-33 44
3.09559 1.638194906466206e-33 1.049505832976021e-33 1.462802740884826e-32 25


0.114651 2.53297247388876e-07 2.852127764650756e-07 0.4146825062807284 18
0.229303 2.978779079892715e-06 1.704958004900911e-06 0.4851167555322015 62
0.343954 6.957678105188801e-06 6.705616317555228e-06 0.4045619053916205 98
0.458606 2.068277038500254e-05 2.169166331612931e-05 0.5340122485318645 210
0.573257 2.931248967085383e-05 6.435202330124275e-05 0.5334358195731541 350
0.687908 5.084191169258676e-05 9.320042322799692e-05 0.5019890980036799 450
0.80256 0.0001146911135709814 9.453883406313237e-05 0.5880416270965717 602
0.917211 0.0001502110027134558 0.0001688361750318468 0.5766630387928292 762
1.03186 4.043635405523459e-05 6.436265589332323e-05 0.1237184761079499 1142
1.14651 2.513690445047805e-34 3.319107734065953e-34 5.628873993447623e-31 1250
1.26117 3.266095024583059e-34 4.446012703270869e-34 5.792603763037302e-31 1458
1.37582 4.215055137225785e-34 5.905360583179969e-34 6.044717854149811e-31 1814
1.49047 5.656584728942878e-34 7.190530833428445e-34 6.600093740408839e-31 2178
1.60512 6.415258239058025e-34 9.533090327335583e-34 6.405405892001881e-31 2498
1.71977 8.058797035379311e-34 1.14570208447334e-33 6.793588584613953e-31 2622
1.83442 9.975085275054478e-34 1.374121556187249e-33 7.215248856901796e-31 3191
1.94907 1.198401532722586e-33 1.662914747361672e-33 7.556928615887571e-31 3044
2.06373 1.3508960037119e-33 1.993193862705334e-33 7.536208841413342e-31 2736
2.17838 1.569971656204993e-33 2.469427497027321e-33 7.792310830485942e-31 2276
2.29303 1.874632590852272e-33 2.738427976624593e-33 8.246002130604891e-31 2016
2.40768 2.146696686230402e-33 3.065407344709935e-33 8.469420125781678e-31 1640
2.52233 2.339014049696008e-33 3.678950297045169e-33 8.383153944446503e-31 1056
2.63698 2.826157256711546e-33 4.374843898001092e-33 9.183706746855678e-31 683
2.75163 3.412527422631558e-33 4.368008731438898e-33 1.00235259389137e-30 350
2.86628 3.42847047104286e-33 5.754716211523461e-33 9.36895403878381e-31 192
2.98094 5.016820908926369e-33 5.506304291150584e-33 1.232984945409968e-30 44
3.09559 3.447291308189648e-33 5.555058470286882e-33 7.896964112703691e-31 25


0.114651 7.935185971960122e-08 1.213348897412496e-07 0.4134715765061351 18
0.229303 4.732564552635785e-07 1.431743030433898e-06 0.4640045307988659 62
0.343954 1.909668217365166e-06 3.268580097159838e-06 0.3899661937497816 98
0.458606 6.862155475333216e-06 8.754811101056434e-06 0.5143068068539296 210
0.573257 1.802659611903966e-05 1.372255299940219e-05 0.5834465000812754 350
0.687908 1.83834277571841e-05 3.435899805262985e-05 0.4900628317801182 450
0.80256 2.879620398224894e-05 5.191999719157127e-05 0.4788847096411464 602
0.917211 5.936195245995727e-05 5.540431649684134e-05 0.5385942003190161 762
1.03186 1.911293383089431e-05 1.760130040353092e-05 0.1254943003268293 1142
1.14651 1.813565148052967e-34 2.331995731661342e-34 9.753232100058855e-31 1250
1.26117 2.534653653140947e-34 3.208984479986951e-34 1.049899796896207e-30 1458
1.37582 3.112166187765796e-34 4.005251965121539e-34 1.027494119827598e-30 1814
1.49047 4.190136860800758e-34 5.274781159358742e-34 1.1187847966774e-30 2178
1.60512 5.025689698408998e-34 6.543882570027175e-34 1.118937412140458e-30 2498
1.71977 6.063612587435102e-34 8.181517465884932e-34 1.141258438289378e-30 2622
1.83442 7.17058548475255e-34 9.767196819057693e-34 1.151475011297188e-30 3191
1.94907 8.851694798309198e-34 1.159592477709168e-33 1.217815156513821e-30 3044
2.06373 9.884378709435924e-34 1.322980409228433e-33 1.188914701030054e-30 2736
2.17838 1.177229373570822e-33 1.657608362642702e-33 1.253137075504114e-30 2276
2.29303 1.414647663638229e-33 1.927634495002107e-33 1.327349179253953e-30 2016
2.40768 1.575817909894499e-33 2.185837806904407e-33 1.322760671472473e-30 1640
2.52233 1.931757999064423e-33 2.496367282864908e-33 1.445050859943266e-30 1056
2.63698 2.010856255519652e-33 3.302077950994802e-33 1.394032588185066e-30 683
2.75163 2.438844387425286e-33 3.113158393357169e-33 1.496860167743363e-30 350
2.86628 2.279094616907443e-33 4.352754947921307e-33 1.327403971967726e-30 192
2.98094 3.167652944692824e-33 2.607502115934751e-33 1.581342193186916e-30 44
3.09559 4.868648933301215e-33 3.429529263176595e-33 2.207637933707127e-30 25


0.114651 5.056491078005339e-08 5.762027597128316e-08 0.4140574789843356 18
0.229303 5.975329123160644e-07 3.433876238817963e-07 0.4755540401896079 62
0.343954 1.347754444536266e-06 1.409183334891174e-06 0.3955072176744532 98
0.458606 3.385595294459163e-06 5.350041518388838e-06 0.5081982270774994 210
0.573257 5.989343425582007e-06 1.272990365550228e-05 0.5377362081347187 350
0.687908 1.581438533617819e-05 1.131674411893249e-05 0.5281055291080037 450
0.80256 1.814408242493061e-05 2.556096732207727e-05 0.4879505666378965 602
0.917211 2.383806071661587e-05 4.219006066887171e-05 0.476876618724957 762
1.03186 9.555171330079378e-06 1.094071662508152e-05 0.1154436046199219 1142
1.14651 1.569519507133253e-34 1.99134352133733e-34 1.456916632021622e-30 1250
1.26117 2.093078257439309e-34 2.545229821419951e-34 1.471054896235551e-30 1458
1.37582 2.5353329084414e-34 3.474471438736105e-34 1.44974131990775e-30 1814
1.49047 3.489971804213925e-34 4.304889496518424e-34 1.564373421471867e-30 2178
1.60512 4.285766104656209e-34 5.428997280307614e-34 1.588233753811351e-30 2498
1.71977 5.064566562250379e-34 6.479282393859995e-34 1.567875709448579e-30 2622
1.83442 5.99546583610957e-34 8.220988912383725e-34 1.59186427898016e-30 3191
1.94907 7.328026457847808e-34 9.802351780542281e-34 1.658850106211098e-30 3044
2.06373 8.398986108595037e-34 1.092923850287577e-33 1.63823671204091e-30 2736
2.17838 1.028833752989608e-33 1.349797772025788e-33 1.756089364971344e-30 2276
2.29303 1.149615867128107e-33 1.663607023826399e-33 1.756320145479717e-30 2016
2.40768 1.271758127557449e-33 1.864291185894865e-33 1.728615674810605e-30 1640
2.52233 1.526792420986765e-33 2.205174044128176e-33 1.849424537351582e-30 1056
2.63698 1.968332073972657e-33 2.565423307087337e-33 2.112472478583287e-30 683
2.75163 1.887304018723264e-33 2.896541297515495e-33 1.873837338811625e-30 350
2.86628 2.261790742575138e-33 3.056248571101135e-33 2.008686659345336e-30 192
2.98094 2.034002106949439e-33 3.489216884884682e-33 1.692715722577067e-30 44
3.09559 2.918859007937145e-33 5.840662285791527e-33 2.26223851387338e-30 25


0.114651 2.871386186372273e-08 4.329972972959847e-08 0.4136485086617076 18
0.229303 1.709252629744403e-07 5.128674811604981e-07 0.467177285846523 62
0.343954 7.057107043449491e-07 1.148336996053317e-06 0.3913786922803449 98
0.458606 2.761011565670337e-06 2.759031378323278e-06 0.515346118044139 210
0.573257 6.098160434121797e-06 5.433942508284199e-06 0.5621421035685767 350
0.687908 5.354882992712214e-06 1.396265427486104e-05 0.4789656325042628 450
0.80256 1.405034869167111e-05 1.375041793558647e-05 0.4989836906424907 602
0.917211 1.900068171461716e-05 2.30227596210057e-05 0.4936149067833283 762
1.03186 4.581591210904515e-06 9.350150014798771e-06 0.1051935048494982 1142
1.14651 1.260498605017896e-34 1.784785139307407e-34 1.818140989294092e-30 1250
1.26117 1.668703453779596e-34 2.431878927729545e-34 1.850614811439308e-30 1458
1.37582 2.267136622798183e-34 2.999714215482971e-34 1.900937067002579e-30 1814
1.49047 2.897369511404754e-34 3.801347233605861e-34 1.940995519293042e-30 2178
1.60512 3.615422622852745e-34 4.921005705695048e-34 1.998454574154436e-30 2498
1.71977 4.558809324792491e-34 5.488327763708299e-34 2.021713201482444e-30 2622
1.83442 5.321953607083611e-34 7.142022234093124e-34 2.042237644309171e-30 3191
1.94907 6.558247827291185e-34 8.641720758698628e-34 2.135302240159813e-30 3044
2.06373 7.312777993502425e-34 9.390459017708483e-34 2.040858874760447e-30 2736
2.17838 8.8934827380334e-34 1.153419587955413e-33 2.164171180098768e-30 2276
2.29303 9.79743791318013e-34 1.440935372693245e-33 2.145465072188555e-30 2016
2.40768 1.128184752722546e-33 1.611845398977972e-33 2.169334261775999e-30 1640
2.52233 1.369832223986053e-33 1.820475004798017e-33 2.316354342427934e-30 1056
2.63698 1.720500356829634e-33 1.950164118646573e-33 2.545639348566629e-30 683
2.75163 1.716569955559001e-33 2.464397048778277e-33 2.375909736067866e-30 350
2.86628 2.234670407306902e-33 2.620921238750087e-33 2.723815750984714e-30 192
2.98094 2.009148255062029e-33 2.255481417683305e-33 2.214243294540793e-30 44
3.09559 3.572900657315807e-33 3.789880697427938e-33 3.569460174093481e-30 25


0.114651 2.355429378347197e-08 2.719962276197916e-08 0.4139393494168937 18
0.229303 2.794243155382875e-07 1.618454737635526e-07 0.4735779604126258 62
0.343954 6.231711545578024e-07 6.715422960022416e-07 0.394131690245471 98
0.458606 1.450321612839757e-06 2.685319278827248e-06 0.5064812517985057 210
0.573257 3.090220329957191e-06 5.591679266843934e-06 0.5443409349165574 350
0.687908 7.528223037388005e-06 5.162338920294638e-06 0.5161278774032024 450
0.80256 6.956247305090645e-06 1.401305538266609e-05 0.4707149830446727 602
0.917211 1.36167410312447e-05 1.653795675750285e-05 0.4893741202948868 762
1.03186 5.13772470283375e-06 4.263971248739348e-06 0.1153009575443607 1142
1.14651 1.220860496284425e-34 1.434267261450218e-34 2.265572196939267e-30 1250
1.26117 1.542655199023399e-34 2.061421965577455e-34 2.277504052961343e-30 1458
1.37582 2.046395973031086e-34 2.682870131613538e-34 2.336107020270107e-30 1814
1.49047 2.427824230883188e-34 3.552985257417176e-34 2.296314339632376e-30 2178
1.60512 3.123065789550769e-34 4.427069158365244e-34 2.36849492891283e-30 2498
1.71977 3.864274792849976e-34 5.243654342044413e-34 2.385968085450166e-30 2622
1.83442 4.598992619493092e-34 6.370328214798641e-34 2.396910128394841e-30 3191
1.94907 5.756553903006886e-34 7.804451039183957e-34 2.52951321868465e-30 3044
2.06373 6.699891103815979e-34 8.498350188420359e-34 2.487790089741923e-30 2736
2.17838 7.994682736287222e-34 1.062598438373187e-33 2.600964351887372e-30 2276
2.29303 8.821263855112092e-34 1.275675644117368e-33 2.559297810802794e-30 2016
2.40768 1.033895733925628e-33 1.498827194427148e-33 2.644618643936596e-30 1640
2.52233 1.246942475992657e-33 1.631011625122402e-33 2.771377205164337e-30 1056
2.63698 1.483441861361456e-33 1.740730249530646e-33 2.891471792174892e-30 683
2.75163 1.596339802981913e-33 2.187870667025825e-33 2.877257764536276e-30 350
2.86628 1.972187558126835e-33 2.308883449380129e-33 3.134327594345809e-30 192
2.98094 1.470183505787524e-33 1.68118994022652e-33 2.11681122724964e-30 44
3.09559 3.868319943027827e-33 3.803613961565221e-33 4.96747611908637e-30 25


0.114651 1.582858903737326e-08 2.35391602322802e-08 0.4137123597508638 18
0.229303 9.414443395113495e-08 2.798017176191175e-07 0.468321863853186 62
0.343954 3.905454753518757e-07 6.226733438375832e-07 0.3918468731614597 98
0.458606 1.583918963785092e-06 1.414475476146495e-06 0.5146600477543458 210
0.573257 3.151086592121759e-06 3.218558727099305e-06 0.5552692613314798 350
0.687908 3.11536659493865e-06 7.391347040487846e-06 0.4851546064112984 450
0.80256 8.236018423258333e-06 6.808921472042022e-06 0.496623564271707 602
0.917211 8.971322832277769e-06 1.447739699146472e-05 0.4768439151903701 762
1.03186 2.622364796508182e-06 4.959072399897495e-06 0.1058651386105013 1142
1.14651 1.066200561607108e-34 1.465604313201799e-34 2.731849005808234e-30 1250
1.26117 1.472043922254617e-34 1.778659074755978e-34 2.719341742567677e-30 1458
1.37582 1.872140564389843e-34 2.495082252496895e-34 2.783663296308892e-30 1814
1.49047 2.373441101691581e-34 3.001378817473699e-34 2.758776099428564e-30 2178
1.60512 3.024811195908125e-34 3.816715680575761e-34 2.850792925069145e-30 2498
1.71977 3.38526373499214e-34 4.938464013901871e-34 2.752151950209851e-30 2622
1.83442 4.404026966296745e-34 5.764004942506456e-34 2.889991386310319e-30 3191
1.94907 5.409731543423381e-34 7.104352629745217e-34 3.0098734862644e-30 3044
2.06373 6.275928972462088e-34 8.063121134076663e-34 2.975374664861925e-30 2736
2.17838 7.170461279611893e-34 9.877705034187318e-34 2.993316208469695e-30 2276
2.29303 8.681137349982887e-34 1.060240093144934e-33 3.070379626348219e-30 2016
2.40768 9.848458927439223e-34 1.368578920516901e-33 3.157656537137028e-30 1640
2.52233 1.140308882766136e-33 1.596922271844915e-33 3.245060069478692e-30 1056
2.63698 1.303942799192234e-33 1.756588707070886e-33 3.277236206089786e-30 683
2.75163 1.288928560803935e-33 2.271115103791243e-33 3.086222643830702e-30 350
2.86628 1.619192066549975e-33 2.298761076708413e-33 3.330293575966587e-30 192
2.98094 1.51551907567216e-33 1.591083622080632e-33 2.680500434397474e-30 44
3.09559 2.778483277668817e-33 2.517820387825372e-33 4.377797297977378e-30 25


0.114651 1.417813368351921e-08 1.660087413165372e-08 0.4138894248095358 18
0.229303 1.687680282917e-07 9.875507694115701e-08 0.4727206112138566 62
0.343954 3.754541301566104e-07 4.095666896786252e-07 0.3936457964013702 98
0.458606 8.373709479644608e-07 1.680725600259166e-06 0.5066022614431034 210
0.573257 1.998616093285794e-06 3.221258232948374e-06 0.5471539311584871 350
0.687908 4.330481831629137e-06 3.433463283039479e-06 0.5076711913215527 450
0.80256 4.112963095517765e-06 8.619379452459276e-06 0.4712113310922772 602
0.917211 8.977942023361947e-06 9.062483376973453e-06 0.491055434961415 762
1.03186 2.791329260418785e-06 3.00971046269009e-06 0.1107463399869202 1142
1.14651 1.045682059276499e-34 1.356376845393635e-34 3.272737953949799e-30 1250
1.26117 1.227872155565961e-34 1.872496451561688e-34 3.106468247989962e-30 1458
1.37582 1.729135807602043e-34 2.271368690821587e-34 3.194670099899275e-30 1814
1.49047 2.142251465545284e-34 2.839227316455777e-34 3.147279713213912e-30 2178
1.60512 2.625086431015795e-34 3.651737927350128e-34 3.17503975385319e-30 2498
1.71977 3.411728461711654e-34 4.279169279234468e-34 3.278516711383887e-30 2622
1.83442 4.176772617774413e-34 5.339390052406333e-34 3.367410605538597e-30 3191
1.94907 5.019538857307298e-34 6.510567512270221e-34 3.43708802734161e-30 3044
2.06373 5.521887375850458e-34 7.967336477158568e-34 3.335057207878024e-30 2736
2.17838 6.717362900621961e-34 9.099807020143264e-34 3.431982663688925e-30 2276
2.29303 7.952468844192791e-34 1.026050584799526e-33 3.491348370662484e-30 2016
2.40768 9.648964753879092e-34 1.24258917372923e-33 3.71662361128272e-30 1640
2.52233 1.015891371228227e-33 1.52009879160168e-33 3.591552547217136e-30 1056
2.63698 1.240741723295695e-33 1.642567990885484e-33 3.785500917682671e-30 683
2.75163 1.169286613159614e-33 2.202904515049572e-33 3.490213303015078e-30 350
2.86628 1.355670056539261e-33 2.230265210236321e-33 3.507509992308704e-30 192
2.98094 1.254635528030095e-33 1.934677193168612e-33 2.885075130751036e-30 44
3.09559 1.672408504878746e-33 2.561049195236646e-33 3.474300916445894e-30 25


0.114651 1.038580008765657e-08 1.5225903790929e-08 0.4137453861937131 18
0.229303 6.180855790660073e-08 1.815426122913677e-07 0.4689156497761866 62
0.343954 2.553841701010197e-07 4.041281851898267e-07 0.3920618312593748 98
0.458606 1.056644683775192e-06 8.883120391905032e-07 0.5139577810084923 210
0.573257 1.966344287621903e-06 2.208674339207854e-06 0.5523818068813209 350
0.687908 2.2434340870126e-06 4.529579964470125e-06 0.4899662033182788 450
0.80256 5.293310577389613e-06 4.528780865594471e-06 0.491527094678178 602
0.917211 5.536216735431211e-06 9.828475770934304e-06 0.4736662351974828 762
1.03186 2.031898868862357e-06 2.800981837071249e-06 0.1083448891040563 1142
1.14651 9.385858702001369e-35 1.239247049997896e-34 3.594532688362555e-30 1250
1.26117 1.27440111442208e-34 1.574738388871252e-34 3.58947576672687e-30 1458
1.37582 1.642425047077822e-34 2.084448288968126e-34 3.628176814125388e-30 1814
1.49047 1.947554212148405e-34 2.649322650966574e-34 3.501444629213739e-30 2178
1.60512 2.571477469736721e-34 3.341002338997278e-34 3.674732393937518e-30 2498
1.71977 3.198192491623851e-34 4.000912172173198e-34 3.704410654276732e-30 2622
1.83442 3.801559810891429e-34 5.065033828939311e-34 3.742461513113908e-30 3191
1.94907 4.632883600858818e-34 6.04301426316745e-34 3.818942680019478e-30 3044
2.06373 5.480790404658904e-34 7.218665653235054e-34 3.867913360370913e-30 2736
2.17838 6.619093724310525e-34 8.255749528031465e-34 3.958869826114633e-30 2276
2.29303 7.216403154876064e-34 9.800845224786145e-34 3.844493852694946e-30 2016
2.40768 9.07377536852971e-34 1.128006952788204e-33 4.137972538306331e-30 1640
2.52233 1.011002368172234e-33 1.325790444608484e-33 4.123442163468028e-30 1056
2.63698 1.180198350670993e-33 1.457041889701e-33 4.219284693352456e-30 683
2.75163 1.391704289815634e-33 1.770813777196628e-33 4.480924531707537e-30 350
2.86628 1.321411480567185e-33 2.030895584374236e-33 3.993152752439122e-30 192
2.98094 1.249592450828608e-33 2.116130849895789e-33 3.488779721078881e-30 44
3.09559 1.838123879954766e-33 2.466506508407661e-33 4.3953124766704e-30 25


0.114651 9.678620366686702e-09 1.149648845251905e-08 0.4138617584243284 18
0.229303 1.155324795661093e-07 6.848376069300473e-08 0.472238052232921 62
0.343954 2.576653751403527e-07 2.819736263932859e-07 0.3934146636456195 98
0.458606 5.600095571434554e-07 1.17534201612795e-06 0.5069784276570293 210
0.573257 1.434259167409164e-06 2.134224136876916e-06 0.5484668105951381 350
0.687908 2.797164063385656e-06 2.596113488555313e-06 0.502649103644946 450
0.80256 2.962077183788134e-06 5.744436348680434e-06 0.4740373766836817 602
0.917211 6.261359930799741e-06 6.11067133374252e-06 0.4887500545219973 762
1.03186 1.659442016933096e-06 2.410173849795738e-06 0.1078214531180283 1142
1.14651 8.732731135724518e-35 1.149931276911318e-34 3.979283116281968e-30 1250
1.26117 1.167666557542483e-34 1.550583669254451e-34 4.023278324778883e-30 1458
1.37582 1.471653219489837e-34 2.092057110733734e-34 4.040489369958309e-30 1814
1.49047 1.892724030984986e-34 2.467781199488228e-34 3.969795279136546e-30 2178
1.60512 2.38090709010351e-34 3.256258498379821e-34 4.106140040428294e-30 2498
1.71977 2.808348705269566e-34 4.094802977716058e-34 4.061766547102195e-30 2622
1.83442 3.51189692900533e-34 4.923148263164462e-34 4.154039433975829e-30 3191
1.94907 4.335389888182472e-34 5.800264146439893e-34 4.252160101019521e-30 3044
2.06373 5.365738324032208e-34 6.647295055313713e-34 4.372954954599001e-30 2736
2.17838 6.204076118006342e-34 7.790925635481011e-34 4.368518795128179e-30 2276
2.29303 7.066549299002757e-34 9.05297013274835e-34 4.344193256467661e-30 2016
2.40768 7.977109337150251e-34 1.171327800545389e-33 4.464327936512472e-30 1640
2.52233 1.023957009466928e-33 1.172487886901073e-33 4.725303872304845e-30 1056
2.63698 1.025090076335829e-33 1.44559067859021e-33 4.423864770421194e-30 683
2.75163 1.513452767735201e-33 1.474203797634718e-33 5.369273701939272e-30 350
2.86628 1.558377260755655e-33 1.551566957785526e-33 5.004372947537264e-30 192
2.98094 1.426867191652845e-33 1.655328874045418e-33 4.262927635578907e-30 44
3.09559 1.919320069222262e-33 1.983624009293807e-33 5.072951851114941e-30 25


0.114651 7.500585747796563e-09 1.083564219814594e-08 0.4137656529523943 18
0.229303 4.474104185038956e-08 1.295118939534498e-07 0.4692820584370113 62
0.343954 1.830758020872184e-07 2.895567662787874e-07 0.3921790713513356 98
0.458606 7.672106664606386e-07 6.236287220971822e-07 0.5133817193413452 210
0.573257 1.366230390267932e-06 1.639275708403122e-06 0.5509813307762573 350
0.687908 1.754407600988741e-06 3.052841421880766e-06 0.4929855621132355 450
0.80256 3.647602571901682e-06 3.438380685480896e-06 0.4873995379865222 602
0.917211 3.991761640136693e-06 7.010324874862416e-06 0.4743102215056667 762
1.03186 1.646467131268103e-06 1.75661889471927e-06 0.1096734921916649 1142
1.14651 8.320201059072643e-35 1.096300685755284e-34 4.427008376655044e-30 1250
1.26117 1.072961752182921e-34 1.494685457913295e-34 4.403589396763076e-30 1458
1.37582 1.467616848824169e-34 1.833149046981396e-34 4.459825155006868e-30 1814
1.49047 1.793560439256865e-34 2.325430861178426e-34 4.377564925382334e-30 2178
1.60512 2.279693919650947e-34 3.037671780132536e-34 4.527747849535651e-30 2498
1.71977 2.898910026197617e-34 3.555046848431755e-34 4.575658517391149e-30 2622
1.83442 3.527248224083297e-34 4.367810700242128e-34 4.640276830810784e-30 3191
1.94907 4.172002005714156e-34 5.425877436405979e-34 4.699919810365451e-30 3044
2.06373 4.807550812099943e-34 6.599053886523534e-34 4.693197366287719e-30 2736
2.17838 5.512032184528174e-34 7.817156825062222e-34 4.666600947454514e-30 2276
2.29303 6.677521635752644e-34 8.816289541744888e-34 4.788737342094474e-30 2016
2.40768 8.067135944425043e-34 1.063161232330806e-33 5.050209362021624e-30 1640
2.52233 8.891902085233823e-34 1.255831132577281e-33 4.998929845328233e-30 1056
2.63698 9.481382787979924e-34 1.42154541251583e-33 4.798957707114837e-30 683
2.75163 1.216072968115493e-33 1.820657932537591e-33 5.485907684855587e-30 350
2.86628 1.366958359731142e-33 1.835909963117302e-33 5.372699278748587e-30 192
2.98094 1.417836250458051e-33 1.570827345939699e-33 4.797513398905407e-30 44
3.09559 1.602949777086486e-33 1.760213609873538e-33 4.896841707827547e-30 25


0.114651 7.12140352458608e-09 8.585192342624935e-09 0.4138441126467717 18
0.229303 8.518518937942582e-08 5.130527163382962e-08 0.4719259751656758 62
0.343954 1.911064865379391e-07 2.08697061127172e-07 0.3932857169269868 98
0.458606 4.086902820724503e-07 8.79076328090255e-07 0.5073570596088489 210
0.573257 1.094285085682427e-06 1.540050517081035e-06 0.549124953312025 350
0.687908 1.955419201076446e-06 2.078117429670599e-06 0.4996581767641244 450
0.80256 2.334175658497293e-06 4.072724283754227e-06 0.4765066655287457 602
0.917211 4.566240485789112e-06 4.625448549587971e-06 0.4859435120484807 762
1.03186 1.099749160861116e-06 1.956837520484754e-06 0.1064766791412035 1142
1.14651 7.938610365396243e-35 1.04387330217083e-34 4.854467830353213e-30 1250
1.26117 1.111908593950605e-34 1.361014411224654e-34 4.981084840509658e-30 1458
1.37582 1.348206007212376e-34 1.813674813877322e-34 4.853972884867723e-30 1814
1.49047 1.615232247957155e-34 2.224897234380821e-34 4.637983265050096e-30 2178
1.60512 2.172224069714484e-34 2.846073373489777e-34 4.921276725631569e-30 2498
1.71977 2.636240456438066e-34 3.581087181244288e-34 4.953374603882591e-30 2622
1.83442 3.198606232389037e-34 4.38780277080652e-34 5.004514896496203e-30 3191
1.94907 3.949101415948716e-34 5.272234984450503e-34 5.140712155967767e-30 3044
2.06373 4.725358101490183e-34 6.306824467320304e-34 5.223009770601326e-30 2736
2.17838 5.482281293816444e-34 7.20327863874309e-34 5.174845568954507e-30 2276
2.29303 6.193063851878472e-34 8.637312152872444e-34 5.158858611915805e-30 2016
2.40768 7.665327133637814e-34 9.717211703281709e-34 5.410860037313039e-30 1640
2.52233 8.426152973078713e-34 1.202986610435073e-33 5.419098471702903e-30 1056
2.63698 1.100637908321434e-33 1.257110541950575e-33 5.885977628121506e-30 683
2.75163 1.223656131646064e-33 1.780420756736292e-33 6.227050498963582e-30 350
2.86628 9.857804000894401e-34 1.763466952638278e-33 4.776055087217299e-30 192
2.98094 1.109171626666893e-33 1.779530943243088e-33 4.663470353314673e-30 44
3.09559 1.329938990167737e-33 2.012667582139758e-33 4.958488576437846e-30 25


0.114651 5.756749524268178e-09 8.192011749099756e-09 0.4137793999264391 18
0.229303 3.448334846390135e-08 9.807855888426769e-08 0.4695329005197304 62
0.343954 1.391275912122531e-07 2.208784273554986e-07 0.3922503387449056 98
0.458606 5.882378313521494e-07 4.696908903485848e-07 0.5129196779935097 210
0.573257 1.017331286107758e-06 1.278585269054399e-06 0.5502412878710812 350
0.687908 1.430391421921788e-06 2.200477484878798e-06 0.494834970695145 450
0.80256 2.654690209451568e-06 2.780453206492225e-06 0.4844903614474526 602
0.917211 3.134753754378039e-06 5.212689554280548e-06 0.4757182645560074 762
1.03186 1.338631882803806e-06 1.226128054990068e-06 0.1100708986269737 1142
1.14651 7.465568666281151e-35 1.022439523481573e-34 5.298261115813183e-30 1250
1.26117 9.876789004893017e-35 1.404105589189802e-34 5.352623668368303e-30 1458
1.37582 1.298708672537528e-34 1.712171993354933e-34 5.272463692531789e-30 1814
1.49047 1.640891283729193e-34 2.031735551804246e-34 5.1282106168186e-30 2178
1.60512 2.049136211096057e-34 2.770551303722787e-34 5.337135432223431e-30 2498
1.71977 2.569688391524328e-34 3.420464267530456e-34 5.438107297455039e-30 2622
1.83442 3.127394630328733e-34 4.1276259948099e-34 5.466839215306319e-30 3191
1.94907 3.753996417346182e-34 5.027543738493142e-34 5.53934213979971e-30 3044
2.06373 4.618170379434616e-34 5.879509280373193e-34 5.684388022013352e-30 2736
2.17838 5.382062900917254e-34 6.883968719008943e-34 5.690152273312824e-30 2276
2.29303 6.155902851048094e-34 7.987000739899808e-34 5.656624267268086e-30 2016
2.40768 6.935527643176303e-34 9.699642347793872e-34 5.696107269850544e-30 1640
2.52233 8.576146644565214e-34 1.051609571179942e-33 5.939515378881122e-30 1056
2.63698 1.010880599639843e-33 1.251781768957848e-33 6.217962307138568e-30 683
2.75163 1.269703253348172e-33 1.487024723061333e-33 6.854077237159449e-30 350
2.86628 1.152686886308758e-33 1.333002809007866e-33 5.559490622990261e-30 192
2.98094 1.079055022207988e-33 1.623638780628862e-33 5.004948043028684e-30 44
3.09559 1.2024753324416e-33 1.736782264642894e-33 4.985331918673742e-30 25


0.114651 5.507374735289297e-09 6.740971807324783e-09 0.4138318486010472 18
0.229303 6.596208122025134e-08 4.049190457439872e-08 0.4717056508952339 62
0.343954 1.492407688450548e-07 1.620896824359862e-07 0.3932060502189956 98
0.458606 3.159949551604376e-07 6.878885099580312e-07 0.5076920158441668 210
0.573257 8.698196487480642e-07 1.176919881671022e-06 0.5494674425028929 350
0.687908 1.447866405366962e-06 1.718109582266931e-06 0.4978377394974974 450
0.80256 1.925057891652648e-06 3.032092194604793e-06 0.4782974834043771 602
0.917211 3.460126290595609e-06 3.73135484332416e-06 0.4835741044191099 762
1.03186 8.056621808090001e-07 1.591425961065648e-06 0.1060409116889223 1142
1.14651 7.359854928700778e-35 9.362899630060013e-35 5.68510102197868e-30 1250
1.26117 1.029192754987883e-34 1.24442109118401e-34 5.855250070755958e-30 1458
1.37582 1.237361038447288e-34 1.682861475095717e-34 5.720090709480277e-30 1814
1.49047 1.466482853382124e-34 2.089727477774525e-34 5.463289565365325e-30 2178
1.60512 1.993216299276461e-34 2.616433266158126e-34 5.764213343605405e-30 2498
1.71977 2.534668827428159e-34 3.17129288087123e-34 5.880710148365416e-30 2622
1.83442 3.014589688101873e-34 3.884048322075624e-34 5.863874594514672e-30 3191
1.94907 3.634166690888974e-34 4.825840552098244e-34 5.997699990504922e-30 3044
2.06373 4.434352723408435e-34 5.890977709165347e-34 6.209216075720619e-30 2736
2.17838 5.035291917304328e-34 6.862875875265314e-34 6.095326291346371e-30 2276
2.29303 5.908499733689065e-34 7.706398088649654e-34 6.088018509276131e-30 2016
2.40768 6.913863610396815e-34 9.051162895437988e-34 6.217067579096692e-30 1640
2.52233 7.937217750798146e-34 1.011133234626232e-33 6.208396253617964e-30 1056
2.63698 8.510900705463044e-34 1.3441796639401e-33 6.301419430637025e-30 683
2.75163 1.089645299250079e-33 1.585075536914083e-33 6.973730939780699e-30 350
2.86628 1.171586230432482e-33 1.247828460366976e-33 6.168242553070091e-30 192
2.98094 1.2170218577986e-33 1.358992106437503e-33 5.823492066966646e-30 44
3.09559 1.168958707050392e-33 9.368103921917514e-34 4.724645179035408e-30 25


0.114651 4.608154991875539e-09 6.457416912374262e-09 0.4137893520906342 18
0.229303 2.777360321232537e-08 7.737433032018778e-08 0.4697170375896434 62
0.343954 1.100905969760923e-07 1.759292630335649e-07 0.3922971238480444 98
0.458606 4.684788198955816e-07 3.712687611509003e-07 0.5125453719919859 210
0.573257 7.949184108723613e-07 1.032395967695281e-06 0.5498295931027404 350
0.687908 1.19687962526856e-06 1.667282495119484e-06 0.4959704770853876 450
0.80256 2.018119235511515e-06 2.326629825116633e-06 0.4825143417649569 602
0.917211 2.582626273511688e-06 4.016613886110215e-06 0.4770301311844658 762
1.03186 1.090970559312709e-06 9.371142133586271e-07 0.1099748020556428 1142
1.14651 6.867377071438872e-35 9.28189810356759e-35 6.077668453377376e-30 1250
1.26117 9.494736916639995e-35 1.291720552703769e-34 6.343563230888112e-30 1458
1.37582 1.224250422875245e-34 1.577392842747075e-34 6.173617240802805e-30 1814
1.49047 1.544480329556948e-34 1.887850331892161e-34 6.025195603409762e-30 2178
1.60512 1.886459911477168e-34 2.538290340154939e-34 6.142686805251243e-30 2498
1.71977 2.313858825811951e-34 3.282184076644711e-34 6.287691968465083e-30 2622
1.83442 2.815564611237598e-34 3.913971368294919e-34 6.279393897841009e-30 3191
1.94907 3.52109527471437e-34 4.677986861846385e-34 6.466009349710086e-30 3044
2.06373 4.225749486568322e-34 5.615101932655983e-34 6.581944086340363e-30 2736
2.17838 5.014683563223409e-34 6.56883287164542e-34 6.655219987712936e-30 2276
2.29303 5.545804393537957e-34 7.546007089712091e-34 6.43556839740346e-30 2016
2.40768 6.902248134671216e-34 8.506662208004522e-34 6.755550548766085e-30 1640
2.52233 7.124421738522338e-34 1.047076984350856e-33 6.475354859764645e-30 1056
2.63698 9.485881997562367e-34 1.134510882052685e-33 7.134635392646411e-30 683
2.75163 1.047597945666555e-33 1.430534450112771e-33 7.287487341437488e-30 350
2.86628 8.767041135539849e-34 1.664621822933676e-33 6.077847530613429e-30 192
2.98094 9.107522232492331e-34 1.60536710189189e-33 5.50959322764155e-30 44
3.09559 7.521441595242755e-34 1.414936360819717e-33 4.166603701049603e-30 25


