0.0574618 7.188669500234636e-05 5.953575075158607e-07 2.980709647608418 18
0.114924 0.0002874782573461201 4.618855514112451e-06 3.740339700485532 62
0.172385 0.0006933998030178537 1.742786853213294e-05 3.977417603001298 98
0.229847 0.001335890776551264 6.693351755766219e-05 4.286430740680831 210
0.287309 0.002216391564802114 0.000176596946791598 4.624722043601113 350
0.344771 0.00282745639783835 0.0003343519432428769 4.125848138758252 450
0.402233 0.004147385267454228 0.0005768530810892692 4.41561521438253 602
0.459694 0.005242366020098663 0.0009979476925249268 4.25359170735508 762
0.517156 0.006457552583508547 0.001852775380588809 4.16237049743925 1142
0.574618 0.008009423349521191 0.002680940181734675 4.198361877606246 1250
0.63208 0.009409442335051244 0.003955285929567282 4.064979839395611 1458
0.689542 0.01226932724360479 0.005436069869142864 4.441145140465967 1814
0.747003 0.0137344132814483 0.007593517020044213 4.243364835255971 2178
0.804465 0.01667408288980953 0.01022759000577726 4.444838050412601 2498
0.861927 0.01926242495055479 0.01414031130053251 4.462890934097146 2622
0.919389 0.02134361871623456 0.01736941542907829 4.340505248485449 3191
0.976851 0.02102654040253272 0.01919634015172471 3.791811835596351 3044
1.03431 1.977911878861681e-33 1.105528029027879e-33 3.18126521822653e-31 2736
1.09177 2.207361174017878e-33 1.335082696492112e-33 3.182092947106426e-31 2276
1.14924 2.211956613958041e-33 1.455698489776912e-33 2.875242394593016e-31 2016
1.2067 2.447217358296986e-33 1.31782122215966e-33 2.886205319243498e-31 1640
1.26416 2.434594278508703e-33 1.392365086790307e-33 2.615506474753728e-31 1056
1.32162 1.887013748115633e-33 1.274105710128977e-33 1.854211847295645e-31 683
1.37908 2.195228545260293e-33 1.162479435619574e-33 1.983450381930799e-31 350
1.43654 2.429008854380064e-33 1.393789704997411e-33 2.025209263366556e-31 192
1.49401 2.168460830000489e-33 1.254345711488837e-33 1.666843510820141e-31 44
1.55147 3.310617483755837e-33 1.521819028060443e-33 2.341410366135769e-31 25


0.0574618 40.67779796185447 0.007632067644478141 33773655.60193108 18
0.114924 7.508797096878031 0.01709880047213456 1369734.743651041 62
0.172385 4.754743052002635 0.01416443894638778 359996.7525333186 98
0.229847 2.515056590284173 0.009177250302011749 104043.7771428415 210
0.287309 0.6900562443620772 0.007819669625420824 18394.75728209195 350
0.344771 0.3598246873208504 0.003983198830223327 6653.150253542537 450
0.402233 0.2769014346326227 0.001487127435631143 3716.510263404995 602
0.459694 0.07254499503566238 0.002006620833419884 743.2323049842453 762
0.517156 0.06355049935077772 0.001029334782911068 514.5479233491317 1142
0.574618 0.04287050329735601 0.0007703488576757474 281.9256026817 1250
0.63208 0.02880361992412199 0.0006995627533909227 156.0012920906752 1458
0.689542 0.01902979945787947 0.0007353682328456635 86.40617416841586 1814
0.747003 0.02001525159687611 0.0005441774156708835 77.41462422312252 2178
0.804465 0.0192646609726409 0.0005179697830085412 64.25206969980587 2498
0.861927 0.01898427301321134 0.0005889297033696276 55.00674835417396 2622
0.919389 0.0143263589997947 0.0005376151334729269 36.43333459792433 3191
0.976851 0.01018131588330083 0.0005200631729050326 22.96373421345755 3044
1.03431 3.457277857435405e-28 1.710503123113177e-29 6.95941426004668e-25 2736
1.09177 3.944542824910591e-28 2.127351041448294e-29 7.116852404135714e-25 2276
1.14924 4.282427771075011e-28 2.610726373695451e-29 6.966655015227282e-25 2016
1.2067 4.996673356654673e-28 3.172569423811947e-29 7.375956672203487e-25 1640
1.26416 5.748667628099692e-28 4.005964724975278e-29 7.730167076306533e-25 1056
1.32162 6.086062061861874e-28 5.148924332630558e-29 7.485519773404822e-25 683
1.37908 7.957887652464314e-28 5.447208885925931e-29 8.997365969095504e-25 350
1.43654 8.060668338364871e-28 7.262929477396706e-29 8.411582340927383e-25 192
1.49401 1.053994770720299e-27 8.112910309990661e-29 1.013771860176731e-24 44
1.55147 1.374757978384048e-27 7.939183155351237e-29 1.216468521279424e-24 25


0.0574618 10.4398941892756 0.002587547508967852 16704528.61232253 18
0.114924 6.115044815057566 0.003873392303516121 2135715.327246244 62
0.172385 1.351622235190077 0.004414547724623863 197472.5917581756 98
0.229847 1.477115479185516 0.002611680875160499 117285.0426343477 210
0.287309 0.5399380979353154 0.001570674029493525 27560.82492285492 350
0.344771 0.1765869080531966 0.0009956751889237455 6270.865682177801 450
0.402233 0.08753333439361607 0.0007420022798177759 2262.115209768592 602
0.459694 0.05435554405052159 0.0004308054285161494 1066.716613684694 762
0.517156 0.0257915444049024 0.0003295117823407488 401.5314280279818 1142
0.574618 0.02191199437705171 0.0002215928140394608 276.7471534236449 1250
0.63208 0.01563539757211764 0.0001817044257503115 162.5781253720825 1458
0.689542 0.01140681971926269 0.0001753233983785763 99.38100312656951 1814
0.747003 0.01005868233650014 0.0001572550658295369 74.72044526780401 2178
0.804465 0.008669615798548847 0.0001590657252321659 55.55389043127153 2498
0.861927 0.009920497977134188 0.000154090823220027 55.19336415585768 2622
0.919389 0.006722474829234414 0.0001615930839582773 32.84214504351409 3191
0.976851 0.005622824577527879 0.0001348643812085234 24.34755025665558 3044
1.03431 3.282247078180829e-28 8.50610713916795e-30 1.268744040742824e-24 2736
1.09177 4.022918664723387e-28 1.048845737711811e-29 1.39358203072354e-24 2276
1.14924 4.335161019748959e-28 1.425817670140556e-29 1.354338281797954e-24 2016
1.2067 5.09030951961335e-28 1.672595012709367e-29 1.442899098174401e-24 1640
1.26416 5.821121285149821e-28 2.065180521051928e-29 1.503036464274308e-24 1056
1.32162 6.734719338183725e-28 2.534055779455246e-29 1.590146963110239e-24 683
1.37908 6.945663400160811e-28 3.282650545802088e-29 1.508681059703574e-24 350
1.43654 7.969958876573795e-28 2.681602270196066e-29 1.596248268193734e-24 192
1.49401 1.174379001280434e-27 4.912652369955074e-29 2.169200930937747e-24 44
1.55147 1.047363004394302e-27 5.323922182341913e-29 1.780874532025952e-24 25


0.0574618 6.680980103860763 0.001858222411901586 15838416.62004875 18
0.114924 2.418413825822289 0.002634942909094022 1255338.022948317 62
0.172385 1.269031356988638 0.001707132352979064 273398.5241617617 98
0.229847 0.5026939557553995 0.001836255363604565 59358.47755125235 210
0.287309 0.3523455923588011 0.0007409334005393872 26612.49292796302 350
0.344771 0.09660865790795706 0.0005365301440366069 5083.199955698348 450
0.402233 0.06394595091039945 0.000326325457681492 2443.599726032633 602
0.459694 0.0390535445837769 0.0001888767079019357 1133.414978827818 762
0.517156 0.01835079226306996 0.0001477084073873253 422.5044429941993 1142
0.574618 0.01457081398601674 0.0001043273198475654 272.2646645541867 1250
0.63208 0.01098234332812049 7.831040643835702e-05 168.8927589691636 1458
0.689542 0.008113759866830793 7.866105526031089e-05 104.5542912496159 1814
0.747003 0.006670741210676017 7.196672485255585e-05 73.30775067091979 2178
0.804465 0.005707831953376867 7.495658217624067e-05 54.1124901727948 2498
0.861927 0.006805533663756157 6.92981736807972e-05 56.00782197865855 2622
0.919389 0.005081553547596266 6.721273062205281e-05 36.70918808896114 3191
0.976851 0.004098336204523254 5.744450141133683e-05 26.24497265918625 3044
1.03431 3.371444654575828e-28 6.190544308959287e-30 1.928026870778021e-24 2736
1.09177 3.911140481728706e-28 7.765790453852497e-30 2.00467932010542e-24 2276
1.14924 4.598416452838343e-28 9.436688942013604e-30 2.124803782620091e-24 2016
1.2067 5.7024529438171e-28 1.215649024800315e-29 2.390979113791922e-24 1640
1.26416 6.477647867285545e-28 1.498802555913754e-29 2.474041985286729e-24 1056
1.32162 7.263148605110287e-28 1.813536555823839e-29 2.536789681850027e-24 683
1.37908 8.395185446427098e-28 2.15078106119849e-29 2.696502569402624e-24 350
1.43654 8.808963516678587e-28 2.056224911931059e-29 2.609986686897581e-24 192
1.49401 1.230454351801404e-27 3.201926268402618e-29 3.361693783802567e-24 44
1.55147 1.104131444961938e-27 4.221292921407203e-29 2.777730146929996e-24 25


0.0574618 7.14192877230424 0.0006205078979360359 22357017.40477198 18
0.114924 3.482688961639011 0.001004395928516207 2380909.772000381 62
0.172385 0.9966586984835233 0.0009959518202041918 284249.4343072364 98
0.229847 0.347265441803135 0.001073946711805435 54350.05472146751 210
0.287309 0.3041281911889481 0.000390982392245102 30396.35286719606 350
0.344771 0.113847293207647 0.0002192537353157531 7908.367040787962 450
0.402233 0.0381044059298605 0.000216651201674137 1931.181872128633 602
0.459694 0.02701101068014874 0.0001180980350596473 1038.476617740691 762
0.517156 0.01607427293215705 7.188549802818128e-05 489.5685152278771 1142
0.574618 0.01069185953416427 5.957265260371006e-05 264.5430712401718 1250
0.63208 0.007918135245621545 4.651178424141554e-05 161.2583070811689 1458
0.689542 0.005812491081956284 4.650484036566854e-05 99.19225573183749 1814
0.747003 0.004421998622183279 4.686254888962348e-05 64.38510831873279 2178
0.804465 0.00478167071996535 3.770292240200638e-05 59.99154464607717 2498
0.861927 0.004098612015519571 5.024833599421232e-05 44.70291092649154 2622
0.919389 0.00425468720236353 3.377483042058464e-05 40.67984074413425 3191
0.976851 0.002630054191129899 3.795374490862164e-05 22.31358578857252 3044
1.03431 3.172164654288622e-28 4.533714320875236e-30 2.402021067391835e-24 2736
1.09177 4.022023715376873e-28 5.532204714553827e-30 2.729070943330783e-24 2276
1.14924 4.424039056568901e-28 7.209909907273358e-30 2.706868828885438e-24 2016
1.2067 5.571972711636657e-28 8.874453416714484e-30 3.093235099259832e-24 1640
1.26416 6.224073273611204e-28 1.082190717346521e-29 3.147443840068281e-24 1056
1.32162 6.708355059348454e-28 1.403006471030084e-29 3.102784937251345e-24 683
1.37908 8.582932624568745e-28 1.568514816695175e-29 3.649774043935145e-24 350
1.43654 8.616485657395906e-28 1.553743060927918e-29 3.380291238915046e-24 192
1.49401 1.252057464962616e-27 2.272914586581527e-29 4.528647422625547e-24 44
1.55147 8.070811247107409e-28 2.776954338344544e-29 2.689304619455756e-24 25


0.0574618 4.691683564073303 0.0005172999638942455 18294953.91747975 18
0.114924 2.274785358365232 0.0006716298102208552 1937934.109986473 62
0.172385 0.96116566465043 0.0005779315063256411 340804.7652266881 98
0.229847 0.2995229050366243 0.0006814890516120073 58305.59017628251 210
0.287309 0.2578984405821647 0.0002203810902513778 32071.05655567521 350
0.344771 0.06645251737470689 0.0001828043421528359 5757.056919430116 450
0.402233 0.04931905233734528 9.685932211277191e-05 3101.770661308201 602
0.459694 0.02074738467727829 7.877535598302849e-05 993.1425670421009 762
0.517156 0.01298117679926356 4.660913116106667e-05 492.1240736004651 1142
0.574618 0.007846231937405603 4.240161028080493e-05 241.7771338943992 1250
0.63208 0.0057570940130028 3.385913063981522e-05 146.0230148604914 1458
0.689542 0.004168401147100764 3.359882394295654e-05 88.60178534676525 1814
0.747003 0.003802306697245038 2.861069990965693e-05 68.88785035352615 2178
0.804465 0.004148359310572966 2.277679378542962e-05 64.76790551512211 2498
0.861927 0.003789041144171172 2.785363837150987e-05 51.40747279282111 2622
0.919389 0.002767405873673133 2.744101773453315e-05 32.96219367266876 3191
0.976851 0.002382731961392262 2.145623864134092e-05 25.14985044449333 3044
1.03431 3.328189821001999e-28 3.72361507947392e-30 3.136800206411724e-24 2736
1.09177 3.915611479843176e-28 5.011613078696064e-30 3.308046962613811e-24 2276
1.14924 4.682744786977633e-28 5.924154335855588e-30 3.56616073434729e-24 2016
1.2067 5.847099734576146e-28 7.313054923704756e-30 4.040253224162303e-24 1640
1.26416 6.594229725034122e-28 8.746523808361549e-30 4.150414390107287e-24 1056
1.32162 7.681128857106031e-28 1.159394107233062e-29 4.421393678825357e-24 683
1.37908 9.034301296592713e-28 1.199673059333519e-29 4.781265552930249e-24 350
1.43654 8.485135258662227e-28 1.365191843115627e-29 4.144057611740341e-24 192
1.49401 1.193898413222879e-27 1.757760211675075e-29 5.375221770456723e-24 44
1.55147 1.08460584720595e-27 2.047275916262922e-29 4.495393483970879e-24 25


0.0574618 1.088788298957 0.0006809326975903688 5204281.521698503 18
0.114924 2.212902363280923 0.0004862801329268327 2254508.327661451 62
0.172385 0.8565192587255018 0.0003694204606426064 363251.9016945809 98
0.229847 0.361489347369411 0.0004097091432434421 83928.65958720422 210
0.287309 0.2002670937100476 0.0001692385731755971 29811.0750405851 350
0.344771 0.08120202334314884 8.910515538400848e-05 8399.180705490866 450
0.402233 0.03067238331563785 8.728826645180389e-05 2312.382641647602 602
0.459694 0.02017399489822765 4.746169850965935e-05 1154.553848123935 762
0.517156 0.01054698999567467 3.353145936400829e-05 478.5395194118018 1142
0.574618 0.006438961845718516 2.996919596458291e-05 237.4506205795071 1250
0.63208 0.005047052272323369 2.235084386346929e-05 153.1433872870616 1458
0.689542 0.004246507891019527 1.900751398519455e-05 107.8940583546597 1814
0.747003 0.003335892716751583 1.849101492659973e-05 72.30060728292445 2178
0.804465 0.003202768005467759 1.683801761370913e-05 59.8512235726167 2498
0.861927 0.003270843808310635 1.904162872871219e-05 53.09791548671708 2622
0.919389 0.002366682808541578 1.897335729190458e-05 33.7296298681045 3191
0.976851 0.00213818225266859 1.413867891632176e-05 27.00026213428668 3044
1.03431 3.244592238361357e-28 2.955124812386786e-30 3.65912168121702e-24 2736
1.09177 3.804337661510894e-28 3.749458828385186e-30 3.845407305396774e-24 2276
1.14924 4.368992919918325e-28 4.841659671290168e-30 3.981824621356388e-24 2016
1.2067 5.072616481227629e-28 6.236982537946007e-30 4.195532614581254e-24 1640
1.26416 5.749774726394968e-28 7.479582520883987e-30 4.331709505688031e-24 1056
1.32162 7.129475810069603e-28 9.185383541028162e-30 4.910978862173238e-24 683
1.37908 7.986061021255838e-28 1.034825171801685e-29 5.058714706516816e-24 350
1.43654 8.387848363388676e-28 1.004213904244081e-29 4.901242565776719e-24 192
1.49401 1.155908134856499e-27 1.397981921634243e-29 6.227360919955804e-24 44
1.55147 1.151104728966819e-27 1.761613785957055e-29 5.708894394961006e-24 25


0.0574618 5.402183150418578 5.266393098618764e-05 29276315.5535788 18
0.114924 1.264606034287528 0.0004272030455647818 1504130.249511834 62
0.172385 0.6536954280502539 0.0003017951443175951 323040.9740473329 98
0.229847 0.498643077307974 0.0001892894370032765 134410.6963962781 210
0.287309 0.1638926598215202 0.000136172953734513 28414.82570039633 350
0.344771 0.06546929051103915 7.27408191127225e-05 7887.419453349828 450
0.402233 0.03972485703421984 4.143218935719298e-05 3478.932523864431 602
0.459694 0.01592992875062018 3.789431998941825e-05 1061.982271403673 762
0.517156 0.008552822985349566 2.603663343217108e-05 451.9691124029393 1142
0.574618 0.005878139007498101 2.105694998533367e-05 252.3060808259118 1250
0.63208 0.00425681785769151 1.679768692173918e-05 150.4050019631292 1458
0.689542 0.003540088524910202 1.48705803874223e-05 104.7468951022815 1814
0.747003 0.002827191192548941 1.440215158021014e-05 71.35620478468847 2178
0.804465 0.002030540033127468 1.656410666243046e-05 44.24754970695516 2498
0.861927 0.002698439837778961 1.507252243419569e-05 51.01445300138007 2622
0.919389 0.001805667249492675 1.510948613058812e-05 29.97704991895979 3191
0.976851 0.001678042322309357 1.139989860815221e-05 24.67973747169172 3044
1.03431 3.243663007711546e-28 2.462176801995675e-30 4.258960639503869e-24 2736
1.09177 3.745438682940669e-28 3.139023004115436e-30 4.40790927789255e-24 2276
1.14924 4.378651689003626e-28 4.17150468283408e-30 4.64640914507276e-24 2016
1.2067 5.248702292139559e-28 4.927384664899149e-30 5.053460804332922e-24 1640
1.26416 6.027768038251053e-28 6.258421682778108e-30 5.286686924920369e-24 1056
1.32162 7.191162979844688e-28 7.465254555988397e-30 5.766846432768126e-24 683
1.37908 7.958799931451319e-28 8.761388736745133e-30 5.869785334696828e-24 350
1.43654 8.572334282008689e-28 9.054590670109955e-30 5.832424709550264e-24 192
1.49401 1.322753878571872e-27 1.037352609289297e-29 8.294733074608087e-24 44
1.55147 1.461738815241846e-27 1.278266966487356e-29 8.43661550141208e-24 25


0.0574618 3.022784127499691 0.0002237225277455256 18751533.96427509 18
0.114924 1.928983456101866 0.000213902026159876 2608948.104437834 62
0.172385 0.6212668230989409 0.0002163886982673738 350163.9051241385 98
0.229847 0.4438558793651832 0.000131453560141444 136512.1302944977 210
0.287309 0.1557993278415415 9.629443185832317e-05 30812.64518026311 350
0.344771 0.05116996428062697 6.270638130886872e-05 7039.182239287162 450
0.402233 0.02255223089482982 5.152833031343499e-05 2259.492279955825 602
0.459694 0.01499037639672138 2.748377510092643e-05 1139.966364428878 762
0.517156 0.008058417546084697 1.885044096335545e-05 485.7671737108465 1142
0.574618 0.005644011032551446 1.486421075307334e-05 276.323319479641 1250
0.63208 0.003498773218192699 1.364455169237138e-05 141.1162749142163 1458
0.689542 0.003030485669077812 1.170140405784099e-05 102.3366614763522 1814
0.747003 0.002942557697933531 8.829359667536044e-06 84.68259289194005 2178
0.804465 0.002276886749627421 1.019131598472108e-05 56.54754533610695 2498
0.861927 0.002346519947841798 1.1271493664925e-05 50.62067194361462 2622
0.919389 0.001923090441562403 9.601828860866217e-06 36.40188890082075 3191
0.976851 0.001656602962900814 7.687182490570123e-06 27.79142590983992 3044
1.03431 3.379998313167756e-28 2.370862007759303e-30 5.064866522594944e-24 2736
1.09177 4.039051041728578e-28 2.93416266342066e-30 5.42424475687505e-24 2276
1.14924 4.831883532079244e-28 3.805866499571275e-30 5.850395208605538e-24 2016
1.2067 5.599483517725075e-28 4.63988939101073e-30 6.152183716005802e-24 1640
1.26416 6.631965230953063e-28 5.721349328200325e-30 6.636950434937967e-24 1056
1.32162 7.343806299834123e-28 7.236449753710086e-30 6.721366741147667e-24 683
1.37908 7.519173553236464e-28 8.375583732881683e-30 6.329787748458113e-24 350
1.43654 7.679757618300161e-28 9.11452366026966e-30 5.964900545633339e-24 192
1.49401 9.194166622665485e-28 1.279734058034901e-29 6.585602298113271e-24 44
1.55147 1.071680668928579e-27 1.631473813782166e-29 7.065156286697149e-24 25


0.0574618 0.01893641204107381 0.0003777048631211255 300791.6619984217 18
0.114924 0.9194335139146045 0.0002923804071301365 1403781.782786415 62
0.172385 0.5302226399740212 0.0001787354385755119 335923.7997711126 98
0.229847 0.2285678006256697 0.0001850782975757722 79268.76830862617 210
0.287309 0.1510038154738893 6.588686762141967e-05 33543.85867904673 350
0.344771 0.04212988888714237 5.323403800304513e-05 6515.59473710509 450
0.402233 0.01957322404975025 4.091441370489362e-05 2203.938569291949 602
0.459694 0.01147171054368318 2.473197401551884e-05 981.1278958717717 762
0.517156 0.006669082976711377 1.570182565625659e-05 451.8972325939688 1142
0.574618 0.004447735863867377 1.305685200829229e-05 244.8375186264041 1250
0.63208 0.003350405742730389 1.012556838373037e-05 151.7878079031796 1458
0.689542 0.00244035518528395 1.005988193091337e-05 92.64752974472484 1814
0.747003 0.002619784395517372 6.91362854422084e-06 84.71710031374856 2178
0.804465 0.001864896547622386 8.909915348887945e-06 52.06596964827003 2498
0.861927 0.001934065128173206 9.722150364050378e-06 46.89996716752599 2622
0.919389 0.00164325984621164 8.134535379154475e-06 34.95966431221244 3191
0.976851 0.001182291237602344 7.782087843376142e-06 22.30740070456277 3044
1.03431 3.343959737783553e-28 1.929142799605219e-30 5.629797178366812e-24 2736
1.09177 3.899382363820112e-28 2.42473436611772e-30 5.88397837735339e-24 2276
1.14924 4.417307447974845e-28 3.242073801048135e-30 6.010485202821915e-24 2016
1.2067 5.01820607110547e-28 4.128148208533099e-30 6.196738144607416e-24 1640
1.26416 6.25636245008241e-28 4.802089576099582e-30 7.035475894990535e-24 1056
1.32162 6.931494365009331e-28 6.05548275594634e-30 7.12863504777131e-24 683
1.37908 7.207149915188544e-28 6.705407191547258e-30 6.816788874832293e-24 350
1.43654 7.533027499553572e-28 8.372947173520793e-30 6.575225648568977e-24 192
1.49401 8.658931755003389e-28 1.080061984486026e-29 6.969474789290154e-24 44
1.55147 9.088440257607041e-28 1.296210586654082e-29 6.7335446598217e-24 25


0.0574618 2.679885397467971 8.116699360933923e-05 20719419.50897924 18
0.114924 1.303141143145393 0.0001522143034222864 2200252.510888077 62
0.172385 0.4629647035772394 0.0001488741214439459 325664.3297082571 98
0.229847 0.2402766925184581 0.0001426443483309352 92406.65359595788 210
0.287309 0.1263015706873147 5.647566114911852e-05 31153.32849296556 350
0.344771 0.03654471792364995 4.474505854888816e-05 6275.655842133698 450
0.402233 0.02299071398856093 2.590733877579211e-05 2868.693337846906 602
0.459694 0.01141309302911536 1.84393591413606e-05 1082.936455579765 762
0.517156 0.006244707208210223 1.259314020932825e-05 469.6568089798915 1142
0.574618 0.004555386238172848 9.485947277423496e-06 278.1891929760528 1250
0.63208 0.003349891821939137 7.322404692408266e-06 168.3860683865381 1458
0.689542 0.001940411571316551 8.945186994986849e-06 81.83422101937758 1814
0.747003 0.002152846215697082 6.309481744236226e-06 77.30989645997276 2178
0.804465 0.001555144066237394 7.727601213480144e-06 48.21610449659048 2498
0.861927 0.001924438213320941 7.0509920838788e-06 51.78040817952126 2622
0.919389 0.001512125478570587 6.244537837585085e-06 35.70556270128314 3191
0.976851 0.00134924606775115 4.864196682656946e-06 28.23347539259567 3044
1.03431 3.104014307981402e-28 1.765631479672901e-30 5.802083522776364e-24 2736
1.09177 3.609051384366498e-28 2.235052506854901e-30 6.046497373895515e-24 2276
1.14924 4.385456169903056e-28 2.692561085650126e-30 6.623075100751888e-24 2016
1.2067 5.166240625771579e-28 3.398751195597017e-30 7.080220260401142e-24 1640
1.26416 5.657931217138237e-28 4.195448702601991e-30 7.063738614453423e-24 1056
1.32162 6.820365122757235e-28 4.982515091555158e-30 7.78549372125432e-24 683
1.37908 6.784202120084147e-28 5.436490162786809e-30 7.122557454085763e-24 350
1.43654 7.388182891632853e-28 6.973428883780911e-30 7.15791578693477e-24 192
1.49401 8.956598729195014e-28 7.418082103394965e-30 7.998567093322442e-24 44
1.55147 1.047401430813694e-27 1.138236102177985e-29 8.611506364832896e-24 25


0.0574618 3.221905079859732 3.62090104853657e-05 27332059.99481165 18
0.114924 1.014158169731513 0.0001705039750015103 1884959.015169667 62
0.172385 0.4559223389088485 0.0001142221132627068 352338.8422293399 98
0.229847 0.3040137394743602 7.769055055965374e-05 128238.4266126295 210
0.287309 0.09670655714840345 5.580326044595376e-05 26241.00283021201 350
0.344771 0.03327134857648034 3.714786567337957e-05 6280.196314504085 450
0.402233 0.02267590608223247 1.943529174799279e-05 3108.631398302378 602
0.459694 0.01126034612368597 1.401606814121193e-05 1173.867912587409 762
0.517156 0.006495341576121424 8.757361772691486e-06 536.5368306089986 1142
0.574618 0.003634901671876073 8.787136011393069e-06 244.1478790377136 1250
0.63208 0.002514792680475451 7.356426694650333e-06 139.0796106326353 1458
0.689542 0.002307989277922003 5.961145864608303e-06 106.8366477380869 1814
0.747003 0.001819194147933229 5.688569299368307e-06 71.83111069571069 2178
0.804465 0.001467031221064893 6.251799921472024e-06 49.98614135229215 2498
0.861927 0.001931882691339303 5.226745103874851e-06 57.11501284091682 2622
0.919389 0.001185977253318546 5.963418850211915e-06 30.80064590670122 3191
0.976851 0.001156358991858812 4.354997087504326e-06 26.60237133330991 3044
1.03431 3.377872101587716e-28 1.642539710789042e-30 6.93925873353801e-24 2736
1.09177 3.881700572995457e-28 1.963199598007632e-30 7.14671477410501e-24 2276
1.14924 4.479845283906078e-28 2.650914009764798e-30 7.437314961578806e-24 2016
1.2067 5.421149779373258e-28 3.184129699621909e-30 8.166063043434904e-24 1640
1.26416 6.043665004391863e-28 3.894011704116323e-30 8.292864887754872e-24 1056
1.32162 6.755325918352978e-28 4.879632223247076e-30 8.477109439741808e-24 683
1.37908 6.701759590077606e-28 5.610354712126444e-30 7.735562728247197e-24 350
1.43654 7.705103459761111e-28 6.308233752917285e-30 8.204531627550529e-24 192
1.49401 9.422639697149025e-28 8.212234745254779e-30 9.251228204640922e-24 44
1.55147 8.92314968201108e-28 1.050388903837531e-29 8.066646768632722e-24 25


0.0574618 0.6553741065486116 0.0001980892049704409 6207597.766045365 18
0.114924 0.92094064738487 0.0001343240831247246 1865978.04295837 62
0.172385 0.362810996798049 0.0001097345454781535 305987.7067128855 98
0.229847 0.1999793770447904 9.451171592546524e-05 92152.76401514208 210
0.287309 0.09326783156215387 4.623526975096503e-05 27586.27583629508 350
0.344771 0.03168969137092198 3.029068581381116e-05 6519.691231485269 450
0.402233 0.02010858690363268 1.726804082552543e-05 3005.978174151845 602
0.459694 0.009822672501331483 1.250782523233003e-05 1116.690900960094 762
0.517156 0.003963586746876233 1.071376542702793e-05 357.8296833347329 1142
0.574618 0.003617196578390421 6.915241382567777e-06 264.7704758768403 1250
0.63208 0.002675731871490308 5.409251146378084e-06 161.2096953123951 1458
0.689542 0.002085740646657085 4.995684702257973e-06 105.2631299130755 1814
0.747003 0.001691065946753676 4.801585125327463e-06 72.7943678969884 2178
0.804465 0.00151009994498209 4.788867968807231e-06 56.06669279160426 2498
0.861927 0.001823651386712828 4.246378850240407e-06 58.77406504201405 2622
0.919389 0.001126984275244244 4.984764114680478e-06 31.90582314931241 3191
0.976851 0.0009163346166046051 4.19724872212937e-06 22.99483716338888 3044
1.03431 3.32675917800708e-28 1.500588145711864e-30 7.45099800413404e-24 2736
1.09177 3.723583392309209e-28 1.877533570663601e-30 7.475267929125671e-24 2276
1.14924 4.485909805213503e-28 2.474982213197886e-30 8.119542136179231e-24 2016
1.2067 5.109726225889487e-28 3.085635869249411e-30 8.393069796744694e-24 1640
1.26416 6.04565532495121e-28 3.535402049575112e-30 9.043871147500584e-24 1056
1.32162 6.943175687054696e-28 4.540001649098766e-30 9.498684062361405e-24 683
1.37908 7.184323526630728e-28 4.935041577444533e-30 9.038952130936383e-24 350
1.43654 8.035992198777577e-28 5.511567777042397e-30 9.327526765659317e-24 192
1.49401 7.796552768634428e-28 8.714569002474009e-30 8.350780275378633e-24 44
1.55147 8.299649736638008e-28 1.092213549785657e-29 8.183625056487272e-24 25


0.0574618 0.596377341036467 0.0001465833883523738 6110037.053179822 18
0.114924 0.8817120168246836 0.0001030793741819092 1933163.265541221 62
0.172385 0.3944793606385807 7.988597800556369e-05 359824.3664657531 98
0.229847 0.20515135597994 7.70442709658845e-05 102299.705817373 210
0.287309 0.08578766865913183 4.187012352617059e-05 27479.11755796137 350
0.344771 0.03150854337100487 2.397306582089288e-05 7015.490457488881 450
0.402233 0.01764075968219792 1.576952932647425e-05 2856.167580830911 602
0.459694 0.008417631906017279 1.153029014866034e-05 1036.623918764987 762
0.517156 0.004493633448384301 7.856904404702524e-06 438.6649219514799 1142
0.574618 0.003527095639958375 5.578649515182275e-06 279.4630163779231 1250
0.63208 0.002182737941572477 5.163309510004007e-06 142.4778555066534 1458
0.689542 0.001870643036209813 4.397111006693672e-06 102.2343139364338 1814
0.747003 0.001469626601436728 4.292004400227353e-06 68.51541427134343 2178
0.804465 0.001386566096380554 4.079296352234021e-06 55.74109519083577 2498
0.861927 0.001468594416357923 4.226515819776775e-06 51.27287976035721 2622
0.919389 0.001162224963761257 3.873446884916107e-06 35.61076853983859 3191
0.976851 0.0007934875877319166 3.784334233733862e-06 21.56589508468801 3044
1.03431 3.1838684729575e-28 1.35196947090828e-30 7.721379992132915e-24 2736
1.09177 3.579889124897344e-28 1.635210074106801e-30 7.781255173013345e-24 2276
1.14924 4.427546316483165e-28 2.11541106430036e-30 8.676065150622576e-24 2016
1.2067 5.141580357584401e-28 2.557476942296448e-30 9.142440490366098e-24 1640
1.26416 5.715281559290316e-28 3.258827377429477e-30 9.258034120612162e-24 1056
1.32162 6.767850008123642e-28 3.941181874606897e-30 1.002442525105695e-23 683
1.37908 7.072501309929358e-28 4.136961820054907e-30 9.633410771080798e-24 350
1.43654 7.766964430280296e-28 5.128439312509409e-30 9.761945674671601e-24 192
1.49401 1.223728135573556e-27 4.505731620133784e-30 1.417089805553363e-23 44
1.55147 1.403674058618389e-27 6.538054079282586e-30 1.496228546606701e-23 25


0.0574618 2.131224988591045 2.295228610367552e-05 22993287.76999966 18
0.114924 0.631577687251013 0.0001296682491306392 1495489.77329439 62
0.172385 0.3034083705738943 8.268608963515452e-05 298314.9169574356 98
0.229847 0.2042703915850201 5.923794633775257e-05 109586.6423834669 210
0.287309 0.05511795617116232 4.787404953184041e-05 19053.572665299 350
0.344771 0.03217672881555259 1.837750055979767e-05 7707.405217713538 450
0.402233 0.01591984904666184 1.409577983544575e-05 2775.047359582869 602
0.459694 0.007723386309916698 1.005782649428383e-05 1023.907557454674 762
0.517156 0.005593195988352653 4.744856071013146e-06 586.8316288650848 1142
0.574618 0.002824864102801754 5.551305651575329e-06 241.1204894573844 1250
0.63208 0.002315415755533917 3.94046833557504e-06 162.5841032919406 1458
0.689542 0.001654962372756454 3.996634148415464e-06 97.38605243973106 1814
0.747003 0.001602642386991738 3.138955966737374e-06 80.36994319675256 2178
0.804465 0.001253287969166812 3.587349142224667e-06 54.23972654681487 2498
0.861927 0.001334776395856395 3.771082204091162e-06 50.16802067436155 2622
0.919389 0.001092763549862652 3.265557278205647e-06 36.03919013488085 3191
0.976851 0.0008074682293146417 3.077091778200306e-06 23.61503763206197 3044
1.03431 3.14082730719008e-28 1.243782719531329e-30 8.19924864156988e-24 2736
1.09177 3.578566586725654e-28 1.527839515503002e-30 8.373000626643029e-24 2276
1.14924 4.489881163823381e-28 1.927727952709734e-30 9.4701139005917e-24 2016
1.2067 5.223220059310179e-28 2.302034214029518e-30 9.996681814471298e-24 1640
1.26416 5.715206149869949e-28 2.891608793710367e-30 9.964732014556446e-24 1056
1.32162 6.446714004351796e-28 3.642766552683467e-30 1.027935125961163e-23 683
1.37908 6.638844855355505e-28 4.180307004785963e-30 9.736223294677859e-24 350
1.43654 8.283257379162262e-28 4.552317944247766e-30 1.120473946424212e-23 192
1.49401 7.353365102009183e-28 6.77360299323112e-30 9.178907629955948e-24 44
1.55147 1.255747607132269e-27 6.841760240146106e-30 1.441230100105916e-23 25


