0.144338 0.0002619953273579651 1.807653360516168e-05 0.7850143452867806 18
0.288675 0.001381662184497862 0.0002021545886305127 1.182333030631553 62
0.433013 0.003744394037501438 0.0006814385769634208 1.384871526207834 98
0.57735 0.007611605288788194 0.002809410714284632 1.576548267520342 210
0.721688 0.01308981099551516 0.007299319914597271 1.758923757163169 350
0.866025 0.0170272423545512 0.01377321616964062 1.599020789713195 450
1.01036 0.02525848319521186 0.02335739320133807 1.72525402193878 602
1.1547 0.03218491616127825 0.0403130382552148 1.67625078502674 762
1.29904 0.03986993744410251 0.07391640601901125 1.653451870409214 1142
1.44338 0.04205892828519008 0.08780140563855827 1.415653873692624 1250
1.58771 1.70420949310266e-33 2.004439525461265e-33 4.677603622498647e-32 1458
1.73205 1.92459868806859e-33 2.392491454265191e-33 4.422851845678467e-32 1814
1.87639 2.21967443533695e-33 2.759235705459744e-33 4.346844076648135e-32 2178
2.02073 2.600389782554423e-33 3.133706528336481e-33 4.391435631530892e-32 2498
2.16506 2.86860208392686e-33 3.711192135530241e-33 4.206660275981281e-32 2622
2.3094 3.036314281326373e-33 3.850724004264674e-33 3.905089449664582e-32 3191
2.45374 2.838704778784438e-33 3.838469448286635e-33 3.23590094930058e-32 3044
2.59808 2.381775326899422e-33 3.460436944224995e-33 2.425418718407887e-32 2736
2.74241 2.757781497430399e-33 2.977648924488786e-33 2.51273111451104e-32 2276
2.88675 2.856543171736459e-33 3.324022303274738e-33 2.347227075110396e-32 2016
3.03109 2.953919089517343e-33 3.717299719559263e-33 2.202615618541798e-32 1640
3.17543 2.873530054525409e-33 3.896287740953802e-33 1.952279637513375e-32 1056
3.31976 2.889532713491836e-33 3.64628993653869e-33 1.794250223618343e-32 683
3.4641 2.523800056211683e-33 3.423055064557796e-33 1.44160747536028e-32 350
3.60844 3.304477431788862e-33 3.998765068469294e-33 1.740355008454932e-32 192
3.75278 4.418624626078911e-33 4.332471899977599e-33 2.145697761014694e-32 44
3.89711 3.245256970684558e-33 5.61807012840545e-33 1.454270793849306e-32 25


0.144338 0.02296367434381979 0.003584162889200076 1846.366116088511 18
0.288675 0.0407910299945919 0.005762545155767547 479.2747251268693 62
0.433013 0.0176714106490202 0.002827722893171224 77.3280818776732 98
0.57735 0.007395586903421341 0.002369461238056941 17.93088868991769 210
0.721688 0.005961795637523159 0.0006680138038358271 8.137229991790553 350
0.866025 0.003064773648175492 0.0004607890323390264 2.886905080908347 450
1.01036 0.002685951228853321 0.0005009660334826779 1.832206865433921 602
1.1547 0.003453113534983671 0.000629946554158475 1.773197385795896 762
1.29904 0.004391691400492796 0.0009950858525592881 1.78430476915666 1142
1.44338 0.004198207351150298 0.001202847204934736 1.385246049361623 1250
1.58771 1.027109632183919e-31 2.695241924328914e-32 2.77171402024404e-29 1458
1.73205 1.269009092721586e-31 4.04859198984555e-32 2.868562962280672e-29 1814
1.87639 1.552922778300303e-31 5.263351777837125e-32 2.9870020235959e-29 2178
2.02073 1.934714528522186e-31 6.915514026264714e-32 3.203197252374662e-29 2498
2.16506 2.376926886006476e-31 8.730078462136771e-32 3.412507768557324e-29 2622
2.3094 2.729696326476232e-31 1.161069065340024e-31 3.439865070278177e-29 3191
2.45374 3.356892932689833e-31 1.566646312206985e-31 3.747646050648796e-29 3044
2.59808 3.979050761599091e-31 1.886697106806064e-31 3.959710018781973e-29 2736
2.74241 4.72656973433068e-31 2.367010620874635e-31 4.21265188156881e-29 2276
2.88675 5.750257961899716e-31 2.923610098229533e-31 4.615489278918849e-29 2016
3.03109 6.676015342875719e-31 3.49594032231629e-31 4.85892602014149e-29 1640
3.17543 6.540974044995539e-31 4.115403626643346e-31 4.341166363878716e-29 1056
3.31976 8.127780971617602e-31 5.227569809194239e-31 4.928425522312311e-29 683
3.4641 7.49455139527024e-31 5.781963453962493e-31 4.184236198750824e-29 350
3.60844 8.544254988518793e-31 6.909531890085731e-31 4.399197238037821e-29 192
3.75278 9.906027693058033e-31 8.267128660500068e-31 4.699549657266388e-29 44
3.89711 7.20962560037947e-31 1.085876494911279e-30 3.174265049473141e-29 25


0.144338 0.006231070554758738 0.001591726497182246 1666.566742574592 18
0.288675 0.02710486643103115 0.001232316378627993 581.9628975879795 62
0.433013 0.01041668433037034 0.0007526985907184676 86.89653880362934 98
0.57735 0.004456767604360914 0.0007174775975082452 20.6201441236223 210
0.721688 0.001836063022897211 0.0003007257736535997 5.127359489510194 350
0.866025 0.001270025183461333 0.0001598093634754508 2.336048355160345 450
1.01036 0.001121350519569462 0.0001745658677533474 1.488455805502318 602
1.1547 0.001446718310610732 0.0002205847689207138 1.437285634482628 762
1.29904 0.001963858112953765 0.0003247826837052567 1.534007870100124 1142
1.44338 0.002093127369057207 0.0003534847442256521 1.317998161675611 1250
1.58771 9.107831572326957e-32 1.700314939586371e-32 4.706963753128706e-29 1458
1.73205 1.139553537612984e-31 2.376178755235068e-32 4.920797872676619e-29 1814
1.87639 1.419023940333366e-31 3.075313847354531e-32 5.20738077516301e-29 2178
2.02073 1.778632189920048e-31 4.020369182690538e-32 5.613783116790307e-29 2498
2.16506 2.079159786614915e-31 5.107202033237875e-32 5.693575766830636e-29 2622
2.3094 2.375138237750724e-31 6.601977650126326e-32 5.705593386981167e-29 3191
2.45374 2.955252784867829e-31 8.218920037629976e-32 6.277337099401827e-29 3044
2.59808 3.616047884474458e-31 1.022115818046489e-31 6.844874464220882e-29 2736
2.74241 4.018749992263275e-31 1.335948809635768e-31 6.822962429360242e-29 2276
2.88675 4.697053356265281e-31 1.644036226044305e-31 7.183236433510906e-29 2016
3.03109 5.156609378488411e-31 1.95372572407368e-31 7.152906979334808e-29 1640
3.17543 5.723747470529841e-31 2.136536514176655e-31 7.22037013787259e-29 1056
3.31976 7.324584618595343e-31 2.685172477795756e-31 8.436236882988716e-29 683
3.4641 7.483988661831604e-31 3.305176316806247e-31 7.93750340875413e-29 350
3.60844 8.886348430997324e-31 3.252095448899209e-31 8.666264073766909e-29 192
3.75278 1.023653877626924e-30 3.175071288998648e-31 9.184084093088283e-29 44
3.89711 1.215565949036804e-30 4.472076317536553e-31 1.004261379968135e-28 25


0.144338 0.002863978109901931 0.0009442624317928794 1664.351291103442 18
0.288675 0.01519654501155279 0.0006947820900012852 524.671919492275 62
0.433013 0.006029331525899714 0.0004056486118600672 78.58215554780392 98
0.57735 0.004160536562271655 0.0002455897236739592 26.93902505194567 210
0.721688 0.001470302901310333 0.0001243122132058139 5.965930702834569 350
0.866025 0.0008707512947612666 7.272494802654887e-05 2.373813240003245 450
1.01036 0.0007171238044844515 8.628340412195067e-05 1.420008364841175 602
1.1547 0.0008791525609163767 0.0001134329400247904 1.30526973433988 762
1.29904 0.001240351469622068 0.0001620400138982372 1.440323328455935 1142
1.44338 0.001320253621669991 0.0001756662536333792 1.233763199672133 1250
1.58771 8.346262930117989e-32 1.213424657385619e-32 6.392290023980903e-29 1458
1.73205 1.077904670625253e-31 1.675782328977294e-32 6.886613163897045e-29 1814
1.87639 1.354416959366014e-31 2.165181313166605e-32 7.348034906103923e-29 2178
2.02073 1.689675663178052e-31 2.867555341052811e-32 7.883406638008301e-29 2498
2.16506 2.025323696808015e-31 3.778591389439686e-32 8.200146723201682e-29 2622
2.3094 2.316211981264715e-31 4.594641720556696e-32 8.212932291465985e-29 3191
2.45374 2.796602890086768e-31 5.679246377887626e-32 8.769985625901958e-29 3044
2.59808 3.242090774597631e-31 7.235180048833837e-32 9.070070013971802e-29 2736
2.74241 3.604287204766232e-31 9.39514870555369e-32 9.044215214758668e-29 2276
2.88675 4.431709944120688e-31 1.113660812202359e-31 9.998679414645326e-29 2016
3.03109 5.02627136305126e-31 1.220379707610829e-31 1.026739734190074e-28 1640
3.17543 5.429467919791801e-31 1.442374869662364e-31 1.010113070286817e-28 1056
3.31976 7.260402940146672e-31 1.928747601116255e-31 1.233436915860766e-28 683
3.4641 7.145388682353297e-31 2.202160625569536e-31 1.117345028889299e-28 350
3.60844 7.827271404474384e-31 2.36836872742741e-31 1.127448361469751e-28 192
3.75278 1.084974104741869e-30 2.974084067157302e-31 1.437915299690028e-28 44
3.89711 1.249760899638618e-30 3.997465423506091e-31 1.526427429578874e-28 25


0.144338 0.003810711880491727 0.0004748018798174925 1877.047419930149 18
0.288675 0.008436098159571415 0.000582305891306288 451.9667412448028 62
0.433013 0.003870421917082848 0.0002758551964929524 71.41586905081041 98
0.57735 0.002927764487791931 0.000149805499272953 25.68040381759246 210
0.721688 0.0007793001613592024 9.715646410506386e-05 4.514198322067818 350
0.866025 0.0006433893088062651 4.135591431056384e-05 2.336276397350101 450
1.01036 0.0004958476495597522 5.432432458861922e-05 1.319557213379969 602
1.1547 0.0006156703092147301 7.068339476033961e-05 1.223373683081087 762
1.29904 0.0008965922273525619 9.693654330986874e-05 1.385544109943992 1142
1.44338 0.0009101756347672346 0.0001105441646983441 1.134628486685075 1250
1.58771 7.766158874709683e-32 9.960270350839687e-33 7.916065514826718e-29 1458
1.73205 9.935211507792014e-32 1.421932610046839e-32 8.454928881315957e-29 1814
1.87639 1.188456395054419e-31 1.76319236918955e-32 8.579876371081207e-29 2178
2.02073 1.490452848259212e-31 2.289334608568807e-32 9.240567918016341e-29 2498
2.16506 1.825907372259706e-31 3.060168746402239e-32 9.817105859335877e-29 2622
2.3094 2.119117236991054e-31 3.552497020207625e-32 9.961957571124024e-29 3191
2.45374 2.587584812205883e-31 4.506142990416601e-32 1.075882358387352e-28 3044
2.59808 3.035277452379872e-31 5.491718983770441e-32 1.1243132537232e-28 2736
2.74241 3.508329206245088e-31 6.788054680194464e-32 1.163548994998561e-28 2276
2.88675 4.168464259263249e-31 8.769376150502847e-32 1.24559904725215e-28 2016
3.03109 4.558487444634118e-31 1.015331319979612e-31 1.23494571636416e-28 1640
3.17543 5.168769286837819e-31 1.148798712441499e-31 1.273168572902802e-28 1056
3.31976 6.3740324896416e-31 1.521437130093123e-31 1.435103706534948e-28 683
3.4641 6.898831179266164e-31 1.631955757396654e-31 1.426330487970565e-28 350
3.60844 8.008683866832134e-31 1.453209648095755e-31 1.520852762872899e-28 192
3.75278 9.356762188484586e-31 2.084769372197622e-31 1.640439082523141e-28 44
3.89711 1.10435706849546e-30 1.624995540738025e-31 1.773643268050392e-28 25


0.144338 0.00497872907522103 0.0001705109670995933 2107.142077785405 18
0.288675 0.004731102736029565 0.0005263063082702161 395.5768153111181 62
0.433013 0.002745961807083796 0.0002029183424701774 67.05988905011831 98
0.57735 0.001600170156685192 0.0001509816662278975 19.61635207416667 210
0.721688 0.0008372698267887837 4.630573317206268e-05 5.72104395915057 350
0.866025 0.0003553612682746116 4.013398311485425e-05 1.717463695721904 450
1.01036 0.0003417769559047807 4.06819158345822e-05 1.163861565346194 602
1.1547 0.0004957646029814127 4.551619009764862e-05 1.229388036236235 762
1.29904 0.0005773073572179773 7.736340850985683e-05 1.138875321860101 1142
1.44338 0.0006879592609531803 7.602983449393087e-05 1.074660239049871 1250
1.58771 6.646616118254718e-32 8.979417307305907e-33 8.534552683290712e-29 1458
1.73205 9.461975368992206e-32 1.189228161578356e-32 1.00596747483899e-28 1814
1.87639 1.118783721834136e-31 1.495924597654091e-32 1.009371588286148e-28 2178
2.02073 1.362081469327216e-31 1.96857997302098e-32 1.056279669310873e-28 2498
2.16506 1.750820044403864e-31 2.464319605848242e-32 1.17297444157566e-28 2622
2.3094 1.959691085212522e-31 2.923421393214029e-32 1.149326337267757e-28 3191
2.45374 2.43446646615199e-31 3.878869620953713e-32 1.26296212954293e-28 3044
2.59808 2.843619432661799e-31 4.599817841592518e-32 1.313424679713663e-28 2736
2.74241 3.210072205080334e-31 5.711252535294155e-32 1.32795990428314e-28 2276
2.88675 3.773510950545313e-31 7.415927648506831e-32 1.406893813676582e-28 2016
3.03109 4.424157225951981e-31 7.82286194671261e-32 1.490504077405021e-28 1640
3.17543 4.679536033996118e-31 9.273914200400542e-32 1.43623654005092e-28 1056
3.31976 6.098722014933138e-31 1.116617421941156e-31 1.706576742965087e-28 683
3.4641 6.464742066702239e-31 1.403005205149912e-31 1.665546899238933e-28 350
3.60844 6.02973835982788e-31 1.638173179532764e-31 1.436676268628172e-28 192
3.75278 7.72383122126676e-31 2.185996150925099e-31 1.695634509375302e-28 44
3.89711 7.382818506962227e-31 2.723362370460367e-31 1.496750038659922e-28 25


0.144338 0.004273840752355619 9.363207108499976e-05 2129.65487210007 18
0.288675 0.003404018845839887 0.0004201681205864852 383.3798853172159 62
0.433013 0.002118379370930042 0.0001538289723021033 64.87358896251274 98
0.57735 0.001143485808121012 0.0001215894256820116 17.93813526914805 210
0.721688 0.0006078708068532311 3.856013617644645e-05 5.151349489802375 350
0.866025 0.0002984333692720694 2.841471135896111e-05 1.736201600760508 450
1.01036 0.0002762102591686778 2.961952743633726e-05 1.137860206565504 602
1.1547 0.0003834926038076614 3.450033141073571e-05 1.152786861710605 762
1.29904 0.0005093018379653184 5.187778664868368e-05 1.198103443480026 1142
1.44338 0.0005530542691256432 5.535053087910206e-05 1.039606624755864 1250
1.58771 6.045144985456374e-32 7.699566241625404e-33 9.355808207783545e-29 1458
1.73205 9.237322976918799e-32 1.024689950631436e-32 1.178922260401401e-28 1814
1.87639 1.074380169791258e-31 1.337479520028116e-32 1.16524577223107e-28 2178
2.02073 1.338879697808099e-31 1.648025526595778e-32 1.243926011696e-28 2498
2.16506 1.769054121038206e-31 2.09589736223056e-32 1.419174811188131e-28 2622
2.3094 1.853285892172996e-31 2.646362205740686e-32 1.305601897659314e-28 3191
2.45374 2.39400651286995e-31 3.212449357505928e-32 1.48685247997506e-28 3044
2.59808 2.621703129243396e-31 4.091087091831951e-32 1.453814393479643e-28 2736
2.74241 3.043335375845923e-31 4.928428325329164e-32 1.50936009320655e-28 2276
2.88675 3.753294992958394e-31 6.065234986941866e-32 1.673737956141008e-28 2016
3.03109 4.114097492464586e-31 6.770862809026845e-32 1.66155520236132e-28 1640
3.17543 4.488484814755281e-31 7.82444668291464e-32 1.649500171920503e-28 1056
3.31976 5.259757482431679e-31 9.462658211091352e-32 1.765274720966295e-28 683
3.4641 5.958628333639777e-31 1.177268611688209e-31 1.839008369409603e-28 350
3.60844 6.354722054516607e-31 1.227757998111314e-31 1.805823449570687e-28 192
3.75278 1.049492981962104e-30 1.497530005242255e-31 2.735476598529758e-28 44
3.89711 1.021839360023594e-30 1.480191138056019e-31 2.450080685385268e-28 25


0.144338 0.002191218907773984 0.0001670870062445716 1946.524541527828 18
0.288675 0.003471928113468754 0.0002768404417255543 411.7227971226162 62
0.433013 0.001738773285544309 0.0001185304721434452 64.00271532515983 98
0.57735 0.0009276185919858418 9.530383651584648e-05 17.5330806892427 210
0.721688 0.0003467368671106444 4.222247327713871e-05 3.869522890739085 350
0.866025 0.0002483158411661189 2.153089247601258e-05 1.702346192833622 450
1.01036 0.0002655927208090728 1.940164949263e-05 1.254388006746846 602
1.1547 0.0003148670461637458 2.661638554689808e-05 1.112573850604597 762
1.29904 0.0004048908504161219 4.145851254822392e-05 1.123047719306365 1142
1.44338 0.0004548090515084362 4.273985101736056e-05 1.001883835495292 1250
1.58771 6.570567972929937e-32 6.37947253108402e-33 1.178997113778021e-28 1458
1.73205 8.690410434969384e-32 9.343944992456913e-33 1.299352424906226e-28 1814
1.87639 1.025874385153347e-31 1.21077388436863e-32 1.301851268907978e-28 2178
2.02073 1.226777526144332e-31 1.549157213026172e-32 1.336352503529743e-28 2498
2.16506 1.544786458355096e-31 1.978867607179538e-32 1.453520786530491e-28 2622
2.3094 1.761398099033889e-31 2.330952179249512e-32 1.448656345311314e-28 3191
2.45374 2.210731586046019e-31 2.944737201439633e-32 1.60525026138803e-28 3044
2.59808 2.522659420275646e-31 3.698137481121125e-32 1.632960552543355e-28 2736
2.74241 2.841409545424331e-31 4.262101457460284e-32 1.644028671070858e-28 2276
2.88675 3.472945659876492e-31 5.415936209935311e-32 1.808004426040657e-28 2016
3.03109 3.978826383339729e-31 6.089833842583455e-32 1.874145547207294e-28 1640
3.17543 4.537418566308769e-31 6.527380704476882e-32 1.939998273477652e-28 1056
3.31976 5.026037415474509e-31 8.63771336731138e-32 1.967849409297301e-28 683
3.4641 5.983595470230283e-31 9.874568989087245e-32 2.148828351420069e-28 350
3.60844 5.286740815322478e-31 1.19906946497518e-31 1.759049461990832e-28 192
3.75278 6.767612581970284e-31 1.549593877054267e-31 2.074053151642525e-28 44
3.89711 1.012455897520985e-30 1.278769456322982e-31 2.826813676121445e-28 25


0.144338 0.0007790531715265986 0.0002154436751272109 1801.99450853281 18
0.288675 0.003512848847235754 0.0001764009689794929 436.832441105768 62
0.433013 0.001486550389445518 9.266566386058666e-05 63.77908220754395 98
0.57735 0.000775607260568261 7.703469720667921e-05 17.24968761339784 210
0.721688 0.0003036450922273868 3.287620240520223e-05 3.901151888815732 350
0.866025 0.0002055575834496518 1.763448969218784e-05 1.639954017040656 450
1.01036 0.000179320076351466 1.938213799531133e-05 1.021156709881026 602
1.1547 0.0002452894094086403 2.309988823373408e-05 1.011299583383621 762
1.29904 0.0003163173279718022 3.55357818969206e-05 1.020978572273489 1142
1.44338 0.0003520807773707695 3.728631598644315e-05 0.9000453164659057 1250
1.58771 5.673323960675392e-32 6.57916857419923e-33 1.183100429378764e-28 1458
1.73205 7.980741839183445e-32 8.756019020840403e-33 1.373255806224545e-28 1814
1.87639 9.819456799310762e-32 1.11797742531883e-32 1.429351325590758e-28 2178
2.02073 1.176400241457472e-31 1.36624705437883e-32 1.466233566792389e-28 2498
2.16506 1.535140703350471e-31 1.752254399698689e-32 1.650963028860847e-28 2622
2.3094 1.737931762656335e-31 2.095331856065132e-32 1.634424464320413e-28 3191
2.45374 2.072687246559417e-31 2.663819339434141e-32 1.72286565650485e-28 3044
2.59808 2.51087085098407e-31 3.242212246264546e-32 1.855680880477456e-28 2736
2.74241 2.758180982936343e-31 3.767182073220738e-32 1.823589235529708e-28 2276
2.88675 3.358943539356785e-31 5.068105997896665e-32 2.000809324339512e-28 2016
3.03109 3.950754581654627e-31 5.232409203020084e-32 2.123467559232697e-28 1640
3.17543 3.741987407326784e-31 6.577692890317235e-32 1.838850411252041e-28 1056
3.31976 4.416027916535059e-31 7.804445666777471e-32 1.979858469280288e-28 683
3.4641 5.836433095135492e-31 9.048106634996867e-32 2.394810534028397e-28 350
3.60844 6.071266016300137e-31 9.720262664636375e-32 2.295644208831641e-28 192
3.75278 8.80140429463324e-31 9.651555609998136e-32 3.047790709351291e-28 44
3.89711 9.722486069699284e-31 1.208653881155672e-31 3.1010493037975e-28 25


0.144338 0.001051448502324665 0.0001510780921450318 1872.651267084878 18
0.288675 0.002760306563365239 0.0001625397614220345 422.0097987261121 62
0.433013 0.001287328323333989 7.483213880643677e-05 63.42956382151433 98
0.57735 0.0006634088092992703 6.373548583251e-05 17.04342433282684 210
0.721688 0.0002717150109593859 2.619922074733759e-05 3.946287884278203 350
0.866025 0.0001852125493770097 1.372915462906077e-05 1.66335967360611 450
1.01036 0.0001837197798832477 1.339795993631075e-05 1.146269841472777 602
1.1547 0.0001970611520813038 2.021520011656353e-05 0.9337195370861457 762
1.29904 0.0002767731933400229 2.878663803763764e-05 1.009863685237059 1142
1.44338 0.0003001110720197978 3.084048232879716e-05 0.869071837364733 1250
1.58771 5.585658071778214e-32 5.988172618477543e-33 1.313891664068693e-28 1458
1.73205 7.949179542639801e-32 8.138609524918607e-33 1.542987169172511e-28 1814
1.87639 9.618622978013542e-32 1.019595440586169e-32 1.578462384778276e-28 2178
2.02073 1.136112577546067e-31 1.241795200017435e-32 1.596450606671005e-28 2498
2.16506 1.450786125563779e-31 1.635710280351969e-32 1.761537194021386e-28 2622
2.3094 1.680349616724434e-31 1.96605554793934e-32 1.782072920992581e-28 3191
2.45374 2.026687167854709e-31 2.419115360233438e-32 1.896710320798075e-28 3044
2.59808 2.417076964180794e-31 2.930090546607114e-32 2.011726495988414e-28 2736
2.74241 2.692492004958992e-31 3.466135229362788e-32 2.004140183205609e-28 2276
2.88675 3.473764980971721e-31 4.337327160132251e-32 2.321842537341693e-28 2016
3.03109 3.662721509163712e-31 4.852819682659207e-32 2.218091931658462e-28 1640
3.17543 3.803987656539289e-31 5.555860997490881e-32 2.097666794132638e-28 1056
3.31976 4.67499989843457e-31 6.011940867967391e-32 2.345776911794424e-28 683
3.4641 5.309429218186305e-31 8.284635925365487e-32 2.454416385781612e-28 350
3.60844 5.44958931178302e-31 1.064658090506253e-31 2.330156879974772e-28 192
3.75278 6.210117567682921e-31 1.491826138863444e-31 2.456801526894325e-28 44
3.89711 9.016463691055081e-31 1.235452279405633e-31 3.239626684650753e-28 25


0.144338 0.001867538019031713 5.539451109885355e-05 2029.565546156396 18
0.288675 0.001718204795394267 0.0001881392712293612 384.8527546323782 62
0.433013 0.001090228359834917 6.488614608891207e-05 62.08874215962744 98
0.57735 0.0005873173517702613 5.293545547685815e-05 17.03608624260044 210
0.721688 0.0002212355009403148 2.333321243455207e-05 3.733333147222295 350
0.866025 0.00015963461176005 1.162458108943243e-05 1.616878351395017 450
1.01036 0.0001446537045943672 1.253069416701539e-05 1.035812877624192 602
1.1547 0.0001995895912022313 1.45001600476439e-05 1.030278688197217 762
1.29904 0.0002709684345896125 2.1447705348855e-05 1.086062750217086 1142
1.44338 0.0002575259891056674 2.625907720650085e-05 0.8355850454098357 1250
1.58771 5.448832851611103e-32 5.595991401953134e-33 1.431119961987934e-28 1458
1.73205 7.68419750301544e-32 7.392663691226015e-33 1.662052925916615e-28 1814
1.87639 8.679071464033047e-32 1.002687940688332e-32 1.598331908197345e-28 2178
2.02073 1.101603652058426e-31 1.16583440568086e-32 1.725706027000231e-28 2498
2.16506 1.390631581988097e-31 1.531526040080195e-32 1.881720468925606e-28 2622
2.3094 1.60699808137931e-31 1.843446110148069e-32 1.899160891997805e-28 3191
2.45374 1.977504432805701e-31 2.246835551815788e-32 2.059648351560828e-28 3044
2.59808 2.203837762674737e-31 2.800937570930162e-32 2.046544140357117e-28 2736
2.74241 2.575422285836794e-31 3.243551477054908e-32 2.134082832502818e-28 2276
2.88675 3.154172458118804e-31 4.205432977408471e-32 2.351628288217254e-28 2016
3.03109 3.48776690279246e-31 4.545456248290405e-32 2.350560877188023e-28 1640
3.17543 3.822547398842875e-31 5.020308535720668e-32 2.340591949227048e-28 1056
3.31976 4.262401472211105e-31 5.891778935108841e-32 2.383583224053384e-28 683
3.4641 5.311409815857174e-31 7.220216764819988e-32 2.724149520635803e-28 350
3.60844 6.044337770132005e-31 7.816631793249432e-32 2.8522111997453e-28 192
3.75278 8.740916005589651e-31 7.76220298281075e-32 3.77775852827045e-28 44
3.89711 7.145152221148097e-31 1.461419812060111e-31 2.878200767139572e-28 25


0.144338 0.001701720454512246 4.168739058479286e-05 2033.175272170442 18
0.288675 0.001324410682270489 0.0001761727115426708 374.8771840909524 62
0.433013 0.0008765326847965463 6.178182899372476e-05 59.32931116395626 98
0.57735 0.0005430896453289638 4.332538026741648e-05 17.31204941100425 210
0.721688 0.0001761919612069348 2.154287064536739e-05 3.481257052435426 350
0.866025 0.0001117235469647905 1.234297769286263e-05 1.354505080987041 450
1.01036 0.0001055126965313317 1.259317726353508e-05 0.8841547474772363 602
1.1547 0.0001395018060323005 1.55839528651188e-05 0.8390477451498745 762
1.29904 0.0002128815715604009 2.06583627328195e-05 0.9641448054853378 1142
1.44338 0.0002377561149308966 2.146673091975327e-05 0.8481514251040088 1250
1.58771 5.285529937324658e-32 5.280897108817102e-33 1.536702897861291e-28 1458
1.73205 7.234165630673701e-32 6.933919217870049e-33 1.731315334305708e-28 1814
1.87639 8.824959582867795e-32 8.996139609268529e-33 1.785770358069224e-28 2178
2.02073 1.054139463616769e-31 1.120533795737261e-32 1.825473416427678e-28 2498
2.16506 1.308392412508352e-31 1.466641800098977e-32 1.956918466194509e-28 2622
2.3094 1.567662816641401e-31 1.696147316889995e-32 2.040924784616023e-28 3191
2.45374 1.901332022795016e-31 2.118862180327719e-32 2.183850172340214e-28 3044
2.59808 2.160700896132111e-31 2.550171138927228e-32 2.208444275883682e-28 2736
2.74241 2.536068883950764e-31 2.93126530887615e-32 2.311857579532742e-28 2276
2.88675 3.17818062809838e-31 3.782557024249499e-32 2.604566137420439e-28 2016
3.03109 3.409800008612734e-31 4.15458928835056e-32 2.52890202406982e-28 1640
3.17543 3.524179871747464e-31 4.722912241676343e-32 2.379488975827803e-28 1056
3.31976 4.157602200959682e-31 5.35162510158406e-32 2.557463356089648e-28 683
3.4641 5.178943453554e-31 6.646376502962418e-32 2.922694245532371e-28 350
3.60844 5.985937337809081e-31 7.824356748922315e-32 3.111767626113213e-28 192
3.75278 6.827253201314344e-31 7.524404835975431e-32 3.257389249372343e-28 44
3.89711 9.60716206840745e-31 1.33834985867479e-31 4.229489024397012e-28 25


0.144338 0.0007407318745096847 9.400146203909309e-05 1891.327902885324 18
0.288675 0.001661543256307323 0.0001168476778970705 404.2692399888479 62
0.433013 0.0006719200714335992 6.193231520183889e-05 55.86344205601394 98
0.57735 0.0005220888161883562 3.454709503090065e-05 17.84900721041506 210
0.721688 0.0001447538558098778 1.973309241559208e-05 3.30589586708559 350
0.866025 8.920562340173445e-05 1.158013851788084e-05 1.247388237817501 450
1.01036 0.0001220562326829945 8.57641224570414e-06 1.052716701592438 602
1.1547 0.0001526125639475752 1.10590340036542e-05 0.9658382314684927 762
1.29904 0.0001927888005304836 1.764191359178222e-05 0.9570130479254468 1142
1.44338 0.0002071633055505667 1.902188782686468e-05 0.8140219816701596 1250
1.58771 5.157012678988769e-32 5.007446481903635e-33 1.643422973447224e-28 1458
1.73205 6.980987786059174e-32 6.469208750213908e-33 1.830127249860061e-28 1814
1.87639 8.45591453290123e-32 8.614944176779561e-33 1.876507347446485e-28 2178
2.02073 1.012221947725376e-31 1.064655040200803e-32 1.920763243007026e-28 2498
2.16506 1.250373105391971e-31 1.384454702683653e-32 2.048389043811771e-28 2622
2.3094 1.484787578959363e-31 1.626554409407882e-32 2.117514245105258e-28 3191
2.45374 1.786504198902152e-31 2.033631710907128e-32 2.247706458114638e-28 3044
2.59808 2.117464705421778e-31 2.360095612771622e-32 2.363275631749837e-28 2736
2.74241 2.393317321082136e-31 2.900895097179295e-32 2.3899550642906e-28 2276
2.88675 3.004419914424685e-31 3.631641933571399e-32 2.693318666400211e-28 2016
3.03109 3.19890581181942e-31 4.097456283702106e-32 2.597198916577041e-28 1640
3.17543 3.590881205025683e-31 4.34867402206191e-32 2.643261680289449e-28 1056
3.31976 3.915552363433092e-31 5.194732780051289e-32 2.634312889417292e-28 683
3.4641 4.627933331761444e-31 6.218069939054389e-32 2.856891194446945e-28 350
3.60844 5.281611616386749e-31 7.874519291151343e-32 3.008207020452259e-28 192
3.75278 5.210902274485194e-31 7.155603702593173e-32 2.72642542005099e-28 44
3.89711 7.632450490087513e-31 1.323391232889531e-31 3.687940375858348e-28 25


0.144338 0.0003322276945192373 0.000108370819681138 1833.731339144701 18
0.288675 0.001893809084283232 7.172684678546844e-05 428.666884447707 62
0.433013 0.0005326879373677978 5.993377480107079e-05 53.53993051263927 98
0.57735 0.0005089891383938979 2.711337212108201e-05 18.45022689157061 210
0.721688 0.0001251160554557199 1.777988597385831e-05 3.222298056007233 350
0.866025 9.068457336501115e-05 9.321401684386204e-06 1.333256058222318 450
1.01036 0.0001216245503584843 6.507541115993955e-06 1.118052448155806 602
1.1547 0.0001272106021735922 1.055315685652588e-05 0.8944356766150903 762
1.29904 0.0001808071536433995 1.480127586733755e-05 0.9715748836306963 1142
1.44338 0.000183357666902544 1.693338344134467e-05 0.7874755494278455 1250
1.58771 5.179563675588209e-32 4.646917624726358e-33 1.791960397427607e-28 1458
1.73205 6.573486167799141e-32 6.134307577089053e-33 1.879701180130115e-28 1814
1.87639 8.087346371887986e-32 8.361366947568375e-33 1.957219444155898e-28 2178
2.02073 9.837242910061891e-32 9.877039669607036e-33 2.027296151916808e-28 2498
2.16506 1.237284403876028e-31 1.294868176947485e-32 2.199969755801642e-28 2622
2.3094 1.499327200162116e-31 1.498762396838696e-32 2.316477307544994e-28 3191
2.45374 1.842387086957985e-31 1.828059610745608e-32 2.506346196397555e-28 3044
2.59808 2.065469148098693e-31 2.259866383164958e-32 2.503368932635223e-28 2736
2.74241 2.296379493164326e-31 2.824038306911909e-32 2.492701094276696e-28 2276
2.88675 2.927818746847202e-31 3.414159643644625e-32 2.847610509968162e-28 2016
3.03109 3.182949154242213e-31 3.720042930333405e-32 2.798580236387898e-28 1640
3.17543 3.689157046247897e-31 4.036842973268364e-32 2.939723176494892e-28 1056
3.31976 4.093976530300771e-31 4.757945237096384e-32 2.979258619909334e-28 683
3.4641 4.334208978265414e-31 5.854308795566174e-32 2.903908289496539e-28 350
3.60844 5.70463876921442e-31 6.496476374264914e-32 3.504228803190409e-28 192
3.75278 4.265773677608296e-31 8.026644629238497e-32 2.440789786178348e-28 44
3.89711 8.899737894596248e-31 9.679560883075472e-32 4.62175700032688e-28 25


0.144338 0.0008261938100657815 5.696544012292076e-05 1941.662446714375 18
0.288675 0.001459337585468069 8.224531470379285e-05 410.4140008129932 62
0.433013 0.0004978113328208872 5.207576946710861e-05 54.03488291737325 98
0.57735 0.0004834517627442441 2.213537389017024e-05 18.74160220045124 210
0.721688 0.0001145734640938006 1.571481093129871e-05 3.225583193474411 350
0.866025 9.585331685548169e-05 7.146480390685854e-06 1.456304709881089 450
1.01036 8.870482001591586e-05 7.52762607808086e-06 0.93956120243609 602
1.1547 9.916089037564578e-05 1.070341748947899e-05 0.7872459992171515 762
1.29904 0.000150206128691192 1.428763732607005e-05 0.891409370943376 1142
1.44338 0.0001679812396813092 1.482942000735656e-05 0.7803123306080239 1250
1.58771 5.076141651307973e-32 4.37674235689392e-33 1.897466844403072e-28 1458
1.73205 6.231178064775949e-32 5.938154048389698e-33 1.932815037931675e-28 1814
1.87639 7.683086801375603e-32 8.1371365862545e-33 2.01705413398569e-28 2178
2.02073 9.685183585549748e-32 9.299270410786433e-33 2.154125557674451e-28 2498
2.16506 1.228654394999577e-31 1.227233715552649e-32 2.356639302438397e-28 2622
2.3094 1.457605609293478e-31 1.46460447198789e-32 2.43462191392668e-28 3191
2.45374 1.632684422117017e-31 1.940021088517798e-32 2.418219566822098e-28 3044
2.59808 2.00388152528791e-31 2.168594882676917e-32 2.622154458475378e-28 2736
2.74241 2.315601650996174e-31 2.593445584417436e-32 2.705309946988209e-28 2276
2.88675 2.870703785999961e-31 3.217782966088468e-32 3.0104847929289e-28 2016
3.03109 3.142374984494758e-31 3.436181962483751e-32 2.97651469827162e-28 1640
3.17543 3.532783192798613e-31 3.989321960749834e-32 3.040300683274547e-28 1056
3.31976 3.672692257461252e-31 4.866784187449716e-32 2.894197894962137e-28 683
3.4641 4.30847192750965e-31 5.707521069796271e-32 3.112499486873496e-28 350
3.60844 5.395606417089009e-31 6.367031534279715e-32 3.57709972483067e-28 192
3.75278 5.874004585136591e-31 4.804754778579807e-32 3.560358883935296e-28 44
3.89711 7.682096133739945e-31 1.09814547500521e-31 4.324481621498221e-28 25


