0.0287991 1.80570954953815e-05 3.756443838845512e-08 5.923342294361839 18
0.0575982 7.221117008222629e-05 2.91429322942012e-07 7.443895663932914 62
0.0863973 0.0001741739066088934 1.099621267989875e-06 7.92216336422555 98
0.115196 0.0003355601117939723 4.223207711909148e-06 8.532818799717806 210
0.143995 0.0005567315939628172 1.114248276328593e-05 9.206184595277069 350
0.172795 0.0007102239208826188 2.109612167485792e-05 8.212408148533978 450
0.201594 0.001041774588798683 3.639686587238065e-05 8.791984049786523 602
0.230393 0.001316820925213341 6.296606397589756e-05 8.468257150498824 762
0.259192 0.001622061552975784 0.0001169018921963818 8.283607003458146 1142
0.287991 0.002011873307879136 0.0001691554087595312 8.356319879838944 1250
0.31679 0.002363541674604249 0.0002495609602957466 8.089927947597481 1458
0.345589 0.003081911257573919 0.0003429918440437834 8.841006423338651 1814
0.374388 0.003449923705526834 0.0004791171671690984 8.446055474050453 2178
0.403187 0.004188334270347329 0.0006453154633236193 8.848069275081958 2498
0.431986 0.004838495471320839 0.0008921907826493284 8.883025051751316 2622
0.460786 0.005361266962263089 0.001095932900730388 8.639987577019436 3191
0.489585 0.005961899106107111 0.001344080148876347 8.519878201008078 3044
0.518384 0.006857636629925059 0.001645511819892248 8.750294515261398 2736
0.547183 0.007471038363664017 0.002118982868241104 8.54642510331556 2276
0.575982 0.008535071778240286 0.002527787608457978 8.803865643590916 2016
0.604781 0.008851924670882121 0.002986946280064314 8.287340506670553 1640
0.63358 0.01044015051033667 0.003547878279037462 8.903996841670038 1056
0.662379 0.01017345730472779 0.004385589411341526 7.9361830208309 683
0.691178 0.01168630600467848 0.004829834795414584 8.384296388173093 350
0.719978 0.01410356271707012 0.005981725074016928 9.336555390436256 192
0.748777 0.01725311117836445 0.006041995823744378 10.53019304700893 44
0.777576 0.009840303310012835 0.005461442195964681 5.529189192041693 25


0.0287991 44862380.06443054 18355.74578615491 160196040758660.7 18
0.0575982 81745179.8197524 15240.26115385757 63693694496125.03 62
0.0863973 51076510.56565902 553.5676864466271 16562697549876.24 98
0.115196 16287982.72427427 9912.282051039021 2887528799203.366 210
0.143995 471676.2500898042 10586.3036001465 54048395452.19171 350
0.172795 847373.586363097 886.2132138725658 67112813216.19185 450
0.201594 324153.7655808597 763.7134888151454 18676834164.60438 602
0.230393 16579.93178022008 896.2476758879261 730185292.9498304 762
0.259192 42931.77697621046 120.5097940813756 1490631678.871625 1142
0.287991 18638.53213645135 108.1966389806628 525787923.8122253 1250
0.31679 3477.228796768298 119.5893814054395 80888448.90458958 1458
0.345589 3699.943047599435 58.43454533755599 72014537.4818067 1814
0.374388 2750.898485477555 35.01616078030739 45657534.12630223 2178
0.403187 2011.042657920679 26.73389391936984 28789818.56963326 2498
0.431986 2062.441560754432 18.33862094962 25645286.16570009 2622
0.460786 1248.710987855077 13.55154355732693 13626514.36655466 3191
0.489585 537.3833135343774 10.44791278785618 5199844.59329787 3044
0.518384 245.6566235176508 5.488728103483218 2122142.534765732 2736
0.547183 102.5606161987084 4.538529779103925 794427.4212133683 2276
0.575982 99.35246116686692 2.52345983431592 693594.8579180384 2016
0.604781 77.74360463372966 1.908254122342723 492515.4408369762 1640
0.63358 62.62995230688694 1.254688953192295 361391.4979565683 1056
0.662379 42.24841968030567 0.5309869417304667 222910.475820344 683
0.691178 27.40816994872558 0.437094867545772 133004.0596457992 350
0.719978 15.92023200487254 0.7752404435497806 71306.54527586407 192
0.748777 5.37771956899894 0.9126170555337889 22235.2247063615 44
0.777576 0.8109301156644435 0.7329734279970286 3106.787196087465 25


0.0287991 238901748.8775739 1131.03277712385 1577787057146984 18
0.0575982 54510610.61299743 18272.03172812992 78717192686897.88 62
0.0863973 13392332.35399937 5505.986565382422 8050223482245.16 98
0.115196 6099849.949122774 4267.562833465913 2003826836345.334 210
0.143995 1495054.857814742 1169.568168356941 315653497603.476 350
0.172795 98882.28300080361 1085.440462755947 14557148819.76972 450
0.201594 171008.7989172911 198.6342583925505 18251555443.20517 602
0.230393 34417.30941984655 165.1472891834099 2794488141.498104 762
0.259192 16552.65522521747 74.0596104168352 1065026162.939734 1142
0.287991 7872.780136071306 36.5387372999679 411474837.1620885 1250
0.31679 4005.044092680564 22.90289470558981 172351322.599549 1458
0.345589 2031.40628718698 18.08429734826732 73239927.48714533 1814
0.374388 1261.244032434957 11.82410550329653 38782662.65331806 2178
0.403187 1176.744426370845 6.848230041329443 31201863.45637877 2498
0.431986 1027.211246358122 6.108046001567915 23660863.35139799 2622
0.460786 579.7195817286855 4.671948433745274 11719438.92708871 3191
0.489585 260.9557899469443 3.243911264534414 4677652.917173756 3044
0.518384 119.3558384311587 1.705887606136046 1910056.212910643 2736
0.547183 72.64432850821353 1.115043867558072 1041994.376658867 2276
0.575982 60.11320917193776 0.6667341756074491 777279.9180604473 2016
0.604781 52.6141182628834 0.4189196355468004 617313.9769080316 1640
0.63358 24.61813316247003 0.5114942038226113 263195.5168559848 1056
0.662379 21.1313905593066 0.182973040410819 206530.4852977481 683
0.691178 9.77359586625583 0.2212889227683014 87879.67245317802 350
0.719978 3.862193183826177 0.3141169266958804 32078.36289070867 192
0.748777 2.089148417995181 0.2759390980378278 16013.13535682304 44
0.777576 2.947617166930773 0.1582309381228187 20762.22419919609 25


0.0287991 154547364.0756892 6819.275750591695 1490897547477840 18
0.0575982 32067744.78723908 5032.420665857498 67617068352836.45 62
0.0863973 2470555.198018166 6282.923724007545 2177326221815.359 98
0.115196 4675523.666918906 1457.211733238503 2242465146654.557 210
0.143995 924951.0468463276 731.4642839144725 285203680504.3605 350
0.172795 257781.2521173329 216.3833880640696 55234584423.89613 450
0.201594 56310.41007159125 193.479284663631 8784354197.900879 602
0.230393 22055.09484740634 88.04992387997143 2615269708.95997 762
0.259192 13385.04504091077 27.43392559804399 1257277860.708669 1142
0.287991 4862.153522444588 19.72156020786735 371124824.7867709 1250
0.31679 2684.033691846712 10.62256422658869 168658824.5756889 1458
0.345589 1371.177865692232 8.487017924941179 72188203.04782882 1814
0.374388 1164.867390824169 4.264331349976185 52286841.76220591 2178
0.403187 664.0546850168161 4.006195933248515 25715371.84279531 2498
0.431986 517.710924875492 3.801329808932206 17417377.61772109 2622
0.460786 404.3479124244083 2.126436613500341 11935648.87643339 3191
0.489585 228.7985827956628 1.240710788324609 5987425.057735456 3044
0.518384 84.37769054107602 0.7751633526521905 1971632.929054311 2736
0.547183 55.66232777610156 0.474756932331005 1165710.007288736 2276
0.575982 39.09585582137414 0.3339243246680826 738186.2341155057 2016
0.604781 21.73504609152614 0.3277877339275194 372518.2501608949 1640
0.63358 16.42414285763423 0.241605980094514 256403.7677837975 1056
0.662379 13.02156589767248 0.1010447376706782 185847.9227681987 683
0.691178 5.85833573926273 0.1144638737135033 76926.09345377456 350
0.719978 3.094862339167655 0.1402369276145063 37523.42911441957 192
0.748777 3.736912778566712 0.09688917467270565 41751.09466145535 44
0.777576 4.771302973380791 0.03577642862465433 49036.61462248887 25


0.0287991 44782536.83613966 7644.961102992486 569351018968242.4 18
0.0575982 23859501.8033098 4595.346572104906 66183059644560.21 62
0.0863973 9673730.40568443 1219.713048570435 11163555395695.62 98
0.115196 2100828.262109471 1381.60697641722 1326033977517.428 210
0.143995 562726.8225801353 526.8190691147952 228273900998.3857 350
0.172795 212711.6723107209 117.893340701824 59938848213.17805 450
0.201594 62487.09236631679 86.71033257405139 12812757836.68591 602
0.230393 22796.76899049391 38.28999183898558 3553473691.9788 762
0.259192 7388.690283982639 21.32512513584873 913145134.9021639 1142
0.287991 3993.186267143855 10.72999211608799 400825254.9970323 1250
0.31679 2180.736199675259 5.744229741418905 180210508.9151728 1458
0.345589 1048.633030086071 4.88944366320676 72606931.7195466 1814
0.374388 835.8743038882034 2.631963309811184 49347605.37431359 2178
0.403187 500.0537873480737 2.336933372336987 25468175.96159976 2498
0.431986 439.165998200501 1.98414523850345 19429530.20555454 2622
0.460786 281.954900758666 1.353451271650384 10946839.34431433 3191
0.489585 143.9235970410588 0.8515282260267095 4954164.043714086 3044
0.518384 68.13113689661974 0.4275537319853274 2093666.78844643 2736
0.547183 43.96591351016847 0.2654588803206041 1210930.714390662 2276
0.575982 30.38195241040912 0.1873182417386519 754447.8238305891 2016
0.604781 21.37850111654242 0.155341190655936 481782.6548503095 1640
0.63358 13.70079142961855 0.1282473167256311 281277.294593666 1056
0.662379 7.331040825844701 0.08429245511795835 137643.4562238397 683
0.691178 5.158664716838482 0.05828255882104018 89076.53790453113 350
0.719978 7.67582485754682 0.02529809937667559 122251.0771858807 192
0.748777 5.245788360932257 0.03238607655125227 77043.5564860662 44
0.777576 1.816900398419331 0.04143481358160604 24572.1006938875 25


0.0287991 46451350.61506238 2972.716042922191 731323300092695.4 18
0.0575982 20986510.8445233 2383.12699706407 72153835409164.61 62
0.0863973 3413215.602725512 1716.676910750143 4889233025556.054 98
0.115196 1697712.189186639 937.0076236740985 1328384697336.289 210
0.143995 424311.4827291316 361.4153321395943 213398398945.3582 350
0.172795 163359.2975774141 84.04966400903388 57067572262.6112 450
0.201594 56049.56367321975 51.09324214215487 14245390742.25256 602
0.230393 18938.31240819633 24.79376482477594 3659435758.153355 762
0.259192 7764.706158573877 10.85915923432495 1189188017.200685 1142
0.287991 3262.175831084589 6.85053979309967 405921528.2712173 1250
0.31679 1468.951167252081 4.377397942876362 150515026.5102456 1458
0.345589 963.1284586728341 2.934651437141953 82656516.95859499 1814
0.374388 644.8640122863505 1.768737708084484 47196942.88978601 2178
0.403187 403.7563527170847 1.521904940657099 25492069.48366521 2498
0.431986 392.9080691500318 1.171296437690875 21547180.19144048 2622
0.460786 246.2875859022267 0.8274880797230828 11853057.79720237 3191
0.489585 123.6787570226368 0.5261048002943876 5277336.231267837 3044
0.518384 56.26203056835895 0.2716286372108161 2143247.778746546 2736
0.547183 31.42477058918093 0.1940911661604148 1073064.244949996 2276
0.575982 22.16738707179057 0.1347346544454701 682446.3576034557 2016
0.604781 17.64084020731426 0.09695611988314819 492820.4449553364 1640
0.63358 11.6692580532776 0.08110483342850452 296975.2877112998 1056
0.662379 7.069941699259163 0.04724347279271749 164530.557060311 683
0.691178 4.031554647768931 0.03870080757942593 86300.519833018 350
0.719978 5.756691835961962 0.02036231230314932 113663.8250720689 192
0.748777 2.763905161905861 0.03359489659260635 50337.30513824895 44
0.777576 0.3386144952461785 0.03644179887905476 5698.03084669138 25


0.0287991 57195964.41463641 1209.250080537977 1073724024196700 18
0.0575982 18173006.25646233 1521.070745541426 74549697374539.33 62
0.0863973 5471096.035501148 786.8607935466034 9342176755716.904 98
0.115196 2285125.191758428 375.2662804015966 2132432844322.209 210
0.143995 481876.5443157814 194.8886353873705 289083983981.2872 350
0.172795 119075.562087396 71.01915226200016 49648179495.44017 450
0.201594 48871.95214335506 33.64746715347718 14821862342.24856 602
0.230393 14937.30730911494 18.51179370476165 3444632564.187399 762
0.259192 4796.219555708051 10.30706015609458 876946397.3431425 1142
0.287991 2774.511353257475 4.842705122853694 411983934.4693109 1250
0.31679 1477.73764290687 2.594345648334754 180650637.2453682 1458
0.345589 829.1961031580207 2.000957332232509 84918232.19177723 1814
0.374388 485.5921504899191 1.378861981580578 42416059.38141704 2178
0.403187 322.4766438010423 1.105969412399254 24297883.18926208 2498
0.431986 314.7663847197144 0.8572332164809366 20600032.32206391 2622
0.460786 198.7041155644517 0.5940261613181462 11412225.24176394 3191
0.489585 107.464896979521 0.3577376173708934 5471899.233044019 3044
0.518384 48.03080982459439 0.1863186069515564 2183397.942043658 2736
0.547183 25.96985271261817 0.1371195394016654 1058259.523663664 2276
0.575982 19.11245249665733 0.09268170615905159 702141.6907540752 2016
0.604781 15.58178276897401 0.06609369987195936 519441.4028884331 1640
0.63358 10.56543812398472 0.05197322243763412 320847.7398829552 1056
0.662379 6.282049761260495 0.02983350849555379 174450.6342337604 683
0.691178 2.53256574630599 0.03340297169225537 64714.34391157726 350
0.719978 4.942425084706544 0.0132465155004258 116452.272094334 192
0.748777 4.036323208695988 0.01101210575695498 87689.49546305598 44
0.777576 1.966612502542497 0.01356892223137147 39329.36005364719 25


0.0287991 39125049.88024533 1760.620029979963 854014409624166.4 18
0.0575982 7793592.040303334 1964.687282405911 37208509047978.23 62
0.0863973 2660074.888103048 887.5257229275588 5283045387293.561 98
0.115196 750608.3276482953 626.270715855762 815328368678.2959 210
0.143995 372474.4773922669 158.2089458116113 259692407715.4781 350
0.172795 72216.59793756297 71.96055675903349 35007787949.48244 450
0.201594 39941.52504425115 26.40661844105099 14076929101.38401 602
0.230393 12323.44724815052 14.3230916747998 3302511493.942169 762
0.259192 4484.225961018731 7.021347509287729 952612611.8408102 1142
0.287991 2088.773545159753 3.996399553065899 360473458.3385938 1250
0.31679 1004.096585307693 2.404494045354456 142679557.5706734 1458
0.345589 740.3198622072533 1.416145181513302 88095861.97055325 1814
0.374388 453.4595090921039 0.9544553488821623 46023110.88919809 2178
0.403187 324.8905716768209 0.7079553267863934 28441463.50115456 2498
0.431986 256.9260781264089 0.6824931104965688 19540095.66523563 2622
0.460786 161.4784712805298 0.4566374890625622 10777286.17245842 3191
0.489585 79.56752811343785 0.2979062496184734 4708430.165785742 3044
0.518384 39.78151277280453 0.1434198355774351 2101471.113460465 2736
0.547183 22.93689063451659 0.09927965455165358 1086077.667180914 2276
0.575982 16.22083881457183 0.06963122446323179 692470.848573433 2016
0.604781 12.60682507796146 0.05206093055944563 488381.5576616664 1640
0.63358 7.59614382556425 0.04553930234149705 268092.4940444482 1056
0.662379 4.551687244503152 0.0271494986064409 146899.7885712024 683
0.691178 3.916936810773744 0.01443968170325204 116242.11524885 350
0.719978 1.362314637368561 0.02746936967419578 37343.03900257791 192
0.748777 2.156022335812823 0.01607646480732689 54446.27087859345 44
0.777576 2.536438692252385 0.004459056089219452 58929.97398741415 25


0.0287991 26153032.08998073 1827.683504427327 651099097056255.1 18
0.0575982 14923030.58518385 785.9254002265913 81054079509768.47 62
0.0863973 4016111.02533813 431.1879912711767 9080126136830.965 98
0.115196 1877696.208160924 172.5280883181852 2319811200860.902 210
0.143995 258589.9548642116 148.0955362134227 205501691165.6626 350
0.172795 55037.24324387553 61.31659617118405 30408603600.31899 450
0.201594 28477.07237034427 25.07516997517568 11439123068.01641 602
0.230393 10749.14092947186 11.11330800526465 3282319891.574049 762
0.259192 4385.188264668814 4.861668774703716 1061305926.733463 1142
0.287991 1946.895759066327 2.885674973437042 382803102.4221704 1250
0.31679 1030.214263976842 1.593841867104921 166767906.6096888 1458
0.345589 552.9524158197248 1.271365940368552 74990004.93344559 1814
0.374388 352.4336204386917 0.8201575943145124 40762608.6112677 2178
0.403187 280.1311370258002 0.5433468540850721 27942733.3225936 2498
0.431986 209.7003015238726 0.5556581676004464 18173395.74250751 2622
0.460786 153.0081889296561 0.329213491081338 11635215.70652927 3191
0.489585 84.33485755433239 0.1946144380294757 5685487.501628222 3044
0.518384 33.99321986635778 0.1131563626889 2046136.691353234 2736
0.547183 20.30420601970983 0.0763495247293019 1095468.845021415 2276
0.575982 14.1889373882978 0.05383188123651383 690191.2742285652 2016
0.604781 11.62182541251767 0.03776297401936871 512980.1643213773 1640
0.63358 6.923776957423435 0.03394330746815104 278425.8832569942 1056
0.662379 4.01179188027237 0.02047207248321379 147527.2831694583 683
0.691178 2.92139309496085 0.01416900939909822 98799.21575268271 350
0.719978 3.613330385263438 0.008205919202105588 112727.0425757707 192
0.748777 2.864416590585291 0.007261432206705561 82397.96317377186 44
0.777576 1.227192738414698 0.009126600965889211 32499.65347732704 25


0.0287991 32979969.73045821 1024.450561025908 920688370062700.2 18
0.0575982 15107410.25018217 554.0033533968864 92082158101279.39 62
0.0863973 2381977.076896093 528.7375558431726 6048616289514.016 98
0.115196 578173.0873144972 386.8739026671536 803216161453.6443 210
0.143995 338228.1242050437 85.29720262236037 301528513695.2883 350
0.172795 80700.9406768925 32.90865739146188 50003300384.75281 450
0.201594 18658.00784535005 24.47217061393159 8416679029.468998 602
0.230393 9556.64233022293 8.83508217818575 3275313327.90446 762
0.259192 4004.801231858286 3.775085928520954 1087824699.477439 1142
0.287991 1714.067028340868 2.335675657537953 378275798.2773584 1250
0.31679 968.4928705006553 1.202865143662649 175951633.884293 1458
0.345589 629.9746162382493 0.7715247437885014 95861885.64179254 1814
0.374388 361.3768659734051 0.5700871138978806 46904870.3249718 2178
0.403187 197.1705372055467 0.5391987838777085 22080333.88471024 2498
0.431986 227.9796786496863 0.3586615377311765 22171353.00325276 2622
0.460786 133.3682183820713 0.2750537455137683 11383154.2546369 3191
0.489585 68.43633951326923 0.166751455240518 5178655.965698001 3044
0.518384 32.4378626845595 0.08389910866812074 2191323.121564738 2736
0.547183 18.41842782733312 0.05973356433789968 1115317.087787005 2276
0.575982 12.27424266643312 0.04389576678399961 670137.9536739264 2016
0.604781 10.28972481175617 0.03016277030550237 509765.9262768608 1640
0.63358 6.696961157317099 0.0251320018879542 302241.2592794118 1056
0.662379 3.770434991008067 0.01548679903387597 155612.5855438688 683
0.691178 2.560294405893404 0.01131131097510353 97184.33241129566 350
0.719978 3.244330938332666 0.0065320524940606 113601.0201134332 192
0.748777 0.7791535528093614 0.01433514193551689 25187.81877667337 44
0.777576 0.1594807521730942 0.01164784764515988 4763.706846510414 25


0.0287991 40536958.39573215 381.5667650253371 1254150260269154 18
0.0575982 6253903.820451392 935.2901434711199 42331729753332.6 62
0.0863973 2643843.231717818 338.7844918932408 7442560223566.019 98
0.115196 1418366.225856978 126.4250537157707 2181358358502.913 210
0.143995 179071.8321538433 104.2664333946476 177189655974.522 350
0.172795 76872.10266356058 23.82642241973007 52820439236.87759 450
0.201594 19484.34423697574 18.5738979659626 9745056405.578623 602
0.230393 8383.526142765353 7.337683728701621 3186668126.214407 762
0.259192 3609.278838807352 3.082653940719235 1087290149.905523 1142
0.287991 1502.070432345025 1.958548052218995 367651169.1768345 1250
0.31679 796.3162399470712 1.09064175442924 160464928.3479216 1458
0.345589 481.8907409775783 0.7716337530885056 81339946.39928764 1814
0.374388 337.0223755291668 0.4426229135482005 48511460.152595 2178
0.403187 250.27308876168 0.3112363178558723 31071805.49424579 2498
0.431986 188.0135020857603 0.3290202473076303 20279989.21507972 2622
0.460786 108.046796602113 0.2369590315335458 10228254.90570225 3191
0.489585 63.61098552996342 0.1351757339585482 5338280.967461444 3044
0.518384 28.51833758967908 0.06978786181094911 2136651.064572126 2736
0.547183 17.13291377525975 0.04675365064455112 1150559.410306738 2276
0.575982 10.99480615925025 0.03584904981246964 665740.5603675138 2016
0.604781 7.858753833819375 0.02860826773717587 431841.4082172915 1640
0.63358 6.179916906558216 0.02004104932134928 309312.3059013943 1056
0.662379 3.709398134138127 0.01167533626716513 169775.776101463 683
0.691178 2.525577248061098 0.00825663149378175 106311.7624656389 350
0.719978 2.054330851923786 0.009046171486832899 79795.37453865744 192
0.748777 0.7337627813424989 0.01147012520631242 26304.89574155073 44
0.777576 0.9527234642191351 0.005878069309519146 31407.22660340797 25


0.0287991 32428193.39045744 426.3768512615836 1102037827453307 18
0.0575982 5271366.241681467 734.9215346487996 39195074221163.2 62
0.0863973 2514068.108570342 289.0594832037532 7772872464106.132 98
0.115196 656391.3166459198 231.0898476851064 1109877686905.547 210
0.143995 302159.787469519 48.32278137807457 328078685389.7209 350
0.172795 41668.27443670721 31.9224996253466 31472220033.39885 450
0.201594 27776.39686809029 9.910822793263046 15248229405.21827 602
0.230393 7367.665735153537 6.232709893799807 3076022117.991323 762
0.259192 3271.382293274168 2.574016018824285 1082400753.121325 1142
0.287991 1347.631974101778 1.643051034741304 362288411.4673719 1250
0.31679 705.7035899431867 0.924813905358755 156192563.3319681 1458
0.345589 407.0241419791536 0.6816354050741754 75465246.77869621 1814
0.374388 239.668539360356 0.4676791615679408 37900889.31639802 2178
0.403187 215.7750397307411 0.2870738499329032 29424486.6844621 2498
0.431986 155.1454908523239 0.2886829456813624 18381434.93519603 2622
0.460786 105.915625392463 0.1858012443372314 11011644.11149345 3191
0.489585 54.26087338125984 0.1186297972037412 5001599.991525197 3044
0.518384 24.88058191673459 0.06075685127927843 2047465.29992687 2736
0.547183 15.9838958980568 0.03797241653883864 1178910.335124767 2276
0.575982 10.8686353186001 0.0274636126830304 722753.2085908774 2016
0.604781 7.355878230354496 0.02324049502263922 443938.7616374483 1640
0.63358 4.997327585979584 0.01828937137517644 274739.8414945157 1056
0.662379 3.434056717865265 0.009475847786793739 172624.6791302528 683
0.691178 2.423033468574464 0.006392901093335981 112019.1291177787 350
0.719978 1.692752823488826 0.008187829942790619 72221.44832343108 192
0.748777 0.8614391597035688 0.00872899844245926 33905.04605232862 44
0.777576 1.221535083247532 0.003461678980339002 44216.83027270633 25


0.0287991 14906278.58165514 796.1633669902033 552852373214580.8 18
0.0575982 10063848.22569371 344.3885218061521 81419174950227.55 62
0.0863973 1918919.581731843 279.1193197959234 6465820893446.832 98
0.115196 886132.7241302576 136.0679096767362 1631370838995.147 210
0.143995 130247.375822769 79.84447122794701 154275264913.962 350
0.172795 58449.50458298025 19.62731260032356 48065682904.32029 450
0.201594 24107.03060981066 8.805861621434413 14419496086.90685 602
0.230393 7063.839880819561 5.036167011053746 3212956285.127913 762
0.259192 2943.369176045122 2.217921216741208 1061081015.218396 1142
0.287991 1222.367923445419 1.394406664993964 358035952.0681354 1250
0.31679 661.9093339740356 0.7592369644261864 159609226.316506 1458
0.345589 416.8232799314724 0.5128913614104507 84187907.19724803 1814
0.374388 222.4702958742386 0.3834563608479694 38329611.302723 2178
0.403187 181.6759017078776 0.2578577125202348 26994219.10666845 2498
0.431986 133.2119922100477 0.2623696954100499 17197086.23593174 2622
0.460786 103.4018191038489 0.1484711101750971 11712083.81922849 3191
0.489585 57.92331980686217 0.084417808111344 5816382.211323568 3044
0.518384 23.15973633757059 0.05081004575006837 2076444.929184282 2736
0.547183 13.3877984268529 0.03478896132119828 1075913.443934472 2276
0.575982 9.314824536388187 0.02458101504421639 674915.2937034599 2016
0.604781 7.892000904313462 0.01675245770875014 518868.7362588729 1640
0.63358 5.243309505176019 0.01376239753984889 314034.8000076322 1056
0.662379 2.756114122056638 0.009011071149857096 150962.8935953126 683
0.691178 2.109258333537386 0.005778137382131151 106246.5173016428 350
0.719978 1.935093265672568 0.005545888413443022 89935.98264927088 192
0.748777 0.580811541462258 0.00811645301042957 24918.45492635144 44
0.777576 0.9444433940746657 0.00356525521488133 37251.41886383292 25


0.0287991 4857507.417049287 928.299109294391 196269843079872.9 18
0.0575982 10396970.78260328 284.6497880732082 91016735546010.75 62
0.0863973 2012536.187493157 210.5111708041503 7336815870874.042 98
0.115196 917686.4237333616 109.8667744678441 1828031901964.407 210
0.143995 268631.4262681458 30.78179400742749 343874374663.0456 350
0.172795 51968.9985519635 16.82614997905321 46249845263.07043 450
0.201594 13177.51190019209 11.84695775609229 8536948227.964783 602
0.230393 7345.419282087325 3.814476064258751 3614960489.898718 762
0.259192 2580.200785446022 1.995185686028613 1006658880.838461 1142
0.287991 1126.842615467708 1.192203329428265 357176495.108246 1250
0.31679 620.5209210220479 0.637446813108239 161920218.1251964 1458
0.345589 406.8061453223555 0.4131604885540769 88910127.16612685 1814
0.374388 215.8079332758751 0.3159982728818945 40234532.70703281 2178
0.403187 155.4740668928621 0.2316494854476245 25000848.23601576 2498
0.431986 150.8012614759614 0.1823693080612376 21063049.79245073 2622
0.460786 92.46756300812672 0.1305897759866588 11334445.84636126 3191
0.489585 45.77179518193359 0.08533330551628303 4974502.781801024 3044
0.518384 23.06579555758897 0.03948615821444763 2237777.130725744 2736
0.547183 13.59651387878285 0.02738783700424151 1182373.424095135 2276
0.575982 9.092440445550849 0.02009957558900752 712902.3257373194 2016
0.604781 5.816298462142341 0.0176122984657357 413895.273541344 1640
0.63358 4.506311303656418 0.01257661358261979 292087.3667202907 1056
0.662379 2.744924970647579 0.007303213938784209 162695.1983183591 683
0.691178 1.459911492904587 0.006438888695156232 79599.97260226475 350
0.719978 2.379801826833264 0.00277258428581088 119671.0204070093 192
0.748777 0.309154699343709 0.00770510815075583 14372.70713646758 44
0.777576 0.3586065067946629 0.004797814144783818 15322.70295944997 25


0.0287991 9895394.853493588 661.8973578885644 427945836107357.1 18
0.0575982 6191081.633348779 408.7736480021721 58350543084778.8 62
0.0863973 1918905.201199331 182.3381607167992 7526465213541.67 98
0.115196 439609.4876898371 150.3582814173027 943297332121.0081 210
0.143995 101045.5661631084 61.69516297098126 139392449733.5657 350
0.172795 37483.29705587808 18.52815710006301 35905868592.19743 450
0.201594 18420.74916800928 7.680050830057247 12830957186.88816 602
0.230393 6797.106147049428 3.308170259511364 3599135732.64421 762
0.259192 2260.325534830368 1.815482367349454 948898152.4925091 1142
0.287991 1083.092757131311 1.004469026450706 369359303.4683583 1250
0.31679 573.2303876181519 0.5532273373265471 160938670.9861346 1458
0.345589 374.5698955965216 0.3637743092272729 88081906.82635386 1814
0.374388 202.6954294894158 0.2747207918486699 40659136.3443137 2178
0.403187 122.0458097512565 0.2313090339794448 21120054.99359543 2498
0.431986 145.753296279006 0.1524160839770032 21903088.61307495 2622
0.460786 80.66681892697568 0.1186760790542344 10639252.81138662 3191
0.489585 38.90717474174745 0.07805137904994965 4549871.973362397 3044
0.518384 17.01826008336547 0.0424402447985903 1776829.643709749 2736
0.547183 12.22887471461552 0.02419306153290419 1144213.307709179 2276
0.575982 7.839839392956688 0.01849916840244809 661404.7671742545 2016
0.604781 6.770989142879908 0.01242804415117708 518323.5186735578 1640
0.63358 4.458912297739664 0.01013003350816597 310942.2424239332 1056
0.662379 2.331476374477032 0.006798980742118728 148692.3702448976 683
0.691178 1.324201685536418 0.005644309093791421 77684.24144186257 350
0.719978 2.008996154724915 0.002956268668083175 108701.0787174792 192
0.748777 0.9683828570266559 0.00455112000397511 48330.58644782759 44
0.777576 0.1143614245707825 0.004869598623683874 5275.479948657521 25


