0.0065974 2.645874014688202e-08 1.468863110527809e-09 0.835685612960237 18
0.0131948 1.759514795821796e-07 1.432819154473986e-08 1.557256033575513 62
0.0197922 5.937341464743931e-07 3.850069811808511e-08 2.274320466301323 98
0.0263896 1.456762484680616e-06 1.329164654909595e-07 3.107139251327168 210
0.032987 3.045396139594681e-06 2.87528833988927e-07 4.209968879247965 350
0.0395844 4.650622635394751e-06 4.591205615453639e-07 4.487822836534731 450
0.0461818 7.855100441032753e-06 6.813600472228552e-07 5.525850478679129 602
0.0527792 1.129722436185475e-05 1.049418244779344e-06 6.052287722036812 762
0.0593766 1.561265214501076e-05 1.714567160910542e-06 6.639422348310024 1142
0.065974 2.148405374331491e-05 2.26265750936556e-06 7.427861999630365 1250
0.0725714 2.755067698063761e-05 3.063311270219807e-06 7.847619264335892 1458
0.0791688 3.898308374458735e-05 3.900138974232592e-06 9.304625048243349 1814
0.0857662 4.704712110359234e-05 5.062703363148782e-06 9.581823939132937 2178
0.0923636 6.114285908240402e-05 6.359145323236099e-06 10.74423156219959 2498
0.098961 7.513580400472055e-05 8.265183047244777e-06 11.47288456282991 2622
0.105558 8.802997134956452e-05 9.725916176000978e-06 11.80653803160912 3338
0.112156 0.0001036797391444251 1.15333607266931e-05 12.33907059760616 3722
0.118753 0.0001249697784454864 1.393377051347636e-05 13.28178061901298 4170
0.125351 0.0001441722715094964 1.645616478656078e-05 13.73992247089826 4358
0.131948 0.0001626550645644205 1.979769505775927e-05 13.97774370214506 5034
0.138545 0.000193304538588455 2.285267729974892e-05 15.07732759350619 5714
0.145143 0.0002183990185028006 2.627341993006178e-05 15.52396403171446 5982
0.15174 0.0002558445316961235 3.08650033944089e-05 16.62808980128399 6602
0.158338 0.0002797240022993255 3.4044560315919e-05 16.68806680589456 7130
0.164935 0.0003169578309215908 3.997457302747979e-05 17.43155681817996 8034
0.171532 0.0003488866859159646 4.634722958118315e-05 17.74972038456883 8606
0.17813 0.0003888006392610752 5.182024878175664e-05 18.34223824005029 9066
0.184727 0.0004316058366536973 5.928741477427154e-05 18.93236224777317 9962
0.191325 0.0004740798170788645 6.500674717048403e-05 19.38752588185401 10550
0.197922 0.0005162048437685759 7.207727588053345e-05 19.72281427515597 11226
0.204519 0.0005798211294347872 8.011600246000962e-05 20.74435004697751 12146
0.211117 0.0006268710113982431 8.863642401323916e-05 21.03893977298894 12303
0.217714 0.0006676423041135793 9.772281220945326e-05 21.06408142167197 12584
0.224312 0.0007231583532335015 0.0001092997862184446 21.50009395829659 12120
0.230909 0.0007880909672314131 0.000122979159835148 22.10975773956086 11180
0.237506 0.0008141659010431015 0.0001309594086049584 21.58873472065799 11096
0.244104 0.0008766432505614539 0.0001433644267132162 22.00864699785891 10056
0.250701 0.0009719283354610143 0.0001592577128683954 23.13340890326135 9716
0.257299 0.001042179481036403 0.0001690858222435686 23.54744266001955 8604
0.263896 0.001136384959117384 0.0001890713372461794 24.40333779752972 8060
0.270493 0.00118188393081095 0.0002012911807833004 24.1586402142246 7320
0.277091 0.001281712771693017 0.0002220962571451943 24.97637207276392 6356
0.283688 0.001355467660436289 0.0002387496968508695 25.19540022760587 5348
0.290286 0.001424374421238227 0.0002530093936432051 25.27716933790948 4308
0.296883 0.001549951829978046 0.0002576410186682745 26.29824975910174 3563
0.30348 0.001544272812750085 0.0002956067876415465 25.0854745383602 2448
0.310078 0.001762663738399852 0.0003019373801830786 27.41357389365925 1868
0.316675 0.001736982768257718 0.000342307037734267 25.88075279812959 1358
0.323273 0.001777025154922574 0.0003111601394595133 25.40075229689386 1062
0.32987 0.001977345771019306 0.0003960708095625856 27.18262714754006 776
0.336467 0.001887363722528457 0.0004348331751934749 24.97300988410244 432
0.343065 0.002088642868309881 0.0002887871048812107 26.4949834986691 200
0.349662 0.002725631749442175 0.0004351435182161936 33.22489421632991 168
0.35626 0.002058553406061452 0.0002104552221009424 24.21450451751729 56
0.362857 0.003490388468554334 4.626142003792797e-05 39.60601393290913 7


0.0065974 120636591314281.7 30966205401653.07 1.7090601246091e+22 18
0.0131948 908026907223205.2 244750777239509.3 2.297366573308783e+22 62
0.0197922 2563075894456220 740963653678872.5 2.549931780074693e+22 98
0.0263896 6150235195950408 1948920197965516 3.262489907906598e+22 210
0.032987 1.06457000066992e+16 3920194667621558 3.584095436628042e+22 350
0.0395844 1.323324506131514e+16 5841068738590740 3.077335472957908e+22 450
0.0461818 1.65692926164569e+16 9044875776595770 2.796195518717504e+22 602
0.0527792 1.704675674033608e+16 1.228326607793316e+16 2.187680439083161e+22 762
0.0593766 1.471898748558423e+16 1.524363893773096e+16 1.501818985467229e+22 1142
0.065974 1.185875732058837e+16 1.976320502754041e+16 9.910509749904253e+21 1250
0.0725714 7363796079470373 2.309909453253554e+16 5.171213587871039e+21 1458
0.0791688 3396657106385580 2.896775351863622e+16 2.143282620047041e+21 1814
0.0857662 494833100281256.6 3.122251284719884e+16 4.356298831277435e+20 2178
0.0923636 1099360429656988 3.471104925023288e+16 6.156258891350463e+20 2498
0.098961 6389306032281291 3.668836754279574e+16 2.401437997987388e+21 2622
0.105558 1.665073689424306e+16 3.536328847683155e+16 5.288804477578056e+21 3338
0.112156 3.411834376227887e+16 3.542050182955703e+16 9.511138172420651e+21 3722
0.118753 5.691750843632478e+16 3.42164869562204e+16 1.411051840337038e+22 4170
0.125351 8.327345854777542e+16 3.214488138103888e+16 1.847608234333029e+22 4358
0.131948 1.112351085644102e+17 2.896638529215112e+16 2.222984428200293e+22 5034
0.138545 1.439764665130009e+17 2.633444448610176e+16 2.609886309554026e+22 5714
0.145143 1.76259966203892e+17 2.356881562712762e+16 2.910552053024186e+22 5982
0.15174 2.118143575284038e+17 2.075302750882111e+16 3.197190565749932e+22 6602
0.158338 2.314620338810148e+17 1.735587269291484e+16 3.206412966660392e+22 7130
0.164935 2.530713104122757e+17 1.449397991003579e+16 3.231279633939664e+22 8034
0.171532 2.667881401682434e+17 1.195266237312451e+16 3.150786906188118e+22 8606
0.17813 2.821967750350745e+17 9777176844952488 3.090188254890189e+22 9066
0.184727 2.966536804274182e+17 8289843580452701 3.020256816300904e+22 9962
0.191325 3.013717901659844e+17 7267780419571771 2.860411119186472e+22 10550
0.197922 3.054329039660372e+17 6032704148589365 2.708296946894066e+22 11226
0.204519 3.133968922447997e+17 5772821801137037 2.602076752520804e+22 12146
0.211117 3.007893997042273e+17 4436111854758064 2.342668725561494e+22 12303
0.217714 2.812394979067387e+17 2695138756475494 2.059018156152896e+22 12584
0.224312 2.551861390403797e+17 1293999824274098 1.760491218843275e+22 12120
0.230909 2.269087105820992e+17 940082384099054.8 1.477126817123732e+22 11180
0.237506 1.850905518810414e+17 1044478850423637 1.138805409472691e+22 11096
0.244104 1.558103200226377e+17 1463483077501073 9.076379971940391e+21 10056
0.250701 1.36605917421223e+17 2051182760742174 7.544288119597422e+21 9716
0.257299 1.146329318671679e+17 2649229767902142 6.009711866135567e+21 8604
0.263896 1.000212715051196e+17 3169810016362250 4.983764523692428e+21 8060
0.270493 7.914500744812946e+16 3517202858144215 3.753733505441777e+21 7320
0.277091 6.406460262791837e+16 3845746722473960 2.896686453507281e+21 6356
0.283688 5.974602884229678e+16 4090556318127764 2.576820725393124e+21 5348
0.290286 4.135014653116024e+16 4232578187727315 1.702692781810447e+21 4308
0.296883 2.969335371588859e+16 4413819527892580 1.16907511207051e+21 3563
0.30348 1.14099278325879e+16 3940599538721700 4.301670309101628e+20 2448
0.310078 5850196933881231 4128578083189332 2.112422166526618e+20 1868
0.316675 2412423685593636 3977702026528276 8.352958343329351e+19 1358
0.323273 752742553413966.2 3304648705373252 2.506838253338718e+19 1062
0.32987 192147377219663.2 3357048968409394 6.227314624287012e+18 776
0.336467 42847024256822.21 2969014008813850 1.396310048997666e+18 432
0.343065 56381856910262.16 3142740219253382 1.738987546695055e+18 200
0.349662 187966622661508.6 4016087943700090 5.410260420508793e+18 168
0.35626 239351450635026.1 2918305897859740 6.595555791249009e+18 56
0.362857 427087222782424.8 4202536840284060 1.132869450313012e+19 7


0.0065974 117667138628536 11642595223587.34 2.452396684398176e+22 18
0.0131948 955288627812153.8 87768405776942.09 3.666981855844122e+22 62
0.0197922 2997708169764206 248092252973422 4.562917703280201e+22 98
0.0263896 8230661083206909 595511147594403 6.706291640067281e+22 210
0.032987 1.760033333638557e+16 1027903007693758 9.113063447796211e+22 350
0.0395844 2.78780410021877e+16 1266372768388424 9.974179850471236e+22 450
0.0461818 4.572019334056467e+16 1556774824815208 1.186250445563311e+23 602
0.0527792 6.571646209060237e+16 1543900665224837 1.293744136798056e+23 762
0.0593766 8.584264997031789e+16 1241968876731550 1.337885292138624e+23 1142
0.065974 1.15924988812464e+17 871727989451090.1 1.466585669274984e+23 1250
0.0725714 1.391511388771286e+17 406055683650422.6 1.448776976765516e+23 1458
0.0791688 1.765961580412952e+17 81378289612277.34 1.539678389214432e+23 1814
0.0857662 1.891773776536122e+17 94278344429192.72 1.406542745163057e+23 2178
0.0923636 2.046492418303981e+17 717032413511805.2 1.312368370055377e+23 2498
0.098961 2.057948556013321e+17 2053551946495775 1.146471574958806e+23 2622
0.105558 1.832719217372289e+17 3961606929780366 8.966734430371977e+22 3338
0.112156 1.631575831193129e+17 6791909764352560 7.083226560976186e+22 3722
0.118753 1.344077529855907e+17 9959938366803958 5.211440651686598e+22 4170
0.125351 1.026668369389566e+17 1.30652427814774e+16 3.570567015626477e+22 4358
0.131948 7.014078683989179e+16 1.565558795796832e+16 2.200904551644672e+22 5034
0.138545 4.411514528675563e+16 1.815160484483328e+16 1.257968957204523e+22 5714
0.145143 2.533816768571432e+16 1.982426938082084e+16 6.600097281528895e+21 5982
0.15174 1.284443652307178e+16 2.098726336153255e+16 3.075185264959786e+21 6602
0.158338 9180634557361350 2.018425076684222e+16 2.022794766368416e+21 7130
0.164935 1.207641552866599e+16 1.913315934432502e+16 2.441446037878508e+21 8034
0.171532 1.927707486541339e+16 1.748034273698924e+16 3.589392222470812e+21 8606
0.17813 3.064397214469099e+16 1.570184443639626e+16 5.278572874734554e+21 9066
0.184727 4.295197582545167e+16 1.420051645398843e+16 6.871965629979751e+21 9962
0.191325 5.335686857305342e+16 1.272880554680537e+16 7.954361963059346e+21 10550
0.197922 6.360064315462602e+16 1.111306782713573e+16 8.855099996126284e+21 11226
0.204519 7.196681978199672e+16 1.045854255750968e+16 9.380828722516496e+21 12146
0.211117 7.829022824179557e+16 8418454237442400 9.571249195438402e+21 12303
0.217714 8.493232593347602e+16 5783108936684512 9.759008461996696e+21 12584
0.224312 9.123113632077866e+16 3090100571317544 9.876844735087956e+21 12120
0.230909 8.990449831431746e+16 1708492399341765 9.183821935472773e+21 11180
0.237506 7.789935615482774e+16 1079931995319680 7.520798512293791e+21 11096
0.244104 6.539891595641086e+16 1268122220802043 5.977958694750893e+21 10056
0.250701 5.495048332256422e+16 1807352999275188 4.762056340748393e+21 9716
0.257299 4.239563196437741e+16 2441975564349088 3.487844205451907e+21 8604
0.263896 3.375534932634335e+16 2963172385386756 2.639491515890181e+21 8060
0.270493 2.365571310002124e+16 3240494424713370 1.760850841108953e+21 7320
0.277091 1.711287459623586e+16 3401559209940823 1.21448819235926e+21 6356
0.283688 1.606327497632233e+16 3441287882084600 1.087420013698064e+21 5348
0.290286 9934196887749940 3290530350109625 6.421711199851877e+20 4308
0.296883 8032383677122786 3028203905092680 4.964655750103303e+20 3563
0.30348 4859792993192364 2215995101511122 2.87600636396439e+20 2448
0.310078 6138937420593335 1906578371397621 3.477327915796278e+20 1868
0.316675 8357204495703056 1409123360605025 4.534021374681849e+20 1358
0.323273 9277150590143554 851313170985753.1 4.827852574164245e+20 1062
0.32987 1.119688031554812e+16 640822985443916.1 5.603506589171894e+20 776
0.336467 1.119583809014591e+16 417698089388999.4 5.392674292639304e+20 432
0.343065 1.241031901724258e+16 380979610597580.8 5.730898698790701e+20 200
0.349662 1.689389444052432e+16 378539024196522.3 7.496440994652957e+20 168
0.35626 1.273415540421732e+16 229746984483121.7 5.452745296723938e+20 56
0.362857 1.862761895477903e+16 303094216605264 7.694580710639546e+20 7


0.0065974 84484428598102.5 6305455469288.993 2.469841100290314e+22 18
0.0131948 688339182684093.2 46601764377919.34 3.644762887794617e+22 62
0.0197922 2168737755190218 127785700990059.3 4.524926561882386e+22 98
0.0263896 5975496422393290 293671151294585.8 6.654938848368578e+22 210
0.032987 1.280641352708399e+16 467288415192417.7 9.049711307261134e+22 350
0.0395844 2.024511970063146e+16 511709739611707.8 9.878807425899769e+22 450
0.0461818 3.295812872959463e+16 529860419143289.5 1.165928309777761e+23 602
0.0527792 4.665879998023062e+16 388555850398878.9 1.252259032729127e+23 762
0.0593766 5.937509933199014e+16 170050840423588.8 1.261524117937822e+23 1142
0.065974 7.715129092412074e+16 21031189208189.55 1.330657678462612e+23 1250
0.0725714 8.792297742703819e+16 91562869322251.34 1.248099274761676e+23 1458
0.0791688 1.038136438658646e+17 629613784309559.8 1.234239219922472e+23 1814
0.0857662 1.009158963547875e+17 1728705083129977 1.023370881137974e+23 2178
0.0923636 9.589874104120162e+16 3617918869678410 8.390595519469416e+22 2498
0.098961 8.150481538326822e+16 6014423277533962 6.198355732587997e+22 2622
0.105558 5.742372331148384e+16 8265907657158018 3.838987887443465e+22 3338
0.112156 3.59821944213655e+16 1.098485022762793e+16 2.13914254500549e+22 3722
0.118753 1.740157645185509e+16 1.307257834549841e+16 9.293411713466772e+21 4170
0.125351 5795510105586641 1.420838073888673e+16 2.835478476931192e+21 4358
0.131948 2969149684261916 1.405789955734743e+16 1.341428362779646e+21 5034
0.138545 8864680459998736 1.335637369369964e+16 3.491656047077222e+21 5714
0.145143 2.193425424615458e+16 1.18515119777651e+16 7.784388414130309e+21 5982
0.15174 4.043247009590139e+16 9861806616629682 1.307679943689431e+22 6602
0.158338 5.626664143620319e+16 7474798280091389 1.66839243857661e+22 7130
0.164935 7.10836345911114e+16 5461328072877820 1.941804191564618e+22 8034
0.171532 8.029856190315402e+16 3931711114663855 2.028486122652889e+22 8606
0.17813 8.646736547103117e+16 2915281075890433 2.025122778763266e+22 9066
0.184727 8.866822230576659e+16 2552212917257995 1.930690360295897e+22 9962
0.191325 8.461149348927608e+16 2739242666500204 1.717552772982829e+22 10550
0.197922 8.04807296743517e+16 2834401597950433 1.526263878969015e+22 11226
0.204519 7.604466568959162e+16 3445610023581748 1.350412100100874e+22 12146
0.211117 6.644958020258255e+16 3584690368728206 1.106941932558826e+22 12303
0.217714 5.496279448401751e+16 3564101813103404 8.60702469156316e+21 12584
0.224312 3.910113181497401e+16 3939803984454149 5.770668089504869e+21 12120
0.230909 2.438704821867456e+16 4517913292865786 3.397198882606963e+21 11180
0.237506 1.169734664006815e+16 4646705661686772 1.541265839319001e+21 11096
0.244104 7428580531325441 4369176829557950 9.272718066275731e+20 10056
0.250701 7731888653763409 3964496374731720 9.146477179728492e+20 9716
0.257299 1.06292328157793e+16 3203139708507318 1.192672588429738e+21 8604
0.263896 1.370425133686724e+16 2616040708316900 1.460894756556213e+21 8060
0.270493 1.612708854717485e+16 1851650556215349 1.635970195146169e+21 7320
0.277091 1.74875769621821e+16 1369030724220658 1.690950964344822e+21 6356
0.283688 1.747597433735801e+16 1327530524738702 1.611841939402061e+21 5348
0.290286 1.689347316729587e+16 891602420595216.8 1.487429874863511e+21 4308
0.296883 1.497598933696177e+16 816222923468375.8 1.260705814246423e+21 3563
0.30348 1.020533279370455e+16 622769188028137.6 8.224864495506712e+20 2448
0.310078 7697951332806557 796885433070433.5 5.940361821793183e+20 1868
0.316675 4356346114719922 1006095616759526 3.221448121467653e+20 1358
0.323273 1753817215717343 1002945595060044 1.245036792503218e+20 1062
0.32987 718542234911204.8 1118379867273729 4.914974157475767e+19 776
0.336467 176417765689499.7 1035757229450495 1.170817487299172e+19 432
0.343065 74058359825121.11 1109088336593946 4.788572003585287e+18 200
0.349662 14164553172283.03 1429642222581655 1.010228498338238e+18 168
0.35626 44488854483409.74 1038187819256697 2.699381675600996e+18 56
0.362857 109094690795379 1492580794689350 6.27897110298356e+18 7


0.0065974 94515063108244.91 871178084483.8477 3.151897524135719e+22 18
0.0131948 751657730391829.5 5602485974904.958 4.846480690162554e+22 62
0.0197922 2289868377654141 12186201028819.09 5.940030990108426e+22 98
0.0263896 6045045913773220 19236438232902.17 8.446952656662474e+22 210
0.032987 1.212093474052824e+16 11783795774301.23 1.080145982369151e+23 350
0.0395844 1.776034439622017e+16 1121845193831.155 1.095651593387948e+23 450
0.0461818 2.656227834551985e+16 27419056149504.87 1.189645645422355e+23 602
0.0527792 3.386486423556442e+16 164956905225405.6 1.151811702530455e+23 762
0.0593766 3.786599156969936e+16 514494969184907.6 1.02037649162799e+23 1142
0.065974 4.206755233693281e+16 1255932982964942 9.209483340852358e+22 1250
0.0725714 3.97302452617057e+16 2317519656614177 7.165881490355587e+22 1458
0.0791688 3.655239603972895e+16 4161832033034577 5.530853886584645e+22 1814
0.0857662 2.509186494693172e+16 5897557089910769 3.249260354214684e+22 2178
0.0923636 1.401296431592382e+16 7995080654084359 1.579470489095556e+22 2498
0.098961 4729255204541140 9587217985372174 4.803616030283416e+21 2622
0.105558 789280695797087 9828698731054958 8.693846192342672e+20 3338
0.112156 4848486992138126 9759929199599828 3.789795744977775e+21 3722
0.118753 1.693320293762553e+16 8626212625337886 1.143512932663211e+22 4170
0.125351 3.420625532317331e+16 6794128988296722 2.057869777042378e+22 4358
0.131948 5.267483461738576e+16 4575581909049510 2.850996184389437e+22 5034
0.138545 7.02942818567952e+16 2694060070534122 3.449914317299594e+22 5714
0.145143 8.178240562075725e+16 1411315367828239 3.65610603266551e+22 5982
0.15174 8.770942469572848e+16 767108698183553.4 3.584412098683409e+22 6602
0.158338 8.13769152532737e+16 925089855638275 3.052443197801264e+22 7130
0.164935 7.179885403069712e+16 1610181553065073 2.482700535553778e+22 8034
0.171532 5.979304333811299e+16 2473856526650629 1.912757866221143e+22 8606
0.17813 4.802437642398987e+16 3446765476233586 1.424821473606877e+22 9066
0.184727 3.979734941264578e+16 4212201604900794 1.098033672425285e+22 9962
0.191325 3.543078512382437e+16 4492903335711666 9.114132045976743e+21 10550
0.197922 3.130164387613302e+16 4675545790280388 7.523099701238665e+21 11226
0.204519 3.288158000662828e+16 4599627085996626 7.398912635732543e+21 12146
0.211117 2.954682579683707e+16 4321286237124661 6.236493553670277e+21 12303
0.217714 2.364858509352759e+16 4057985109309920 4.692570053787519e+21 12584
0.224312 1.924372145010592e+16 3592405620212060 3.598301853467363e+21 12120
0.230909 2.134116796263316e+16 2676505990663508 3.764020221606798e+21 11180
0.237506 2.449613554828108e+16 1492330093646670 4.082004815107955e+21 11096
0.244104 2.573084638593888e+16 858043654316842.5 4.058938271699695e+21 10056
0.250701 2.541047505270089e+16 642292803621385.9 3.79994328092375e+21 9716
0.257299 2.179765889580527e+16 722916178569976.9 3.09437391063594e+21 8604
0.263896 1.848261484096694e+16 904216614860017.8 2.49380840093841e+21 8060
0.270493 1.336800990060778e+16 1102114580703568 1.717045053774391e+21 7320
0.277091 1.013567790455411e+16 1212929872385390 1.241228518453619e+21 6356
0.283688 1.000047429154846e+16 1195117832012691 1.168145844581091e+21 5348
0.290286 7022494890315571 1160246911538505 7.832319173987149e+20 4308
0.296883 6612228615641549 998664287836148.6 7.050480360222808e+20 3563
0.30348 5189318805977303 644854635194849.9 5.296842556378533e+20 2448
0.310078 6451570545634125 433412815401198.8 6.303649054848588e+20 1868
0.316675 7739958693453795 181778376496664.7 7.244117857936287e+20 1358
0.323273 7120014030305078 49228846373962.82 6.392620335081792e+20 1062
0.32987 7423620456832829 17564123760402.34 6.409959730240054e+20 776
0.336467 6398594329843196 31920839687882.22 5.317702463307421e+20 432
0.343065 6621230933190763 51119006227515.01 5.275660538511331e+20 200
0.349662 8065794830548935 112177131660503.4 6.17562835930851e+20 168
0.35626 5628169054132885 109803298216774.7 4.158412246550589e+20 56
0.362857 7939468726691659 178416695984552 5.658963494904031e+20 7


0.0065974 73936624246962.25 378265786767.0866 3.041910638431099e+22 18
0.0131948 569980076348216.6 3847004148330.696 4.502431664659658e+22 62
0.0197922 1660816306890452 15749522113835.25 5.265707031955549e+22 98
0.0263896 4135489150945920 57217205049983.7 7.054998102413261e+22 210
0.032987 7533618156435652 171897641377149.8 8.195924995015521e+22 350
0.0395844 9817567457583624 364254028363310.1 7.396511610002527e+22 450
0.0461818 1.274895995464404e+16 761393337784437.2 6.980156059868703e+22 602
0.0527792 1.340324056925164e+16 1359191280850971 5.585281524588598e+22 762
0.0593766 1.143211566366235e+16 2130222903238097 3.791043280364408e+22 1142
0.065974 8524871173112312 3305887487434516 2.320642451306402e+22 1250
0.0725714 4265730151776300 4355897475942978 9.873494773012518e+21 1458
0.0791688 997502824179024.6 5824298764770443 2.373001308097457e+21 1814
0.0857662 683873312471870.2 6269195573512161 1.496468171017292e+21 2178
0.0923636 5894333512905354 6445057155876190 8.23245588497359e+21 2498
0.098961 1.700104116492971e+16 5774601611237336 2.001879728519266e+22 2622
0.105558 3.137248448863248e+16 4171635694708172 3.219450930832691e+22 3338
0.112156 4.941012032199485e+16 2578449515974235 4.486247244286893e+22 3722
0.118753 6.41515190847789e+16 1152835783340765 5.195233081514022e+22 4170
0.125351 7.183659695310225e+16 338545122185050.8 5.213799899790706e+22 4358
0.131948 6.976646113076366e+16 338588975619901.8 4.564855510275941e+22 5034
0.138545 6.220542768624328e+16 1095232575850824 3.694387095123844e+22 5714
0.145143 4.956001485741984e+16 2348008458106874 2.683118482303837e+22 5982
0.15174 3.507473210378938e+16 3833521371267664 1.737480789437024e+22 6602
0.158338 2.259847468344409e+16 4746303796387341 1.028694871319207e+22 7130
0.164935 1.510398381249911e+16 5278191510695438 6.34673196877878e+21 8034
0.171532 1.244619871040844e+16 5248256375280212 4.839912702397686e+21 8606
0.17813 1.393892003139288e+16 4884817650239260 5.020515506850398e+21 9066
0.184727 1.787263679931193e+16 4392017280054628 5.977511342453527e+21 9962
0.191325 2.207934378150693e+16 3816153774239115 6.878449803997421e+21 10550
0.197922 2.443308620196617e+16 3381388259718723 7.108271296998314e+21 11226
0.204519 2.667041515577992e+16 3218826703941688 7.263753495470461e+21 12146
0.211117 2.614890365379402e+16 2808656680841860 6.679383021495405e+21 12303
0.217714 2.515032226710214e+16 2258998579204499 6.037905978048021e+21 12584
0.224312 2.56469559785061e+16 1521237674575538 5.800507496123687e+21 12120
0.230909 2.30294165819418e+16 1287211098148615 4.914491632439628e+21 11180
0.237506 1.601254929869795e+16 1396363920915377 3.230122874893622e+21 11096
0.244104 1.012288613608903e+16 1640788328721187 1.934079359054661e+21 10056
0.250701 6584181246366348 1823867530517038 1.193266466532373e+21 9716
0.257299 5174189105449254 1738018689573812 8.90349148436195e+20 8604
0.263896 5385328224747284 1580701719217837 8.804806304145244e+20 8060
0.270493 6490928456796243 1197368450645785 1.009568151771049e+21 7320
0.277091 7289931359412377 934873149046476.8 1.080592400741966e+21 6356
0.283688 7251127828052899 916343242750426.1 1.025214973255096e+21 5348
0.290286 7259312417864074 652484114076295.2 9.79710065463218e+20 4308
0.296883 6429103137932648 592060535761301.6 8.2956303859011e+20 3563
0.30348 4304045994300103 445550637389032.3 5.316981559819933e+20 2448
0.310078 2921944505092458 541424177551946.1 3.456780538687618e+20 1868
0.316675 1145092254508227 650319714841843.9 1.299428135705268e+20 1358
0.323273 328221298663439.9 587013870638878.9 3.586684679331463e+19 1062
0.32987 240615576873300.5 596611062291655.6 2.533390230924769e+19 776
0.336467 485283747118496.1 495626084265467.9 4.895541612327016e+19 432
0.343065 714848495700163 502800361552973.2 6.906929973982908e+19 200
0.349662 1402832388188477 590978139419968.2 1.301378729162815e+20 168
0.35626 1292152732513927 401361901325387.8 1.156344775963692e+20 56
0.362857 2050257762878030 558674764243717.1 1.769740831525627e+20 7


0.0065974 31691166159886.31 3009487852428.662 2.062465494776972e+22 18
0.0131948 231690534048268.9 25217286888204.36 2.508207718824092e+22 62
0.0197922 623611747675785.6 82291696355914.95 2.573370081415562e+22 98
0.0263896 1390496039691140 235586610996293.4 3.018947124283368e+22 210
0.032987 2072134010167799 529265267767644.2 2.858354478298221e+22 350
0.0395844 2026666268243177 868432751425556.8 1.959341019617082e+22 450
0.0461818 1718202190583941 1447020269698537 1.257314931526779e+22 602
0.0527792 784453768467039.8 2063345371625851 5.158558540152084e+21 762
0.0593766 88394714756679.88 2579441276662452 1.400854506326873e+21 1142
0.065974 820556766584629.2 3190379855711518 3.411626179160955e+21 1250
0.0725714 4117348107205658 3330888078002236 1.114665650987185e+22 1458
0.0791688 1.210296379355287e+16 3397620273434032 2.635804310624276e+22 1814
0.0857662 2.287412823231789e+16 2615768496729122 4.199964144739568e+22 2178
0.0923636 3.724647023698664e+16 1700313244092911 5.873959880575861e+22 2498
0.098961 5.01363094751338e+16 752425149759470.1 6.856897920014935e+22 2622
0.105558 5.520101240163863e+16 144333831983471.9 6.624996938170072e+22 3338
0.112156 5.66327715873019e+16 217993675087955 6.029124096031485e+22 3722
0.118753 4.960212170414509e+16 1028225133522267 4.716411931712993e+22 4170
0.125351 3.699874526354903e+16 2318227968698246 3.156898716635447e+22 4358
0.131948 2.222408492962927e+16 3674334616669397 1.713121096494022e+22 5034
0.138545 1.089508410583387e+16 4817629005058815 7.660998004349169e+21 5714
0.145143 5533671176439599 5314614771925068 3.576043246031491e+21 5982
0.15174 6013698470066215 5236257026855134 3.542584496502005e+21 6602
0.158338 1.139980733791224e+16 4366034267147330 6.110674877299972e+21 7130
0.164935 1.871719072517841e+16 3406296521117338 9.217254831277084e+21 8034
0.171532 2.464165013278479e+16 2550652725827736 1.121047143740629e+22 8606
0.17813 2.878801629995544e+16 1962068530561863 1.213716663278582e+22 9066
0.184727 3.010920793801351e+16 1767929655609665 1.180023183528807e+22 9962
0.191325 2.772611727556639e+16 1917176032595832 1.013055070840624e+22 10550
0.197922 2.589338473185624e+16 1966539441766889 8.838734196480388e+21 11226
0.204519 2.357011442277897e+16 2267699352410636 7.534599852544466e+21 12146
0.211117 2.085978955084221e+16 2187721757455186 6.255113962805087e+21 12303
0.217714 1.866167408127908e+16 1904870445685434 5.259861820522599e+21 12584
0.224312 1.431617101659721e+16 1820612217040005 3.802785652574246e+21 12120
0.230909 9863322226239866 1881888093231206 2.473194164747859e+21 11180
0.237506 7164400333367998 1662869899635846 1.698229385014403e+21 11096
0.244104 8028204338587503 1271466492178074 1.800661366742731e+21 10056
0.250701 9958657419246728 917061140994270 2.116587360438242e+21 9716
0.257299 1.103299183315323e+16 621811195056221.1 2.225410587663227e+21 8604
0.263896 1.111292479184946e+16 510810939917131.9 2.130217299513745e+21 8060
0.270493 9120482493911392 517229306405167.8 1.664162711342822e+21 7320
0.277091 7434640820046288 558665871001552.9 1.29331198507058e+21 6356
0.283688 7084886520746531 577429045885015.1 1.175619062438494e+21 5348
0.290286 5129564191310186 578335508987768.4 8.127059391235163e+20 4308
0.296883 4301503086121493 546753488593720.2 6.516141765438314e+20 3563
0.30348 2982995734193848 390572464068481.8 4.326105549789961e+20 2448
0.310078 3491645555307582 292633606614359.4 4.847055894177785e+20 1868
0.316675 4400029539995891 129748195852598.5 5.850331861777157e+20 1358
0.323273 4178501782192276 36028928572875.59 5.329419431955384e+20 1062
0.32987 4357458557598445 17674747604050.16 5.344789685695594e+20 776
0.336467 3663880277258052 34974018973020.85 4.325564520470431e+20 432
0.343065 3725406333499574 53895647397767.3 4.216742832126425e+20 200
0.349662 4378231338117652 112124102060094.6 4.762184996297855e+20 168
0.35626 2965445355435049 106356813759577.8 3.112652075370376e+20 56
0.362857 4120134998211668 170606842736684.7 4.17195586001304e+20 7


0.0065974 2822034114959.464 4783317302328.503 1.215253210351464e+22 18
0.0131948 16002149914118.33 38047771072463.94 8.705779612117175e+21 62
0.0197922 27007408916087.6 115728092402223.4 5.843170747380722e+21 98
0.0263896 24473719637073.92 303894444601264.8 4.648852675839154e+21 210
0.032987 7511183151464.615 600147489868471.2 3.438265252109907e+21 350
0.0395844 161807784359481.6 855269844101288.4 3.936876234579804e+21 450
0.0461818 891013156675791.8 1223592854935854 8.334169833905255e+21 602
0.0527792 2802894589909706 1449442813486201 1.685094604098834e+22 762
0.0593766 6424014832136613 1438957953777142 2.905252583428038e+22 1142
0.065974 1.295450896442801e+16 1326436707517391 4.67288399583792e+22 1250
0.0725714 2.057546907873654e+16 935092352902452.5 6.06679466727998e+22 1458
0.0791688 3.184501775344946e+16 502042679158196.2 7.839198611756654e+22 1814
0.0857662 3.839070283793154e+16 98964003329833.39 8.048610242782038e+22 2178
0.0923636 4.30392662235608e+16 84902939880018.22 7.779506788611618e+22 2498
0.098961 4.104214355265898e+16 603819087185041.2 6.446257567481134e+22 2622
0.105558 3.092344003845176e+16 1576975962646048 4.269951709080186e+22 3338
0.112156 1.951382029052128e+16 2931162423494004 2.397766867273842e+22 3722
0.118753 8645251844802257 4114691986185797 9.574090307686317e+21 4170
0.125351 2498371053822237 4730329682348968 2.574267467036366e+21 4358
0.131948 3029047285319264 4526483762826668 2.772967247254451e+21 5034
0.138545 9475162500950648 3828709675787666 7.653396069055977e+21 5714
0.145143 1.902183246156353e+16 2790663238983666 1.391280351019633e+22 5982
0.15174 2.894504341105934e+16 1742097091972716 1.931746273396971e+22 6602
0.158338 3.304291015670349e+16 1072075971434256 2.022796729081811e+22 7130
0.164935 3.339571762345666e+16 882376108193489.8 1.884111379337773e+22 8034
0.171532 3.015336810598182e+16 1031646797391628 1.573661106017493e+22 8606
0.17813 2.544142509225254e+16 1398336111309245 1.23141707849444e+22 9066
0.184727 2.153549083053625e+16 1759304292816652 9.693956058726766e+21 9962
0.191325 1.92626709963049e+16 1911843022732559 8.084374890254952e+21 10550
0.197922 1.804227582083232e+16 1919923183509342 7.074068051235276e+21 11226
0.204519 1.908732940811582e+16 1854536419673912 7.006189970805701e+21 12146
0.211117 1.802397695163876e+16 1666755041395634 6.20519764324234e+21 12303
0.217714 1.519743006183118e+16 1542255399020066 4.918337438951652e+21 12584
0.224312 1.163433800078736e+16 1473315369694742 3.54853905447153e+21 12120
0.230909 1.161955906176237e+16 1145115732604994 3.34310720430149e+21 11180
0.237506 1.230535808297442e+16 668354849024501.5 3.34482122602328e+21 11096
0.244104 1.162867649525893e+16 499429381317753.9 2.992282827256052e+21 10056
0.250701 1.010188041451486e+16 540131848393250.5 2.46445548682553e+21 9716
0.257299 7429557850635054 674350166568570.1 1.720941880729608e+21 8604
0.263896 5814763475197317 760266921753259.8 1.280393317773757e+21 8060
0.270493 4724956749502866 706501388309071 9.903845421360942e+20 7320
0.277091 4500797720032788 616773167214364 8.992403111930393e+20 6356
0.283688 4860792013424779 563600915470175.5 9.262125367333919e+20 5348
0.290286 4499070407371248 433297242401612.9 8.183379135443785e+20 4308
0.296883 4494246704971704 337685564345914.1 7.814648144356501e+20 3563
0.30348 3338473155961525 221262386680209.1 5.557141909033946e+20 2448
0.310078 2868449830106424 237535184668011.4 4.571654933965464e+20 1868
0.316675 1620733237591764 318342840870230.7 2.47584927595872e+20 1358
0.323273 518473086465566.4 340137346873193.1 7.612807367009937e+19 1062
0.32987 138037754697676.3 381095774877883.6 1.965743652703371e+19 776
0.336467 85883827679501.75 339454377825237.1 1.182071776485602e+19 432
0.343065 149572239115022.6 353072817706073.2 1.960975306446568e+19 200
0.349662 409120668446079.6 428892793335768.1 5.128030371541094e+19 168
0.35626 449145378798273.1 296387684330376.6 5.424338084674533e+19 56
0.362857 759936900351388.4 415508746973680.3 8.849424590800496e+19 7


0.0065974 4370159585877.993 3768959298801.683 1.324880199951242e+22 18
0.0131948 42274306514590.56 28663040415004.95 1.185125705482922e+22 62
0.0197922 163718379958187.2 81748932229921.02 1.219179335302971e+22 98
0.0263896 562257070476880.6 197192414140967.2 1.804710443528769e+22 210
0.032987 1579636200633040 338012869875438.1 2.856074649573099e+22 350
0.0395844 3149503696510522 402807409370029.6 3.740513360244582e+22 450
0.0461818 6203292999489094 459101892699752.6 5.227761477417035e+22 602
0.0527792 1.035113028573184e+16 386144668422230.6 6.548451277219748e+22 762
0.0593766 1.495406982580521e+16 216326095718842 7.450401170769485e+22 1142
0.065974 2.104919818026955e+16 58115364165515.53 8.493193616312548e+22 1250
0.0725714 2.463630550820536e+16 18490144173455.55 8.174787057729373e+22 1458
0.0791688 2.810727525874345e+16 269515669863419.8 7.811946086293577e+22 1814
0.0857662 2.433019004569749e+16 883745151167552.8 5.773888828148922e+22 2178
0.0923636 1.822300867756418e+16 1898293186025070 3.741927683341757e+22 2498
0.098961 1.001283071470285e+16 3001061856845053 1.801861408923934e+22 2622
0.105558 2923410368307958 3667666399682024 4.805325946683761e+21 3338
0.112156 887003100273839.6 4019133064699183 1.444476716532337e+21 3722
0.118753 5115405793304475 3629607718816542 6.461185042104028e+21 4170
0.125351 1.394072340798077e+16 2701041449525114 1.549333589044044e+22 4358
0.131948 2.382164231000848e+16 1559001941053580 2.376457880661942e+22 5034
0.138545 3.179058218707801e+16 715239884685374.9 2.874192306701036e+22 5714
0.145143 3.437064861777972e+16 414255439683320.6 2.830483951096365e+22 5982
0.15174 3.225819108087221e+16 622975918048284.6 2.428932141098219e+22 6602
0.158338 2.514493434146542e+16 1158482527067600 1.738567856332336e+22 7130
0.164935 1.8397823317568e+16 1729711745837200 1.17343802431406e+22 8034
0.171532 1.356438423041023e+16 2071297048056124 8.009208137639279e+21 8606
0.17813 1.148084543343069e+16 2179800047222338 6.287997480324038e+21 9066
0.184727 1.203624721908981e+16 2079953402023071 6.12608476814866e+21 9962
0.191325 1.413491463481999e+16 1789755638525215 6.701255485615282e+21 10550
0.197922 1.462373357054272e+16 1639125880855177 6.474942602231963e+21 11226
0.204519 1.598247146286744e+16 1535625144962757 6.62416502316465e+21 12146
0.211117 1.460589451639705e+16 1431670718635902 5.678168887239654e+21 12303
0.217714 1.219160097896884e+16 1334831469016232 4.455474000631371e+21 12584
0.224312 1.174551245229301e+16 1015499797371053 4.043539426463008e+21 12120
0.230909 1.112776681966686e+16 807833019230534.9 3.614098613593636e+21 11180
0.237506 8043653581003999 794321499725199.8 2.469550116676849e+21 11096
0.244104 5241723060961738 886532491314642.1 1.524456756313786e+21 10056
0.250701 3768898828582008 939119934696080.9 1.039732542370326e+21 9716
0.257299 3686596118294690 823358189205552.6 9.651340682038076e+20 8604
0.263896 4120419103211063 707014854673340.1 1.024742373170044e+21 8060
0.270493 4406245590659048 537442778397079.4 1.042628083631352e+21 7320
0.277091 4198533581635539 466270995149768.9 9.469769258725232e+20 6356
0.283688 3684507697914044 508536339335999.8 7.927987530109705e+20 5348
0.290286 3116784490620578 429255132573793.2 6.402295896282587e+20 4308
0.296883 2335970451357624 431905571263817.1 4.588763826699485e+20 3563
0.30348 1464837776524996 324571835307074.8 2.755251172384901e+20 2448
0.310078 1262424933428545 316971298928927 2.273618903773055e+20 1868
0.316675 1633510810950817 233069320169287.8 2.816752750392003e+20 1358
0.323273 2112820024786827 102318696700474.9 3.493400784894908e+20 1062
0.32987 2659386977056634 44430303374350.18 4.228089189716141e+20 776
0.336467 2619268415160737 9893994659991.535 4.007851460664528e+20 432
0.343065 2835857301015640 3935496753766.898 4.16012039171092e+20 200
0.349662 3656521812751700 2833222064890.767 5.154387683346994e+20 168
0.35626 2622970965428019 6736345461162.75 3.568004857729092e+20 56
0.362857 3739688973828259 14529129082356.03 4.907394597986362e+20 7


0.0065974 21808970287873.11 1350353204916.782 2.107901515454975e+22 18
0.0131948 181325017360058.8 9476553551137.482 2.788050051382147e+22 62
0.0197922 584815928823948.2 23872708090564.85 3.352553703206974e+22 98
0.0263896 1646568297183224 48058496988152.86 4.908438177722197e+22 210
0.032987 3592377884470250 57353090441504.34 6.698719866777524e+22 350
0.0395844 5671751327111220 36631914407279.18 7.256456411666483e+22 450
0.0461818 8991827166531351 11259250657929.95 8.317524670360649e+22 602
0.0527792 1.194913452611433e+16 8773684322085.577 8.37721939950172e+22 762
0.0593766 1.350556439204417e+16 107240270890533.3 7.49721455480295e+22 1142
0.065974 1.450346844836524e+16 403246442340878.4 6.545125955588934e+22 1250
0.0725714 1.241652102822701e+16 896892822078248.2 4.627210569348499e+22 1458
0.0791688 9211884618579814 1741682945731323 2.899336311599552e+22 1814
0.0857662 3955055079951653 2471125042186401 1.092574700165175e+22 2178
0.0923636 647460257072662.5 3135776627092788 1.934948275904823e+21 2498
0.098961 1210839507449609 3293167069227242 2.761717029594803e+21 2622
0.105558 6474365923400798 2695698273217834 1.146270613822319e+22 3338
0.112156 1.589842641642848e+16 1845626055096525 2.458125620106788e+22 3722
0.118753 2.551653129317928e+16 897249706254285 3.508689824667179e+22 4170
0.125351 3.140605320940299e+16 280066026760238.6 3.867101828295778e+22 4358
0.131948 3.090849797568154e+16 233589913663071.6 3.430532539605296e+22 5034
0.138545 2.605851894134528e+16 721174056104011.9 2.625982448812383e+22 5714
0.145143 1.841497594896492e+16 1482570140688863 1.693045666205638e+22 5982
0.15174 1.100410361484722e+16 2237820742773706 9.27477488995961e+21 6602
0.158338 7046894115168765 2471300052271989 5.466861891262615e+21 7130
0.164935 6894454160039424 2373341725405478 4.926259885515771e+21 8034
0.171532 8847134640844936 2032394679673267 5.831309234789636e+21 8606
0.17813 1.166803221769917e+16 1647791139599485 7.117419682973018e+21 9066
0.184727 1.366127899763021e+16 1406679326872775 7.741383695030567e+21 9962
0.191325 1.350577067081322e+16 1364412875788606 7.133472858297209e+21 10550
0.197922 1.270613644176919e+16 1364773477130860 6.269503169393053e+21 11226
0.204519 1.165131665074299e+16 1507762849031961 5.384065046410827e+21 12146
0.211117 1.028340907891485e+16 1440484838679064 4.457559195994839e+21 12303
0.217714 9794412819324348 1195750462424548 3.989588551430093e+21 12584
0.224312 9246514463105032 942634308218738.9 3.547952746976999e+21 12120
0.230909 7017571646567012 942707353812219.4 2.541471175730632e+21 11180
0.237506 4711349678514383 895793255222855 1.613382785376167e+21 11096
0.244104 4705409494432665 724517897141712.9 1.524885214680827e+21 10056
0.250701 5619471517623532 542636266694643.1 1.725440729254924e+21 9716
0.257299 6085356684535219 389565753389348.1 1.77310325080832e+21 8604
0.263896 6004225981504186 339038313038964.1 1.662551776689975e+21 8060
0.270493 4806476373707441 346760912782698.7 1.266916622817195e+21 7320
0.277091 4081026391972567 343583453977340.3 1.02552446274578e+21 6356
0.283688 4283118491992096 311541022936316.5 1.026531507689762e+21 5348
0.290286 3479849243577083 277080067750288.9 7.962418262663331e+20 4308
0.296883 3377021873608256 219395070508706.2 7.386955357155183e+20 3563
0.30348 2574417073698506 134510636370351.8 5.390694901280523e+20 2448
0.310078 2768032787006308 89716890203310.67 5.548494733712408e+20 1868
0.316675 2593089466944588 71318488941148.5 4.979422212552719e+20 1358
0.323273 1554292755268188 114132720709520.7 2.863962533048627e+20 1062
0.32987 1036036740122064 169599409470756.8 1.836742012806962e+20 776
0.336467 486868757744632.9 194773828058346.4 8.317066387206871e+19 432
0.343065 351320949482755.1 223710419342666.9 5.759957824385263e+19 200
0.349662 191369085087695.8 314143108256047.6 3.028543474019937e+19 168
0.35626 60158106567634.3 237426645078750.6 9.277406820946565e+18 56
0.362857 49994043150944.21 346414914679380 7.525782358816894e+18 7


0.0065974 30094679317887.77 20346796972.79944 2.587236647347237e+22 18
0.0131948 236706177657963.1 39007562512.90489 3.66360994281428e+22 62
0.0197922 707737990498918.8 43783707071.39629 4.296709914343056e+22 98
0.0263896 1813426050659272 1913023006707.774 5.862914800688332e+22 210
0.032987 3425393019532175 17472223575688.17 7.024578908412976e+22 350
0.0395844 4592373910642705 64467538812991.09 6.507898763175777e+22 450
0.0461818 6048306989095148 187841843431693.8 6.227008983235376e+22 602
0.0527792 6307998829527606 421203820377918 4.950042946827553e+22 762
0.0593766 5100991791403693 767568301312069.2 3.200357974406652e+22 1142
0.065974 3280250053172524 1297526172373834 1.715856414110377e+22 1250
0.0725714 1095822417863985 1761414949824139 5.295139908195e+21 1458
0.0791688 152814012041108.5 2301163852899719 1.285383640811578e+21 1814
0.0857662 2006549732411515 2272415690907892 6.387645824500816e+21 2178
0.0923636 7696226074343609 1966946984404330 1.966287093298054e+22 2498
0.098961 1.593313865519051e+16 1306863584889624 3.48922440868644e+22 2622
0.105558 2.297332340634124e+16 537601753866655.4 4.399518839863693e+22 3338
0.112156 2.817928883628376e+16 110029398461736 4.780969026141349e+22 3722
0.118753 2.747126840792663e+16 223883957019167.5 4.161228496889032e+22 4170
0.125351 2.155470416765918e+16 827106854246125.6 2.930119122004619e+22 4358
0.131948 1.290719293935331e+16 1633322259629565 1.586341473070638e+22 5034
0.138545 6082681815259192 2322733979365803 6.836061632710008e+21 5714
0.145143 3495728656089220 2560771304011697 3.611866608083667e+21 5982
0.15174 5043169829086865 2387184065864463 4.722999622151479e+21 6602
0.158338 9127202750482860 1811767580069145 7.784770390262426e+21 7130
0.164935 1.311074835574973e+16 1302613249345291 1.027992777000944e+22 8034
0.171532 1.502220748592407e+16 987734298151932.9 1.088501906093497e+22 8606
0.17813 1.496353461875765e+16 917369409705097.6 1.005119993793745e+22 9066
0.184727 1.362261126198738e+16 1028664300759176 8.508743834179311e+21 9962
0.191325 1.150695291709242e+16 1197665841090724 6.702680026084654e+21 10550
0.197922 1.082981391758821e+16 1195946479552333 5.893088349919364e+21 11226
0.204519 1.067329754973164e+16 1239543511754660 5.43798335765286e+21 12146
0.211117 1.047013757932005e+16 1078863616930306 5.002398146040861e+21 12303
0.217714 9988870800803354 873409242492329.2 4.48479401010661e+21 12584
0.224312 7573069312551719 856228596838001.2 3.204702950638718e+21 12120
0.230909 6368836463241844 780399971024440.5 2.54312257423597e+21 11180
0.237506 6510555078865982 517829403324384.1 2.455686311748011e+21 11096
0.244104 6660129154277573 355142466667756.6 2.377587066943143e+21 10056
0.250701 6273279924223966 322035328244120.9 2.122977916519354e+21 9716
0.257299 4872689360789121 378533488920138 1.565654580135178e+21 8604
0.263896 3980484884531866 420473066325617.5 1.215801332112992e+21 8060
0.270493 3343260596890486 384480510869576.2 9.720115069710531e+20 7320
0.277091 3131915017776992 337775000005045.4 8.679486303070704e+20 6356
0.283688 3178386929254300 323920058366694.1 8.401083300912836e+20 5348
0.290286 2691419218991562 272547911030800.4 6.791322023162416e+20 4308
0.296883 2354357924555704 249520186149666.6 5.679923158686239e+20 3563
0.30348 1446123042808184 199177642657677.2 3.340631101836803e+20 2448
0.310078 1014898382929008 223816874414680.8 2.245709788027827e+20 1868
0.316675 390474589487721.6 257495508132536.8 8.299376293907302e+19 1358
0.323273 339338266858872.3 204277168428156.3 6.915725268276693e+19 1062
0.32987 582511512720205.8 178605529414509 1.139624263292649e+20 776
0.336467 875679202661201.9 118928602808789.8 1.647258945615858e+20 432
0.343065 1110787943298890 106478459107939.8 2.002812378420745e+20 200
0.349662 1787072919719387 97886521598333.31 3.095571991088687e+20 168
0.35626 1462561663981356 54440360364233.52 2.444498882744002e+20 56
0.362857 2207579618723047 68204272632840.47 3.559236849611096e+20 7


0.0065974 20473160322000.68 623601755129.8239 2.245626751431517e+22 18
0.0131948 152356632275012.6 5685181109246.451 2.831940457399327e+22 62
0.0197922 420175539450375.9 20548008388339.8 2.990383840519693e+22 98
0.0263896 965172735348330.5 65611512469086.26 3.619656639484531e+22 210
0.032987 1506152743774538 168440003184110.3 3.587368486381904e+22 350
0.0395844 1555655856182090 309074915322483.1 2.590692519683219e+22 450
0.0461818 1413205070652667 561959132097670.7 1.767474577674012e+22 602
0.0527792 739315945836258.8 857928775234329.2 7.964419449501131e+21 762
0.0593766 110211031486957 1116324837587960 2.123835630240876e+21 1142
0.065974 393688452901906 1386335121702579 3.265329646422195e+21 1250
0.0725714 2404394559588478 1388976525339048 1.150578079056984e+22 1458
0.0791688 7338792693028843 1269512827253792 2.790723834768645e+22 1814
0.0857662 1.354089169008267e+16 775201630054413.6 4.33147730578867e+22 2178
0.0923636 2.056955647599302e+16 299654418287331.3 5.649166737608454e+22 2498
0.098961 2.471487187043361e+16 40000749527979.32 5.887689744046594e+22 2622
0.105558 2.275519304191513e+16 204446287028741.7 4.760551735108729e+22 3338
0.112156 1.760003177383541e+16 830746337658448.1 3.272003314171754e+22 3722
0.118753 9928691898240974 1655044186242610 1.656512823840761e+22 4170
0.125351 3698977041730342 2287855190390280 5.633349706519586e+21 4358
0.131948 1715756180306346 2413579269566462 2.419495508110144e+21 5034
0.138545 4431092609245490 2117726415945732 5.468062547881248e+21 5714
0.145143 9973986374108584 1519756447455940 1.108318711511332e+22 5982
0.15174 1.573296695913869e+16 914841548479345.6 1.593192856631437e+22 6602
0.158338 1.751758257064972e+16 599632926353395.8 1.626778334353554e+22 7130
0.164935 1.659060068515393e+16 613425859109961.9 1.420046752322085e+22 8034
0.171532 1.393941726098988e+16 786618066350731.6 1.103967935768358e+22 8606
0.17813 1.124303173041852e+16 998522934328070 8.260733924997947e+21 9066
0.184727 9875628279971132 1114552848370625 6.748269023591308e+21 9962
0.191325 1.013026705522447e+16 1042430881251836 6.450841468837139e+21 10550
0.197922 1.0429043116831e+16 947631066444581.1 6.202038106161414e+21 11226
0.204519 1.149975603587782e+16 860421557924522.6 6.401031083847844e+21 12146
0.211117 1.081619763905561e+16 772525435486776.6 5.646640350344113e+21 12303
0.217714 8702356056455868 768522004247853 4.271222924193316e+21 12584
0.224312 6815730458097126 729403698711608.6 3.152722603901912e+21 12120
0.230909 6748813197950302 561046614849968.1 2.944494388032709e+21 11180
0.237506 5951961785445358 428230794652507.1 2.453828614314996e+21 11096
0.244104 4423889882224746 458741350034557.4 1.727269440319243e+21 10056
0.250701 3151055375661684 526584836954849 1.167071941230056e+21 9716
0.257299 2570886667663599 507710862300857.5 9.040653270840706e+20 8604
0.263896 2538020600808590 465921786901947.7 8.480421416819952e+20 8060
0.270493 2597150751348166 370305104594522.4 8.256138857944517e+20 7320
0.277091 2393728225131110 331845850196730 7.253362390929754e+20 6356
0.283688 2047000118668600 360388635283088.7 5.918003335415886e+20 5348
0.290286 1799223089652068 296973555708619 4.965198388896913e+20 4308
0.296883 1506474646989725 276353329330082 3.975077608911233e+20 3563
0.30348 1200961710388341 180610234236243.9 3.032883847397887e+20 2448
0.310078 1252882192804242 156578334585013.1 3.028536569085025e+20 1868
0.316675 1641564330560373 87347835163306.67 3.799505033611636e+20 1358
0.323273 1743836501018433 25719060837653.91 3.871043243381077e+20 1062
0.32987 1894244686731926 10189594216110.16 4.043658159388638e+20 776
0.336467 1587327545262709 17777758279978.83 3.261468186167149e+20 432
0.343065 1590784584312603 28413087062010.45 3.133770792423542e+20 200
0.349662 1795589292725644 62194304300965.11 3.399298561414347e+20 168
0.35626 1168893771355219 60205946401236.41 2.135560263764514e+20 56
0.362857 1589316920008892 97142045790453.59 2.80120350522426e+20 7


0.0065974 5216615845024.951 1871690137813.59 1.548151633508063e+22 18
0.0131948 34144216759773.14 15328844984926.04 1.360330146762325e+22 62
0.0197922 76302538242419.48 48399057876351.86 1.069661705017871e+22 98
0.0263896 125411140800602.3 132526557719033.3 9.567635860452702e+21 210
0.032987 85859310165890.77 276344335537071.7 6.185634019134186e+21 350
0.0395844 9153930460718.43 412798928272966.8 3.129133159923256e+21 450
0.0461818 122463974312952.1 611474115893169.9 3.903681914816244e+21 602
0.0527792 827286768711311.6 739454964645280 9.338725552196812e+21 762
0.0593766 2595079068885049 729494544852326.4 1.992641021172426e+22 1142
0.065974 6058475152196360 638905195937579.4 3.630919099386302e+22 1250
0.0725714 1.025692205307924e+16 393776906368015.9 4.994839538439545e+22 1458
0.0791688 1.602464775623866e+16 145692993410470.2 6.502526780766988e+22 1814
0.0857662 1.850900323510964e+16 18579606278162.82 6.394320072449697e+22 2178
0.0923636 1.870070135876045e+16 218696752307404.7 5.573816544380663e+22 2498
0.098961 1.48265800681861e+16 764534708482573.8 3.847843714405696e+22 2622
0.105558 7981544939842146 1434049932631072 1.832567880196135e+22 3338
0.112156 2534460885623580 2076510447350012 5.342079844175663e+21 3722
0.118753 905794783652317 2271592932579002 1.837118944363301e+21 4170
0.125351 3923110236907492 1950988581951721 6.463131189042146e+21 4358
0.131948 9880042567767114 1267746312377292 1.441906981960011e+22 5034
0.138545 1.580230891939271e+16 645184680608464.2 2.084674829926514e+22 5714
0.145143 1.85015272048293e+16 346766707244771.6 2.221758157858172e+22 5982
0.15174 1.781264918229569e+16 411550087685002.2 1.955591327954568e+22 6602
0.158338 1.361229821546703e+16 730320809801632.5 1.372687715336647e+22 7130
0.164935 9847322693111582 1045852592752683 9.164341444609101e+21 8034
0.171532 7633937741075553 1183500033088070 6.577602363461911e+21 8606
0.17813 7361657644339928 1150416409139792 5.879634432069005e+21 9066
0.184727 8346812746987194 1024948762648040 6.191813077523626e+21 9962
0.191325 9507228005624332 864746059507592.1 6.569135971129839e+21 10550
0.197922 9180228737193686 842739986337308.4 5.925140316475794e+21 11226
0.204519 9227517317547384 859805604819740.8 5.5759330725325e+21 12146
0.211117 7792113045123137 868475312484877.6 4.417551622484131e+21 12303
0.217714 6178658539419757 838067325638271.5 3.29349936996762e+21 12584
0.224312 6160794647565602 632283471758804 3.092562416313422e+21 12120
0.230909 5562098953087474 539671041859768 2.634056484962868e+21 11180
0.237506 3648884934334468 547256370318037.9 1.634163566313174e+21 11096
0.244104 2746700725269668 526655539262350.2 1.165088648191432e+21 10056
0.250701 2830379558423153 460297782188433.9 1.137650247960796e+21 9716
0.257299 3294046190032712 342094275137873.6 1.25588352726757e+21 8604
0.263896 3492077841626298 281850008039911.1 1.264966041107171e+21 8060
0.270493 2979552597933074 256558364521097.2 1.027328848135195e+21 7320
0.277091 2662918231709786 236696506301888.3 8.752580404029825e+20 6356
0.283688 2823111964925286 212803335659434.6 8.849450945801786e+20 5348
0.290286 2425732057043322 175143111671608.7 7.258818304264636e+20 4308
0.296883 2326370301649970 140002797516073.2 6.654909146348045e+20 3563
0.30348 1718713526222432 90793330834197.52 4.706581574333539e+20 2448
0.310078 1745659430094335 71792227951626.16 4.576228259094662e+20 1868
0.316675 1490726534767924 73947872302079.39 3.744025208864048e+20 1358
0.323273 730023401616013.4 109022660663813.1 1.760120580871805e+20 1062
0.32987 362432727087766.7 147952869182528.2 8.418049984762624e+19 776
0.336467 93597244638022.58 154142726525014.6 2.108815900255307e+19 432
0.343065 40153982546039.3 169419182842394.7 8.808600988238976e+18 200
0.349662 9512509966644.254 221455383724482.4 2.228285849390882e+18 168
0.35626 29074261828540.52 159080390954875.1 5.945027761671723e+18 56
0.362857 69476419911499.92 226574078995977.1 1.352492525121959e+19 7


0.0065974 176064639820.0912 2126278925344.542 1.31155826606272e+22 18
0.0131948 3133784489088.762 16457074692079.94 9.562552937489822e+21 62
0.0197922 20139051896705.14 48035319110110.84 7.49561955834606e+21 98
0.0263896 102995465373957.2 119005744066303.1 9.228210401549618e+21 210
0.032987 414929540270710.9 211629503510336.9 1.457563809669325e+22 350
0.0395844 1051579154757678 261085152809854.9 2.124920069516149e+22 450
0.0461818 2441893168315740 306261437528958.4 3.341521954710074e+22 602
0.0527792 4604528392711258 263540120482448.5 4.641736313079829e+22 762
0.0593766 7222276449329289 148617279194904.5 5.689982508002353e+22 1142
0.065974 1.061019623695609e+16 38336356440836.66 6.75023108617173e+22 1250
0.0725714 1.245665976982763e+16 15609344262335.23 6.512318171463587e+22 1458
0.0791688 1.360675624714614e+16 205698536716520.8 5.96183962076218e+22 1814
0.0857662 1.052962304633795e+16 635850071537049.5 3.948982957847057e+22 2178
0.0923636 6203385382533083 1275517299385190 2.029891438428214e+22 2498
0.098961 1972267928640554 1840211389099928 5.910186047602658e+21 2622
0.105558 442474319611300.5 1964757218633260 1.421772437606176e+21 3338
0.112156 3195920481814846 1753367382095882 7.175279459042557e+21 3722
0.118753 9186701296899180 1161592381734881 1.792698288078823e+22 4170
0.125351 1.522028942677019e+16 533413874078099.7 2.648327976927776e+22 4358
0.131948 1.79788110370777e+16 189916701376936.6 2.816245998609117e+22 5034
0.138545 1.705223728838015e+16 276871774694072.2 2.424150097239829e+22 5714
0.145143 1.289560080386016e+16 688244673845624.1 1.672441606067204e+22 5982
0.15174 8093317837789272 1177041053509562 9.623739660800784e+21 6602
0.158338 5256759855804317 1365098476738568 5.754912351012558e+21 7130
0.164935 5141427954415029 1309586566021550 5.183808529046814e+21 8034
0.171532 6352759236094806 1102294771745866 5.908138217005232e+21 8606
0.17813 7833837766332940 894866443343625.2 6.742813958152739e+21 9066
0.184727 8523574388278010 803488787033773.1 6.816178011942315e+21 9962
0.191325 7757523479561710 847940894052684.6 5.783960702781355e+21 10550
0.197922 6911914552622145 885920598907021.5 4.815393212627162e+21 11226
0.204519 6316745479853420 966989759706440 4.121750344421163e+21 12146
0.211117 5759366167519121 899373977227390 3.524647903838624e+21 12303
0.217714 5879395057722894 710429927676043.4 3.379623805082788e+21 12584
0.224312 5639455872162868 550291546716204.8 3.05310227441577e+21 12120
0.230909 4376174703068700 542876497090479.3 2.236168194598336e+21 11180
0.237506 3518192522414978 460791727766977.1 1.699063758442496e+21 11096
0.244104 3784401524836336 331186572018433.5 1.72913447971564e+21 10056
0.250701 4187602758524057 238240458249098.8 1.813087661682556e+21 9716
0.257299 3777888977651818 218864547246507.9 1.552637052533164e+21 8604
0.263896 3352958396964904 227785949386910.9 1.309748167547414e+21 8060
0.270493 2746170111353069 220371379148995.8 1.021140926664124e+21 7320
0.277091 2501351742886450 198500715207835.8 8.866178779584987e+20 6356
0.283688 2590312000846805 182994125579431.7 8.756684441194699e+20 5348
0.290286 2045695207717446 169203095469613.4 6.602732685833157e+20 4308
0.296883 1726826890542621 162152561224183.1 5.329115893152461e+20 3563
0.30348 979382730987335.1 139677760408680.4 2.894657412637482e+20 2448
0.310078 709823215982649.4 153521648890544.2 2.009682485011613e+20 1868
0.316675 302011067226788.2 174079397605493.5 8.214313951213565e+19 1358
0.323273 322805873716489.9 131533457647879.4 8.410568244232049e+19 1062
0.32987 549786734798983.6 107748870400810.5 1.375303639125754e+20 776
0.336467 779877747353776.2 63856946397291.25 1.876089273419464e+20 432
0.343065 964381971973173.2 53049505512758.5 2.223731660282378e+20 200
0.349662 1492850851453839 40950419722802.98 3.307143050482258e+20 168
0.35626 1189186685059689 19261450018658.99 2.541972625852575e+20 56
0.362857 1772570887351327 21808211651064.14 3.655040841197622e+20 7


0.0065974 7361676688543.374 1173963154955.529 1.744328554495588e+22 18
0.0131948 64547386165209.17 8475795515578.13 1.95101246078955e+22 62
0.0197922 222301544732955.9 22286958904337.93 2.209245801296698e+22 98
0.0263896 672288632102709.1 47682915667211.01 3.250777302932244e+22 210
0.032987 1604455105325659 64349093025911.93 4.673893442908901e+22 350
0.0395844 2736632673186666 51711480435495.33 5.380185951935347e+22 450
0.0461818 4613986923041521 28529099270635.06 6.511025207095741e+22 602
0.0527792 6439560724836312 2927992865630.672 6.863605155650231e+22 762
0.0593766 7487376000373950 34083915405471.81 6.311169280357462e+22 1142
0.065974 8035671710454308 191757859250353.5 5.508502585066193e+22 1250
0.0725714 6589321253719996 490085846084911.5 3.739657115195249e+22 1458
0.0791688 4310603261073816 1000664096707806 2.085475366749714e+22 1814
0.0857662 1295453405476862 1411665500212413 5.819243493708651e+21 2178
0.0923636 236723377660151.4 1694615833080614 1.386420020123323e+21 2498
0.098961 2359625684608344 1592411223799477 7.469770789963609e+21 2622
0.105558 7220426710026544 1063686863625770 1.917681647213481e+22 3338
0.112156 1.343561307958253e+16 490634667619348.2 3.137274398266638e+22 3722
0.118753 1.724429608665522e+16 123210420933876.5 3.586819195968972e+22 4170
0.125351 1.673956031577246e+16 170654358809605.8 3.121247022701731e+22 4358
0.131948 1.217570610316848e+16 587630180925889.2 2.050025102754121e+22 5034
0.138545 6940668161391437 1118300105601711 1.065347120704272e+22 5714
0.145143 3614096730854300 1443743385076124 5.098732359404372e+21 5982
0.15174 3179833175006906 1480603821554088 4.105364839631068e+21 6602
0.158338 5302458037566050 1166731618370748 6.223163698894847e+21 7130
0.164935 7711046172540467 857978913272026.1 8.30833304216878e+21 8034
0.171532 8815666323292774 671158262745822.1 8.774113716937202e+21 8606
0.17813 8544277810385242 651469839239828.2 7.883384274620774e+21 9066
0.184727 7556837402826024 735986951074213.2 6.484520418827966e+21 9962
0.191325 6356592653801883 828400871039908.4 5.087743031219083e+21 10550
0.197922 6350730639805288 784022679236337 4.746862311779806e+21 11226
0.204519 6579250407805110 777341537053498.6 4.603205197827788e+21 12146
0.211117 6752810180488279 646528497739489.1 4.429188601740857e+21 12303
0.217714 6603201776931034 503479671441492.2 4.069254140514287e+21 12584
0.224312 4969508794614241 506154993769306.3 2.886701740348833e+21 12120
0.230909 4216485306048212 459474737087720.5 2.311097097615507e+21 11180
0.237506 4217132257594758 305773537227874.8 2.18316534139324e+21 11096
0.244104 3927190587879111 244544807920300.6 1.924399055310722e+21 10056
0.250701 3285618380973390 265394392647281.1 1.526623798360948e+21 9716
0.257299 2422031294332716 299086182574699 1.068771021689516e+21 8604
0.263896 2028071664476928 308065600725260.9 8.507621477497548e+20 8060
0.270493 1883385724934910 259555595321644.4 7.518151061565979e+20 7320
0.277091 1669750191218294 239320993706457.2 6.353911472501875e+20 6356
0.283688 1399402546884058 261997120353729.3 5.081357329714444e+20 5348
0.290286 1182905737780588 221081873267514.7 4.100217414451978e+20 4308
0.296883 1014743756033910 202238168961053.6 3.362972704973556e+20 3563
0.30348 836714435659105.8 130169131417855.1 2.653421872954444e+20 2448
0.310078 855243344654396.4 115106360361138.8 2.595998165750666e+20 1868
0.316675 1103353070553438 69064597730881 3.206376450097414e+20 1358
0.323273 1219351995490005 20826656491389.06 3.398014894977409e+20 1062
0.32987 1340433674712946 8354974677845.759 3.59206202007091e+20 776
0.336467 1117379657188305 14157165188509.66 2.882116816030845e+20 432
0.343065 1110246138769962 22698888248899.99 2.745652895620677e+20 200
0.349662 1224783492670461 49944466257220.77 2.910927996106019e+20 168
0.35626 779726160388428.2 48329405426625.28 1.788497911804571e+20 56
0.362857 1047246316471369 77896304169174.53 2.31740738820049e+20 7


0.0065974 15476421530897.32 163756764295.4011 2.271789893016661e+22 18
0.0131948 124649270113038.7 920143472216.3771 3.034578998435681e+22 62
0.0197922 384346754063428.9 1515006072110.081 3.543341911825114e+22 98
0.0263896 1020101031923522 1277426329693.018 4.92455368872482e+22 210
0.032987 2020669016173682 607141276367.3062 6.130087042190989e+22 350
0.0395844 2831214772300645 11425251495452.8 5.910662143731345e+22 450
0.0461818 3869309410152091 58659261508444.41 5.859270475003984e+22 602
0.0527792 4161430485346904 175239488020212.7 4.802485121053158e+22 762
0.0593766 3419965845844301 376719625557976.9 3.16098426828844e+22 1142
0.065974 2173507678997802 697980230365676.8 1.686600367310728e+22 1250
0.0725714 664376663731469.5 987939780556106.5 4.971096467245403e+21 1458
0.0791688 137982940894268.3 1291718377966545 1.60953846627916e+21 1814
0.0857662 1754667235926376 1217160034344152 8.124037655681116e+21 2178
0.0923636 6023214427826010 936765356989481 2.253578083673548e+22 2498
0.098961 1.144314147092272e+16 486044519768027.9 3.671863961713962e+22 2622
0.105558 1.48286293952365e+16 113390167562735.8 4.16263089138537e+22 3338
0.112156 1.563923169096146e+16 91467929230130.19 3.892345736612105e+22 3722
0.118753 1.225774274988908e+16 461918784305731.8 2.728306616127038e+22 4170
0.125351 6923912314703049 1005883408047449 1.389446619625829e+22 4358
0.131948 2663130874553950 1394724807703373 4.90662573509415e+21 5034
0.138545 1789011516206152 1475159585591883 3.024427749874914e+21 5714
0.145143 4236827846570838 1206360747714041 6.359404838057029e+21 5982
0.15174 8031551364671561 808401669474101.9 1.09306573463727e+22 6602
0.158338 1.000973628849489e+16 519773452350458.7 1.247642969456913e+22 7130
0.164935 9959065979168744 471796415295671.1 1.143745775224378e+22 8034
0.171532 8531063728394212 553842775484556.8 9.06545225203082e+21 8606
0.17813 6984852715580907 670055806320976.8 6.886783111838439e+21 9066
0.184727 6316340849936073 722590188175400.4 5.791437963215064e+21 9962
0.191325 6708428484392533 652751142268853.8 5.730242999432192e+21 10550
0.197922 7091919184301343 572222660686974.6 5.65602231830048e+21 11226
0.204519 7670077232628692 527978372761722 5.725366874944965e+21 12146
0.211117 7121248671777743 482739489671027.6 4.985540779980849e+21 12303
0.217714 5602676560939044 496230303609688.1 3.688118053840409e+21 12584
0.224312 4250411424078570 485008334741413.8 2.637369885754569e+21 12120
0.230909 4176611508997920 379816253172401.4 2.444074134820898e+21 11180
0.237506 3505880204943045 310422071199218.9 1.938709591170391e+21 11096
0.244104 2497247539548152 332131704758018.8 1.308180570251924e+21 10056
0.250701 1827350487159179 359885258853491.3 9.082258359918893e+20 9716
0.257299 1780877989174544 313747665085629.5 8.398422566034313e+20 8604
0.263896 1880813678470260 274421996889420.4 8.42540129572758e+20 8060
0.270493 1755549781871191 230073799662757.2 7.483313604871789e+20 7320
0.277091 1610235481583282 206727507130078.8 6.542545559787532e+20 6356
0.283688 1615452657238234 201035117802851.5 6.260086836062813e+20 5348
0.290286 1534215503060385 151949039871034.8 5.673946672104532e+20 4308
0.296883 1516090256430401 120769766251796.8 5.359334086164709e+20 3563
0.30348 1224436982150184 69165068930142.38 4.142664007660755e+20 2448
0.310078 1266219420986871 53009701451882.85 4.100843355617853e+20 1868
0.316675 1190995810245391 42929907951596.13 3.694999117063387e+20 1358
0.323273 646653751985667.8 67264584404851.65 1.925713926530413e+20 1062
0.32987 363255868026500.3 97128127681333.19 1.04170747897918e+20 776
0.336467 112311956354895.3 107364602247269.8 3.116606783131422e+19 432
0.343065 55841568195057.98 120295735150158.5 1.498888504931825e+19 200
0.349662 5604061718385.196 161028633463395.6 1.726360283180748e+18 168
0.35626 8420664804531.515 116920333111159 2.26647679399334e+18 56
0.362857 26388246064186.04 167169688103998 6.504303994918046e+18 7


0.0065974 14462817077223.87 115906554181.8185 2.268300677055487e+22 18
0.0131948 109756036863992.6 1258286457226.741 2.905187598143619e+22 62
0.0197922 310992398049504.4 5480229538431.943 3.142936756529136e+22 98
0.0263896 738900204254109.4 20892030523619.91 3.928179706378712e+22 210
0.032987 1216647598577070 64892201739496.88 4.097683229491171e+22 350
0.0395844 1342514940545976 137595103943511.5 3.149147438537296e+22 450
0.0461818 1330998439333678 278776340486379 2.322265276142777e+22 602
0.0527792 825025901683727 463980239922992.2 1.187017816768837e+22 762
0.0593766 200186950495512.1 642024603659011.4 3.530368447139741e+21 1142
0.065974 131860584207924.3 824863571377667.4 2.383271307860149e+21 1250
0.0725714 1296176185530151 828350909202147.2 9.20495724312304e+21 1458
0.0791688 4507722573435935 726495325097596.9 2.463138737292726e+22 1814
0.0857662 8590046450905666 391551500244061.1 3.926944491397682e+22 2178
0.0923636 1.279658217015126e+16 104819021484746.3 5.016678352534995e+22 2498
0.098961 1.442796639121031e+16 35126455426296.98 4.907016900991904e+22 2622
0.105558 1.172877190912987e+16 290315732479648 3.507583413957396e+22 3338
0.112156 7179831577338682 813411573109620.8 1.916284528617751e+22 3722
0.118753 2634953352173545 1300002242180020 6.430424909588753e+21 4170
0.125351 922446549162139.9 1470167835579480 2.14163262046776e+21 4358
0.131948 2896903002443766 1220762014078599 5.655636687479896e+21 5034
0.138545 6966840885927205 793245334879138.5 1.213025170870351e+22 5714
0.145143 1.036098192939889e+16 429735467031896.1 1.63732757192722e+22 5982
0.15174 1.1663560946829e+16 290791144211985.8 1.683461242968267e+22 6602
0.158338 9691518978617020 417618726165248.5 1.284520921837596e+22 7130
0.164935 7313025804496469 614211033385230 8.945061787322167e+21 8034
0.171532 5718922914876803 718364645766591.8 6.477102296712941e+21 8606
0.17813 5466870493135104 703973458409647.5 5.739442471139951e+21 9066
0.184727 6103373461162302 622846132908962.6 5.9509805899716e+21 9962
0.191325 6855991454572022 518652360694460.1 6.22593626840928e+21 10550
0.197922 6441254912887158 524513812026740.2 5.464324321557072e+21 11226
0.204519 6369328815728426 546455823631617.2 5.058995908646416e+21 12146
0.211117 5263587644715861 567755860761740.1 3.922888846255592e+21 12303
0.217714 3997778948994907 567437183070449.9 2.80219248677947e+21 12584
0.224312 3979800419290794 431494219233624.6 2.626417123083767e+21 12120
0.230909 3659643754228387 361916295309795.4 2.278164567955797e+21 11180
0.237506 2470748412043796 358203372155562.7 1.454622733136834e+21 11096
0.244104 2014514479994636 329681952789570 1.123041396931815e+21 10056
0.250701 2222464574889032 269997753354353.4 1.173635540488535e+21 9716
0.257299 2453267744334632 199811433791600.6 1.228924786006095e+21 8604
0.263896 2496309329474525 169088672900210.2 1.188154645513637e+21 8060
0.270493 2117356555511696 156117661431738 9.592626509502982e+20 7320
0.277091 1982404419292333 134998201803993.7 8.56067421613301e+20 6356
0.283688 2156151251089118 112249685920887.6 8.879158648373071e+20 5348
0.290286 1753674753195520 101690788116589 6.894714217704481e+20 4308
0.296883 1501970012631876 97876991596680.56 5.646023537349173e+20 3563
0.30348 854346913909420.4 90648325425042.58 3.075804832219806e+20 2448
0.310078 673369021966571.1 98846729650208.7 2.32179883666506e+20 1868
0.316675 304829491437412.8 120909437813847.7 1.009282174935671e+20 1358
0.323273 162803788514797.6 105829190238199.4 5.182411174255139e+19 1062
0.32987 249942952296096.9 96771205047478.09 7.63194723525448e+19 776
0.336467 419874329190463.7 64349917228524.05 1.231358757371857e+20 432
0.343065 553363524091744.9 56752365063973.16 1.555138620255261e+20 200
0.349662 931200978084046 49464887547560.42 2.513651141440723e+20 168
0.35626 775806949255451.2 25917547945153.95 2.020502388738829e+20 56
0.362857 1177417004330928 31303425612301.85 2.957935101924512e+20 7


0.0065974 6144719353623.365 835406246180.1322 1.778897743601942e+22 18
0.0131948 42493587433866.92 7109508453743.985 1.779767662208138e+22 62
0.0197922 104146218812141.2 23560179375997.34 1.557606961225837e+22 98
0.0263896 199476787323158.8 68088352020367.49 1.553518529901075e+22 210
0.032987 208395838245657.1 152300561423890.4 1.147465035465894e+22 350
0.0395844 93714068242179.25 242388155011151.6 5.563521347297616e+21 450
0.0461818 12620955943658.71 378802316781806.8 3.09642414981237e+21 602
0.0527792 213358559543705.2 480213643342967.3 4.913072158622278e+21 762
0.0593766 1130705899283986 490531930340281.1 1.286890840371126e+22 1142
0.065974 3226739210754872 436812650814881.8 2.736007150137431e+22 1250
0.0725714 6000532565590915 265388069088150.4 4.091281640615308e+22 1458
0.0791688 9757816345796996 89344442537618.73 5.5267904648239e+22 1814
0.0857662 1.122290802151869e+16 16829895932314.91 5.408309616362083e+22 2178
0.0923636 1.075310798403494e+16 198649761169714.4 4.474262179451656e+22 2498
0.098961 7545065485234799 617580706435506 2.742300718860934e+22 2622
0.105558 3104440640894781 1052407339023456 1.012165859736136e+22 3338
0.112156 628715473322365.6 1356365961558519 2.068410660162618e+21 3722
0.118753 1659479808272381 1267097564096112 4.381011508892878e+21 4170
0.125351 5499120466919779 866745191034123.4 1.246384967763549e+22 4358
0.131948 9587024478207768 404848131815894.6 1.943618872555254e+22 5034
0.138545 1.171197972565987e+16 179718834567318.7 2.150814828224485e+22 5714
0.145143 1.061771385060838e+16 280544892726109.7 1.777201248053694e+22 5982
0.15174 7769183934666924 569710002835816.8 1.191047365120095e+22 6602
0.158338 5029040911845351 781159009034404 7.096938847853635e+21 7130
0.164935 4197121512981116 821329005302431.8 5.46437262098115e+21 8034
0.171532 4595109812346240 724498039627193.5 5.522903601531084e+21 8606
0.17813 5460904071804299 598203571586654.8 6.07362411496844e+21 9066
0.184727 5904445052733945 538719026534801.3 6.100247024488749e+21 9962
0.191325 5384525104658125 568579709346455.1 5.186868892026416e+21 10550
0.197922 4643779889618978 611226747096469.8 4.18083816830696e+21 11226
0.204519 4318981904805544 657947630889249.1 3.641763592276915e+21 12146
0.211117 3892667048170045 616558155282480 3.078491156993195e+21 12303
0.217714 3936320282849342 491774178335588.1 2.923419023388965e+21 12584
0.224312 3943486406790751 365014068112913.8 2.757404736586515e+21 12120
0.230909 3116599344062750 356329664020827.4 2.056852270700235e+21 11180
0.237506 2524232267436097 301202614299886 1.574400860276254e+21 11096
0.244104 2683604365027455 215342751247090.3 1.583411385724461e+21 10056
0.250701 2890548453311846 159162911629175.7 1.616061641551017e+21 9716
0.257299 2485695661968336 158860117326416.4 1.31928548626543e+21 8604
0.263896 2160084808054416 168543544400140.4 1.089760226755073e+21 8060
0.270493 1824108804333488 155343633673910.4 8.759587520044129e+20 7320
0.277091 1597897307790078 146657530437471.8 7.315050422558071e+20 6356
0.283688 1476353024068582 155116168408763.2 6.44738533016764e+20 5348
0.290286 1085394424865710 147713553894865.9 4.526629343861441e+20 4308
0.296883 862516072745010.4 143392964083048.3 3.440065452422351e+20 3563
0.30348 561951166523105.8 106114305732658.7 2.146055208574657e+20 2448
0.310078 508660475291687 101781040212626.7 1.85983595376648e+20 1868
0.316675 581196244781377.5 79040847073090.88 2.034317742354715e+20 1358
0.323273 782534165249000.6 30677217756453.01 2.62499823152372e+20 1062
0.32987 976131035764934.6 10587346762143.04 3.148121142963923e+20 776
0.336467 920183854397408.9 3113540186054.127 2.856129263693011e+20 432
0.343065 961747365146242.4 4652335393008.927 2.861941161981161e+20 200
0.349662 1148826074119219 14758851773179.51 3.285245230307125e+20 168
0.35626 770499856812390.4 17796882527577.52 2.126357472942944e+20 56
0.362857 1060644336235452 31018467920778.83 2.823769807356513e+20 7


0.0065974 225193647338.2842 1324573236394.704 1.407032020581893e+22 18
0.0131948 660750979549.4561 10476940766588.5 1.026327115380765e+22 62
0.0197922 90981852035.37477 31476404764678.21 7.000190376658151e+21 98
0.0263896 7077053629567.332 80698343187132.09 6.505203452343361e+21 210
0.032987 87258270417215.39 150776680938518.5 7.936074578097894e+21 350
0.0395844 350533811206616.4 195868236420102.7 1.176165307362902e+22 450
0.0461818 1048299674122177 242269117365307.9 2.091341236675685e+22 602
0.0527792 2336964478620214 222599349250047.7 3.290807229021848e+22 762
0.0593766 4100943030240310 138137341524167.9 4.446958475663739e+22 1142
0.065974 6460023380947865 45163304625156.79 5.627957869946405e+22 1250
0.0725714 7853696698116436 6840304445141.316 5.613679167333698e+22 1458
0.0791688 8596662215378025 123967517337650.7 5.150614033676207e+22 1814
0.0857662 6369627230165293 424041848797600.4 3.273924321988227e+22 2178
0.0923636 3285878403687054 862977061539333.6 1.488434874197479e+22 2498
0.098961 715825662675380.2 1208269009201219 3.225735175778355e+21 2622
0.105558 634032011405987.8 1196195987275401 2.501961714054104e+21 3338
0.112156 3720821900809326 924430525001740.1 1.125916632134625e+22 3722
0.118753 8262644322312226 473674749125206.1 2.194914340426327e+22 4170
0.125351 1.137894539547854e+16 149423955537233.3 2.69988494135747e+22 4358
0.131948 1.103856864329914e+16 147392986252313.7 2.36047309779752e+22 5034
0.138545 8288674384636087 424703322327366.3 1.611407624095447e+22 5714
0.145143 4917622713816199 760159808410642.6 8.753039529278396e+21 5982
0.15174 2881260163607054 964855411893234.9 4.723896937636464e+21 6602
0.158338 3235485547186007 862340742765886.1 4.848152704862316e+21 7130
0.164935 4648735349875283 674658351200272.2 6.383914791763587e+21 8034
0.171532 5579634304843435 527758457397594.7 7.070624284651078e+21 8606
0.17813 5590629621000926 493148844541172.3 6.565313888174251e+21 9066
0.184727 4984800012726732 543303925155637.4 5.444513816396468e+21 9962
0.191325 4084467648704856 614111914073163.9 4.162606805826203e+21 10550
0.197922 4106926716344523 580417028954195.8 3.907852081850391e+21 11226
0.204519 4267585802427324 575717892399947.6 3.800479901368905e+21 12146
0.211117 4463382888501526 476857761458124.4 3.7250479953599e+21 12303
0.217714 4584624332429617 353834199240918.2 3.593563560217695e+21 12584
0.224312 3564836955968270 343203096984263.1 2.633682470519587e+21 12120
0.230909 2934811110819105 321452727893047.6 2.046142489662979e+21 11180
0.237506 2874142440017039 220650806712124.7 1.89241268631779e+21 11096
0.244104 2656264386499962 179512328641087.7 1.655389699780305e+21 10056
0.250701 2164288789220729 198516955404074.6 1.27910150950258e+21 9716
0.257299 1603180112125721 217577002253158.2 8.999545751604919e+20 8604
0.263896 1354160174393552 221128336866615.8 7.226801451852844e+20 8060
0.270493 1231159433131128 189669843752440.7 6.252180050494213e+20 7320
0.277091 1053827703896161 178482875272376.3 5.102160776097297e+20 6356
0.283688 897018516425161.8 190869834066024.7 4.144442429697681e+20 5348
0.290286 865581105970893.1 149873299261577 3.815527574824027e+20 4308
0.296883 894275234669892.5 121485179770479.9 3.766776880840787e+20 3563
0.30348 839236738461489.9 64104682957725.67 3.381584718385665e+20 2448
0.310078 905220431170113.9 48136163556554.79 3.491003494131374e+20 1868
0.316675 1012655312089975 23081140974509.95 3.74001545028342e+20 1358
0.323273 727593561133278 27744284475466.77 2.578274148325493e+20 1062
0.32987 552487580239246.9 46182319656117.69 1.883606442086332e+20 776
0.336467 278559722275371 62474373389787.38 9.152504843720019e+19 432
0.343065 205886383365931.3 75466490051776.44 6.493470436834528e+19 200
0.349662 113769561226658.4 112374211267976.8 3.466486211314471e+19 168
0.35626 35371826491645.06 86887133662295.08 1.05254121265403e+19 56
0.362857 28914074511474.8 127653708670974 8.423983030615514e+18 7


0.0065974 2333896779136.344 1006082034635.363 1.569504492735353e+22 18
0.0131948 22389151269813.43 7449958702294.144 1.48213551541255e+22 62
0.0197922 85572380205943.02 20330802905875.46 1.503122848605583e+22 98
0.0263896 287984889298819.6 45756348085077.11 2.148360256887352e+22 210
0.032987 779178073019623.5 67843024107077.88 3.229223933221594e+22 350
0.0395844 1473773495353948 63386208209837.69 3.984678969226826e+22 450
0.0461818 2699438877949989 46979081396819.21 5.165659685666585e+22 602
0.0527792 4045358924268020 13240694455622.99 5.808958372133241e+22 762
0.0593766 4973835214791788 7450681951928.113 5.632526624499407e+22 1142
0.065974 5544030565030216 86963592375692.92 5.102127947652383e+22 1250
0.0725714 4616554358353951 278793264036946.1 3.520797486746985e+22 1458
0.0791688 2966036251643468 626605317876383 1.937966647358037e+22 1814
0.0857662 802428155415108.5 914078874537941.5 5.044837648293246e+21 2178
0.0923636 237696125018395.2 1084513234150304 1.752216229202134e+21 2498
0.098961 2172073389292321 960882432054259 9.15697227192389e+21 2622
0.105558 5894850843319431 560066513117569.2 2.095735701065452e+22 3338
0.112156 9919808672381514 189526609559567.6 3.102617226888325e+22 3722
0.118753 1.129332660188485e+16 64277863234590.12 3.148406930771563e+22 4170
0.125351 9317411954819180 264326388109271.6 2.331688020937652e+22 4358
0.131948 5350106805858686 637625618211880.5 1.213551951501361e+22 5034
0.138545 2376097726904788 937384205221547.6 4.964799021084823e+21 5714
0.145143 1998748208113792 964630477350477 3.814617056587016e+21 5982
0.15174 3701882484083410 784293621175093.6 6.361120592511827e+21 6602
0.158338 5639522949932182 524123837645334.8 8.838605201707441e+21 7130
0.164935 6376101603181770 410056331776569.6 9.195943528193478e+21 8034
0.171532 5863464668931577 416246091631418.7 7.821650076779511e+21 8606
0.17813 4891348247309070 485553638036475.9 6.054301619192148e+21 9066
0.184727 4342042335086412 530523298855174.4 4.99887866868404e+21 9962
0.191325 4483640114636599 495140347171517 4.808685021434724e+21 10550
0.197922 4915929443513785 421489853051475 4.920578896287023e+21 11226
0.204519 5282748205248561 394705242604164.5 4.948612626188259e+21 12146
0.211117 5039586397967471 347250346813373.2 4.426850128541555e+21 12303
0.217714 4138391995917348 338166058088909.3 3.417662340680083e+21 12584
0.224312 3001233397083498 348106379651214.6 2.336955909574225e+21 12120
0.230909 2886567498639616 279638665531620.8 2.119618990447903e+21 11180
0.237506 2485239869944365 222263877823073.8 1.724266067004022e+21 11096
0.244104 1793388648768406 234868558339755 1.178791710361315e+21 10056
0.250701 1317142375245912 254475431907413.2 8.215493951269718e+20 9716
0.257299 1310652864325406 218942950980692 7.755164168179146e+20 8604
0.263896 1389256637335050 190231944435301.4 7.807494254936635e+20 8060
0.270493 1281302312778945 160596764442776.6 6.851853423266624e+20 7320
0.277091 1239900751456870 137496955228460.5 6.318750284458467e+20 6356
0.283688 1345306736013492 122889083012618.4 6.537151887707286e+20 5348
0.290286 1272573328892724 89533331897465.52 5.901438313149476e+20 4308
0.296883 1196530614055602 73976802867487.56 5.304249575869334e+20 3563
0.30348 817125275571011.2 55144797629890.8 3.467952046286024e+20 2448
0.310078 732302041787072.4 55625641256723.02 2.97571647300436e+20 1868
0.316675 477191755396093.6 69422401310180.76 1.859036247874911e+20 1358
0.323273 148147136996987.8 80429194608954.98 5.560251153612712e+19 1062
0.32987 61094409249549.74 89574372462692.28 2.225723501802199e+19 776
0.336467 99717359176434.48 74117273225307.39 3.469432248462737e+19 432
0.343065 160353157202799 72759941710671.48 5.332670908922511e+19 200
0.349662 354749950863507.2 77636944791283.7 1.130990481392407e+20 168
0.35626 342747531690363.4 47813992562993.25 1.053615121286229e+20 56
0.362857 551381949219819.6 63037066457643.01 1.634642726122332e+20 7


