0.0574618 7.147312782496555e-05 5.952186393013466e-07 2.96388999113195 18
0.114924 0.0002868888523378142 4.624530295152965e-06 3.732753241213138 62
0.172385 0.000692689807220971 1.744020665674694e-05 3.973378997291467 98
0.229847 0.001335042053439976 6.69701643002553e-05 4.283733214026966 210
0.287309 0.002215512976110994 0.0001766624468878724 4.622906298460849 350
0.344771 0.00282668196052711 0.0003344392681820246 4.12472903954543 450
0.402233 0.004146533070932519 0.0005769651109550667 4.414715911420545 602
0.459694 0.005241540433583564 0.0009981006092565684 4.252928035093563 762
0.517156 0.006456750226376849 0.001852996010989084 4.161858578161701 1142
0.574618 0.008008622319950559 0.002681201607266814 4.197946121438033 1250
0.63208 0.009408659370856231 0.003955607973167926 4.064645013501922 1458
0.689542 0.0122684683127228 0.005436446074893099 4.440837161382656 1814
0.747003 0.01373359457764216 0.007593965813753896 4.243114367113866 2178
0.804465 0.01667322478934121 0.01022811060674751 4.444611473799717 2498
0.861927 0.01926155883198611 0.014140940523342 4.462692226259054 2622
0.919389 0.02131608547070596 0.01766636486605011 4.33811385223328 3338
0.976851 0.02083027006904701 0.01961319495230083 3.762083479367319 3722
1.03431 6.779420915878165e-34 3.79336025000023e-34 1.091918582945837e-31 4170
1.09177 7.788535761599462e-34 3.959505661780005e-34 1.124496507201916e-31 4358
1.14924 8.023822873810559e-34 4.370939655366159e-34 1.044578362615548e-31 5034
1.2067 8.984899734238983e-34 4.626087823848145e-34 1.061505450495183e-31 5714
1.26416 9.284597657152439e-34 5.237356981340527e-34 9.997020421979745e-32 5982
1.32162 1.012723847325775e-33 5.531954564166752e-34 9.969620813972271e-32 6602
1.37908 1.138569140539779e-33 5.689188513451732e-34 1.028723080931766e-31 7130
1.43654 1.24370987822912e-33 6.432267346257997e-34 1.035805509463348e-31 8034
1.49401 1.307978077775644e-33 6.565551641907282e-34 1.007687312276736e-31 8606
1.55147 1.417406164942532e-33 7.340889264151179e-34 1.012559824159853e-31 9066
1.60893 1.535858040295824e-33 7.925012714948757e-34 1.020100261147937e-31 9962
1.66639 1.634484515842497e-33 7.885045363248447e-34 1.012052799225644e-31 10550
1.72385 1.67363340700786e-33 8.438251125472565e-34 9.681705880947422e-32 11226
1.78132 1.806781053851643e-33 9.152764758436936e-34 9.786846481404077e-32 12146
1.83878 1.765665330386323e-33 9.29181061987823e-34 8.972228307088593e-32 12303
1.89624 1.6017431167808e-33 9.067801037311339e-34 7.651367125484259e-32 12584
1.9537 1.588813060948177e-33 8.348533882591539e-34 7.151821494475689e-32 12120
2.01116 1.472199575710163e-33 7.922608802689113e-34 6.253068399052097e-32 11180
2.06862 1.394993891468245e-33 7.181562708008412e-34 5.600018449848968e-32 11096
2.12609 1.478682113023742e-33 7.181531712526519e-34 5.620042920475779e-32 10056
2.18355 1.520380176840719e-33 7.547022908834241e-34 5.478249690675111e-32 9716
2.24101 1.543150491228948e-33 7.827495339204881e-34 5.278387560762288e-32 8604
2.29847 1.683761178278431e-33 8.196107724911826e-34 5.473732806318984e-32 8060
2.35593 1.698089362681673e-33 8.854455142600164e-34 5.254545018850979e-32 7320
2.4134 1.782993842636972e-33 8.744267745966716e-34 5.259703210066171e-32 6356
2.47086 1.923184732821216e-33 9.507990008932259e-34 5.41150381473105e-32 5348
2.52832 1.852564679072448e-33 9.089686116544951e-34 4.976678462433971e-32 4308
2.58578 1.728748684424021e-33 8.765395570841052e-34 4.440201222655564e-32 3563
2.64324 1.786737325758115e-33 9.237235392044915e-34 4.393427330405155e-32 2448
2.7007 1.849321788138964e-33 9.633264105082757e-34 4.353688428948553e-32 1868
2.75817 1.767020578091902e-33 8.379790054359173e-34 3.985358397522109e-32 1358
2.81563 1.857454388860636e-33 9.79256393936069e-34 4.019034444556807e-32 1062
2.87309 2.160694805129196e-33 9.903795216255781e-34 4.496145218018511e-32 776
2.93055 2.288514174805143e-33 1.001534001678511e-33 4.583487272833918e-32 432
2.98801 1.981929996605922e-33 9.701091149886431e-34 3.805833943825639e-32 200
3.04548 2.554746693801637e-33 9.750204057806655e-34 4.713693962575942e-32 168
3.10294 2.892916462705373e-33 1.244093719275756e-33 5.151022183332186e-32 56
3.1604 1.890233510804962e-33 7.288843864907147e-34 3.24671189561553e-32 7


0.0574618 32.43737953486727 0.009368989731273598 26953476.58548047 18
0.114924 7.762096170945221 0.01533380000713747 1415011.64362012 62
0.172385 3.768474684265339 0.01531650674182202 285708.8448344702 98
0.229847 2.5107819311299 0.008074841245410847 103832.3190150673 210
0.287309 0.6791793690189848 0.006379632430952242 18088.72085629786 350
0.344771 0.1980000028711127 0.004144974546232946 3673.195316398404 450
0.402233 0.1918681684822751 0.001576524910472411 2576.866459000492 602
0.459694 0.09196052529166861 0.0008194315117832769 938.6939416001937 762
0.517156 0.03065326373107844 0.0007778406227506227 248.5553320481396 1142
0.574618 0.01405295460876894 0.0006786520091087817 92.75873654238211 1250
0.63208 0.01281582684041107 0.0003956040232780459 69.45390550729576 1458
0.689542 0.01119464107153899 0.0002327439819642885 50.75302067540345 1814
0.747003 0.006351528495803649 0.0002580957475214921 24.59094246272166 2178
0.804465 0.003999729784780964 0.0002854891172326609 13.37752975821923 2498
0.861927 0.004486086387599946 0.0002452969754561615 13.01519686916432 2622
0.919389 0.004042443100993336 0.0002161775126585547 10.29541996990704 3338
0.976851 0.003414262206938741 0.0002167309486908423 7.715728220787899 3722
1.03431 1.305762397922209e-29 8.792812870568003e-31 2.634416122754567e-26 4170
1.09177 1.647589384227949e-29 1.115372406941071e-30 2.979641179288766e-26 4358
1.14924 1.851956664226012e-29 1.444846288827273e-30 3.020016538042299e-26 5034
1.2067 2.021744409759429e-29 1.812766689254323e-30 2.992487192117683e-26 5714
1.26416 2.324702853146754e-29 2.240734381152725e-30 3.135370490631051e-26 5982
1.32162 2.766785914320799e-29 2.786960404667225e-30 3.411459906827329e-26 6602
1.37908 3.156418807794855e-29 3.241441714898863e-30 3.571767846419686e-26 7130
1.43654 3.621861621317166e-29 3.975999462641578e-30 3.77781673270036e-26 8034
1.49401 3.972551313635835e-29 4.552787078388518e-30 3.832619813535792e-26 8606
1.55147 4.316385640713867e-29 5.654008922885175e-30 3.861932488214526e-26 9066
1.60893 4.916268255242738e-29 6.549670021236913e-30 4.089249271167639e-26 9962
1.66639 5.335475330960944e-29 7.679358800585706e-30 4.137421450410367e-26 10550
1.72385 5.854606578703513e-29 8.80450640519477e-30 4.241288831745785e-26 11226
1.78132 6.828772565966751e-29 9.917560984968037e-30 4.631339637745578e-26 12146
1.83878 7.359562422444329e-29 1.11549927582136e-29 4.681983731690273e-26 12303
1.89624 7.524163807887373e-29 1.257680907017426e-29 4.499965738684596e-26 12584
1.9537 8.45780932056553e-29 1.496908178107805e-29 4.766572757181074e-26 12120
2.01116 9.127686628803243e-29 1.713095461985895e-29 4.85402557160163e-26 11180
2.06862 1.01879459741215e-28 1.97623134586777e-29 5.120456900673708e-26 11096
2.12609 1.057152036546162e-28 2.157042402818233e-29 5.030437983345446e-26 10056
2.18355 1.158080420725741e-28 2.48959539667885e-29 5.22439575686927e-26 9716
2.24101 1.254549374958277e-28 2.823125109320664e-29 5.372447292152315e-26 8604
2.29847 1.409712921101715e-28 3.110079202884293e-29 5.736927016687561e-26 8060
2.35593 1.488958750316599e-28 3.377547659631165e-29 5.767450147435171e-26 7320
2.4134 1.57980225948048e-28 3.841315776835154e-29 5.833853417085121e-26 6356
2.47086 1.734155172107366e-28 4.404130774717725e-29 6.108414157889505e-26 5348
2.52832 1.819962461326325e-28 4.635263080392724e-29 6.119857317572756e-26 4308
2.58578 2.041059648571101e-28 5.114427451503801e-29 6.561397368749665e-26 3563
2.64324 2.000143191516053e-28 5.470437535164981e-29 6.156194664519518e-26 2448
2.7007 2.244780478759942e-28 6.499024641525054e-29 6.615091753720954e-26 1868
2.75817 2.278861598156435e-28 6.723075482065304e-29 6.433434955762712e-26 1358
2.81563 2.331697026477834e-28 7.475502952233885e-29 6.315385951075758e-26 1062
2.87309 2.765893791214642e-28 8.926655181498653e-29 7.204226457063087e-26 776
2.93055 2.411731590734281e-28 8.112583564783594e-29 6.046177201682224e-26 432
2.98801 2.360984316995525e-28 8.053230732050881e-29 5.674525227113505e-26 200
3.04548 3.159904855228318e-28 9.000569019075994e-29 7.295735582727774e-26 168
3.10294 3.903305404265319e-28 1.103833890849799e-28 8.696136506799528e-26 56
3.1604 8.149650754788569e-28 2.001378833718945e-28 1.751181481694737e-25 7


0.0574618 10.90708819897476 0.001819647792260191 17438745.2040086 18
0.114924 6.104414718862733 0.003276436544029799 2131308.914549135 62
0.172385 1.603204130195914 0.003701547353461906 233711.6379604943 98
0.229847 1.172858323837725 0.002780278404197921 93209.61504090548 210
0.287309 0.4127200095280205 0.001630628402444109 21087.42366326482 350
0.344771 0.178078980198007 0.0007242282592954995 6317.470979957803 450
0.402233 0.07689490422555126 0.0005506814960487046 1986.024014443592 602
0.459694 0.03855466555413184 0.0003194273340204782 756.7426224520074 762
0.517156 0.02148322309683456 0.000163618099031429 333.945732190739 1142
0.574618 0.01080546343088387 0.0001369566575628306 136.5577891240926 1250
0.63208 0.005826261158875605 0.0001143938855592596 60.6781268083272 1458
0.689542 0.004446391804601142 8.79923697431863e-05 38.7674481138356 1814
0.747003 0.003571721160311469 6.685208568720626e-05 26.54411447653809 2178
0.804465 0.002953387137160559 5.666146230867151e-05 18.92691768326279 2498
0.861927 0.002282133495490605 6.632772671486323e-05 12.71511837415365 2622
0.919389 0.001961952700234258 6.333687639047296e-05 9.598933313628979 3338
0.976851 0.001854618610163949 5.621259864924971e-05 8.046294115691181 3722
1.03431 1.226556861990651e-29 4.417689518123181e-31 4.75221407617467e-26 4170
1.09177 1.519760680709648e-29 5.825463768301321e-31 5.278813075471427e-26 4358
1.14924 1.664201573959058e-29 7.210342432647359e-31 5.212116089275009e-26 5034
1.2067 1.903129903659125e-29 9.153377621188357e-31 5.409592855515581e-26 5714
1.26416 2.160854168760809e-29 1.13921886770097e-30 5.597047080897594e-26 5982
1.32162 2.614919430161356e-29 1.342285635452928e-30 6.19097960874528e-26 6602
1.37908 2.840030814334079e-29 1.682080912411105e-30 6.172644913476332e-26 7130
1.43654 3.143412529117488e-29 2.053101783713297e-30 6.298006931656921e-26 8034
1.49401 3.514643219209178e-29 2.412173326983281e-30 6.513316178063832e-26 8606
1.55147 4.011802381461916e-29 2.8052985153936e-30 6.892968125215792e-26 9066
1.60893 4.550836774149072e-29 3.28159965870168e-30 7.269328371631673e-26 9962
1.66639 5.046498827579551e-29 3.872141538859403e-30 7.514952698689676e-26 10550
1.72385 5.489579194630365e-29 4.295896635771196e-30 7.636521494010313e-26 11226
1.78132 6.541717272434588e-29 4.989306620841909e-30 8.519619028679275e-26 12146
1.83878 6.568819337503366e-29 5.670800752489018e-30 8.025969737777836e-26 12303
1.89624 7.101951211309041e-29 6.193665941258606e-30 8.156194120937066e-26 12584
1.9537 7.909032052480735e-29 7.448131416109882e-30 8.559477508863702e-26 12120
2.01116 8.603275753965888e-29 8.55762436788089e-30 8.785718598098643e-26 11180
2.06862 9.307313289251224e-29 9.911413032092002e-30 8.983544341636323e-26 11096
2.12609 1.006139318565164e-28 1.094005830740065e-29 9.193962773674513e-26 10056
2.18355 1.113081838251388e-28 1.24124316614998e-29 9.642259821863209e-26 9716
2.24101 1.141364203404374e-28 1.416341245296611e-29 9.386709909020141e-26 8604
2.29847 1.285508052562504e-28 1.584521964971382e-29 1.004695609723545e-25 8060
2.35593 1.358636909725655e-28 1.770224920727148e-29 1.010734565439393e-25 7320
2.4134 1.489943835535609e-28 1.962958382174073e-29 1.056599633756682e-25 6356
2.47086 1.675927006701995e-28 2.167869623237505e-29 1.133539924324461e-25 5348
2.52832 1.722408105376345e-28 2.273247439837932e-29 1.112162730249669e-25 4308
2.58578 1.789285438204356e-28 2.51769492788541e-29 1.104662408671762e-25 3563
2.64324 1.838949395718431e-28 2.699556197484715e-29 1.086925017855938e-25 2448
2.7007 1.968343410793031e-28 3.336945635826193e-29 1.114058486990208e-25 1868
2.75817 2.067692856708148e-28 3.529785768951534e-29 1.121101316995919e-25 1358
2.81563 2.217955671629457e-28 3.467129092896897e-29 1.153431150874989e-25 1062
2.87309 2.457697749585762e-28 4.399678728226918e-29 1.229372224889749e-25 776
2.93055 2.498412915198369e-28 4.07007421902254e-29 1.202604965654356e-25 432
2.98801 2.540263152800627e-28 4.273197209701538e-29 1.172299500434938e-25 200
3.04548 3.421519497722187e-28 4.010168757128469e-29 1.516542310397202e-25 168
3.10294 3.787717572067384e-28 4.477550436374037e-29 1.6200254498316e-25 56
3.1604 7.407595872720844e-28 2.931151281421528e-29 3.054353461327508e-25 7


0.0574618 4.281272831985437 0.002310865678180014 10215484.75857581 18
0.114924 2.931369457300587 0.002245235030062527 1518641.92384702 62
0.172385 1.438223223577344 0.001388525091851855 309461.0846596171 98
0.229847 0.4123456130503501 0.001805680201848742 48776.7876837777 210
0.287309 0.358901019411284 0.0005804927134056413 27090.43167875183 350
0.344771 0.1099604575021062 0.0003600141997016886 5773.632365915692 450
0.402233 0.07281968551414023 0.0001575918894371414 2776.857495938306 602
0.459694 0.01946964655488627 0.0001815246687363371 566.4484209311798 762
0.517156 0.01460136056755604 7.503205769243137e-05 335.7610979491942 1142
0.574618 0.007043372796696193 6.567079848358853e-05 131.7117318344549 1250
0.63208 0.00511853297775582 4.040611232619329e-05 78.73295500837109 1458
0.689542 0.002763311591855859 4.310536551470833e-05 35.6597168122944 1814
0.747003 0.002146922543138116 3.449646878107671e-05 23.61951256629843 2178
0.804465 0.001521688651409911 3.380323530767945e-05 14.44974891287401 2498
0.861927 0.001580489460067654 2.962617237574612e-05 13.02460561472519 2622
0.919389 0.001258963887147324 3.043804839947908e-05 9.114754063991152 3338
0.976851 0.001158636434535332 2.809797133633625e-05 7.43947022943669 3722
1.03431 1.244560141029258e-29 3.114956063270012e-31 7.13363379470008e-26 4170
1.09177 1.462961050994203e-29 4.200309646202037e-31 7.519183549053197e-26 4358
1.14924 1.768017145150125e-29 5.141219792745417e-31 8.191071823162006e-26 5034
1.2067 1.988255242982962e-29 6.590067266482569e-31 8.360765925847938e-26 5714
1.26416 2.305706141246559e-29 7.969207740075394e-31 8.834033295792731e-26 5982
1.32162 2.577367400524761e-29 9.754141925203504e-31 9.02865472284895e-26 6602
1.37908 2.879427894175698e-29 1.206087788364598e-30 9.258920059683166e-26 7130
1.43654 3.343773751737043e-29 1.4448295421093e-30 9.909912662037559e-26 8034
1.49401 3.769284893381177e-29 1.678133507413944e-30 1.033219071334773e-25 8606
1.55147 4.113011749347855e-29 1.976148205193551e-30 1.045437859951706e-25 9066
1.60893 4.632483066731847e-29 2.326864227253068e-30 1.094711897729808e-25 9962
1.66639 5.260768793831869e-29 2.642448211214635e-30 1.158806368938164e-25 10550
1.72385 5.763855069749502e-29 3.042334319422218e-30 1.186102914972687e-25 11226
1.78132 6.437580144930724e-29 3.615242504837857e-30 1.240449548789649e-25 12146
1.83878 6.873172227253028e-29 3.961780496881587e-30 1.242256934339374e-25 12303
1.89624 7.404335593453852e-29 4.535697454021173e-30 1.258007779980576e-25 12584
1.9537 8.158871149707501e-29 5.28837227165995e-30 1.306240958978713e-25 12120
2.01116 8.892500643428805e-29 6.128753101510933e-30 1.343424048298549e-25 11180
2.06862 9.753454318436473e-29 6.874103705511688e-30 1.392574371442718e-25 11096
2.12609 1.053307729334491e-28 7.833441767341609e-30 1.423849044835102e-25 10056
2.18355 1.150375440653046e-28 8.65601305654351e-30 1.474158950925967e-25 9716
2.24101 1.193375640746927e-28 9.54448963601303e-30 1.451714024437749e-25 8604
2.29847 1.318172010247411e-28 1.108919192563417e-29 1.524031644601495e-25 8060
2.35593 1.400374125990274e-28 1.237861042100209e-29 1.541114690818557e-25 7320
2.4134 1.55925412479199e-28 1.380976097589628e-29 1.63571446728736e-25 6356
2.47086 1.716191322788985e-28 1.518822633614162e-29 1.71715807129159e-25 5348
2.52832 1.685221279905904e-28 1.632241958143761e-29 1.60992051497117e-25 4308
2.58578 1.87060987995877e-28 1.788229942510613e-29 1.708407204398436e-25 3563
2.64324 1.954927193411647e-28 1.906370444306238e-29 1.709238000524871e-25 2448
2.7007 2.23326194132782e-28 2.1533913978844e-29 1.869281060358205e-25 1868
2.75817 2.196615355941167e-28 2.37713174985879e-29 1.76164829196866e-25 1358
2.81563 2.227276567461966e-28 2.675632042203706e-29 1.71379917252682e-25 1062
2.87309 2.839270489716771e-28 2.854844921739538e-29 2.10033729854304e-25 776
2.93055 2.524503219901368e-28 2.809669263564808e-29 1.797610190245706e-25 432
2.98801 2.877802971767204e-28 3.039600067572941e-29 1.964382957890633e-25 200
3.04548 3.626288179359934e-28 3.255989516942624e-29 2.378002061946478e-25 168
3.10294 3.427514873496606e-28 2.915496886297297e-29 2.168736412825008e-25 56
3.1604 5.805140428205642e-28 1.308713541924353e-29 3.540702715834557e-25 7


0.0574618 5.928200804589875 0.0004804983474722426 18565770.38379152 18
0.114924 1.735608057146526 0.001543126519083255 1193515.290149201 62
0.172385 1.010514898254631 0.0008789292695322426 288078.4187732309 98
0.229847 0.4489810056405623 0.0008655821028368096 70053.2876188688 210
0.287309 0.241451166390572 0.0003782418923791082 24144.80293127895 350
0.344771 0.05936274245815695 0.0002691159799717807 4137.343186262937 450
0.402233 0.05353690349187921 9.423136656353036e-05 2703.438379779474 602
0.459694 0.0174545170230105 8.978719057882594e-05 671.4751330100155 762
0.517156 0.008664798240644872 5.402988305755721e-05 264.1698378740526 1142
0.574618 0.005400917791951845 3.701956700937185e-05 133.7132681725534 1250
0.63208 0.003720773182504678 2.4339659413986e-05 75.79485377327913 1458
0.689542 0.002361080053805737 2.19733370113089e-05 40.30974087473464 1814
0.747003 0.001830403991171504 1.725902514750711e-05 26.64261771932905 2178
0.804465 0.001209913536431551 1.854828250775611e-05 15.2067100392225 2498
0.861927 0.00121165190654967 1.66599098169206e-05 13.21943843190176 2622
0.919389 0.0009988924334773052 1.647634113076619e-05 9.57217091892727 3338
0.976851 0.0009100357603928887 1.532677408792987e-05 7.734760622782955 3722
1.03431 1.233670616557016e-29 2.379133577914237e-31 9.363057636051191e-26 4170
1.09177 1.479542825437873e-29 2.994560841304442e-31 1.006655170930385e-25 4358
1.14924 1.709844220986795e-29 3.935800581423714e-31 1.048966677457552e-25 5034
1.2067 1.989848980100835e-29 4.697559797599272e-31 1.107712696840507e-25 5714
1.26416 2.236931119182688e-29 5.992048579579731e-31 1.134837272674744e-25 5982
1.32162 2.61193847158599e-29 7.296794964607091e-31 1.211385222325631e-25 6602
1.37908 2.914837472464997e-29 8.834903331808947e-31 1.240849304507051e-25 7130
1.43654 3.357326930714066e-29 1.031227167465834e-30 1.31723409081064e-25 8034
1.49401 3.566977565991367e-29 1.2604799837754e-30 1.294743139379583e-25 8606
1.55147 4.117208787623067e-29 1.469041333753414e-30 1.385547950228274e-25 9066
1.60893 4.694744523514952e-29 1.694619784423232e-30 1.468750323453048e-25 9962
1.66639 5.01040306620365e-29 1.984259650437002e-30 1.461409731404775e-25 10550
1.72385 5.652453239567709e-29 2.286824601152931e-30 1.540129385637473e-25 11226
1.78132 6.345774397015163e-29 2.681516994663536e-30 1.618957001953839e-25 12146
1.83878 6.740531411184219e-29 2.987166677176943e-30 1.613099242963557e-25 12303
1.89624 7.345879935366801e-29 3.373090847018857e-30 1.652464056311419e-25 12584
1.9537 7.89781819329133e-29 3.916069611574394e-30 1.674206846525411e-25 12120
2.01116 8.759188323731674e-29 4.468203802354735e-30 1.751996667535976e-25 11180
2.06862 9.353053951824714e-29 5.086101307694305e-30 1.768188697806021e-25 11096
2.12609 1.044048666847237e-28 5.807971588716445e-30 1.868609623737332e-25 10056
2.18355 1.142422410375743e-28 6.376967987758181e-30 1.938271802109394e-25 9716
2.24101 1.191013439669069e-28 7.148466548752587e-30 1.918284414576354e-25 8604
2.29847 1.297101972847401e-28 8.202703256068625e-30 1.985590343844147e-25 8060
2.35593 1.389359789922929e-28 9.213008547008876e-30 2.024406307981538e-25 7320
2.4134 1.535822136693766e-28 1.000572509454089e-29 2.133088156917356e-25 6356
2.47086 1.670791426566059e-28 1.081126697387362e-29 2.213301595048352e-25 5348
2.52832 1.748565209126192e-28 1.177093201339721e-29 2.211388650188567e-25 4308
2.58578 1.876484794871125e-28 1.315680210721232e-29 2.268972860469447e-25 3563
2.64324 1.899234442318204e-28 1.470869745471476e-29 2.198792483569617e-25 2448
2.7007 2.173750169406602e-28 1.645450901920688e-29 2.409172947286868e-25 1868
2.75817 2.146060080592814e-28 1.804769810608834e-29 2.278899558338545e-25 1358
2.81563 2.301357498463432e-28 1.818275193151751e-29 2.344056894479866e-25 1062
2.87309 2.568319170144156e-28 2.27700390504418e-29 2.516128298000432e-25 776
2.93055 2.307187652012953e-28 2.057653745604684e-29 2.175408618654777e-25 432
2.98801 2.530005342781668e-28 2.145321561802059e-29 2.286759924693763e-25 200
3.04548 3.554325591327485e-28 2.381913123146723e-29 3.086012671808874e-25 168
3.10294 3.17945968062967e-28 1.936774996513075e-29 2.663517387001133e-25 56
3.1604 7.357154568110925e-28 2.741680037063697e-29 5.943222122813478e-25 7


0.0574618 1.594870702627185 0.001009788300826201 6346180.425961784 18
0.114924 2.994210699424349 0.000434808515501335 2546947.763583504 62
0.172385 0.8207504585301622 0.000585575447984411 291274.8844858782 98
0.229847 0.3603918037202682 0.0005608392812507231 69995.80316605691 210
0.287309 0.1228933389997221 0.0003386969061071151 15348.31453572496 350
0.344771 0.07710492425992208 0.0001124921685805426 6666.642844680307 450
0.402233 0.02718900547300874 0.000100944150820117 1713.629188641794 602
0.459694 0.01422000291159908 5.724199111697531e-05 680.8599531370278 762
0.517156 0.00631302610270828 3.81415258779878e-05 239.7526410387052 1142
0.574618 0.004351053399940698 2.373051815201184e-05 134.0811868151702 1250
0.63208 0.003000529653410695 1.539445418640211e-05 76.08043279300215 1458
0.689542 0.001786443137013758 1.504449184515163e-05 37.97817514375057 1814
0.747003 0.001343739641940785 1.235759176868723e-05 24.35943061991495 2178
0.804465 0.00109937876544241 1.058395190905753e-05 17.18583160985665 2498
0.861927 0.0009170770528962129 1.135720876931165e-05 12.45865336412678 2622
0.919389 0.0008383543699574265 1.025278035169215e-05 9.997669935165739 3338
0.976851 0.0007198398080326675 1.006682369242213e-05 7.616309145534529 3722
1.03431 1.202063100128438e-29 1.879858355048654e-31 1.135629724064655e-25 4170
1.09177 1.337040097095101e-29 2.448742922202614e-31 1.132722069183754e-25 4358
1.14924 1.672905087138302e-29 3.025312849642138e-31 1.277415310404621e-25 5034
1.2067 1.875369596642031e-29 3.767500186096081e-31 1.299680552967139e-25 5714
1.26416 2.124535957626924e-29 4.648022130128998e-31 1.341666940785949e-25 5982
1.32162 2.518441947848592e-29 5.680882941944629e-31 1.453911432787217e-25 6602
1.37908 2.797985710426477e-29 6.918855480902368e-31 1.48268089199976e-25 7130
1.43654 3.178944379760858e-29 8.030989463193295e-31 1.552589379374762e-25 8034
1.49401 3.441972925758453e-29 9.763771103651355e-31 1.555141056619515e-25 8606
1.55147 3.965922150283301e-29 1.129695928159214e-30 1.661256665848473e-25 9066
1.60893 4.485648060483876e-29 1.340030309075236e-30 1.746908076678488e-25 9962
1.66639 4.784993352468206e-29 1.569434006550737e-30 1.737361348311962e-25 10550
1.72385 5.516104406267462e-29 1.762574989359791e-30 1.870758144894746e-25 11226
1.78132 6.400913415458196e-29 2.01019569761684e-30 2.032389881369567e-25 12146
1.83878 6.64285977659287e-29 2.279101484562201e-30 1.978657543318518e-25 12303
1.89624 7.138427277146486e-29 2.631500560599507e-30 1.99880589507082e-25 12584
1.9537 7.598098415698963e-29 3.041764597594949e-30 2.004895041322754e-25 12120
2.01116 8.494533636510422e-29 3.477675348856662e-30 2.114893121142447e-25 11180
2.06862 9.084604874389461e-29 3.92677826829588e-30 2.137729156907768e-25 11096
2.12609 1.033126582886314e-28 4.540230523854383e-30 2.301539663708318e-25 10056
2.18355 1.078212208986237e-28 5.048118349378232e-30 2.277231152067432e-25 9716
2.24101 1.149544551002503e-28 5.504827068658949e-30 2.304607692379434e-25 8604
2.29847 1.251281655854968e-28 6.315145282442104e-30 2.384215865479982e-25 8060
2.35593 1.377169050614377e-28 7.114805309676995e-30 2.497617952696292e-25 7320
2.4134 1.460384192493503e-28 7.902819884358024e-30 2.524880136044479e-25 6356
2.47086 1.562733636981905e-28 8.683568954785144e-30 2.577109346598094e-25 5348
2.52832 1.661546008807102e-28 9.015093312249496e-30 2.61564001842205e-25 4308
2.58578 1.737373397730543e-28 1.056027523163283e-29 2.61525046257838e-25 3563
2.64324 1.843923557758933e-28 1.144076098679076e-29 2.657215666303232e-25 2448
2.7007 2.046974700622708e-28 1.311741638762895e-29 2.824156289756399e-25 1868
2.75817 2.149451182859511e-28 1.332483756168304e-29 2.840728369278423e-25 1358
2.81563 2.053971471537072e-28 1.432927517280834e-29 2.604505131926736e-25 1062
2.87309 2.546435516011076e-28 1.701425916469109e-29 3.104931587189859e-25 776
2.93055 2.220575415390907e-28 1.59696359129699e-29 2.60618998126193e-25 432
2.98801 2.482618366217908e-28 1.558033617557288e-29 2.792798253860067e-25 200
3.04548 3.093293432898936e-28 1.929903908843097e-29 3.343644711222189e-25 168
3.10294 2.953068748900604e-28 1.500422306473161e-29 3.079443704647142e-25 56
3.1604 4.483374491842278e-28 2.54656486173991e-29 4.510428297439916e-25 7


0.0574618 4.271200036078354 0.0001501782311522064 19924102.75002423 18
0.114924 0.9856765915709131 0.0007133489320597967 1011917.605428232 62
0.172385 0.7409439190097524 0.0003872559129559527 314512.2618398063 98
0.229847 0.2340668674191588 0.0004515264957806973 54543.39990256668 210
0.287309 0.07801974853842099 0.000271271383130497 11697.93858800476 350
0.344771 0.05191330352146062 0.0001014338288554454 5378.503360681789 450
0.402233 0.02925650806467994 5.816543950733812e-05 2202.983117140055 602
0.459694 0.01253954801947976 3.888981097654337e-05 718.2495124129978 762
0.517156 0.00484776553864551 2.844120831312037e-05 220.4618120534537 1142
0.574618 0.003421877457378239 1.753789064303314e-05 126.2325028520732 1250
0.63208 0.002204642117967017 1.248297171181549e-05 66.94298627168004 1458
0.689542 0.001653850233287239 9.521500075663807e-06 42.04690725556447 1814
0.747003 0.001145193008024358 8.467574907165391e-06 24.83945928155817 2178
0.804465 0.0009434186274101086 7.182092475212987e-06 17.64500908626948 2498
0.861927 0.0007623798836568574 7.956331872208891e-06 12.39399997149841 2622
0.919389 0.0006674650540581177 7.48880035024004e-06 9.527498114514763 3338
0.976851 0.0006304913068988712 6.679477836895298e-06 7.980635400274729 3722
1.03431 1.182514011664925e-29 1.594432539808138e-31 1.336959963635408e-25 4170
1.09177 1.377915133509792e-29 2.009508986559031e-31 1.396691850630466e-25 4358
1.14924 1.630063115877436e-29 2.477987648993627e-31 1.489471880621988e-25 5034
1.2067 1.87283296500807e-29 3.157673115870167e-31 1.553156944636461e-25 5714
1.26416 2.144467485730995e-29 3.772555405936468e-31 1.620383649294162e-25 5982
1.32162 2.448819777992477e-29 4.735035883050724e-31 1.691809425923938e-25 6602
1.37908 2.844126567740939e-29 5.565218236134944e-31 1.803238238987189e-25 7130
1.43654 3.089184426230489e-29 6.582545324986224e-31 1.80546159562533e-25 8034
1.49401 3.518589613619834e-29 7.864785912500501e-31 1.902089796499543e-25 8606
1.55147 3.950466028709269e-29 9.501569604636064e-31 1.980211243972203e-25 9066
1.60893 4.26877216943755e-29 1.128901044455378e-30 1.989602188901957e-25 9962
1.66639 4.971215529611332e-29 1.250055478958574e-30 2.15948915637175e-25 10550
1.72385 5.479058134429482e-29 1.444491924993134e-30 2.22351543215719e-25 11226
1.78132 5.902035326657137e-29 1.715482573943341e-30 2.242931477547755e-25 12146
1.83878 6.516717834611329e-29 1.889496656860178e-30 2.322816127080608e-25 12303
1.89624 7.167179570699969e-29 2.155062385381959e-30 2.401358277100764e-25 12584
1.9537 7.616096864282347e-29 2.491126753901362e-30 2.404696949806281e-25 12120
2.01116 8.371069396297595e-29 2.859098487634709e-30 2.493955955511235e-25 11180
2.06862 8.891131796943919e-29 3.253176432733355e-30 2.503658171257244e-25 11096
2.12609 9.981665467995525e-29 3.748599594531556e-30 2.661011647661664e-25 10056
2.18355 1.091999547202998e-28 4.142764588462163e-30 2.759693834623203e-25 9716
2.24101 1.111433853105553e-28 4.563437576133803e-30 2.666466739571256e-25 8604
2.29847 1.269174844038817e-28 5.186650564514673e-30 2.893661154373641e-25 8060
2.35593 1.330240449068337e-28 5.997912118412387e-30 2.887115672356804e-25 7320
2.4134 1.421091794382293e-28 6.619124305096064e-30 2.940219544190346e-25 6356
2.47086 1.544897571814312e-28 7.224033567740637e-30 3.048692385069491e-25 5348
2.52832 1.57912739132594e-28 7.783989022727745e-30 2.975128195311548e-25 4308
2.58578 1.757294684888755e-28 8.544180346570781e-30 3.165139698799811e-25 3563
2.64324 1.796591324420335e-28 9.532935712565818e-30 3.098212637245231e-25 2448
2.7007 1.994410641813791e-28 1.089185251502983e-29 3.292808734370268e-25 1868
2.75817 2.048543617036039e-28 1.07637137660838e-29 3.239798935563029e-25 1358
2.81563 2.092863615266983e-28 1.164637064498014e-29 3.175402526172899e-25 1062
2.87309 2.523312668986849e-28 1.322051939762734e-29 3.681365982658242e-25 776
2.93055 2.410784472195579e-28 1.30736417270851e-29 3.385253982687263e-25 432
2.98801 2.595309980175632e-28 1.248332555249253e-29 3.493255707363094e-25 200
3.04548 3.328293926421312e-28 1.532099290470886e-29 4.304415301545294e-25 168
3.10294 2.731538994483476e-28 1.492311715196257e-29 3.409530366111519e-25 56
3.1604 3.466008283237897e-28 1.74210816887409e-29 4.172893062368618e-25 7


0.0574618 0.8132996142640508 0.0005974914016520347 4568379.332969377 18
0.114924 1.899645079284919 0.0002906285376671053 2253607.818436198 62
0.172385 0.5927604699779481 0.000302862758641315 293130.5543500151 98
0.229847 0.2069410757616889 0.0003409279035189312 56138.8979384924 210
0.287309 0.0788839199140654 0.0001862995758821402 13745.25748531454 350
0.344771 0.04359955054674899 7.392930916486809e-05 5259.743144516967 450
0.402233 0.01863084910807811 5.439571890362741e-05 1636.728651092951 602
0.459694 0.01058399119904345 2.927556954712552e-05 705.9615097968344 762
0.517156 0.004591165453119838 1.981106316414331e-05 242.9276714765315 1142
0.574618 0.00296086196361704 1.284593364963048e-05 127.1689776293103 1250
0.63208 0.001506936992069628 1.096044500031773e-05 53.36296629369596 1458
0.689542 0.001255220854983735 7.923378475523572e-06 37.18522899705168 1814
0.747003 0.000967448192358917 6.281979933003099e-06 24.4341689959804 2178
0.804465 0.0007470828799972785 5.751963091136568e-06 16.27682328352376 2498
0.861927 0.0006660564036122977 5.770697926154953e-06 12.60607465080386 2622
0.919389 0.000560434623268944 5.641961799991768e-06 9.315607343929218 3338
0.976851 0.0005268611203217355 5.100649560406866e-06 7.766040050775285 3722
1.03431 1.182301174745828e-29 1.355588147630087e-31 1.55632856909158e-25 4170
1.09177 1.388527942091869e-29 1.653396713956883e-31 1.638509554281941e-25 4358
1.14924 1.54367505677923e-29 2.260621027921764e-31 1.642853261536954e-25 5034
1.2067 1.872619547285423e-29 2.684697337231005e-31 1.808134931197072e-25 5714
1.26416 2.167526293520597e-29 3.265250813452857e-31 1.906930406930757e-25 5982
1.32162 2.411356320365755e-29 4.091193521993971e-31 1.939798720617568e-25 6602
1.37908 2.685192831227791e-29 5.040777641336191e-31 1.982790944400455e-25 7130
1.43654 3.083885361267431e-29 5.737052671024678e-31 2.098623789753925e-25 8034
1.49401 3.498516808608995e-29 6.845055597756578e-31 2.202120053817166e-25 8606
1.55147 3.964052708823844e-29 8.017456079436683e-31 2.31343845928022e-25 9066
1.60893 4.355523414637052e-29 9.604037052870099e-31 2.363467411232625e-25 9962
1.66639 4.799075764657863e-29 1.098116249738272e-30 2.427590528171667e-25 10550
1.72385 5.333925225292982e-29 1.25826034583699e-30 2.520542889458936e-25 11226
1.78132 6.17234106326881e-29 1.420039652743061e-30 2.730654962341323e-25 12146
1.83878 6.460203022169169e-29 1.609702375678099e-30 2.68106900521601e-25 12303
1.89624 6.958063364314e-29 1.879367146681319e-30 2.714628902059023e-25 12584
1.9537 7.532375424403015e-29 2.165183040474861e-30 2.769204920429763e-25 12120
2.01116 8.390260394458866e-29 2.464651614871655e-30 2.910449462295934e-25 11180
2.06862 8.937657539977748e-29 2.768126917380128e-30 2.930253097106461e-25 11096
2.12609 9.816254499595536e-29 3.195406012148212e-30 3.047000643782112e-25 10056
2.18355 1.085689445020896e-28 3.576856031441561e-30 3.194689117411377e-25 9716
2.24101 1.110448310545289e-28 3.838464073277486e-30 3.101774335401556e-25 8604
2.29847 1.24848568439658e-28 4.414322941273566e-30 3.314295014613596e-25 8060
2.35593 1.305871833811325e-28 5.020412220881036e-30 3.299925667711771e-25 7320
2.4134 1.430520876606868e-28 5.637821390238576e-30 3.446003575184297e-25 6356
2.47086 1.536696251592908e-28 6.145735519049493e-30 3.530806037668422e-25 5348
2.52832 1.569938970476445e-28 6.678252332040456e-30 3.443902375089102e-25 4308
2.58578 1.738322316111707e-28 7.389007986782749e-30 3.645585607872645e-25 3563
2.64324 1.812904638821486e-28 7.909822923548393e-30 3.639821178167233e-25 2448
2.7007 1.960465651069882e-28 9.204905538634177e-30 3.768662225457717e-25 1868
2.75817 2.046118009704359e-28 9.590216082788325e-30 3.76795165350515e-25 1358
2.81563 2.060444662466732e-28 1.020015372586332e-29 3.64015513302971e-25 1062
2.87309 2.290260911196348e-28 1.233355363753606e-29 3.891552516304362e-25 776
2.93055 2.366941817735338e-28 1.21186655187805e-29 3.870426985972376e-25 432
2.98801 2.310964583723179e-28 1.330509497794494e-29 3.623464812546877e-25 200
3.04548 2.839391603672408e-28 1.400679392062228e-29 4.276763831834542e-25 168
3.10294 2.77120729289368e-28 1.209910223865444e-29 4.027061885508114e-25 56
3.1604 3.568506518025001e-28 1.891653240685447e-29 5.003595936479519e-25 7


0.0574618 2.38853877931194 0.0001785949393294173 14861558.70169375 18
0.114924 0.7886272211888995 0.0004072450677202768 1075359.503395412 62
0.172385 0.4995019770861958 0.0002412440925460572 281979.173217407 98
0.229847 0.3053284504749842 0.000192179000694525 94091.53747222506 210
0.287309 0.07745851632600785 0.0001340487489511118 15383.36960711801 350
0.344771 0.03500430197614495 6.229984601839776e-05 4822.462942595546 450
0.402233 0.02530337670967123 2.677200359066536e-05 2529.592583143126 602
0.459694 0.01004178786420692 2.050608821128966e-05 763.9078852723627 762
0.517156 0.005088181042123405 1.220918561005414e-05 306.7493864751677 1142
0.574618 0.002632993424127199 9.764482545918327e-06 129.0377913693419 1250
0.63208 0.001373314423885555 8.208865831441191e-06 55.47917856567165 1458
0.689542 0.001211261165597593 5.532802854680944e-06 40.92239463100653 1814
0.747003 0.0008857121298375047 4.647956941912843e-06 25.52116620766792 2178
0.804465 0.000669236085134601 4.373625443367359e-06 16.63704711048148 2498
0.861927 0.0006282479036962993 4.141529177711063e-06 13.56318178790786 2622
0.919389 0.0004999363330305341 4.275320963775278e-06 9.481962416157122 3338
0.976851 0.0004555710376960451 3.96670114213648e-06 7.663563653565743 3722
1.03431 1.154858927508965e-29 1.11830252462222e-31 1.734593820879514e-25 4170
1.09177 1.272272169736922e-29 1.437420135886656e-31 1.713603309210341e-25 4358
1.14924 1.604436802606694e-29 1.716577923339403e-31 1.947566037572683e-25 5034
1.2067 1.756798672060672e-29 2.274443198168671e-31 1.935878623896948e-25 5714
1.26416 2.039360619209656e-29 2.722509088551364e-31 2.047466156837287e-25 5982
1.32162 2.311344932467057e-29 3.358312698985458e-31 2.121647273471189e-25 6602
1.37908 2.595551084946372e-29 4.067212003090548e-31 2.186833850546837e-25 7130
1.43654 2.996929155218124e-29 4.68489876665636e-31 2.327074680868829e-25 8034
1.49401 3.306026600884015e-29 5.698605443220241e-31 2.374703295059454e-25 8606
1.55147 3.717580717105663e-29 6.743981149928425e-31 2.47594326269641e-25 9066
1.60893 4.146789285171006e-29 7.850509137161076e-31 2.567673293797231e-25 9962
1.66639 4.595177326680921e-29 9.076400422478799e-31 2.652437854302966e-25 10550
1.72385 5.076408007363465e-29 1.039560426387829e-30 2.737378575536727e-25 11226
1.78132 5.749925546450019e-29 1.213028830939765e-30 2.903078315749612e-25 12146
1.83878 6.03025106998656e-29 1.373455083737001e-30 2.856099722585146e-25 12303
1.89624 6.595996993146455e-29 1.563566298590957e-30 2.936590329064229e-25 12584
1.9537 7.156357390709065e-29 1.789837228448156e-30 3.002261551950901e-25 12120
2.01116 7.944112875297633e-29 2.060686719217657e-30 3.144675888650473e-25 11180
2.06862 8.434940675375126e-29 2.32327690952534e-30 3.155841012717909e-25 11096
2.12609 9.423619168882186e-29 2.625687342478689e-30 3.337831594482081e-25 10056
2.18355 1.006562155234793e-28 3.040876253222572e-30 3.380182438182879e-25 9716
2.24101 1.039706052180511e-28 3.250351215991433e-30 3.314266131633147e-25 8604
2.29847 1.185457038386407e-28 3.755890131296847e-30 3.591287590110433e-25 8060
2.35593 1.266467070619001e-28 4.032832564197681e-30 3.651678643732771e-25 7320
2.4134 1.380919759582248e-28 4.640731158192502e-30 3.795840069336906e-25 6356
2.47086 1.456021337375169e-28 5.020792937502207e-30 3.81751669944087e-25 5348
2.52832 1.507913085492981e-28 5.444054623065562e-30 3.774493389676002e-25 4308
2.58578 1.633401119165384e-28 6.284645131109739e-30 3.909251265095023e-25 3563
2.64324 1.689728116856723e-28 6.630882114029401e-30 3.871510778202781e-25 2448
2.7007 1.927568437726941e-28 7.431533779105181e-30 4.227945422819233e-25 1868
2.75817 2.00084441352264e-28 7.715024333519604e-30 4.204200275392295e-25 1358
2.81563 2.020846238238203e-28 8.295412448605097e-30 4.073725553332993e-25 1062
2.87309 2.439059861981992e-28 9.535374070802482e-30 4.72791084520781e-25 776
2.93055 2.321776698572665e-28 1.020807452038322e-29 4.33228073049724e-25 432
2.98801 2.310800372198533e-28 1.175333801363554e-29 4.134636412902666e-25 200
3.04548 2.747277170888831e-28 1.121728432176766e-29 4.721711795727237e-25 168
3.10294 2.71200333903051e-28 1.127441021457963e-29 4.497753771603488e-25 56
3.1604 2.945457325029103e-28 1.080899633173469e-29 4.711502259977613e-25 7


0.0574618 1.855431508288725 0.0002031810669283874 12997512.26023395 18
0.114924 1.370500391048532 0.0001849051161187559 2086051.909640044 62
0.172385 0.4887761624646291 0.0001728052346817789 309823.5371092294 98
0.229847 0.3527941695994948 0.0001008140359313428 121966.1115598249 210
0.287309 0.07386774230521073 0.0001026886629385522 16474.70911176137 350
0.344771 0.03282113089190273 4.758589608883655e-05 5079.236352177729 450
0.402233 0.01768928842361748 2.884799088083991e-05 1989.963098534877 602
0.459694 0.007321250202266369 1.954449401642872e-05 626.7166189275301 762
0.517156 0.004202132509562662 1.013744479534065e-05 284.7713988870025 1142
0.574618 0.002379844749326938 7.620254512513226e-06 131.044823139044 1250
0.63208 0.001209691147810966 6.553030035938037e-06 54.91836605205076 1458
0.689542 0.001076012259432008 4.409833434529009e-06 40.85048760477488 1814
0.747003 0.0007981298000730607 3.607269425948387e-06 25.83954312433217 2178
0.804465 0.000603968703359206 3.375220366618168e-06 16.86961907383426 2498
0.861927 0.0004937587409104908 3.686682254646896e-06 11.98709326448743 2622
0.919389 0.0004627081768219932 3.252802464701989e-06 9.859044618643919 3338
0.976851 0.0004163780347985778 3.053279900591267e-06 7.869452908703436 3722
1.03431 1.166207320070695e-29 1.022591098034569e-31 1.968401575236846e-25 4170
1.09177 1.325033407006802e-29 1.288488102928168e-31 2.005223395207833e-25 4358
1.14924 1.596468616053172e-29 1.619551068117012e-31 2.17794050004805e-25 5034
1.2067 1.827756043179181e-29 2.100973383811543e-31 2.263170479245212e-25 5714
1.26416 2.073420537411219e-29 2.48383168961834e-31 2.339186451466983e-25 5982
1.32162 2.323344569642356e-29 3.170326059830139e-31 2.396784287109293e-25 6602
1.37908 2.652708645147726e-29 3.711438763228783e-31 2.511450867927172e-25 7130
1.43654 2.974765440497419e-29 4.293385232792072e-31 2.595788311113799e-25 8034
1.49401 3.311983303428456e-29 5.225696271123526e-31 2.673412667819724e-25 8606
1.55147 3.768904513762116e-29 6.0798328129248e-31 2.820597812493406e-25 9066
1.60893 4.232708034796006e-29 7.184309328483733e-31 2.945094506124212e-25 9962
1.66639 4.623599439104437e-29 8.403014827206164e-31 2.999169802409678e-25 10550
1.72385 5.265427592109394e-29 9.439967168554925e-31 3.190379436060999e-25 11226
1.78132 5.886282781929237e-29 1.105126193668582e-30 3.339514421257554e-25 12146
1.83878 6.227365956752872e-29 1.239907084055124e-30 3.314151589360398e-25 12303
1.89624 6.825003255835219e-29 1.407210183332399e-30 3.414221913445188e-25 12584
1.9537 7.442456725305076e-29 1.608740021811067e-30 3.508271554644276e-25 12120
2.01116 8.081751572634049e-29 1.902359198694933e-30 3.594997382896697e-25 11180
2.06862 8.751579033102446e-29 2.084177463565335e-30 3.679093513462647e-25 11096
2.12609 9.723449263868731e-29 2.423351671724694e-30 3.870052500973541e-25 10056
2.18355 1.052057612927868e-28 2.712979905734227e-30 3.969632946172944e-25 9716
2.24101 1.08293912149658e-28 2.969771753106836e-30 3.878955217251155e-25 8604
2.29847 1.220364932420245e-28 3.451845919593221e-30 4.154339396487583e-25 8060
2.35593 1.280889247381679e-28 3.743862345036895e-30 4.150305065624457e-25 7320
2.4134 1.387231495887337e-28 4.254886072803445e-30 4.285025356365585e-25 6356
2.47086 1.529522600547367e-28 4.551804509527955e-30 4.506005462792919e-25 5348
2.52832 1.551363309681651e-28 5.052453888248734e-30 4.36366910781715e-25 4308
2.58578 1.69356461056775e-28 5.635029431749334e-30 4.554347638654959e-25 3563
2.64324 1.723987750424333e-28 6.114839610847656e-30 4.438694714250372e-25 2448
2.7007 2.024905370077995e-28 6.673877796313719e-30 4.990482427095829e-25 1868
2.75817 2.021829126126622e-28 7.000549788746348e-30 4.77382312171038e-25 1358
2.81563 2.037040486013811e-28 8.06622917789037e-30 4.614899948253318e-25 1062
2.87309 2.252078622845521e-28 9.363413758742404e-30 4.906813657616691e-25 776
2.93055 2.274797243295724e-28 9.3545062318705e-30 4.770001085476217e-25 432
2.98801 2.87676031190897e-28 1.01925891402005e-29 5.781750546281868e-25 200
3.04548 2.514209220119095e-28 1.01914769379629e-29 4.856370674979683e-25 168
3.10294 2.537875665139315e-28 1.031488068160675e-29 4.730215544907218e-25 56
3.1604 2.377097102240887e-28 1.251314799234548e-29 4.275611310660325e-25 7


