0.0574618 1.052187955866607e-05 1.739832987136346e-06 0.6077026823113438 18
0.114924 6.870823197483681e-05 1.605538879107979e-05 0.9720374561093219 62
0.172385 0.0002260235985795445 4.554049125510188e-05 1.341653088306341 98
0.229847 0.0005373091490587523 0.0001579940450100317 1.766288520631539 210
0.287309 0.001075143829350229 0.0003564085265727782 2.278221867197632 350
0.344771 0.001567121437814473 0.0005951303576826489 2.311749052852432 450
0.402233 0.00252754131803774 0.0009311773914424839 2.711099114381467 602
0.459694 0.00345768455798028 0.0015023150441222 2.822367034472491 762
0.517156 0.00453822694410245 0.002607825740938434 2.940456269102636 1142
0.574618 0.00592816874834095 0.003602024493930954 3.120007810394901 1250
0.63208 0.007244642375877527 0.00511497899696039 3.140635034825482 1458
0.689542 0.009767230381587071 0.006814807871323784 3.545079363292094 1814
0.747003 0.0112433518378193 0.009263618438679349 3.482099368435199 2178
0.804465 0.01396817509258759 0.01218940816424546 3.731017800381389 2498
0.861927 0.01644891862835235 0.01653587448517512 3.81794928036011 2622
0.919389 0.01850161929580465 0.02031721033246411 3.771308928779064 3338
0.976851 0.01833294967647796 0.02227070134689235 3.315742824941186 3722
1.03431 5.118063602134713e-34 4.375783714755118e-34 8.255614805302519e-32 4170
1.09177 5.707434232510068e-34 5.195615753284045e-34 8.25232009770695e-32 4358
1.14924 6.039802687217927e-34 4.993298070534745e-34 7.87281484113238e-32 5034
1.2067 6.629205275244562e-34 5.678626377763812e-34 7.840462964553352e-32 5714
1.26416 7.216711665983362e-34 6.19207400403018e-34 7.777741440850852e-32 5982
1.32162 7.671301574198222e-34 6.609849580642133e-34 7.55854640973375e-32 6602
1.37908 8.274009299005892e-34 7.087109381577259e-34 7.482157707055504e-32 7130
1.43654 9.199958912347795e-34 7.711722518207206e-34 7.667768904076711e-32 8034
1.49401 1.017933192352374e-33 8.561060978808904e-34 7.847323546723547e-32 8606
1.55147 1.057513739543253e-33 9.134049646882545e-34 7.5596341437002e-32 9066
1.60893 1.127873242387165e-33 9.152975399664919e-34 7.495741947703591e-32 9962
1.66639 1.215684516036644e-33 1.006370290137003e-33 7.531751931343596e-32 10550
1.72385 1.270175349255174e-33 1.027267163885541e-33 7.351680836001329e-32 11226
1.78132 1.326464799457226e-33 1.103205133677615e-33 7.18892774501409e-32 12146
1.83878 1.36547309143229e-33 1.154127746411119e-33 6.941725732041399e-32 12303
1.89624 1.286927802879815e-33 1.098888144366755e-33 6.150294899658085e-32 12584
1.9537 1.231250434053474e-33 1.079590963069171e-33 5.544478583986613e-32 12120
2.01116 1.133531450555093e-33 9.716753532441487e-34 4.816484207046719e-32 11180
2.06862 1.071533750042885e-33 8.627271953371295e-34 4.303140760099343e-32 11096
2.12609 1.10712458367821e-33 8.781802231611372e-34 4.209384068758398e-32 10056
2.18355 1.125827538900445e-33 9.259937455071051e-34 4.058010573573243e-32 9716
2.24101 1.187685032067644e-33 9.584636640180748e-34 4.063805198458525e-32 8604
2.29847 1.27397838635325e-33 1.042388532264223e-33 4.142863439982905e-32 8060
2.35593 1.324105231738603e-33 1.094441855470158e-33 4.098473099217666e-32 7320
2.4134 1.328348393526411e-33 1.102379596993711e-33 3.919710953973363e-32 6356
2.47086 1.368918883408053e-33 1.099446153771376e-33 3.852946030071184e-32 5348
2.52832 1.382463521517873e-33 1.118273111325282e-33 3.714815299661239e-32 4308
2.58578 1.288804458636488e-33 1.077194914430786e-33 3.311124619640967e-32 3563
2.64324 1.2891442487384e-33 1.015947734809016e-33 3.170739101561698e-32 2448
2.7007 1.29481516882019e-33 1.046433282800697e-33 3.049084154982664e-32 1868
2.75817 1.338227357213136e-33 1.102138728364665e-33 3.018981252877669e-32 1358
2.81563 1.520006305344113e-33 1.236747595713496e-33 3.289618153732637e-32 1062
2.87309 1.452052598023472e-33 1.220682981139052e-33 3.022300902062159e-32 776
2.93055 1.692339127546922e-33 1.309697944918992e-33 3.390094971099718e-32 432
2.98801 1.352498211837606e-33 1.358969816771745e-33 2.597930731947098e-32 200
3.04548 1.570163851923659e-33 1.41282961770886e-33 2.897842433322042e-32 168
3.10294 1.310900128655343e-33 1.070162177376628e-33 2.334590142476624e-32 56
3.1604 8.119241993437115e-34 9.343134218697231e-34 1.395440685820854e-32 7


0.0574618 2.061924555939467e-07 1.803964441645777e-06 6.821223639160141 18
0.114924 9.408061939173714e-06 1.393435774982396e-05 7.129482480871381 62
0.172385 6.365414232520271e-05 2.161743239711539e-05 7.39818589497767 98
0.229847 0.00029813532842344 1.977354146069314e-05 14.10565199749114 210
0.287309 0.0005562049738534939 1.474374135849563e-05 15.86608625059341 350
0.344771 0.0002616628631334812 0.0001392490463822679 5.847937918932784 450
0.402233 7.798677433866004e-05 0.0002259467725572746 1.814799178623429 602
0.459694 0.0007155548524901346 7.30639014051886e-05 7.62836619518423 762
0.517156 0.0006975817106114645 0.0001103726077789767 5.882765295083729 1142
0.574618 0.0001502972280350074 0.0003059966319957662 1.245430715556748 1250
0.63208 0.001001002364069793 7.716923337848697e-05 5.526711641945646 1458
0.689542 0.0006341588684406865 0.0002362240468863311 2.994364675765659 1814
0.747003 0.0005358082252456541 0.0003087252550011313 2.176311138554033 2178
0.804465 0.001220262681189492 0.0001483842401468592 4.129130430235743 2498
0.861927 0.0005263703418678738 0.0004668394742962588 1.608395903055718 2622
0.919389 0.001281512156806025 0.0002609374748423238 3.309438152480138 3338
0.976851 0.001000143214997336 0.0003722602504221019 2.303201103960978 3722
1.03431 8.00245156134371e-34 2.849042407439789e-34 1.640675612101823e-30 4170
1.09177 9.474809236637751e-34 3.321474825735363e-34 1.738249419711316e-30 4358
1.14924 1.071426735244238e-33 3.9519235562167e-34 1.770548487672528e-30 5034
1.2067 1.256918181575457e-33 4.547292821835881e-34 1.88194077364577e-30 5714
1.26416 1.392795337877808e-33 5.297901436981802e-34 1.898840552980766e-30 5982
1.32162 1.613360522496809e-33 6.070887644046299e-34 2.008597404335532e-30 6602
1.37908 1.742038461469831e-33 6.85705760869783e-34 1.989542979495073e-30 7130
1.43654 1.960884500055292e-33 7.755505893573184e-34 2.06247246199873e-30 8034
1.49401 2.164546335511301e-33 9.049456985336937e-34 2.105159666433449e-30 8606
1.55147 2.405341015819264e-33 9.846763387903364e-34 2.167473933951887e-30 9066
1.60893 2.668058960673948e-33 1.149735191820824e-33 2.23454045215021e-30 9962
1.66639 3.033320691937316e-33 1.262766375665116e-33 2.366533494861e-30 10550
1.72385 3.336369747186908e-33 1.389708941787451e-33 2.430494875057129e-30 11226
1.78132 3.566862001735813e-33 1.554513022052694e-33 2.432510567764099e-30 12146
1.83878 3.864100488230167e-33 1.724981079633036e-33 2.471266474037486e-30 12303
1.89624 4.151570332528496e-33 1.856129402189303e-33 2.494818852224923e-30 12584
1.9537 4.615240279966374e-33 2.053654568167271e-33 2.612368048879152e-30 12120
2.01116 4.802513651211343e-33 2.292700485728629e-33 2.565014054941232e-30 11180
2.06862 5.257840602706115e-33 2.527453669449116e-33 2.65331470580454e-30 11096
2.12609 5.519251224597532e-33 2.754160675354677e-33 2.636679438510971e-30 10056
2.18355 6.085849693411714e-33 2.96105606992443e-33 2.755201268073769e-30 9716
2.24101 6.367406364409221e-33 3.285005041013134e-33 2.736394479948137e-30 8604
2.29847 6.930094087628468e-33 3.625750903410641e-33 2.829924931352466e-30 8060
2.35593 7.440997387006313e-33 3.857699433830603e-33 2.891486036325409e-30 7320
2.4134 8.145017314454009e-33 4.17654055376635e-33 3.016395485487724e-30 6356
2.47086 8.386244122527152e-33 4.658539051066694e-33 2.96271934930862e-30 5348
2.52832 9.132057113507899e-33 4.72838735042646e-33 3.078702396369424e-30 4308
2.58578 9.915313854777959e-33 5.332300863601415e-33 3.195843303650948e-30 3563
2.64324 9.994134833142771e-33 5.814689762038767e-33 3.084115493240869e-30 2448
2.7007 1.000390495941905e-32 5.924404870332453e-33 2.955385044157421e-30 1868
2.75817 1.16400507102316e-32 7.228334847298332e-33 3.294388565314465e-30 1358
2.81563 1.171762778186437e-32 7.126132440818139e-33 3.180739528957133e-30 1062
2.87309 1.313726379422522e-32 8.052590119755657e-33 3.429146143473106e-30 776
2.93055 1.288552116650706e-32 8.533877113244095e-33 3.23751751023583e-30 432
2.98801 1.939459341030468e-32 8.790954426782858e-33 4.666819254986902e-30 200
3.04548 1.593990193074752e-32 1.021083907670596e-32 3.688570853961385e-30 168
3.10294 1.978775237774268e-32 1.050281681967188e-32 4.415919747165612e-30 56
3.1604 1.369785905790585e-32 1.428622407361939e-32 2.955957495806248e-30 7


0.0574618 8.588939066894336e-07 4.687219549212156e-07 7.934946646891 18
0.114924 2.478040821381369e-06 5.608429244515858e-06 7.461114185059371 62
0.172385 8.959282941291365e-07 1.469779556967646e-05 4.190313648713563 98
0.229847 4.467495108912556e-05 2.645436329214977e-05 6.780275459898862 210
0.287309 0.0002075395042633674 5.820801545738048e-06 12.08641214299781 350
0.344771 0.0001455074551551505 3.841185251122365e-05 6.381207714727101 450
0.402233 4.261033239186108e-05 8.046850708441752e-05 2.102543757777867 602
0.459694 0.0003141375111471056 1.599312173835375e-05 6.56776968388916 762
0.517156 0.0001210448383019096 8.198050580730463e-05 2.30854797457141 1142
0.574618 0.0002799124342958522 4.78640251723931e-05 3.778687985375207 1250
0.63208 0.0002226585731797284 7.749928719840423e-05 2.52459296220724 1458
0.689542 0.000266640120369497 7.785571878566531e-05 2.479935270691472 1814
0.747003 0.0002871620340594666 9.064979217012402e-05 2.262223946994533 2178
0.804465 0.0003555096373294849 8.861246889470595e-05 2.378821830627806 2498
0.861927 0.0003206544453919217 0.0001339471190471593 1.88493589062496 2622
0.919389 0.0004465653475129844 0.0001118387910855396 2.256825355836893 3338
0.976851 0.000388261859501988 0.000134282517951344 1.746885495546524 3722
1.03431 6.363082054988725e-34 2.042784656289301e-34 2.541468178593045e-30 4170
1.09177 7.490216045743528e-34 2.328921778380877e-34 2.671736149111936e-30 4358
1.14924 8.564868462729505e-34 2.832563601196798e-34 2.750051760642702e-30 5034
1.2067 9.747855776836915e-34 3.335968417605339e-34 2.834932402577923e-30 5714
1.26416 1.132689774268118e-33 3.760914487633372e-34 2.993548696321493e-30 5982
1.32162 1.308287516234105e-33 4.31127694382601e-34 3.155396972908283e-30 6602
1.37908 1.435777778448348e-33 4.895274313125437e-34 3.174807728048009e-30 7130
1.43654 1.620323935790602e-33 5.401394390782582e-34 3.296479096926699e-30 8034
1.49401 1.785729483234114e-33 6.276654273703365e-34 3.358431666848356e-30 8606
1.55147 2.031371703954999e-33 6.773975776460538e-34 3.535944613126832e-30 9066
1.60893 2.238772922597021e-33 7.732013277405331e-34 3.620845292328055e-30 9962
1.66639 2.461929114564464e-33 8.777996211295477e-34 3.709577900357762e-30 10550
1.72385 2.693866370366557e-33 9.70885041453866e-34 3.789158421582485e-30 11226
1.78132 2.980465948228122e-33 1.084391153984872e-33 3.922661802168675e-30 12146
1.83878 3.261842446097262e-33 1.178793462436103e-33 4.023868616997886e-30 12303
1.89624 3.451521783886003e-33 1.276515280188733e-33 4.000587089755567e-30 12584
1.9537 3.744416086438288e-33 1.425114242685056e-33 4.087920067355935e-30 12120
2.01116 4.051043784387856e-33 1.54395675566793e-33 4.170794491059238e-30 11180
2.06862 4.374840406875187e-33 1.702488933015006e-33 4.255361449093933e-30 11096
2.12609 4.814147450151793e-33 1.789209347987118e-33 4.429974526087567e-30 10056
2.18355 5.072602201564503e-33 2.02335404776886e-33 4.425204290985797e-30 9716
2.24101 5.483504883877484e-33 2.168449435824613e-33 4.53879000226795e-30 8604
2.29847 5.935457882670982e-33 2.347588538403065e-33 4.667341600363136e-30 8060
2.35593 6.405671323512313e-33 2.595497991731549e-33 4.793385443471653e-30 7320
2.4134 6.82764532246159e-33 2.772481336327203e-33 4.868825420729608e-30 6356
2.47086 7.475705053892227e-33 2.901254010555737e-33 5.082249806993985e-30 5348
2.52832 7.724361356787796e-33 3.256648144043763e-33 5.014058914023618e-30 4308
2.58578 8.236973518795404e-33 3.473724157156097e-33 5.110506389560244e-30 3563
2.64324 8.559017119560303e-33 3.874421568999414e-33 5.084311432077556e-30 2448
2.7007 8.59107680760345e-33 3.892538317392227e-33 4.884654497940314e-30 1868
2.75817 9.9942112740432e-33 4.280357767788212e-33 5.441130515293878e-30 1358
2.81563 1.051524993812774e-32 4.439447951772296e-33 5.490456053967149e-30 1062
2.87309 1.131146655080463e-32 4.398127012405578e-33 5.676850969203522e-30 776
2.93055 1.142261384614614e-32 5.008764190205544e-33 5.519651882541688e-30 432
2.98801 1.211569295602825e-32 6.917289798590529e-33 5.618237860759478e-30 200
3.04548 1.385009028461204e-32 6.51175283406929e-33 6.164626968511951e-30 168
3.10294 1.530459940848824e-32 4.977698958537307e-33 6.564320269492667e-30 56
3.1604 3.653856956332751e-32 8.579419848296431e-33 1.510751083621926e-29 7


0.0574618 1.374245101274213e-06 1.026090264768652e-08 8.779184183049802 18
0.114924 9.814173002468502e-06 7.763611527241768e-07 10.35018900842631 62
0.172385 1.048957352292005e-05 5.43335891399981e-06 6.143344389542241 98
0.229847 4.030494314157944e-06 2.061796112185028e-05 4.712402664369423 210
0.287309 7.07661237302364e-05 1.56654802159955e-05 7.636818243813754 350
0.344771 0.0001299640615181987 7.447169841647487e-06 7.96726323832817 450
0.402233 2.350369533144355e-05 4.478343297549186e-05 2.08480119384888 602
0.459694 0.0001580030592038245 1.377265628768736e-05 5.115706808018368 762
0.517156 7.125058955779658e-05 4.416955183147194e-05 2.143537904633141 1142
0.574618 0.0001788841919177327 2.026002679852702e-05 3.617507549312009 1250
0.63208 7.433726575217826e-05 5.696833460384995e-05 1.429461126281794 1458
0.689542 0.0002100870560458452 2.566929947222492e-05 2.8693574208829 1814
0.747003 0.0001059862836402775 6.555631574233738e-05 1.341012768093984 2178
0.804465 0.0002222764114470123 4.263522337599888e-05 2.224566647463006 2498
0.861927 0.0002133139582751392 6.322579584069405e-05 1.870648212208111 2622
0.919389 0.000218307241811344 7.157192203619449e-05 1.675360293122449 3338
0.976851 0.0002333874541155714 6.901779156227294e-05 1.572377727340467 3722
1.03431 5.479773518707263e-34 1.682697922072514e-34 3.28228598687204e-30 4170
1.09177 6.398546900855261e-34 1.891562445074219e-34 3.4175662210832e-30 4358
1.14924 7.396913735432263e-34 2.3183737220015e-34 3.553706642883829e-30 5034
1.2067 8.553121315027485e-34 2.723820040321978e-34 3.717386380354685e-30 5714
1.26416 9.925700807632932e-34 3.040153719602764e-34 3.915654274149327e-30 5982
1.32162 1.109556212941497e-33 3.540699894034948e-34 3.994955351535211e-30 6602
1.37908 1.260929858126772e-33 4.003482958175195e-34 4.156842605886114e-30 7130
1.43654 1.375762377810359e-33 4.373110021958341e-34 4.17177929977616e-30 8034
1.49401 1.581894473767924e-33 5.118093996546228e-34 4.429995730228146e-30 8606
1.55147 1.699947150072695e-33 5.647065308656412e-34 4.408978327464456e-30 9066
1.60893 1.984447129767986e-33 6.349791322046487e-34 4.775380592414219e-30 9962
1.66639 2.129815989688029e-33 6.979962104225487e-34 4.773013943354272e-30 10550
1.72385 2.409895095694778e-33 7.691905122266308e-34 5.03761640338533e-30 11226
1.78132 2.674007648844175e-33 8.832535170222767e-34 5.230504057944267e-30 12146
1.83878 2.838598708681806e-33 9.61701039044147e-34 5.20447913226155e-30 12303
1.89624 3.032379387033643e-33 1.042756807672577e-33 5.22245719313854e-30 12584
1.9537 3.237244833570882e-33 1.12611769783711e-33 5.249483736291418e-30 12120
2.01116 3.502736981409708e-33 1.238806718870135e-33 5.356140112031078e-30 11180
2.06862 3.804781014220165e-33 1.36823189496665e-33 5.495530882208592e-30 11096
2.12609 4.067829832349216e-33 1.450451502785482e-33 5.558528685079565e-30 10056
2.18355 4.512610888728997e-33 1.560098165947678e-33 5.840675325827241e-30 9716
2.24101 4.976944712812385e-33 1.700298775307874e-33 6.110556812008736e-30 8604
2.29847 5.32054065740299e-33 1.865931485622819e-33 6.206404996773149e-30 8060
2.35593 5.484468198209328e-33 2.041595876079827e-33 6.089176555292218e-30 7320
2.4134 5.990743606007341e-33 2.152358968795267e-33 6.336043412594667e-30 6356
2.47086 6.35670523686005e-33 2.396087699881418e-33 6.412454475621775e-30 5348
2.52832 6.858863634816863e-33 2.510350817113768e-33 6.60106687077987e-30 4308
2.58578 7.418431233043459e-33 2.672971947797709e-33 6.82301322687485e-30 3563
2.64324 7.473435389049097e-33 2.921223965733171e-33 6.58142649087281e-30 2448
2.7007 7.772347226847315e-33 3.225896745816215e-33 6.553321436519029e-30 1868
2.75817 9.196911640642601e-33 3.301256262748676e-33 7.419874876007965e-30 1358
2.81563 8.635125268368944e-33 3.840132515764861e-33 6.689735549313817e-30 1062
2.87309 8.604971405971527e-33 3.757443099035069e-33 6.408411296580027e-30 776
2.93055 1.040334821765509e-32 4.386306968266325e-33 7.45288129454293e-30 432
2.98801 1.257965494599234e-32 3.760801598778113e-33 8.624367865680663e-30 200
3.04548 1.202218843100643e-32 4.935453803689998e-33 7.929285147896081e-30 168
3.10294 9.626180161373165e-33 4.970854705403689e-33 6.133771948805301e-30 56
3.1604 1.171062430369473e-32 1.038721332303935e-32 7.225795500642944e-30 7


0.0574618 5.913594906162056e-07 9.15193065946713e-08 8.297693956678138 18
0.114924 7.518230416724711e-06 1.989196390676213e-07 10.42718528920776 62
0.172385 1.857332294923451e-05 3.085296807523536e-07 8.306530750232058 98
0.229847 2.427400126674517e-05 7.555939604631913e-06 7.524965606940205 210
0.287309 1.166849086715078e-05 2.002992072037563e-05 4.377325053801286 350
0.344771 9.018163068623289e-05 3.448854376794952e-06 7.51296241447353 450
0.402233 3.981167226027429e-05 2.257471207175383e-05 3.203563742068545 602
0.459694 7.538290419437847e-05 1.70451879032538e-05 3.60360308719031 762
0.517156 6.322465088018248e-05 2.428710405115344e-05 2.459300101270516 1142
0.574618 0.0001100019163425739 1.54972133052813e-05 3.04944292314757 1250
0.63208 4.979265125005533e-05 3.696075122256558e-05 1.338258083649809 1458
0.689542 0.0001357615794085441 1.763768049546311e-05 2.505775507472987 1814
0.747003 8.622160696894552e-05 3.804957055253478e-05 1.44587025065606 2178
0.804465 0.0001155252550861151 3.685213789518875e-05 1.599828197733784 2498
0.861927 0.0001695656243452903 3.302285786690693e-05 1.969966259539818 2622
0.919389 0.0001444111133552605 4.651680011763895e-05 1.493825121063943 3338
0.976851 0.0001555948720772603 4.4632673387069e-05 1.40807356154771 3722
1.03431 4.898635174513975e-34 1.436348782176133e-34 3.935079286370847e-30 4170
1.09177 5.53910478159789e-34 1.682278073573243e-34 3.970661163955228e-30 4358
1.14924 6.755128052735493e-34 1.915082033127598e-34 4.335199742033872e-30 5034
1.2067 7.461658785672252e-34 2.280958405894719e-34 4.336506044412554e-30 5714
1.26416 8.723507095173874e-34 2.620205605325407e-34 4.599469981101769e-30 5982
1.32162 1.017354267406984e-33 2.976312504435755e-34 4.884300691786531e-30 6602
1.37908 1.130632445726636e-33 3.415327743303081e-34 4.971871890910375e-30 7130
1.43654 1.234851046941391e-33 3.815298695841685e-34 4.994950705425163e-30 8034
1.49401 1.430302699586094e-33 4.325148312481626e-34 5.336435232835887e-30 8606
1.55147 1.513258027114644e-33 4.790940551257122e-34 5.228620006044511e-30 9066
1.60893 1.735903902534732e-33 5.604211203475636e-34 5.567679323917391e-30 9962
1.66639 1.907433501146502e-33 5.881617046410963e-34 5.688606482736877e-30 10550
1.72385 2.111387668627059e-33 6.795647043713768e-34 5.877708901839275e-30 11226
1.78132 2.376235094958056e-33 7.422903046619069e-34 6.182343659013275e-30 12146
1.83878 2.495132781415841e-33 8.180497432474571e-34 6.086224081202741e-30 12303
1.89624 2.736816693187271e-33 8.834968155360835e-34 6.265913448499174e-30 12584
1.9537 2.940878056299403e-33 9.461060077923847e-34 6.337514099104383e-30 12120
2.01116 3.274070429569466e-33 1.065718304087363e-33 6.651767481228349e-30 11180
2.06862 3.574042322165063e-33 1.144132111758932e-33 6.85505723776615e-30 11096
2.12609 3.773184790010183e-33 1.22893169285089e-33 6.847152145943253e-30 10056
2.18355 4.032366786483323e-33 1.359522086596195e-33 6.934345056588021e-30 9716
2.24101 4.390001960700211e-33 1.471010881411995e-33 7.160405578108027e-30 8604
2.29847 4.797545742457432e-33 1.603311944324856e-33 7.431847712677101e-30 8060
2.35593 5.041492753805706e-33 1.715966397354251e-33 7.430103086258319e-30 7320
2.4134 5.391524028220519e-33 1.832440206910132e-33 7.570212798204834e-30 6356
2.47086 5.842772141890016e-33 1.987794064993902e-33 7.820787283442723e-30 5348
2.52832 6.315326429778688e-33 2.142992411766754e-33 8.066083066382218e-30 4308
2.58578 6.67038353782421e-33 2.220838121119993e-33 8.140482832945153e-30 3563
2.64324 7.10377228573653e-33 2.407915937778373e-33 8.2970918418879e-30 2448
2.7007 7.160892169064929e-33 2.676536933836019e-33 8.00995417660835e-30 1868
2.75817 7.964160735041749e-33 2.786522969128305e-33 8.526834622530617e-30 1358
2.81563 8.942664568437694e-33 2.846273571845845e-33 9.175756880119914e-30 1062
2.87309 8.92449086528037e-33 3.074381185573967e-33 8.807794328443539e-30 776
2.93055 9.519118147846269e-33 3.103813417534234e-33 9.036464894414488e-30 432
2.98801 8.225727277113418e-33 3.91618998948122e-33 7.503372574445248e-30 200
3.04548 1.242811486889306e-32 4.244310411304136e-33 1.086536570775169e-29 168
3.10294 1.275135098313058e-32 3.079513596360724e-33 1.07373562741673e-29 56
3.1604 2.487882904922806e-32 3.688291090584216e-33 2.01760076995448e-29 7


0.0574618 1.211292812670101e-08 1.80851937767314e-07 7.78876757191133 18
0.114924 1.415980003099828e-06 1.249550734599358e-06 8.536147093130516 62
0.172385 1.025899964202004e-05 1.071589590372291e-06 7.291514934322652 98
0.229847 3.436953741061962e-05 7.265236665027888e-07 9.694729627784197 210
0.287309 1.439871474533662e-05 1.280080358266791e-05 5.080553309636557 350
0.344771 3.646617881650611e-05 1.040544539848143e-05 4.938439980787042 450
0.402233 5.91380696255072e-05 7.720102058176526e-06 4.760243838062392 602
0.459694 2.852456538083579e-05 1.952232854906152e-05 2.279413677055056 762
0.517156 6.244064854824242e-05 1.270918877678164e-05 2.89619854561718 1142
0.574618 6.546401245166598e-05 1.506629611189228e-05 2.412259767344413 1250
0.63208 4.331721688160365e-05 2.44586423134699e-05 1.443572794672082 1458
0.689542 9.481362841179042e-05 1.35845345811666e-05 2.228516879384225 1814
0.747003 6.770986435602401e-05 2.57663453313127e-05 1.433530805416783 2178
0.804465 7.786093165016303e-05 2.802330685806397e-05 1.386751356193096 2498
0.861927 0.000115543537725419 2.57584193861047e-05 1.707199065340813 2622
0.919389 0.0001089828854841169 3.203900435575172e-05 1.420760208479453 3338
0.976851 0.0001169007449028046 3.072064456167787e-05 1.33095608801279 3722
1.03431 4.38193752313219e-34 1.279597896487283e-34 4.440941685950332e-30 4170
1.09177 5.093098882498502e-34 1.474345558614669e-34 4.595227118356219e-30 4358
1.14924 6.041919674799275e-34 1.773240829666921e-34 4.886663596443843e-30 5034
1.2067 6.844650550709702e-34 2.046125010393505e-34 4.999807262408718e-30 5714
1.26416 7.980172297855574e-34 2.39315089684937e-34 5.287944153377107e-30 5982
1.32162 8.890705639309857e-34 2.758849503473714e-34 5.370618797274471e-30 6602
1.37908 1.019535229808029e-33 3.09761136853966e-34 5.62870555446535e-30 7130
1.43654 1.111670449067933e-33 3.42294328720052e-34 5.640200500081518e-30 8034
1.49401 1.279061119127903e-33 3.993028781531294e-34 5.987026520145937e-30 8606
1.55147 1.381198974109954e-33 4.216315784983019e-34 5.975401669869642e-30 9066
1.60893 1.625226617297185e-33 4.914484982117832e-34 6.520835118241469e-30 9962
1.66639 1.731292981713493e-33 5.359456645346394e-34 6.465352923606079e-30 10550
1.72385 1.920199681163423e-33 6.148768937513125e-34 6.690610147558789e-30 11226
1.78132 2.104745472577195e-33 6.768520528257113e-34 6.855450130006202e-30 12146
1.83878 2.275759089052959e-33 7.151682334140411e-34 6.939281278657925e-30 12303
1.89624 2.506378907862192e-33 7.891529767781165e-34 7.173773636006362e-30 12584
1.9537 2.716663225037561e-33 8.457796136821885e-34 7.315720591336779e-30 12120
2.01116 2.997407343204785e-33 9.5697531730597e-34 7.609749199124184e-30 11180
2.06862 3.276755539738336e-33 1.027415774163063e-33 7.851791264211642e-30 11096
2.12609 3.468473782933445e-33 1.118756167782311e-33 7.863479600516943e-30 10056
2.18355 3.758562812601532e-33 1.200444265508514e-33 8.06959798123854e-30 9716
2.24101 4.11240169310115e-33 1.294806502233815e-33 8.372241031432356e-30 8604
2.29847 4.350691033021614e-33 1.435233127480853e-33 8.415769269677307e-30 8060
2.35593 4.61371009825586e-33 1.50123594418996e-33 8.486665105817259e-30 7320
2.4134 4.887701130274151e-33 1.670559293690795e-33 8.569116427341347e-30 6356
2.47086 5.432464130709676e-33 1.753057077492135e-33 9.072834711251362e-30 5348
2.52832 5.80927048947233e-33 1.931941913534358e-33 9.259791782917334e-30 4308
2.58578 5.887884232526893e-33 1.993445525649119e-33 8.96900326162118e-30 3563
2.64324 6.508523052493242e-33 2.150057953127537e-33 9.484273297759247e-30 2448
2.7007 6.624834511840629e-33 2.252565875259552e-33 9.239847722504364e-30 1868
2.75817 7.089554984123316e-33 2.495937709321636e-33 9.471188394903492e-30 1358
2.81563 8.037217263371837e-33 2.6512097676603e-33 1.028974618219753e-29 1062
2.87309 7.610438852660821e-33 2.879083934293044e-33 9.376999136482933e-30 776
2.93055 9.245797925072443e-33 2.631721573545657e-33 1.093635115980563e-29 432
2.98801 7.682557987767568e-33 3.296770536790323e-33 8.736277459576208e-30 200
3.04548 1.064432132539799e-32 3.351585244399496e-33 1.159961766493554e-29 168
3.10294 1.277243528278008e-32 3.106460660051483e-33 1.340800520958566e-29 56
3.1604 1.473741905839015e-32 3.688906086256077e-33 1.492026093750164e-29 7


0.0574618 1.966281489714014e-07 8.673747353910886e-08 8.095836643536241 18
0.114924 3.841278012322884e-07 1.152071477329846e-06 8.297884027703331 62
0.172385 9.199307727438494e-07 2.738913766356052e-06 5.461542796086651 98
0.229847 1.78695913884038e-05 2.862725093494801e-06 8.0005042173017 210
0.287309 3.369452479289607e-05 3.46971763693988e-06 7.65859543978921 350
0.344771 6.967206286728653e-06 1.379095251540933e-05 3.04571449850914 450
0.402233 5.504257476609577e-05 3.11426095792526e-06 5.146158385401559 602
0.459694 1.485150821717199e-05 1.688198708146135e-05 1.885281734989442 762
0.517156 5.690992140556721e-05 7.107782541665484e-06 3.109705145841278 1142
0.574618 3.593182020961063e-05 1.548385278228185e-05 1.799859524175891 1250
0.63208 4.385320952747069e-05 1.563534126140378e-05 1.679773172416847 1458
0.689542 6.968660170999716e-05 1.116719218576955e-05 2.009962498706451 1814
0.747003 5.130803080449256e-05 1.979952483859792e-05 1.337918968172901 2178
0.804465 6.055816719947445e-05 2.108027543259798e-05 1.316622687952039 2498
0.861927 8.383314981833036e-05 2.096618182067859e-05 1.516775465688417 2622
0.919389 8.435449162288923e-05 2.416535532726512e-05 1.335589625539208 3338
0.976851 8.902947867605645e-05 2.355881289267177e-05 1.230443518138183 3722
1.03431 4.139664647668102e-34 1.150937375071431e-34 5.075513111381133e-30 4170
1.09177 4.607948747754397e-34 1.377637422057066e-34 5.043580589067959e-30 4358
1.14924 5.552975060332486e-34 1.653409689727279e-34 5.437953305883091e-30 5034
1.2067 6.450239928011396e-34 1.829612275765439e-34 5.685600876644171e-30 5714
1.26416 7.384821354912631e-34 2.161607799150284e-34 5.905266767759559e-30 5982
1.32162 8.632396772684809e-34 2.411208447888034e-34 6.272162347271458e-30 6602
1.37908 9.4021072394313e-34 2.784131789684869e-34 6.256815661266539e-30 7130
1.43654 1.055242525158671e-33 3.078702688735378e-34 6.445089098045251e-30 8034
1.49401 1.208328667073671e-33 3.537838975152935e-34 6.804001153410616e-30 8606
1.55147 1.274069674140197e-33 3.923124461002695e-34 6.641541559262835e-30 9066
1.60893 1.46935320543191e-33 4.533924057452375e-34 7.102381681852949e-30 9962
1.66639 1.606209057061586e-33 4.912787149479557e-34 7.217300220741092e-30 10550
1.72385 1.837703085369691e-33 5.419539585111453e-34 7.690911509910482e-30 11226
1.78132 1.976264318886623e-33 6.030688917849616e-34 7.734111738121012e-30 12146
1.83878 2.110335025425139e-33 6.596059533535683e-34 7.737112761783622e-30 12303
1.89624 2.367914093871807e-33 7.132955955002839e-34 8.140485710826675e-30 12584
1.9537 2.410803348202273e-33 7.885229573356925e-34 7.809378922663567e-30 12120
2.01116 2.776922656852295e-33 8.669281630989646e-34 8.468331492194836e-30 11180
2.06862 3.038940492032887e-33 9.398486007342764e-34 8.745664912801473e-30 11096
2.12609 3.230888927523873e-33 1.022866261554591e-33 8.795322628981751e-30 10056
2.18355 3.481752113656014e-33 1.115594209062743e-33 8.977177929989376e-30 9716
2.24101 3.783760514181689e-33 1.192638163242609e-33 9.249026855357946e-30 8604
2.29847 4.143641693611517e-33 1.267069352040217e-33 9.612694567012139e-30 8060
2.35593 4.335337010556706e-33 1.385274383772463e-33 9.569840446285657e-30 7320
2.4134 4.62908579769371e-33 1.498716018195696e-33 9.734206210783352e-30 6356
2.47086 5.073940712808302e-33 1.58203406562899e-33 1.016492078218769e-29 5348
2.52832 5.505042522962402e-33 1.760177617573459e-33 1.052415499006686e-29 4308
2.58578 5.58767266781545e-33 1.813607042230363e-33 1.02072870978673e-29 3563
2.64324 6.139324603193258e-33 1.962010205323884e-33 1.072796351522329e-29 2448
2.7007 6.248469144772192e-33 2.095040550742054e-33 1.045227069307461e-29 1868
2.75817 6.742000055293077e-33 2.193271161687206e-33 1.079526432293682e-29 1358
2.81563 7.290342387405638e-33 2.436590724263064e-33 1.119547659983922e-29 1062
2.87309 7.833237582529902e-33 2.396135323596636e-33 1.155307070459523e-29 776
2.93055 7.113317512568336e-33 2.936673555317052e-33 1.012114415942567e-29 432
2.98801 9.502628154491691e-33 2.31030950510064e-33 1.290131326920607e-29 200
3.04548 9.796354433181288e-33 3.003197670498764e-33 1.279537514447008e-29 168
3.10294 6.328497090711649e-33 3.700886394703255e-33 8.024944263687334e-30 56
3.1604 1.111033002261422e-32 5.435680937633068e-33 1.355290383219506e-29 7


0.0574618 4.002158059183e-07 1.413685617253175e-09 8.442606343623357 18
0.114924 2.73805173793582e-06 2.442287684421744e-07 9.616820693786973 62
0.172385 2.053233419027115e-06 1.820616458295383e-06 5.925275699819185 98
0.229847 2.361269217669827e-06 5.575095900952046e-06 5.798934363137811 210
0.287309 3.070942892520772e-05 1.659786384051383e-06 7.918557489340492 350
0.344771 1.344445328579845e-05 8.801747405113295e-06 3.860591178122667 450
0.402233 3.026608397307581e-05 6.239028552559719e-06 3.92687274489685 602
0.459694 2.432014136851532e-05 9.959104274581156e-06 2.598356199527152 762
0.517156 4.298175431336622e-05 6.292875407563516e-06 2.848855894023542 1142
0.574618 2.098028420383753e-05 1.447480250591568e-05 1.441025836660742 1250
0.63208 4.59704210724238e-05 9.324113030561105e-06 1.963894560592828 1458
0.689542 5.100042666455416e-05 1.015202368671954e-05 1.775663235324981 1814
0.747003 3.934241624906765e-05 1.618301825697265e-05 1.237589737227153 2178
0.804465 5.048457130808766e-05 1.612326891002726e-05 1.294187637458136 2498
0.861927 6.570998131620519e-05 1.698004370987337e-05 1.410656375175301 2622
0.919389 6.727429133405304e-05 1.919854946937723e-05 1.259746058757309 3338
0.976851 6.971195448019456e-05 1.908770503791233e-05 1.139797993503848 3722
1.03431 3.865779503190652e-34 1.091827343887281e-34 5.595003195350336e-30 4170
1.09177 4.436552536140323e-34 1.294265245974371e-34 5.712616613671573e-30 4358
1.14924 5.176381319725176e-34 1.536499992320604e-34 5.967848578012634e-30 5034
1.2067 5.914199608035962e-34 1.687869574422106e-34 6.131474289558927e-30 5714
1.26416 6.906757859548866e-34 2.006755087086209e-34 6.489210831862157e-30 5982
1.32162 7.895233958495335e-34 2.306005487622612e-34 6.746718201798174e-30 6602
1.37908 8.744357805324505e-34 2.631442011474891e-34 6.833751597242833e-30 7130
1.43654 9.737390343105422e-34 2.909187401462869e-34 6.980476668428444e-30 8034
1.49401 1.105907340092746e-33 3.337859799928117e-34 7.307721292516043e-30 8606
1.55147 1.205715561202091e-33 3.604563753258072e-34 7.358668740750312e-30 9066
1.60893 1.394490551263409e-33 4.090965679902596e-34 7.883920624776006e-30 9962
1.66639 1.516101642078711e-33 4.489881606412629e-34 7.969792537624472e-30 10550
1.72385 1.687320895913765e-33 5.078116576838301e-34 8.269710619489288e-30 11226
1.78132 1.869064047633822e-33 5.521029492976771e-34 8.55319083070874e-30 12146
1.83878 2.029928773444903e-33 6.053970175990256e-34 8.697156146480878e-30 12303
1.89624 2.207924237968155e-33 6.680735365586136e-34 8.878244917735562e-30 12584
1.9537 2.345386603851706e-33 7.109498960448445e-34 8.870450347401667e-30 12120
2.01116 2.631633862251779e-33 7.963780525867772e-34 9.376145806592871e-30 11180
2.06862 2.832448105415772e-33 8.752137209721974e-34 9.527075212123627e-30 11096
2.12609 3.05091486769812e-33 9.321475039680545e-34 9.699839137966877e-30 10056
2.18355 3.272616255662267e-33 1.026256673068384e-33 9.855529667785741e-30 9716
2.24101 3.516565588066804e-33 1.105273079952833e-33 1.004116452637157e-29 8604
2.29847 3.783166917516799e-33 1.187401669084686e-33 1.025447040115415e-29 8060
2.35593 4.039786393676026e-33 1.263005669056653e-33 1.041092048121068e-29 7320
2.4134 4.281245006730839e-33 1.386668695644438e-33 1.051293595420472e-29 6356
2.47086 4.598633213572953e-33 1.470905337197227e-33 1.075911635294719e-29 5348
2.52832 5.070823082956175e-33 1.652855369767119e-33 1.131960937683743e-29 4308
2.58578 5.293028348430872e-33 1.642389577115919e-33 1.12807575278575e-29 3563
2.64324 5.644280367625965e-33 1.829102304944787e-33 1.151366773642132e-29 2448
2.7007 5.848510639388332e-33 1.937074072599902e-33 1.141696313668485e-29 1868
2.75817 6.32342650374599e-33 2.078650281117242e-33 1.18173006363556e-29 1358
2.81563 6.808535954571889e-33 2.060042819960802e-33 1.218788337038222e-29 1062
2.87309 6.751564827987186e-33 2.411112429938787e-33 1.163595950190555e-29 776
2.93055 7.476728654412959e-33 2.411320244317133e-33 1.238147588503608e-29 432
2.98801 8.570484953985697e-33 2.133136667900992e-33 1.357190983515006e-29 200
3.04548 8.698093664339134e-33 2.819398343034125e-33 1.325841009785333e-29 168
3.10294 8.773135843197803e-33 2.283304902291091e-33 1.287332045030558e-29 56
3.1604 9.863257545885855e-33 4.367067427828261e-33 1.402086153252359e-29 7


0.0574618 1.949579288416257e-07 3.785177412776853e-08 8.201051990003885 18
0.114924 2.709273481783025e-06 7.007590247047313e-08 9.798249132129149 62
0.172385 6.323438443521835e-06 2.07584509550146e-07 7.334729113102763 98
0.229847 5.669427756083759e-06 3.549322017416274e-06 6.622038596806336 210
0.287309 1.143197360383974e-05 5.175550382490781e-06 5.77753483559655 350
0.344771 2.858051129301838e-05 2.338469832802681e-06 5.701846406581518 450
0.402233 9.98352519407511e-06 9.259074070784693e-06 2.622578846663588 602
0.459694 3.495133107664743e-05 3.979587973953149e-06 3.504059359326241 762
0.517156 2.62685754799555e-05 7.673087927014625e-06 2.266853559628477 1142
0.574618 1.967552130079024e-05 1.119241050878253e-05 1.521296464873353 1250
0.63208 4.413736350065446e-05 5.836892008040342e-06 2.114811782822403 1458
0.689542 3.614867271217785e-05 9.931038401779219e-06 1.5197836630033 1814
0.747003 3.207591610925414e-05 1.333252049723289e-05 1.183967918216219 2178
0.804465 4.392432352638273e-05 1.251373925562008e-05 1.29467462944994 2498
0.861927 5.430715468025184e-05 1.381456471177675e-05 1.350362185981991 2622
0.919389 5.502290704444304e-05 1.579642078758927e-05 1.194749015625919 3338
0.976851 5.675364832850865e-05 1.578403928790739e-05 1.074726290301724 3722
1.03431 3.643985203410462e-34 1.025318026640668e-34 6.091924671307181e-30 4170
1.09177 4.215360293788419e-34 1.178327848303369e-34 6.252105153371676e-30 4358
1.14924 4.818202076802564e-34 1.429848578810275e-34 6.409646124299547e-30 5034
1.2067 5.50379349045898e-34 1.61255721759666e-34 6.583778288551375e-30 5714
1.26416 6.448188570955817e-34 1.888951170099016e-34 6.979139075554269e-30 5982
1.32162 7.253006575427093e-34 2.154678159647206e-34 7.138182456965073e-30 6602
1.37908 8.48179504577182e-34 2.415596783580574e-34 7.606398910683188e-30 7130
1.43654 9.302121419235777e-34 2.653025463563026e-34 7.652741945753777e-30 8034
1.49401 1.06526826111595e-33 3.046699540159507e-34 8.072042545062877e-30 8606
1.55147 1.174636837489397e-33 3.288168500119011e-34 8.215361139580507e-30 9066
1.60893 1.304490383146613e-33 3.881752734186869e-34 8.469647656576196e-30 9962
1.66639 1.441981262549049e-33 4.203378724160886e-34 8.693910813922457e-30 10550
1.72385 1.599467431988374e-33 4.696759584020888e-34 8.985370723977145e-30 11226
1.78132 1.742463344635347e-33 5.202142071040743e-34 9.146657715302856e-30 12146
1.83878 1.922044884608467e-33 5.682535080086895e-34 9.439140599516289e-30 12303
1.89624 2.070573438202231e-33 6.225114316008387e-34 9.541091692916384e-30 12584
1.9537 2.207437192961297e-33 6.647487266367809e-34 9.565590025626936e-30 12120
2.01116 2.480812961761384e-33 7.51471143199823e-34 1.012640732770917e-29 11180
2.06862 2.709100527973133e-33 8.110747484542954e-34 1.043079796457119e-29 11096
2.12609 2.906992698636035e-33 8.729350254742026e-34 1.058085206542831e-29 10056
2.18355 3.130999138606767e-33 9.347235711411401e-34 1.078692138353692e-29 9716
2.24101 3.31392732501402e-33 1.030633028203754e-33 1.083136963070346e-29 8604
2.29847 3.546104280249672e-33 1.116344219150673e-33 1.100363435071213e-29 8060
2.35593 3.889488640360354e-33 1.149219661594299e-33 1.146258215786856e-29 7320
2.4134 4.084001087025362e-33 1.279236108666333e-33 1.147128520015806e-29 6356
2.47086 4.439601252994196e-33 1.353791578719009e-33 1.187730767964303e-29 5348
2.52832 4.925330916434635e-33 1.486137494805981e-33 1.256647070341989e-29 4308
2.58578 5.137015202880909e-33 1.51540404085481e-33 1.251595451827119e-29 3563
2.64324 5.313204409535326e-33 1.669683533689115e-33 1.239293960283574e-29 2448
2.7007 5.629000536666213e-33 1.824128024719238e-33 1.256596046693163e-29 1868
2.75817 5.98105417632282e-33 1.870913497110052e-33 1.277596691902763e-29 1358
2.81563 6.551343257669346e-33 1.948583322996336e-33 1.340819104850377e-29 1062
2.87309 6.328264735761942e-33 2.276587685702798e-33 1.247539200532842e-29 776
2.93055 7.635428728891359e-33 2.166512762075732e-33 1.443777554730339e-29 432
2.98801 7.431945917656652e-33 2.167242461630958e-33 1.347005707862496e-29 200
3.04548 8.351688110117827e-33 2.586953581298336e-33 1.454842951071998e-29 168
3.10294 1.0307183522431e-32 1.940441490699466e-33 1.724892636076669e-29 56
3.1604 1.455884369891994e-32 2.832092041354455e-33 2.349954416664461e-29 7


0.0574618 2.090055168314095e-09 7.658530982938129e-08 7.939325116881959 18
0.114924 5.955016721139125e-07 5.23167331259103e-07 8.747664011960179 62
0.172385 4.637166206539857e-06 3.566549032968911e-07 7.023325333524633 98
0.229847 1.336767409954527e-05 5.918629028296682e-07 8.430496015082939 210
0.287309 3.612631878569809e-06 6.01573919595315e-06 4.855125831923109 350
0.344771 2.501512420332941e-05 1.665890728229502e-06 5.670357162858264 450
0.402233 1.018151844013218e-05 7.285072020580144e-06 2.791841855902937 602
0.459694 3.073820771024218e-05 2.939840110589473e-06 3.491643229924908 762
0.517156 1.587596956078463e-05 8.172529903775514e-06 1.852325440281148 1142
0.574618 2.544511994856768e-05 6.900509878542131e-06 1.924948986099263 1250
0.63208 3.581876714272399e-05 5.23992004143828e-06 1.981724752553027 1458
0.689542 2.574360699892103e-05 9.633737144217983e-06 1.307915169114501 1814
0.747003 2.885125118034231e-05 1.0652801551018e-05 1.202772061910003 2178
0.804465 3.89907012143463e-05 9.907318649248308e-06 1.298950434563009 2498
0.861927 4.630247631078229e-05 1.139591565796417e-05 1.310154550110145 2622
0.919389 4.58483773205603e-05 1.335909011069879e-05 1.137405863922806 3338
0.976851 4.789430098603224e-05 1.318102646191268e-05 1.032084149349525 3722
1.03431 3.4546828057301e-34 9.757747663827209e-35 6.572315042795167e-30 4170
1.09177 4.004081484702817e-34 1.105896910121883e-34 6.743152477878307e-30 4358
1.14924 4.644873991405494e-34 1.350090077260435e-34 7.006546945513475e-30 5034
1.2067 5.196945218105897e-34 1.537194785036352e-34 7.059255996335776e-30 5714
1.26416 6.143249822999865e-34 1.788113593070641e-34 7.53558001196375e-30 5982
1.32162 6.900684655136989e-34 2.000416841488584e-34 7.685812216445209e-30 6602
1.37908 8.085974396492116e-34 2.284245918012653e-34 8.205923364408914e-30 7130
1.43654 8.777253839077223e-34 2.494895280711363e-34 8.170628030358229e-30 8034
1.49401 1.01920539122332e-33 2.891942106978619e-34 8.731549136480845e-30 8606
1.55147 1.083877281705173e-33 3.242045735480072e-34 8.591032247026868e-30 9066
1.60893 1.238088374948615e-33 3.624084941602669e-34 9.080240397222423e-30 9962
1.66639 1.33018080970308e-33 4.052582438642559e-34 9.074761543565134e-30 10550
1.72385 1.514571841343458e-33 4.434722598832009e-34 9.61016018568812e-30 11226
1.78132 1.643998043800375e-33 4.889931509190607e-34 9.743354983986457e-30 12146
1.83878 1.816866430406627e-33 5.405819023858544e-34 1.007339033103758e-29 12303
1.89624 1.968766458419104e-33 5.818284474386633e-34 1.023442980196844e-29 12584
1.9537 2.08028717876859e-33 6.342603105183986e-34 1.017496123848267e-29 12120
2.01116 2.330749113235148e-33 7.056785877514679e-34 1.073262975893387e-29 11180
2.06862 2.552963226547923e-33 7.744610793136981e-34 1.10898039076137e-29 11096
2.12609 2.726179397361466e-33 8.439106323579089e-34 1.119683440213572e-29 10056
2.18355 2.914932670005596e-33 9.011521714663838e-34 1.133050102967423e-29 9716
2.24101 3.157962872117458e-33 9.680991129161935e-34 1.163271110490098e-29 8604
2.29847 3.451044736550716e-33 1.040496509845196e-33 1.206080160850121e-29 8060
2.35593 3.571130334115961e-33 1.132942982187559e-33 1.187474678409374e-29 7320
2.4134 3.992457834863604e-33 1.188217156475746e-33 1.262542681281219e-29 6356
2.47086 4.219530503644297e-33 1.24840380764054e-33 1.271313576526096e-29 5348
2.52832 4.666676857249519e-33 1.383818241344139e-33 1.340928464821046e-29 4308
2.58578 4.812656490487177e-33 1.479845673333996e-33 1.321581444676715e-29 3563
2.64324 5.14921599756573e-33 1.525845898847484e-33 1.351680593027568e-29 2448
2.7007 5.386917302424616e-33 1.711535109306398e-33 1.354078639357241e-29 1868
2.75817 5.786568185876015e-33 1.7295452697598e-33 1.391095772794794e-29 1358
2.81563 6.183650162121968e-33 1.948504729953601e-33 1.426055526870084e-29 1062
2.87309 6.179649364235977e-33 2.036582454135701e-33 1.370293040899256e-29 776
2.93055 6.726068816919178e-33 2.195097658435096e-33 1.43414166269935e-29 432
2.98801 7.378879434756185e-33 2.032926593070272e-33 1.504572507942103e-29 200
3.04548 8.356057793898786e-33 2.348329579409087e-33 1.636860348096092e-29 168
3.10294 8.359140320002738e-33 1.921036982598599e-33 1.576255590326699e-29 56
3.1604 1.228678680122356e-32 3.380278204633035e-33 2.238184579838952e-29 7


