0.144338 0.0004535742825498587 2.370160149346494e-05 1.220533966116596 18
0.288675 0.001813864782249521 0.0001838798769624266 1.516033141263939 62
0.433013 0.004375056028456802 0.000693815663919188 1.60301003672971 98
0.57735 0.008428899128782882 0.002664670198194189 1.734387888777347 210
0.721688 0.0139844823079863 0.007030448066481017 1.871348414510471 350
0.866025 0.01784003991019748 0.0133107848531322 1.670467403631024 450
1.01036 0.009150416948163641 0.006501500013229002 0.6218184391127231 602
1.1547 4.397626199959957e-34 2.086263505962573e-34 2.262397001929692e-32 762
1.29904 4.993593400735756e-34 2.181819402640364e-34 2.035613739837315e-32 1142
1.44338 6.062021293011387e-34 3.166490242641809e-34 2.009263723254338e-32 1250
1.58771 6.240940258866425e-34 3.312084654342634e-34 1.703056157313085e-32 1458
1.73205 1.041756126779157e-33 4.369516987834415e-34 2.378990010741952e-32 1814
1.87639 9.542881599229588e-34 5.232810792602692e-34 1.860641011094771e-32 2178
2.02073 1.073238707162134e-33 5.647285286420188e-34 1.80503456008769e-32 2498
2.16506 1.328963567533236e-33 7.536505009912687e-34 1.941609352787162e-32 2622
2.3094 1.132012258922964e-33 6.267831563914066e-34 1.451214649115721e-32 3191
2.45374 9.841053367706416e-34 4.944347718227487e-34 1.118551438000267e-32 3044
2.59808 9.595878513220622e-34 4.517709736016101e-34 9.735994496714829e-33 2736
2.74241 1.130237978669844e-33 5.490998582041953e-34 1.027838942653514e-32 2276
2.88675 1.07265810687952e-33 5.354547887235555e-34 8.79644678533553e-33 2016
3.03109 1.39573350485407e-33 6.484784737917388e-34 1.038434269590519e-32 1640
3.17543 1.240232999820148e-33 6.338860367240269e-34 8.406079372881244e-33 1056
3.31976 1.395785479401404e-33 6.007625743699534e-34 8.650241186945997e-33 683
3.4641 1.483852390409737e-33 5.688494067102505e-34 8.457809590872813e-33 350
3.60844 1.295528766679004e-33 6.769522169343169e-34 6.814003705557894e-33 192
3.75278 2.412297801598136e-33 5.437812787865484e-34 1.169349638024837e-32 44
3.89711 2.476115844250277e-33 6.204452144362137e-34 1.104784162747498e-32 25


0.144338 0.001116058615756317 3.07656557555275e-06 146.5749071954481 18
0.288675 0.0009468610465482995 6.125564837360677e-06 26.96585089614296 62
0.433013 0.0007624751323258917 5.943314595781093e-06 8.894704365476645 98
0.57735 0.0006323289264552117 1.415179133297738e-05 4.093207666209003 210
0.721688 0.0008844192377177422 1.523070172252504e-05 3.609033339524896 350
0.866025 0.0007336794298886375 2.477359639910487e-05 2.094542374818179 450
1.01036 0.000153606500347421 1.578952295545253e-05 0.3298307553812842 602
1.1547 3.13913033905748e-33 1.345768931336154e-34 4.921598485842463e-30 762
1.29904 4.65418328551032e-33 2.236384610925225e-34 5.771274188588322e-30 1142
1.44338 6.157569987401961e-33 3.457230113623472e-34 6.1966943301928e-30 1250
1.58771 7.806433484447413e-33 5.497143195370579e-34 6.47255465702351e-30 1458
1.73205 1.098343535819647e-32 7.634200575875587e-34 7.60771060628882e-30 1814
1.87639 1.320560906945215e-32 1.067702502892658e-33 7.80060512752027e-30 2178
2.02073 1.579778667532689e-32 1.432437519017587e-33 8.045432547879148e-30 2498
2.16506 1.972980016319328e-32 1.960056655727762e-33 8.724308895714634e-30 2622
2.3094 2.336080964283568e-32 2.555109374051448e-33 9.061822716781307e-30 3191
2.45374 2.705564383418975e-32 3.380710125202509e-33 9.305963996290267e-30 3044
2.59808 3.326910329231086e-32 4.240869896170337e-33 1.020381243285374e-29 2736
2.74241 3.823034482834633e-32 5.668581211711365e-33 1.051558734912954e-29 2276
2.88675 4.555972893738373e-32 6.679194309102485e-33 1.12843114999227e-29 2016
3.03109 5.142265939914757e-32 8.48136399950889e-33 1.156109929634844e-29 1640
3.17543 6.157728234988317e-32 1.143445954330147e-32 1.261450597739883e-29 1056
3.31976 7.259880920657372e-32 1.276180240733025e-32 1.357997656154826e-29 683
3.4641 8.093201681934496e-32 1.429786006274802e-32 1.391222011268186e-29 350
3.60844 8.784354342146723e-32 1.723353145039507e-32 1.393566159325611e-29 192
3.75278 1.17693556843928e-31 2.043630710316032e-32 1.718733834908376e-29 44
3.89711 1.087312951816258e-31 1.682193271269831e-32 1.459781801906233e-29 25


0.144338 0.0001395902877244283 1.054507834487705e-06 43.8413435041063 18
0.288675 0.0007741606603312218 1.256608592644291e-06 42.47478340421873 62
0.433013 0.0003960983086841759 1.624891875724572e-06 9.093361641384291 98
0.57735 0.0007061652137080637 1.740391888723168e-06 8.720858914425316 210
0.721688 0.0004447485459589003 4.18435221529106e-06 3.575546764545491 350
0.866025 0.0003504350694747697 6.802954616588858e-06 1.974837550659142 450
1.01036 0.0002538638741275665 1.510578211185227e-06 1.016857280913039 602
1.1547 3.113828541822775e-33 6.24748056241189e-35 9.588543386404835e-30 762
1.29904 4.285561435475204e-33 1.125080353716331e-34 1.046678643290012e-29 1142
1.44338 6.050642916236817e-33 1.758281873129762e-34 1.198034366494053e-29 1250
1.58771 7.860056036406365e-33 2.644549717069359e-34 1.280646639001673e-29 1458
1.73205 1.017211636781256e-32 3.8551789172022e-34 1.387201768308535e-29 1814
1.87639 1.243024306484715e-32 5.707400231270496e-34 1.446538726529402e-29 2178
2.02073 1.528758394308001e-32 7.430858077329945e-34 1.532446140834869e-29 2498
2.16506 1.896649387116923e-32 1.021799877062719e-33 1.651007677325659e-29 2622
2.3094 2.35966988779987e-32 1.232273612279934e-33 1.798999054344527e-29 3191
2.45374 2.648559108505691e-32 1.621872632790695e-33 1.790913493737981e-29 3044
2.59808 3.164385743490647e-32 2.141329580235822e-33 1.909892690998101e-29 2736
2.74241 3.779572262310758e-32 2.706507882152428e-33 2.043516519684168e-29 2276
2.88675 4.170055470040827e-32 3.369713242383533e-33 2.033341783221679e-29 2016
3.03109 5.061642832306563e-32 4.08830030338514e-33 2.237270987554671e-29 1640
3.17543 5.918323831897087e-32 5.210178440804394e-33 2.382819028684207e-29 1056
3.31976 6.560499489442199e-32 6.853278307617162e-33 2.417640307416783e-29 683
3.4641 6.838346853150078e-32 7.565274548751869e-33 2.31697170484877e-29 350
3.60844 9.057023598026131e-32 7.952373434625196e-33 2.822869459141149e-29 192
3.75278 8.348245861971705e-32 9.518603332583277e-33 2.4032424202779e-29 44
3.89711 1.205434701976425e-31 9.570955206572302e-33 3.182746833904283e-29 25


0.144338 0.0001841943669801224 4.65802255071022e-07 76.59123456090855 18
0.288675 0.0005023216976656716 5.1218815877853e-07 41.09108018149256 62
0.433013 0.00028364061493309 6.926141607467969e-07 9.688411934083593 98
0.57735 0.0003892395469757732 1.084307790352466e-06 7.213597529406758 210
0.721688 0.0002033165415547939 2.438977153632576e-06 2.482718484538979 350
0.866025 0.0002887757153837944 2.563204896369649e-06 2.404927395362361 450
1.01036 7.660396330871428e-05 1.596536156986405e-06 0.4712769728926505 602
1.1547 3.107454062787961e-33 4.661746758911719e-35 1.430388837953938e-29 762
1.29904 4.608714680877287e-33 7.495377178693924e-35 1.676776790508569e-29 1142
1.44338 6.054438155797213e-33 1.160415555043824e-34 1.787843536269072e-29 1250
1.58771 7.889354826160612e-33 1.805273858496084e-34 1.917877001113155e-29 1458
1.73205 9.915820137439128e-33 2.529070246116276e-34 2.017252441037826e-29 1814
1.87639 1.268062094794742e-32 3.647125425441601e-34 2.19893473971446e-29 2178
2.02073 1.521547589952741e-32 4.988119989365393e-34 2.275341402351749e-29 2498
2.16506 1.860999870789854e-32 6.926009432251108e-34 2.417459272894781e-29 2622
2.3094 2.316896517799838e-32 8.464160164463604e-34 2.636131348414805e-29 3191
2.45374 2.738524743350764e-32 1.150212523758863e-33 2.762981746098156e-29 3044
2.59808 3.259116310463236e-32 1.530716377058819e-33 2.935401399377926e-29 2736
2.74241 3.653086945217095e-32 1.80511275598398e-33 2.947221144290963e-29 2276
2.88675 4.491182573938155e-32 2.173567413768479e-33 3.262498554621719e-29 2016
3.03109 5.090508532157607e-32 2.793057977182931e-33 3.356792736844807e-29 1640
3.17543 5.699254307716473e-32 3.759388777615698e-33 3.426939104012963e-29 1056
3.31976 6.607396448398632e-32 4.398189446012474e-33 3.629944032409613e-29 683
3.4641 7.299981313095203e-32 5.076069517351093e-33 3.686750189481455e-29 350
3.60844 9.030698465840434e-32 6.071617192460521e-33 4.203352023580336e-29 192
3.75278 8.124046382781462e-32 6.413798420018815e-33 3.489439567387435e-29 44
3.89711 8.715470238635751e-32 9.250895739214964e-33 3.454376779644302e-29 25


0.144338 0.0005703701808391474 5.326115253915913e-08 282.0336724308633 18
0.288675 0.0003314911725652392 3.460784853843696e-07 36.30025412875214 62
0.433013 0.0002099580197309798 3.969218240586602e-07 9.547574017704481 98
0.57735 0.0003118253240949048 5.272050387154997e-07 7.666031687691711 210
0.721688 0.0002189703506961641 1.009673615076981e-06 3.489329675119055 350
0.866025 0.0002315408504730927 1.374154343821054e-06 2.558026234774472 450
1.01036 6.124727930162622e-05 8.803146543660772e-07 0.4995281484855377 602
1.1547 3.301232410910549e-33 2.982357968712725e-35 2.012879039007455e-29 762
1.29904 4.214193686701739e-33 5.599872934401063e-35 2.041529451009368e-29 1142
1.44338 6.013798123027321e-33 8.22216475516209e-35 2.359204749812567e-29 1250
1.58771 7.761735210409626e-33 1.3505709261782e-34 2.509306995126599e-29 1458
1.73205 9.861613381536688e-33 1.865167379573877e-34 2.667041251515008e-29 1814
1.87639 1.244245378120086e-32 2.590302031128199e-34 2.867304137576746e-29 2178
2.02073 1.511613359906747e-32 3.563897781156111e-34 3.003733695016399e-29 2498
2.16506 1.901600235531458e-32 4.951267178200686e-34 3.281152221697943e-29 2622
2.3094 2.239971464796119e-32 6.266884287787937e-34 3.389496507419261e-29 3191
2.45374 2.636355051616179e-32 8.120672806344941e-34 3.535624824809666e-29 3044
2.59808 3.084837937391321e-32 1.100413079429824e-33 3.694783782533119e-29 2736
2.74241 3.676120949757981e-32 1.347086332216559e-33 3.942739314685691e-29 2276
2.88675 4.302094802550941e-32 1.688700967673203e-33 4.158653449388466e-29 2016
3.03109 4.919779186780626e-32 1.979980522805754e-33 4.312398354369983e-29 1640
3.17543 5.760688988744518e-32 2.73757202060893e-33 4.603461618016175e-29 1056
3.31976 6.984510154584164e-32 2.863270534925316e-33 5.091946899523683e-29 683
3.4641 7.848631186294909e-32 3.527017128913106e-33 5.262694911241101e-29 350
3.60844 8.313223358519591e-32 5.227989608549996e-33 5.156556136617175e-29 192
3.75278 8.801834915794213e-32 5.073094473989714e-33 5.02557680167166e-29 44
3.89711 8.913641926086393e-32 4.973528194243726e-33 4.679694329732704e-29 25


0.144338 0.0003001928955811495 6.571724059685391e-08 188.5592070200997 18
0.288675 0.0001996823153066423 2.792358090391844e-07 27.74034817818094 62
0.433013 0.0001882962539789547 2.214850286663534e-07 10.63309194093619 98
0.57735 0.0001757637110952969 4.977490925285611e-07 5.463003755411481 210
0.721688 0.0002005159109152009 5.757492837504009e-07 3.969160584109162 350
0.866025 0.0001531135702097834 1.06106954313545e-06 2.12882988059652 450
1.01036 7.396252907962924e-05 4.196754984264609e-07 0.7402879221014992 602
1.1547 3.194338642141959e-33 2.466813033087828e-35 2.433021232499714e-29 762
1.29904 4.162739455221217e-33 4.236156850797929e-35 2.514740163989942e-29 1142
1.44338 5.501109933332805e-33 6.898377939897411e-35 2.699023024680568e-29 1250
1.58771 7.338662970697806e-33 1.021530164855568e-34 2.960804568666114e-29 1458
1.73205 9.217708312045147e-33 1.472262142299606e-34 3.113539089180478e-29 1814
1.87639 1.122272231129448e-32 2.065592278008553e-34 3.23218589715319e-29 2178
2.02073 1.50310311354179e-32 2.752544791551101e-34 3.725783668851909e-29 2498
2.16506 1.741937163790744e-32 3.990439381347182e-34 3.755751341198643e-29 2622
2.3094 2.112436956575883e-32 4.943906863969308e-34 3.991262769330014e-29 3191
2.45374 2.437901287116452e-32 6.364973799063729e-34 4.082959304557775e-29 3044
2.59808 3.063304477185476e-32 8.258813942246939e-34 4.575394058932477e-29 2736
2.74241 3.451550428320163e-32 1.094773991103114e-33 4.624001162724334e-29 2276
2.88675 4.209764101912683e-32 1.313147223787689e-33 5.077866348010125e-29 2016
3.03109 4.592273684186432e-32 1.576616345666928e-33 5.026716466084068e-29 1640
3.17543 5.635934189560375e-32 2.0707301644458e-33 5.618113374405102e-29 1056
3.31976 5.93356764321324e-32 2.373406945143133e-33 5.408809695634647e-29 683
3.4641 6.535718969247977e-32 3.148709923344799e-33 5.485595828293647e-29 350
3.60844 8.579029577906338e-32 3.685699594801574e-33 6.629404534522501e-29 192
3.75278 7.788573682871931e-32 4.145251358483027e-33 5.557812542012878e-29 44
3.89711 7.556303552695639e-32 2.682369872806383e-33 4.941614848493145e-29 25


0.144338 7.994353715341099e-05 1.334042353757591e-07 69.32897750247785 18
0.288675 0.0001151530701054775 2.256104857588817e-07 19.68186436741527 62
0.433013 0.0001191182853472726 2.060032730131598e-07 8.169258749008529 98
0.57735 0.0001770579599093842 3.029169126519281e-07 6.553385224420246 210
0.721688 0.0001921107612249176 3.346640825748689e-07 4.539636603617597 350
0.866025 0.0001608603127428596 5.867565588565508e-07 2.655271552764852 450
1.01036 5.002619000198052e-05 3.477330249278153e-07 0.6049183133230663 602
1.1547 3.016076319065961e-33 2.153323486734629e-35 2.758928218151585e-29 762
1.29904 4.133282331659644e-33 3.478632064886468e-35 2.992582375905346e-29 1142
1.44338 5.751223705572529e-33 5.888579059659448e-35 3.381323079748266e-29 1250
1.58771 7.167014211334478e-33 8.927307221407809e-35 3.470075440496251e-29 1458
1.73205 8.879772482382458e-33 1.243326882499551e-34 3.598126502138587e-29 1814
1.87639 1.148205368241663e-32 1.702871396066692e-34 3.961856602010863e-29 2178
2.02073 1.444249277783447e-32 2.443815073496864e-34 4.297371862743586e-29 2498
2.16506 1.850749168981377e-32 3.044169573828918e-34 4.773557076804872e-29 2622
2.3094 2.109350458876575e-32 4.204175419386747e-34 4.778638006694029e-29 3191
2.45374 2.510491735905366e-32 5.163371071708034e-34 5.036245518286655e-29 3044
2.59808 2.925891313577569e-32 7.110155962017669e-34 5.243462460325208e-29 2736
2.74241 3.493300029593179e-32 8.984302821654168e-34 5.607849100344086e-29 2276
2.88675 4.265121092350835e-32 1.126569068902099e-33 6.167867595127041e-29 2016
3.03109 4.791779519758221e-32 1.272019122702717e-33 6.282081906496575e-29 1640
3.17543 5.319178954443158e-32 1.670567922796271e-33 6.357495944325345e-29 1056
3.31976 5.873392649901695e-32 1.928192779921738e-33 6.416509892394175e-29 683
3.4641 7.43571696158804e-32 2.296117954685749e-33 7.460048269465525e-29 350
3.60844 8.268343451649404e-32 3.348933728636436e-33 7.66874983496559e-29 192
3.75278 8.862134585749971e-32 3.358247497699118e-33 7.567768229998348e-29 44
3.89711 6.397600049371168e-32 2.181978792150454e-33 5.020385263713304e-29 25


0.144338 0.0001992445457001563 4.873878505256239e-08 176.7466624121528 18
0.288675 0.0001583778045125309 1.263294281336865e-07 30.50806215912318 62
0.433013 8.554931742181408e-05 1.717732364167245e-07 6.914475310041254 98
0.57735 0.0001376203561897703 2.371047605045389e-07 5.956104903524772 210
0.721688 0.0001231925744995463 3.414211700462416e-07 3.427726459836762 350
0.866025 0.0001422776684136108 4.118000857705481e-07 2.734508194255664 450
1.01036 5.902393156104873e-05 1.821229172569297e-07 0.8225346660525371 602
1.1547 3.113644165525139e-33 1.831493522459627e-35 3.317759130296884e-29 762
1.29904 4.10166223824191e-33 2.955644719185498e-35 3.46184365759622e-29 1142
1.44338 5.679216438110964e-33 4.875369754093422e-35 3.891038559427282e-29 1250
1.58771 7.707089786063409e-33 6.743164918255429e-35 4.33641129648556e-29 1458
1.73205 9.244469533002189e-33 1.023003526284545e-34 4.361219942918029e-29 1814
1.87639 1.151845790105445e-32 1.468304713561503e-34 4.633371845032799e-29 2178
2.02073 1.435936820789886e-32 2.045366609453406e-34 4.979539743027635e-29 2498
2.16506 1.810441776125752e-32 2.656058086629729e-34 5.446378658269215e-29 2622
2.3094 2.152409485235281e-32 3.481518799677312e-34 5.680415262039279e-29 3191
2.45374 2.480279404481331e-32 4.406693473513463e-34 5.80106892279139e-29 3044
2.59808 3.014530755162865e-32 5.973354327504643e-34 6.293781209124084e-29 2736
2.74241 3.70875112680571e-32 7.204995383292171e-34 6.930547512148874e-29 2276
2.88675 4.116939675406755e-32 9.70437155124285e-34 6.943573890501331e-29 2016
3.03109 4.436091207278414e-32 1.173337935326322e-33 6.79119836265477e-29 1640
3.17543 5.586249036407012e-32 1.2323013765217e-33 7.767715960016261e-29 1056
3.31976 6.475745120006156e-32 1.574415293796675e-33 8.235229866616998e-29 683
3.4641 6.935896144164835e-32 2.251847111466707e-33 8.129035491106784e-29 350
3.60844 8.511650308352357e-32 2.216988044681393e-33 9.17721555581438e-29 192
3.75278 8.853751029818187e-32 3.107594280252363e-33 8.820909884511331e-29 44
3.89711 9.063155436120035e-32 1.734090925440245e-33 8.26747988950794e-29 25


0.144338 0.0001662398325932249 3.345544265812869e-08 168.7786566500528 18
0.288675 0.0002674320102287204 1.85107389307265e-08 57.26886210539195 62
0.433013 7.637206466559732e-05 1.297470227161848e-07 7.043925491130785 98
0.57735 8.279213055634373e-05 2.453271802366451e-07 4.176327405959102 210
0.721688 0.0001134255696281984 2.700817022299829e-07 3.603609225853722 350
0.866025 0.00011400120712349 3.482689601961056e-07 2.51069985042987 450
1.01036 5.340047093036086e-05 1.329536800833872e-07 0.8491696757952187 602
1.1547 3.026712426233272e-33 1.586062873039541e-35 3.68514439845421e-29 762
1.29904 3.893634878856744e-33 2.747241708418982e-35 3.761468418248426e-29 1142
1.44338 5.592486971103017e-33 4.183057236065949e-35 4.376238645817014e-29 1250
1.58771 7.512822575793035e-33 6.227807605509254e-35 4.833940145953641e-29 1458
1.73205 8.66046268870965e-33 9.216253913059409e-35 4.673917271894499e-29 1814
1.87639 1.134213178019988e-32 1.287596149720141e-34 5.212616352319084e-29 2178
2.02073 1.391493482418451e-32 1.772545209818876e-34 5.513434393576258e-29 2498
2.16506 1.785056000484131e-32 2.273038433273911e-34 6.133052161245121e-29 2622
2.3094 2.097162144678399e-32 2.998459250769249e-34 6.322376662676646e-29 3191
2.45374 2.447530673765105e-32 3.739373592484499e-34 6.537011976259244e-29 3044
2.59808 2.945067008517173e-32 5.115564508011013e-34 7.023323943967364e-29 2736
2.74241 3.502701437793555e-32 6.371752784511053e-34 7.481778734158074e-29 2276
2.88675 4.131609709443821e-32 8.057204626002935e-34 7.954124405851453e-29 2016
3.03109 4.414956118636509e-32 9.876881768091022e-34 7.716770416596148e-29 1640
3.17543 5.360727316045506e-32 1.104798957159066e-33 8.519288923014437e-29 1056
3.31976 5.875047395432907e-32 1.496249261669127e-33 8.549299427422001e-29 683
3.4641 7.555405818031474e-32 1.673058860719519e-33 1.008897795209046e-28 350
3.60844 6.59691669776518e-32 2.323774968322874e-33 8.161163958022878e-29 192
3.75278 8.268262965890847e-32 2.362149261554619e-33 9.401685090574806e-29 44
3.89711 4.864775083963746e-32 2.523749683435016e-33 5.126275934950742e-29 25


0.144338 6.369291883394822e-05 6.118175281039888e-08 81.36721609273282 18
0.288675 0.0002128521559836796 2.074841158634628e-08 51.42927508557457 62
0.433013 7.387035617344005e-05 9.663927634286937e-08 7.623983978781991 98
0.57735 0.0001116045896675162 1.388548668614622e-07 6.199003136913933 210
0.721688 9.513038655083377e-05 2.14606169670418e-07 3.403011259638933 350
0.866025 9.965149874058763e-05 2.839142626273907e-07 2.470243786133338 450
1.01036 4.783028503627816e-05 1.038477253303434e-07 0.8551496504517619 602
1.1547 2.864426319106312e-33 1.527153855277346e-35 3.932468824429212e-29 762
1.29904 4.115814573454429e-33 2.289773657235589e-35 4.461309708679616e-29 1142
1.44338 5.511486968075923e-33 3.633960394724855e-35 4.849150650624943e-29 1250
1.58771 7.262720064955175e-33 5.591344562551827e-35 5.258420759258841e-29 1458
1.73205 8.579736920652965e-33 7.853989442525855e-35 5.204020343115688e-29 1814
1.87639 1.127386842050325e-32 1.106996578713621e-34 5.823916554609468e-29 2178
2.02073 1.430483845444949e-32 1.503628524174889e-34 6.366772667472849e-29 2498
2.16506 1.686930495780726e-32 2.105990425962751e-34 6.526202933217691e-29 2622
2.3094 2.039755994203028e-32 2.649947414064016e-34 6.916870200285024e-29 3191
2.45374 2.368300188896263e-32 3.296249920978951e-34 7.114998206447364e-29 3044
2.59808 2.956255194640032e-32 4.506618628780445e-34 7.926453517655456e-29 2736
2.74241 3.458061431845482e-32 5.552147987800384e-34 8.305356807578437e-29 2276
2.88675 3.981955545340827e-32 7.073342944240457e-34 8.622730749863162e-29 2016
3.03109 4.561465978216099e-32 8.21203888176129e-34 8.955612558234177e-29 1640
3.17543 5.224359794056308e-32 1.007095103154321e-33 9.3410421313319e-29 1056
3.31976 6.054095522118339e-32 1.307509816204695e-33 9.901596630210891e-29 683
3.4641 7.656383721273205e-32 1.42502876613691e-33 1.149105999858136e-28 350
3.60844 6.452196887426724e-32 1.843688860952413e-33 8.965763263851347e-29 192
3.75278 7.009513147752025e-32 2.123939221201796e-33 8.97971121426073e-29 44
3.89711 8.900968205793992e-32 1.543986848851734e-33 1.043845506682377e-28 25


0.144338 0.0001389723707534854 1.927765594217368e-08 175.8343574883579 18
0.288675 5.579641221060352e-05 9.071919927115151e-08 16.32231515464163 62
0.433013 7.5120658381169e-05 7.113146983484713e-08 8.556994815077374 98
0.57735 0.0001230390326252051 8.524068234500367e-08 7.535204360041607 210
0.721688 7.858862919885944e-05 1.867193102201293e-07 3.135419339474275 350
0.866025 8.682239268502545e-05 2.433541120679063e-07 2.395075032745182 450
1.01036 4.052033595960842e-05 9.258216949408736e-08 0.8062725066218345 602
1.1547 3.016443228656476e-33 1.363465232913737e-35 4.594170618641197e-29 762
1.29904 4.107349507733331e-33 2.08721767129696e-35 4.946523113661806e-29 1142
1.44338 5.227822024575552e-33 3.402522077725436e-35 5.117145053144424e-29 1250
1.58771 7.324547869596916e-33 4.992784015192179e-35 5.889105940961575e-29 1458
1.73205 8.937182173628641e-33 6.883579709672215e-35 6.014597683832447e-29 1814
1.87639 1.131707603848489e-32 9.886765815858705e-35 6.492545891169284e-29 2178
2.02073 1.419998202339618e-32 1.331020408695824e-34 7.019132732625526e-29 2498
2.16506 1.769373664140853e-32 1.791901091989696e-34 7.592284506805695e-29 2622
2.3094 2.024629423272289e-32 2.389263389543148e-34 7.626726159107193e-29 3191
2.45374 2.337319002902318e-32 3.012702592091231e-34 7.802192696679584e-29 3044
2.59808 2.886827772548463e-32 4.113100310071876e-34 8.601284370097055e-29 2736
2.74241 3.313465617882404e-32 5.026742500988656e-34 8.844273078409565e-29 2276
2.88675 3.993568659674076e-32 6.023239682719131e-34 9.599174264069774e-29 2016
3.03109 4.334228885596821e-32 7.802867416477349e-34 9.46275364364794e-29 1640
3.17543 4.97361330912769e-32 9.061838495305465e-34 9.882371596930658e-29 1056
3.31976 5.920348825125525e-32 1.158624187675045e-33 1.075556943479596e-28 683
3.4641 7.156428461509019e-32 1.380569403451522e-33 1.194528984314062e-28 350
3.60844 6.288118549093166e-32 1.662933068380778e-33 9.708489240947833e-29 192
3.75278 7.689860704928985e-32 1.99567491477966e-33 1.093565194529231e-28 44
3.89711 7.464696421887171e-32 2.188051031496766e-33 9.776834768318013e-29 25


0.144338 8.042955108065206e-05 3.182134411995308e-08 118.0165192016391 18
0.288675 4.369180195994824e-05 8.827410151451501e-08 14.46427073412524 62
0.433013 7.961110936932861e-05 5.0550530467238e-08 9.90473314039286 98
0.57735 0.0001101762288251414 7.528288804563877e-08 7.428405273098882 210
0.721688 9.454661515047975e-05 1.201286716342939e-07 4.103951053369534 350
0.866025 6.938172058270289e-05 2.217816174899873e-07 2.116031135213889 450
1.01036 2.592249261267954e-05 1.092106502828606e-07 0.5748820537214344 602
1.1547 3.023276373172421e-33 1.17639713925616e-35 5.058390034092317e-29 762
1.29904 4.038980972106172e-33 1.885418662333702e-35 5.350076333441639e-29 1142
1.44338 5.581925343459472e-33 2.831329792578355e-35 5.99294024648387e-29 1250
1.58771 7.223381516255964e-33 4.662125105025241e-35 6.391098775806944e-29 1458
1.73205 8.664266786329051e-33 6.415506385860388e-35 6.417962731738714e-29 1814
1.87639 1.128933480878007e-32 8.902424399346458e-35 7.121466755835152e-29 2178
2.02073 1.343962994926122e-32 1.221510445920912e-34 7.312090920250529e-29 2498
2.16506 1.631367483491742e-32 1.728624945965072e-34 7.712844380888967e-29 2622
2.3094 1.916126142028477e-32 2.219107674254189e-34 7.945851751360382e-29 3191
2.45374 2.381377137773364e-32 2.691153344904102e-34 8.73771570416345e-29 3044
2.59808 2.823978342691088e-32 3.663426557557306e-34 9.252956103153196e-29 2736
2.74241 3.159000966762785e-32 4.682804282228812e-34 9.28088240092217e-29 2276
2.88675 3.85867203772838e-32 5.438641973851136e-34 1.020260383854615e-28 2016
3.03109 4.350952746396168e-32 6.620191472600154e-34 1.043755906675871e-28 1640
3.17543 4.740191141314231e-32 8.328531724261833e-34 1.036428841218717e-28 1056
3.31976 5.444811257666667e-32 1.043606765004051e-33 1.08866672464397e-28 683
3.4641 6.046272066242624e-32 1.369160654310755e-33 1.112918663948683e-28 350
3.60844 7.882022198243719e-32 1.231890028191408e-33 1.33259017749749e-28 192
3.75278 8.936918270140997e-32 1.218091145192184e-33 1.391076374519796e-28 44
3.89711 7.293439283002638e-32 1.74047795124597e-33 1.049175865935637e-28 25


0.144338 6.009706147358583e-05 3.077661284908305e-08 98.57688605832544 18
0.288675 0.0001142422267121453 3.427791103359461e-08 37.36931778852795 62
0.433013 7.947697268668204e-05 3.85388855413239e-08 10.75270831623622 98
0.57735 0.0001002272208612046 6.467838594089332e-08 7.374430137807916 210
0.721688 8.055445932096893e-05 1.110696417049205e-07 3.824639242053042 350
0.866025 8.707680881640718e-05 1.32510087219624e-07 2.860066727951675 450
1.01036 2.39825326907649e-05 9.123095641369811e-08 0.5797731901505171 602
1.1547 3.129015208186493e-33 1.047205476028524e-35 5.703378041767561e-29 762
1.29904 3.906924908446116e-33 1.755358279237753e-35 5.649638481569554e-29 1142
1.44338 4.767991707001527e-33 2.943834452399654e-35 5.611826834249666e-29 1250
1.58771 7.011024667364738e-33 4.31408274211425e-35 6.770014448949779e-29 1458
1.73205 8.650840089897068e-33 6.023323331790559e-35 6.991761025994546e-29 1814
1.87639 1.088637636268658e-32 8.030321833101327e-35 7.49223926015952e-29 2178
2.02073 1.337545161539726e-32 1.122209348263231e-34 7.937647555469942e-29 2498
2.16506 1.659204842397043e-32 1.549177122371066e-34 8.550748692454867e-29 2622
2.3094 1.996632998841569e-32 1.931150709150425e-34 9.018884638743944e-29 3191
2.45374 2.310819319102258e-32 2.522157847323423e-34 9.253595765559604e-29 3044
2.59808 2.960438752150829e-32 3.240585865997011e-34 1.056886123876245e-28 2736
2.74241 3.272198627970738e-32 4.118112438270697e-34 1.047489569750556e-28 2276
2.88675 3.706694432877953e-32 5.10743870011459e-34 1.069712214769124e-28 2016
3.03109 4.274031167965646e-32 6.166062316919405e-34 1.118661289266345e-28 1640
3.17543 5.022185127770232e-32 7.010870093459595e-34 1.195797676234751e-28 1056
3.31976 5.616847250170779e-32 9.808789968152633e-34 1.224789779213347e-28 683
3.4641 6.957607857498036e-32 1.135645253116022e-33 1.393067915807657e-28 350
3.60844 6.865918338229156e-32 1.335978542219004e-33 1.269599013907249e-28 192
3.75278 7.459283316725977e-32 1.286922521546466e-33 1.269428099229934e-28 44
3.89711 8.375545537205006e-32 1.325445281800938e-33 1.310239205474651e-28 25


0.144338 0.0001112119331927486 9.219639956290385e-09 183.1804056590006 18
0.288675 0.0001214190892294247 1.745781022455542e-08 42.65518118683619 62
0.433013 6.206482685499625e-05 4.13734418668063e-08 9.174042477189101 98
0.57735 9.654723215880413e-05 5.027271289394711e-08 7.682727556359936 210
0.721688 6.752029067760291e-05 9.84912870846486e-08 3.481464942107668 350
0.866025 5.414155873308328e-05 1.697235329522801e-07 1.959115960341036 450
1.01036 3.535920678947322e-05 4.428769107498091e-08 0.9106651012763363 602
1.1547 2.943079393418116e-33 9.881273473159518e-36 5.819562281531975e-29 762
1.29904 3.902313787176826e-33 1.608617525999233e-35 6.111507659495994e-29 1142
1.44338 5.000786115660676e-33 2.491959265579626e-35 6.358930963975393e-29 1250
1.58771 6.868701116351448e-33 3.845080524593077e-35 7.182182815396376e-29 1458
1.73205 8.495102768442685e-33 5.363767646481077e-35 7.43469380515922e-29 1814
1.87639 1.108823860593805e-32 7.029730883551808e-35 8.257080320331673e-29 2178
2.02073 1.351166011254982e-32 9.846097390556193e-35 8.677615083591596e-29 2498
2.16506 1.697851994786045e-32 1.344393543507351e-34 9.466365549138976e-29 2622
2.3094 1.986501904321407e-32 1.724486923036315e-34 9.715486236824862e-29 3191
2.45374 2.255099134889052e-32 2.263456876780345e-34 9.780687680749143e-29 3044
2.59808 2.779350730638651e-32 3.072497337754778e-34 1.075883338240812e-28 2736
2.74241 3.273326498362232e-32 3.74020077770453e-34 1.134730398021603e-28 2276
2.88675 3.817708758418504e-32 4.443474258141675e-34 1.192128472458548e-28 2016
3.03109 4.431912848846708e-32 5.263657165109514e-34 1.25488407748181e-28 1640
3.17543 4.620593829353594e-32 6.913506869128104e-34 1.193539982198557e-28 1056
3.31976 5.541938573779329e-32 8.721830500342625e-34 1.308549412928654e-28 683
3.4641 7.302955742479678e-32 9.205721769167024e-34 1.581227144222693e-28 350
3.60844 6.868181869392842e-32 1.297449469147812e-33 1.376330668236202e-28 192
3.75278 8.180572248497792e-32 1.146303628321674e-33 1.506297755643181e-28 44
3.89711 9.991366540157748e-32 1.031884725975726e-33 1.689105660798974e-28 25


0.144338 1.332240113442242e-05 3.457798012761619e-08 37.3207503397356 18
0.288675 5.300176424563076e-05 4.548729556687941e-08 21.22602996692049 62
0.433013 2.955143502574403e-05 5.454866587647052e-08 4.936193835540152 98
0.57735 9.348321010783848e-05 3.87656528562989e-08 7.998141305087073 210
0.721688 3.805758398144991e-05 1.218510580894599e-07 2.172620360344456 350
0.866025 6.956053254936084e-05 1.06839484425714e-07 2.67153130015281 450
1.01036 1.619713580595385e-05 7.739263499809944e-08 0.4622310393123873 602
1.1547 2.899394586014766e-33 9.285849955703771e-36 6.176949530256997e-29 762
1.29904 3.919367154892773e-33 1.458295252751336e-35 6.606310138910228e-29 1142
1.44338 5.281194276080351e-33 2.199308604086869e-35 7.2175203277229e-29 1250
1.58771 6.942735886998126e-33 3.582240026099587e-35 7.81604393243554e-29 1458
1.73205 8.75025061836108e-33 4.720823746096142e-35 8.235137349404378e-29 1814
1.87639 1.035911286336306e-32 6.911686287724308e-35 8.321320998647862e-29 2178
2.02073 1.30408093593531e-32 9.387550827955072e-35 9.026009535109337e-29 2498
2.16506 1.65630029553171e-32 1.270568987503494e-34 9.949158118838657e-29 2622
2.3094 1.959099759006703e-32 1.618516423144049e-34 1.032012005865722e-28 3191
2.45374 2.308581994318517e-32 2.066282122224062e-34 1.077567469818462e-28 3044
2.59808 2.688518750694948e-32 2.844522861264366e-34 1.121032401580798e-28 2736
2.74241 3.186072743259816e-32 3.56051459200785e-34 1.189988776960784e-28 2276
2.88675 3.489984891490644e-32 4.521432768804604e-34 1.175959161856028e-28 2016
3.03109 4.087238268099661e-32 5.510619152916299e-34 1.248880730786132e-28 1640
3.17543 4.557355542082306e-32 6.366096724319706e-34 1.267618524976806e-28 1056
3.31976 5.542025730743483e-32 8.145292478048746e-34 1.409063868074093e-28 683
3.4641 6.94017722791777e-32 8.637544873533254e-34 1.618834415852921e-28 350
3.60844 6.652573084676313e-32 1.198176716475086e-33 1.435841490408632e-28 192
3.75278 8.811482334495404e-32 1.090831987095098e-33 1.74628033611803e-28 44
3.89711 8.38589509999928e-32 1.051854157940548e-33 1.528959376853898e-28 25


