0.0500471 2.371700247404442e-05 4.350979986127233e-07 1.533622270442049 18
0.100094 0.0001364763971133119 3.753189203373867e-06 2.70249554941594 62
0.150141 0.0003934336509113411 1.247727679711327e-05 3.422387344532673 98
0.200188 0.0008309236735412281 4.5948157946054e-05 4.039469850066458 210
0.250235 0.001471863461771606 0.0001152371463140342 4.650117222108602 350
0.300283 0.001949101671106125 0.0002108870858134685 4.304811966232879 450
0.35033 0.002923279586326413 0.0003559184279670402 4.710065679741406 602
0.400377 0.003755438334633516 0.000607214848049961 4.610681745309985 762
0.450424 0.00467968483649913 0.001113982147013246 4.563410400161814 1142
0.500471 0.005854381059489541 0.001599620793310409 4.642396681062717 1250
0.550518 0.006919407731233065 0.002346330690458202 4.521811659311036 1458
0.600565 0.009065920486835567 0.00321044163700528 4.964216908455337 1814
0.650612 0.01018727394452948 0.004467989268486083 4.760942301437025 2178
0.700659 0.01240500548074393 0.005999650348275889 5.002063578382268 2498
0.750706 0.01436528844141449 0.008275194359794093 5.034268390754339 2622
0.800754 0.01592900657975669 0.01031743727419604 4.903378079283958 3338
0.850801 0.0177702659670786 0.01284474720115785 4.854188610023627 3722
0.900848 0.02037608776132471 0.01635001008253734 4.970679741293965 4170
0.950895 0.02248130915192291 0.02017413828498693 4.918050562013747 4358
1.00094 0.01103205642762078 0.01130515951729845 2.17640278503137 5034
1.05099 9.252573372531136e-34 5.082671096983536e-34 1.654706392344757e-31 5714
1.10104 9.470740707673271e-34 4.902278285590133e-34 1.543360158447616e-31 5982
1.15108 1.005571014690422e-33 5.766607446614218e-34 1.498336678992649e-31 6602
1.20113 1.148959256027194e-33 6.029849435943353e-34 1.571237122768272e-31 7130
1.25118 1.186617688506816e-33 6.427778400517785e-34 1.495941835898186e-31 8034
1.30122 1.356095802758323e-33 6.812670090253719e-34 1.581302273175459e-31 8606
1.35127 1.421378650900245e-33 7.379300444862896e-34 1.536907358818415e-31 9066
1.40132 1.454412940369372e-33 7.563478052946446e-34 1.462171603158556e-31 9962
1.45137 1.605074209387116e-33 8.233316913478573e-34 1.504308824614227e-31 10550
1.50141 1.705999353165309e-33 8.712544201050436e-34 1.493746656049294e-31 11226
1.55146 1.768882158696852e-33 9.157049387585433e-34 1.450322491971051e-31 12146
1.60151 1.764270765651941e-33 9.329460064079237e-34 1.356950081094804e-31 12303
1.65155 1.697690328600067e-33 9.483902800012186e-34 1.227458481063832e-31 12584
1.7016 1.645486796777332e-33 9.462670017663237e-34 1.121115071430627e-31 12120
1.75165 1.58304501904172e-33 9.158172926949485e-34 1.017741813382714e-31 11180
1.8017 1.501748280350771e-33 8.596560876493603e-34 9.125168181435737e-32 11096
1.85174 1.464164675443422e-33 8.219308497814624e-34 8.423225616534075e-32 10056
1.90179 1.464270919329003e-33 7.749456607633327e-34 7.986086955238996e-32 9716
1.95184 1.523217838874956e-33 8.398162474533769e-34 7.88614482526039e-32 8604
2.00188 1.665547170983184e-33 8.875235424292295e-34 8.195397063956353e-32 8060
2.05193 1.701206369582722e-33 8.889926366577908e-34 7.967801079813285e-32 7320
2.10198 1.749555981519571e-33 9.33279777583966e-34 7.81180152947807e-32 6356
2.15203 1.698661928715309e-33 9.385236417864261e-34 7.234900327478027e-32 5348
2.20207 1.739590025203171e-33 1.009245566376895e-33 7.07335657854167e-32 4308
2.25212 1.771524359750323e-33 9.533041504772989e-34 6.886992469482285e-32 3563
2.30217 1.713394701963828e-33 9.563853526200839e-34 6.37705425320647e-32 2448
2.35221 1.762959977419572e-33 9.290514839838631e-34 6.282176863532822e-32 1868
2.40226 1.886215894745842e-33 9.13423681806038e-34 6.439136168911505e-32 1358
2.45231 1.874369741233634e-33 9.669755901003448e-34 6.138544491279015e-32 1062
2.50235 1.939639657476819e-33 1.125082931652512e-33 6.109293571341588e-32 776
2.5524 2.027415865110583e-33 1.002995208453472e-33 6.146199350108293e-32 432
2.60245 1.54088238469324e-33 1.159243212409791e-33 4.478766252132656e-32 200
2.6525 2.446946512685454e-33 1.472758972754563e-33 6.833887205193711e-32 168
2.70254 2.349046120964725e-33 1.042990431855684e-33 6.330866269820759e-32 56
2.75259 2.243876877280572e-33 1.752787515792854e-33 5.834836134457071e-32 7


0.0500471 0.07260926864951658 0.002971674208631438 105469.5935467052 18
0.100094 0.02898508189171912 0.01795289987384836 16493.12747992535 62
0.150141 0.4444100609627741 0.01946839560818633 47484.21771136892 98
0.200188 1.504609247239804 0.004317458933706915 83483.79961200315 210
0.250235 0.3416076716945992 0.02465108317424718 12490.73815928611 350
0.300283 0.5031590948372677 0.005942427897731695 12446.73452938133 450
0.35033 0.1982313795070815 0.009078513785890753 3586.371687887118 602
0.400377 0.1828255753792004 0.002915470816795288 2496.053587343973 762
0.450424 0.04762773643832772 0.003931352617095673 519.4247868164194 1142
0.500471 0.07131214176715545 0.0009178377612573274 625.6685522884069 1250
0.550518 0.01570208296008794 0.001887141190563972 114.4885743500241 1458
0.600565 0.02353368430170328 0.000864894124798365 142.5538842077878 1814
0.650612 0.01521992023898499 0.0006241530128864552 78.62349479076381 2178
0.700659 0.006680463798009452 0.000778285472680371 29.87685603785931 2498
0.750706 0.01033443272703495 0.0003396208521764259 39.95527968237239 2622
0.800754 0.005007020282800072 0.0004714123607749816 17.04098751964228 3338
0.850801 0.00533793083616042 0.0003894616190591992 16.096619666869 3722
0.900848 0.004852094522418349 0.0003592873366953488 13.06069231837694 4170
0.950895 0.004139739801133561 0.000411774147925736 9.996035793076766 4358
1.00094 0.002333777997405851 0.000164167665245324 5.075100010125393 5034
1.05099 8.530692191083973e-31 8.566430937605158e-32 1.684588264838966e-27 5714
1.10104 1.020771994613209e-30 1.035123428454854e-31 1.836450944492099e-27 5982
1.15108 1.140124352401213e-30 1.250113455754318e-31 1.875330838604611e-27 6602
1.20113 1.254059212766462e-30 1.484995074769527e-31 1.893264403102152e-27 7130
1.25118 1.398444234214633e-30 1.736286162623884e-31 1.945948512684686e-27 8034
1.30122 1.600781217236894e-30 2.086631197729515e-31 2.060348118851504e-27 8606
1.35127 1.78778016924835e-30 2.362681746812181e-31 2.133341613180996e-27 9066
1.40132 1.999745588778212e-30 2.756000870712181e-31 2.218552716981656e-27 9962
1.45137 2.238971222688191e-30 3.127551219441976e-31 2.315449994967714e-27 10550
1.50141 2.436976196000244e-30 3.636800602421509e-31 2.354505332619623e-27 11226
1.55146 2.705260442374439e-30 4.085628860459964e-31 2.447157906106444e-27 12146
1.60151 2.961065264650376e-30 4.600451044115333e-31 2.512476804186156e-27 12303
1.65155 3.166751591607784e-30 5.360698960913075e-31 2.525961247744927e-27 12584
1.7016 3.4210889260249e-30 6.068303071348669e-31 2.571368654251684e-27 12120
1.75165 3.645595899955715e-30 6.701624843346558e-31 2.585489236926331e-27 11180
1.8017 4.119066755316147e-30 7.753338155913997e-31 2.760884570096422e-27 11096
1.85174 4.410693412288818e-30 8.650970450258871e-31 2.798966641206516e-27 10056
1.90179 4.698495489112734e-30 9.430459275326366e-31 2.826538322534185e-27 9716
1.95184 5.078867152484981e-30 1.107284396392544e-30 2.900511715897558e-27 8604
2.00188 5.519992424466229e-30 1.173138537636203e-30 2.995794669331945e-27 8060
2.05193 5.984082965276842e-30 1.331469173292846e-30 3.091261710413978e-27 7320
2.10198 6.12735160161569e-30 1.405007554261727e-30 3.017409895269458e-27 6356
2.15203 6.733017019490546e-30 1.632282632187099e-30 3.162747729674761e-27 5348
2.20207 7.053597923691002e-30 1.879233824460974e-30 3.163509756683013e-27 4308
2.25212 7.765413212681419e-30 2.010644033674846e-30 3.329478129802004e-27 3563
2.30217 8.207846147088084e-30 2.10757384336599e-30 3.36891592030523e-27 2448
2.35221 8.753325571004426e-30 2.48996409356703e-30 3.440089725647006e-27 1868
2.40226 9.291346706706169e-30 2.491083656429613e-30 3.497782143638504e-27 1358
2.45231 9.813728612541337e-30 2.815232545991052e-30 3.544376822048802e-27 1062
2.50235 1.095892201813872e-29 3.238750787791013e-30 3.806398037522782e-27 776
2.5524 1.017548380175447e-29 3.78169465952844e-30 3.40264612874638e-27 432
2.60245 1.174358007682936e-29 3.705648328199361e-30 3.763897292363995e-27 200
2.6525 1.12253737720238e-29 4.053901104658248e-30 3.457673021577265e-27 168
2.70254 1.590445640065325e-29 3.483986601959574e-30 4.724646105567938e-27 56
2.75259 1.789714731585016e-29 4.054280581641368e-30 5.12874671413747e-27 7


0.0500471 0.04959386887726441 0.0005735982188517525 131903.1970840279 18
0.100094 0.3279790530860697 0.0002435513423045239 158016.9625972818 62
0.150141 0.1675556511034738 0.008001437243136962 36035.52318799528 98
0.200188 0.2329512494865616 0.009170628925754239 26007.11197905457 210
0.250235 0.2526463556116002 0.00609980915441152 17520.15707510492 350
0.300283 0.2145104758284792 0.002014716821369549 10175.5254551766 450
0.35033 0.06655975223475863 0.003361136161749263 2329.654937759414 602
0.400377 0.05100405462830975 0.001816317548571224 1343.134023279835 762
0.450424 0.03713086758556974 0.0008168694793080064 770.0621919858913 1142
0.500471 0.02536176436713741 0.0004765874109910492 426.3506855094351 1250
0.550518 0.01286331163747548 0.0004192499987110225 178.2962210348772 1458
0.600565 0.007717558541108704 0.0003610338630975087 89.68628237682375 1814
0.650612 0.005187122031000455 0.0002709075125427198 51.38568424745332 2178
0.700659 0.004472284607290557 0.0001844170298994885 38.1314482267743 2498
0.750706 0.003524349790717214 0.0001609023291635223 26.09825204340131 2622
0.800754 0.00285220273348043 0.0001230369075380546 18.53308593711444 3338
0.850801 0.002253884351517488 0.000129597725961938 13.00036762574074 3722
0.900848 0.002302732573296529 0.0001103896611167564 11.84610730181197 4170
0.950895 0.002193933661963584 0.0001115006824497452 10.1174239945463 4358
1.00094 0.0009087005611324862 6.128767655989776e-05 3.780239443445416 5034
1.05099 8.09699537454945e-31 4.892451201112508e-32 3.054926139909228e-27 5714
1.10104 9.05151970360981e-31 6.127015240373586e-32 3.11202897322916e-27 5982
1.15108 1.078079575250395e-30 7.254336178197991e-32 3.387929361470594e-27 6602
1.20113 1.16754814205062e-30 8.277909265484544e-32 3.367417222869855e-27 7130
1.25118 1.340798216394405e-30 9.477691207736674e-32 3.563790149861393e-27 8034
1.30122 1.500113979422439e-30 1.170361921591857e-31 3.688346829183644e-27 8606
1.35127 1.653288587012996e-30 1.336304203267852e-31 3.768869324764091e-27 9066
1.40132 1.855289087207386e-30 1.55286622675075e-31 3.93194584024442e-27 9962
1.45137 1.999942160157177e-30 1.7552321768557e-31 3.951132373665342e-27 10550
1.50141 2.21203237298074e-30 1.98206774314035e-31 4.082361959263032e-27 11226
1.55146 2.526449695631903e-30 2.188191812235787e-31 4.3650369553401e-27 12146
1.60151 2.724221009900327e-30 2.483416441302677e-31 4.415050777911222e-27 12303
1.65155 2.906141797095069e-30 2.784391259038079e-31 4.427286924370383e-27 12584
1.7016 3.129320361746712e-30 3.209151444470862e-31 4.492337978148866e-27 12120
1.75165 3.309913253214655e-30 3.567678055449226e-31 4.483553503091554e-27 11180
1.8017 3.605302807802263e-30 4.096207289114379e-31 4.615723147071591e-27 11096
1.85174 3.948893434405508e-30 4.537695649750288e-31 4.786130839312531e-27 10056
1.90179 4.29862275232025e-30 5.051291732001885e-31 4.939037962165745e-27 9716
1.95184 4.672019685754391e-30 5.700037084055134e-31 5.095603503053742e-27 8604
2.00188 4.89400258329147e-30 6.231609438100473e-31 5.073004700817604e-27 8060
2.05193 5.2373839087758e-30 6.996796212110037e-31 5.167507891503564e-27 7320
2.10198 5.531689061564506e-30 7.434797429716545e-31 5.202686745174025e-27 6356
2.15203 6.101855411128466e-30 8.327696115963802e-31 5.47389999693778e-27 5348
2.20207 6.649545566203386e-30 9.112561346526637e-31 5.694650847044179e-27 4308
2.25212 7.093622854300685e-30 9.948264410432416e-31 5.808087511734956e-27 3563
2.30217 7.404058683203847e-30 1.080171860197008e-30 5.803775222812196e-27 2448
2.35221 8.007383680485363e-30 1.204759136039847e-30 6.009273088404317e-27 1868
2.40226 7.943703489517986e-30 1.288706825514077e-30 5.711543254983156e-27 1358
2.45231 8.78792990429915e-30 1.413417163244806e-30 6.061161617311813e-27 1062
2.50235 9.600185744684082e-30 1.630995427919785e-30 6.368043464466837e-27 776
2.5524 9.337109668349095e-30 1.76220223503322e-30 5.961731642350793e-27 432
2.60245 1.145648000592261e-29 1.904037679684717e-30 7.011555003836692e-27 200
2.6525 1.026247503035924e-29 2.468832370963012e-30 6.038515256000113e-27 168
2.70254 1.463567747739781e-29 2.183676692402995e-30 8.304168986137091e-27 56
2.75259 2.319911213551048e-29 5.196959240466101e-30 1.270438018508392e-26 7


0.0500471 0.02058122990903989 0.0004963658978648026 99922.40228044642 18
0.100094 0.009134360050946073 0.003618330972697084 21140.74393961094 62
0.150141 0.2510375878170624 0.001022585191413112 74332.26844910023 98
0.200188 0.1663747826924128 0.004548574614310519 27566.74451355669 210
0.250235 0.1929205292214579 0.002154474709297282 19709.59091947201 350
0.300283 0.07672678332699402 0.002133842085350216 5481.252641453244 450
0.35033 0.04855452607657851 0.001581732397318868 2511.080806769745 602
0.400377 0.02950600171738567 0.0009591501025344672 1153.46006631307 762
0.450424 0.02148697828768596 0.0004379594659892686 660.0173310499844 1142
0.500471 0.01109993095365926 0.0003607250595896306 277.387843421938 1250
0.550518 0.007996366803462336 0.0002151194917988618 163.9521468641111 1458
0.600565 0.005763604442483663 0.0001550769124321391 98.84863496053376 1814
0.650612 0.003580131691551713 0.0001253046247434284 52.38652603232307 2178
0.700659 0.002827250172012523 9.014674658243964e-05 35.62775628367609 2498
0.750706 0.002206478017511765 7.917578344473376e-05 24.14940173710976 2622
0.800754 0.001604204254646922 6.793177387406146e-05 15.41936955378396 3338
0.850801 0.001583268550192793 5.769926189882715e-05 13.48335834841616 3722
0.900848 0.001408235649477392 5.589598874618569e-05 10.70599950307422 4170
0.950895 0.001265528956700165 6.002505548247866e-05 8.627908631494009 4358
1.00094 0.0006155427510383343 2.835151018472765e-05 3.781494403026647 5034
1.05099 7.373628931193092e-31 3.662374513480148e-32 4.110547508631374e-27 5714
1.10104 8.729321590600175e-31 4.274116821656365e-32 4.432613694975795e-27 5982
1.15108 1.006206989007983e-30 5.297769140564028e-32 4.671017147815144e-27 6602
1.20113 1.088405738594555e-30 5.996923094262762e-32 4.637012595362264e-27 7130
1.25118 1.229108639374092e-30 6.815858788792438e-32 4.825681673130736e-27 8034
1.30122 1.427242291337806e-30 8.178941619251533e-32 5.182583586366702e-27 8606
1.35127 1.528924108208655e-30 9.22839136066942e-32 5.147531809124057e-27 9066
1.40132 1.754796557942393e-30 1.05449963632878e-31 5.491923968232376e-27 9962
1.45137 1.873970129745601e-30 1.233825518431795e-31 5.46775933678939e-27 10550
1.50141 2.063229184665513e-30 1.33955872293604e-31 5.622979248320701e-27 11226
1.55146 2.266665023513968e-30 1.529873032728092e-31 5.783955242811993e-27 12146
1.60151 2.466110670651656e-30 1.717208569838011e-31 5.902550059814201e-27 12303
1.65155 2.611572154888318e-30 1.943708146439339e-31 5.875842198136425e-27 12584
1.7016 2.899413558386216e-30 2.156619180735756e-31 6.146348319135207e-27 12120
1.75165 3.128568733539046e-30 2.421452846302109e-31 6.25783004388607e-27 11180
1.8017 3.414131186873764e-30 2.720252859855834e-31 6.453994160528176e-27 11096
1.85174 3.642719039705715e-30 3.071622538792502e-31 6.519584857790687e-27 10056
1.90179 4.003900623259395e-30 3.328074300852299e-31 6.792805118635854e-27 9716
1.95184 4.354967521149127e-30 3.799990308123177e-31 7.01349583880167e-27 8604
2.00188 4.599886054620398e-30 4.140186909479143e-31 7.0403421252099e-27 8060
2.05193 4.895825768147132e-30 4.602445753946403e-31 7.13239552567546e-27 7320
2.10198 5.183213759088984e-30 5.000706307865929e-31 7.198198808089531e-27 6356
2.15203 5.54267927106087e-30 5.485590778935734e-31 7.342012912403212e-27 5348
2.20207 6.146482053383737e-30 6.011148282005385e-31 7.772269456472744e-27 4308
2.25212 6.590593024325869e-30 6.596494137283501e-31 7.967707322728975e-27 3563
2.30217 6.400749898230163e-30 7.441454869232661e-31 7.409553251768568e-27 2448
2.35221 7.128736503064984e-30 7.952486545531419e-31 7.899707383706314e-27 1868
2.40226 7.777389466910486e-30 8.33112081998127e-31 8.255757758786839e-27 1358
2.45231 8.124296223670873e-30 9.184350757245283e-31 8.273473756464122e-27 1062
2.50235 9.127152835725096e-30 1.010152831218624e-30 8.938031979683141e-27 776
2.5524 1.014749195023427e-29 1.120683633051537e-30 9.564047196028979e-27 432
2.60245 9.562794850296006e-30 1.107128364768753e-30 8.641153489531093e-27 200
2.6525 1.034902415647195e-29 1.339583327251393e-30 8.987232066620121e-27 168
2.70254 1.166764213682164e-29 1.521355613887819e-30 9.77703701699936e-27 56
2.75259 1.609604980504784e-29 3.925679428221153e-30 1.302664847104225e-26 7


0.0500471 0.0133205220791419 0.000312961901880961 94241.47081119922 18
0.100094 0.1183674315284759 0.0001423087061573839 115993.4099854701 62
0.150141 0.02613879559654956 0.003558718520467881 15549.35924979578 98
0.200188 0.1610645463248198 0.001832668223460891 34759.62161713657 210
0.250235 0.08322080200442533 0.002339918717202153 11623.04991506547 350
0.300283 0.04062791001311329 0.001641822020647972 3925.610837897149 450
0.35033 0.04069687201624916 0.000842310428152902 2780.351249701 602
0.400377 0.02191128363379177 0.0005667204472673477 1135.541515170285 762
0.450424 0.01551404250312116 0.0002548716052019066 631.3740379769047 1142
0.500471 0.008022366387094611 0.0002156023935494111 265.6651747893182 1250
0.550518 0.004727114258947888 0.0001542235352511506 128.8194070250019 1458
0.600565 0.003284838827402332 0.0001156729738122352 74.87656722156467 1814
0.650612 0.002705901695475429 7.122244565237934e-05 52.3992927981074 2178
0.700659 0.002120914309906327 5.113846683044042e-05 35.36908985172796 2498
0.750706 0.001537138666428467 4.914037224877372e-05 22.28130546125135 2622
0.800754 0.001095918495667681 4.280230833079151e-05 13.9537442231671 3338
0.850801 0.001081323641620415 3.654000142769685e-05 12.19496731062181 3722
0.900848 0.001036520958016977 3.266363794340406e-05 10.42781795064517 4170
0.950895 0.0009519274882074346 3.456157892866196e-05 8.586830764301384 4358
1.00094 0.0004162938550248392 1.807222643676621e-05 3.386466396401754 5034
1.05099 7.292060222851723e-31 2.821388519906029e-32 5.378626900244795e-27 5714
1.10104 8.149224585668187e-31 3.453800111098434e-32 5.476908486675541e-27 5982
1.15108 9.401904225185608e-31 4.155123149887055e-32 5.775943551557157e-27 6602
1.20113 1.061322615006302e-30 4.559863618959988e-32 5.982168406082033e-27 7130
1.25118 1.141306116674848e-30 5.450020585091958e-32 5.930023903526309e-27 8034
1.30122 1.320755703530555e-30 6.492546956387817e-32 6.346705327526853e-27 8606
1.35127 1.448559352454134e-30 7.233277639512042e-32 6.453078325559933e-27 9066
1.40132 1.620649604468643e-30 8.15280093975752e-32 6.711240975300766e-27 9962
1.45137 1.792858013110669e-30 9.450389509123587e-32 6.920804551231843e-27 10550
1.50141 1.917419326589558e-30 1.061641091648137e-31 6.91454259818813e-27 11226
1.55146 2.15235009616713e-30 1.16604832815928e-31 7.266143160224352e-27 12146
1.60151 2.296992141618852e-30 1.308369159260203e-31 7.27375594440601e-27 12303
1.65155 2.462228516183901e-30 1.490313347339905e-31 7.329256787683437e-27 12584
1.7016 2.688445758395496e-30 1.679957047245446e-31 7.540431160876791e-27 12120
1.75165 2.902675455421749e-30 1.885526174611092e-31 7.681739599400025e-27 11180
1.8017 3.174362248253298e-30 2.112034676162646e-31 7.939252202080706e-27 11096
1.85174 3.430924399928425e-30 2.326535113686841e-31 8.123494376865074e-27 10056
1.90179 3.673918299615996e-30 2.577071151849857e-31 8.246464798166767e-27 9716
1.95184 4.060719874125592e-30 2.860685459712278e-31 8.65143123112432e-27 8604
2.00188 4.271901048385358e-30 3.174018824547611e-31 8.650068847286685e-27 8060
2.05193 4.649909187081487e-30 3.391447618754671e-31 8.960950104533892e-27 7320
2.10198 4.774688189311911e-30 3.764259587358024e-31 8.77220578556213e-27 6356
2.15203 5.073276661716707e-30 4.053731409364141e-31 8.890190102201842e-27 5348
2.20207 5.682427028168553e-30 4.512490969726969e-31 9.50569345798541e-27 4308
2.25212 5.872524091841167e-30 5.094190175365243e-31 9.393056389854133e-27 3563
2.30217 6.181778491656671e-30 5.336540211831e-31 9.46534641799016e-27 2448
2.35221 6.604809234451997e-30 6.020750143759596e-31 9.682518351503257e-27 1868
2.40226 7.37095251737941e-30 6.19158770223811e-31 1.035004299157951e-26 1358
2.45231 7.364882091245608e-30 6.926273197100184e-31 9.922144693842226e-27 1062
2.50235 8.277821015100544e-30 7.971396201368924e-31 1.072468473859237e-26 776
2.5524 8.535893864994256e-30 8.923320776153974e-31 1.064499717496423e-26 432
2.60245 8.563657643364249e-30 8.100119217345183e-31 1.023686679525991e-26 200
2.6525 8.612543064368347e-30 9.439673686096041e-31 9.894691898610954e-27 168
2.70254 1.296960920333942e-29 9.468151343367961e-31 1.437017349627059e-26 56
2.75259 2.079232597832665e-29 1.664280378813473e-30 2.222513601730609e-26 7


0.0500471 0.01381096045288262 0.000152133496373084 109007.4071193618 18
0.100094 0.005506217593993857 0.001687261965009897 24496.01482121936 62
0.150141 0.1281512012404794 0.0003337870268519202 63595.62204113399 98
0.200188 0.06273553598797271 0.002444310320620511 18360.12373134635 210
0.250235 0.07103891906437115 0.001476184181732637 12340.69408655117 350
0.300283 0.05301996204596045 0.0006735674533085771 6227.329267697551 450
0.35033 0.02795736229389707 0.0006336344881526905 2394.67078120289 602
0.400377 0.01574642521076009 0.0004075643245544401 1020.607959321364 762
0.450424 0.01127967263844275 0.0001823421129294637 572.7546969864356 1142
0.500471 0.006126268097529718 0.000146831723952726 252.9000209497902 1250
0.550518 0.00321507544579043 0.0001154778696374435 109.5088166065037 1458
0.600565 0.002563139621405785 7.762764406401738e-05 72.77934572257179 1814
0.650612 0.00191600613807739 5.256054181445689e-05 46.26692806437125 2178
0.700659 0.001295906603918422 4.390469353617245e-05 26.99600712141793 2498
0.750706 0.001151616400550506 3.409655926561444e-05 20.79280698791742 2622
0.800754 0.0009221781213245244 2.659048550605139e-05 14.60430662942574 3338
0.850801 0.0008026669564486008 2.552206411268443e-05 11.27375393677547 3722
0.900848 0.0007718658364530668 2.278573978382654e-05 9.668993159108012 4170
0.950895 0.000733690740380216 2.322307333678805e-05 8.237958352469683 4358
1.00094 0.0003177814154130225 1.230163128037023e-05 3.218120539021588 5034
1.05099 6.688066628983132e-31 2.569583973601456e-32 6.143119549279052e-27 5714
1.10104 7.840130316162513e-31 2.893881034194816e-32 6.557949209112333e-27 5982
1.15108 8.781500752430189e-31 3.559931191448992e-32 6.715469625213005e-27 6602
1.20113 9.558452668373247e-31 3.992438603403151e-32 6.707584462381834e-27 7130
1.25118 1.079702372311729e-30 4.454063406555232e-32 6.98142060861563e-27 8034
1.30122 1.202894652678832e-30 5.40519135935547e-32 7.194485586018131e-27 8606
1.35127 1.348093061722791e-30 5.977916400389742e-32 7.473869645995278e-27 9066
1.40132 1.491254158291022e-30 6.874148018223447e-32 7.685803885636492e-27 9962
1.45137 1.620770775560571e-30 7.951506825918577e-32 7.787084770396174e-27 10550
1.50141 1.852354601021936e-30 8.623918530436318e-32 8.311460199556914e-27 11226
1.55146 1.961048883221158e-30 9.991712887485903e-32 8.239624569860234e-27 12146
1.60151 2.137533635193796e-30 1.087557962961837e-31 8.423117337212079e-27 12303
1.65155 2.362009323638787e-30 1.218588325625931e-31 8.748303315357547e-27 12584
1.7016 2.570919410231185e-30 1.359774786970119e-31 8.971810413467265e-27 12120
1.75165 2.734092454809473e-30 1.512594770779538e-31 9.00276763504082e-27 11180
1.8017 2.99251523276267e-30 1.721812197592406e-31 9.312634007929906e-27 11096
1.85174 3.181163610719656e-30 1.890168349273528e-31 9.372192119876269e-27 10056
1.90179 3.468737329517675e-30 2.088295550787998e-31 9.687480823185711e-27 9716
1.95184 3.860801958402959e-30 2.287917462121655e-31 1.023385523909584e-26 8604
2.00188 3.985015706477203e-30 2.513781606032829e-31 1.003951635431169e-26 8060
2.05193 4.210973003546087e-30 2.859859716570975e-31 1.009835994844247e-26 7320
2.10198 4.518603857615878e-30 3.013510772824455e-31 1.032868716716979e-26 6356
2.15203 4.770135227536589e-30 3.271808940119086e-31 1.040018516331172e-26 5348
2.20207 5.256281943200019e-30 3.649391766543461e-31 1.094018839256183e-26 4308
2.25212 5.573115182929866e-30 3.980466683939874e-31 1.108999035614197e-26 3563
2.30217 5.949157345453911e-30 4.228762236019692e-31 1.133250451592136e-26 2448
2.35221 6.442630733637649e-30 4.939745374708554e-31 1.175047462117483e-26 1868
2.40226 6.89521896062286e-30 5.147636414471589e-31 1.204668390780572e-26 1358
2.45231 6.814403343237787e-30 5.993886300067732e-31 1.142370816462793e-26 1062
2.50235 8.367037409794061e-30 6.254223682532411e-31 1.348494748354207e-26 776
2.5524 8.968738271023284e-30 6.977954737470479e-31 1.391240020467971e-26 432
2.60245 8.226145966103078e-30 5.876849103015777e-31 1.223174529794459e-26 200
2.6525 9.126204630476437e-30 6.645141540678361e-31 1.303958246690019e-26 168
2.70254 7.089445956182089e-30 8.896339004901648e-31 9.783423457004791e-27 56
2.75259 1.716989141004426e-29 1.348475737620808e-30 2.283692361007068e-26 7


0.0500471 0.004165969035437775 0.0002365400757923039 75333.56240162757 18
0.100094 0.06451385806978763 9.281170855802493e-05 97781.57312104646 62
0.150141 0.01333929039597516 0.00196686827708235 14327.79130786293 98
0.200188 0.09067445509400741 0.0009891350721130587 29748.32719285779 210
0.250235 0.0564791992230853 0.001070072723196239 11816.4785226246 350
0.300283 0.02874776589462096 0.0007563070348377021 4147.896869911947 450
0.35033 0.02000829435451475 0.0005122621237977839 2069.52365928879 602
0.400377 0.01232674728083858 0.000303657962241572 959.634242486053 762
0.450424 0.007019711160692514 0.000176243610606958 430.4558968498768 1142
0.500471 0.004809878887420296 0.0001093099603227765 238.097677579661 1250
0.550518 0.002462078120023741 8.776226490314973e-05 100.6607500463487 1458
0.600565 0.002130399114410733 5.484234263985894e-05 72.41686170775249 1814
0.650612 0.001411946963810012 4.15204364461702e-05 40.89902283980871 2178
0.700659 0.00101613787458669 3.259793919843509e-05 25.36158060061699 2498
0.750706 0.0009116596569142795 2.515413474858319e-05 19.71215075043586 2622
0.800754 0.0006808670231738329 2.096642863524281e-05 12.92293605089735 3338
0.850801 0.0006443777436939725 1.859180863408263e-05 10.83438949518726 3722
0.900848 0.0006102886610492796 1.685515201040138e-05 9.15215316128511 4170
0.950895 0.0005466078448651697 1.826288988787268e-05 7.351623402332089 4358
1.00094 0.0002477798218607083 9.211558351884044e-06 3.004274339228701 5034
1.05099 6.506360716726657e-31 2.242855919380833e-32 7.152268293173438e-27 5714
1.10104 7.353952133958032e-31 2.519804840850794e-32 7.362424384234642e-27 5982
1.15108 8.44393852297489e-31 2.998791053444699e-32 7.726781999637951e-27 6602
1.20113 9.334761561558369e-31 3.41973609306705e-32 7.838196115187519e-27 7130
1.25118 1.02019733358626e-30 3.896190379763793e-32 7.894485015659276e-27 8034
1.30122 1.174885442332943e-30 4.568084265865557e-32 8.407370691287214e-27 8606
1.35127 1.255521488235801e-30 5.317006308142183e-32 8.330695188631556e-27 9066
1.40132 1.408703796615437e-30 5.913429720310555e-32 8.687741193527011e-27 9962
1.45137 1.581371821618025e-30 6.564898433724871e-32 9.089315229655401e-27 10550
1.50141 1.746022490953118e-30 7.576447692753766e-32 9.374827424543466e-27 11226
1.55146 1.911129051437212e-30 8.496497071878406e-32 9.606998243409574e-27 12146
1.60151 2.066738563959509e-30 9.150095175687532e-32 9.743428225281864e-27 12303
1.65155 2.258181064080871e-30 1.02725405098153e-31 1.000636958285727e-26 12584
1.7016 2.44029120953825e-30 1.160594262555884e-31 1.018888451087374e-26 12120
1.75165 2.594800358897628e-30 1.291859506740936e-31 1.022248867702871e-26 11180
1.8017 2.859398418938501e-30 1.453344350493923e-31 1.06458122051119e-26 11096
1.85174 3.049939943255082e-30 1.578094811096456e-31 1.074971264738248e-26 10056
1.90179 3.2433196191873e-30 1.765108777586622e-31 1.083708574219632e-26 9716
1.95184 3.553666354676532e-30 1.975308974123684e-31 1.127074915107523e-26 8604
2.00188 3.80465462748665e-30 2.13610202629366e-31 1.146734748251474e-26 8060
2.05193 4.067787074494934e-30 2.34473736105836e-31 1.166935028881704e-26 7320
2.10198 4.437028319645253e-30 2.516534203864206e-31 1.213256911454577e-26 6356
2.15203 4.641064032732787e-30 2.710474688423075e-31 1.210444289256077e-26 5348
2.20207 4.9050478931313e-30 3.124199250602504e-31 1.221431595187702e-26 4308
2.25212 5.207271337163825e-30 3.38919788481418e-31 1.23968881802787e-26 3563
2.30217 5.495365944653833e-30 3.698760818702941e-31 1.252474229349891e-26 2448
2.35221 6.288051704396599e-30 3.996564997733298e-31 1.371838742260263e-26 1868
2.40226 6.524557502790713e-30 4.212289052541114e-31 1.363613534731952e-26 1358
2.45231 7.31597615779489e-30 4.297932241603506e-31 1.466523122904651e-26 1062
2.50235 7.054055702053388e-30 5.529953657254588e-31 1.360442703032058e-26 776
2.5524 7.681964904258971e-30 6.029443758711262e-31 1.425876261850162e-26 432
2.60245 7.959138950537092e-30 5.170314128627519e-31 1.415816497931305e-26 200
2.6525 8.246527692040895e-30 6.094839761647606e-31 1.409822495503624e-26 168
2.70254 1.002016148889702e-29 5.938466915836833e-31 1.652465363834799e-26 56
2.75259 1.258194645849359e-29 1.077867012109891e-30 2.002654661789735e-26 7


0.0500471 0.01081377595988114 4.417408563707474e-05 115187.8355717102 18
0.100094 0.004543101318516968 0.00100358706203797 27802.68667058072 62
0.150141 0.07736038120144764 0.0002230148977913676 54731.52011175753 98
0.200188 0.04066894898105376 0.001429207510643471 17149.02274573928 210
0.250235 0.04212541413143923 0.0009168084014887673 10432.97897740491 350
0.300283 0.02589737776454475 0.0005449729367730726 4346.849762060749 450
0.35033 0.02082455444805771 0.0003046347628876777 2486.926808213843 602
0.400377 0.01197271891665408 0.000194613181482717 1080.84462997641 762
0.450424 0.004462061557042929 0.0001658255416549252 322.9944679562113 1142
0.500471 0.003836286464668205 8.692015609484412e-05 221.7198455224743 1250
0.550518 0.002190057444124041 6.425819119541138e-05 104.2251766702303 1458
0.600565 0.001711751381028118 4.327336924783969e-05 67.87527570547506 1814
0.650612 0.001165215349501001 3.19328291672565e-05 39.34354521970086 2178
0.700659 0.0009704272469275334 2.167338707976809e-05 28.15383113999081 2498
0.750706 0.0007398546487721646 1.964855373280399e-05 18.64504958647487 2622
0.800754 0.0005972242921132683 1.518230362407785e-05 13.19534501944642 3338
0.850801 0.0005057267806134458 1.501137402651386e-05 9.912532468748163 3722
0.900848 0.0004243015114112692 1.528814136293388e-05 7.428286992800547 4170
0.950895 0.0004318850329800824 1.464681139224686e-05 6.769784612975517 4358
1.00094 0.0002177863346927502 6.69203711181642e-06 3.073704103413083 5034
1.05099 6.152174170715185e-31 1.979550790209215e-32 7.877147131882583e-27 5714
1.10104 7.03662160922371e-31 2.372713102008793e-32 8.206573157380038e-27 5982
1.15108 7.905299691926701e-31 2.662676561508599e-32 8.425094743351971e-27 6602
1.20113 8.969477298500386e-31 3.074524226685175e-32 8.770901418584894e-27 7130
1.25118 9.702183443796781e-31 3.514421876766791e-32 8.743607064531693e-27 8034
1.30122 1.1043710775034e-30 4.123689882367436e-32 9.203826086915029e-27 8606
1.35127 1.250836512283714e-30 4.626146315482102e-32 9.662384663416457e-27 9066
1.40132 1.370816567025152e-30 5.110767478282673e-32 9.842727464517586e-27 9962
1.45137 1.487293850165967e-30 5.897383888783385e-32 9.954899846656444e-27 10550
1.50141 1.691653074697546e-30 6.737790101915707e-32 1.057556159341966e-26 11226
1.55146 1.863689556448134e-30 7.459425634325684e-32 1.090724354531926e-26 12146
1.60151 1.985957620192966e-30 8.025170332404635e-32 1.090077548412507e-26 12303
1.65155 2.12591607155494e-30 9.136478927880689e-32 1.096878491717371e-26 12584
1.7016 2.348114657523454e-30 1.029336356396987e-31 1.141475517898542e-26 12120
1.75165 2.495593643826585e-30 1.14071001020651e-31 1.144670461764855e-26 11180
1.8017 2.728169292841597e-30 1.280542980882321e-31 1.18257922521894e-26 11096
1.85174 2.954112471942492e-30 1.392727923558886e-31 1.212186277083722e-26 10056
1.90179 3.090867991609048e-30 1.552819619889098e-31 1.202407124909231e-26 9716
1.95184 3.403564133347134e-30 1.721147111055632e-31 1.256726636928003e-26 8604
2.00188 3.648934863978127e-30 1.814754940560996e-31 1.280310364258078e-26 8060
2.05193 3.907458436630564e-30 2.03649017494903e-31 1.304968612848973e-26 7320
2.10198 4.215616481933752e-30 2.2167402170764e-31 1.342014371341192e-26 6356
2.15203 4.485619172495656e-30 2.397970990200418e-31 1.361990433038572e-26 5348
2.20207 4.771149661108487e-30 2.674621476753735e-31 1.383053706892356e-26 4308
2.25212 5.076472981285923e-30 2.87135803130929e-31 1.406835690920246e-26 3563
2.30217 5.479299601901686e-30 3.097864649692573e-31 1.45359579124206e-26 2448
2.35221 6.052102622928804e-30 3.55952114458346e-31 1.537146836373181e-26 1868
2.40226 6.332210738910504e-30 3.616691840616029e-31 1.540571968393569e-26 1358
2.45231 6.883781160494239e-30 3.757601102495668e-31 1.606414734337959e-26 1062
2.50235 6.983622564062142e-30 4.600752792341602e-31 1.56771693355679e-26 776
2.5524 7.515130463763786e-30 5.108482693828844e-31 1.623703955368642e-26 432
2.60245 7.655204692532092e-30 4.203941665974162e-31 1.585078680439079e-26 200
2.6525 7.718818317248966e-30 4.666945916299925e-31 1.535930704979656e-26 168
2.70254 7.94796263017993e-30 5.690980212619888e-31 1.526487587943132e-26 56
2.75259 1.695161394885676e-29 5.285070382057956e-31 3.137473169324257e-26 7


0.0500471 0.001011736020853443 0.0001889580833155142 66340.46901355821 18
0.100094 0.04052392408983185 9.263621382923554e-05 85304.55968444058 62
0.150141 0.01036973755363127 0.001248825362326282 15374.53481430484 98
0.200188 0.05685268372025658 0.0006984483840445714 25463.43495215305 210
0.250235 0.03562392933550448 0.0007283147322474007 10136.42042060486 350
0.300283 0.02303850016862286 0.0004074079284939252 4415.98931656782 450
0.35033 0.01194462565910017 0.0003581961203791645 1673.619199103598 602
0.400377 0.00854649795952675 0.0001875101107012905 889.7442133274337 762
0.450424 0.005097736428278747 0.0001045121991807307 416.6601714937385 1142
0.500471 0.003103407427354528 7.235043303333519e-05 205.3667263482139 1250
0.550518 0.002251167907662404 4.216765062635457e-05 121.7709320741965 1458
0.600565 0.001362721618229687 3.650026443670847e-05 61.84465454283587 1814
0.650612 0.00097857642376095 2.561168396719544e-05 37.75576507475512 2178
0.700659 0.0008490010496099937 1.651573409778235e-05 28.11327162826159 2498
0.750706 0.0006068014654908207 1.612974623794083e-05 17.47423167733401 2622
0.800754 0.0004858862227430449 1.260061503738246e-05 12.26641061967801 3338
0.850801 0.000425603128582979 1.201786841390868e-05 9.526360912500879 3722
0.900848 0.0004263665981976913 1.027808884771968e-05 8.502983558208054 4170
0.950895 0.0004175137400840258 1.013395456723915e-05 7.459524178899399 4358
1.00094 0.0001865093061364094 5.230158883018146e-06 3.004515965083545 5034
1.05099 5.996834714367707e-31 1.768630788647138e-32 8.763771997588765e-27 5714
1.10104 6.802436969164544e-31 2.131317626862843e-32 9.055825113183227e-27 5982
1.15108 7.636040509236072e-31 2.458996566582205e-32 9.29010428731871e-27 6602
1.20113 8.583656044234994e-31 2.820640452072102e-32 9.581541972519619e-27 7130
1.25118 9.382793182206995e-31 3.177604591170858e-32 9.651251975691555e-27 8034
1.30122 1.060481838180831e-30 3.663323176915212e-32 1.008684366159593e-26 8606
1.35127 1.172820318624592e-30 4.24775385170636e-32 1.034187398181967e-26 9066
1.40132 1.290090720346259e-30 4.676175679196972e-32 1.057332171667695e-26 9962
1.45137 1.427457802953636e-30 5.19094924126771e-32 1.090339612474042e-26 10550
1.50141 1.67963395184515e-30 5.901232578575258e-32 1.198126045956203e-26 11226
1.55146 1.761278162868699e-30 6.76108666100907e-32 1.176452438839385e-26 12146
1.60151 1.88161577204901e-30 7.22835938223719e-32 1.178701938090823e-26 12303
1.65155 2.049294283602624e-30 8.204819567104937e-32 1.206628900513266e-26 12584
1.7016 2.22806940152346e-30 9.211231156681274e-32 1.236067650501013e-26 12120
1.75165 2.433334619736963e-30 9.96397736811564e-32 1.273536332204713e-26 11180
1.8017 2.609476159430045e-30 1.14335146475563e-31 1.290801245438039e-26 11096
1.85174 2.846505171821348e-30 1.227230921678337e-31 1.332825428716966e-26 10056
1.90179 3.071174917606851e-30 1.355188917004168e-31 1.36316800496376e-26 9716
1.95184 3.296817911962944e-30 1.50474287684291e-31 1.388991917428543e-26 8604
2.00188 3.535566802582364e-30 1.588598707543177e-31 1.415488565956489e-26 8060
2.05193 3.894957885804922e-30 1.794074943377321e-31 1.484168692121332e-26 7320
2.10198 4.091003326514911e-30 1.928197011686332e-31 1.485980700465646e-26 6356
2.15203 4.228153358911415e-30 2.142045034222618e-31 1.465001099781438e-26 5348
2.20207 4.641213183974022e-30 2.297885978565411e-31 1.535026395858052e-26 4308
2.25212 4.961496101444898e-30 2.532213172644288e-31 1.568847019695334e-26 3563
2.30217 5.257599049919839e-30 2.782390156616268e-31 1.591559187527292e-26 2448
2.35221 5.607888889510021e-30 3.126837022106502e-31 1.625305229471377e-26 1868
2.40226 5.864072352874748e-30 3.251813622237762e-31 1.628051306376187e-26 1358
2.45231 6.599139881405523e-30 3.321064035440212e-31 1.757170182659983e-26 1062
2.50235 6.708225502149578e-30 4.084819221060042e-31 1.71828683357372e-26 776
2.5524 7.23088704766306e-30 4.24765185109773e-31 1.782426620864827e-26 432
2.60245 7.066542538770846e-30 4.086253389982701e-31 1.669854511733282e-26 200
2.6525 7.711114905830178e-30 4.347019740966554e-31 1.750831137933962e-26 168
2.70254 9.89884349115601e-30 4.449863794312503e-31 2.167969495956111e-26 56
2.75259 1.360747614669657e-29 7.09878410241668e-31 2.875116693855759e-26 7


0.0500471 0.008564674678073338 8.00589055730035e-06 116362.6659683783 18
0.100094 0.005334171598719681 0.0006483034087608085 32797.53070255181 62
0.150141 0.05141982545736064 0.0001930772524520716 47963.3753653969 98
0.200188 0.03042690363239293 0.0009348852600310256 16822.40514886708 210
0.250235 0.03114040463428139 0.0005874958444559767 10007.1794057271 350
0.300283 0.01569329446418601 0.0004183952354592691 3469.847454105227 450
0.35033 0.01300298203250438 0.0002388814418266115 2021.547332124745 602
0.400377 0.006099985937768763 0.0001805806869691221 724.0785749973722 762
0.450424 0.004980240654933779 7.214006699991274e-05 456.0275544541672 1142
0.500471 0.002627295426436821 6.030449056195249e-05 195.8801257412352 1250
0.550518 0.002154872451479189 2.93844756602557e-05 130.7723165021644 1458
0.600565 0.001133116602802256 3.091532211496029e-05 57.93410859281808 1814
0.650612 0.0008150254349356685 2.164801806754374e-05 35.40895596696171 2178
0.700659 0.0007247349657014415 1.363300719049812e-05 26.9933436074258 2498
0.750706 0.0005090541126813262 1.355112658798693e-05 16.49603975578101 2622
0.800754 0.0004134408071071725 1.04357424077887e-05 11.73970542265327 3338
0.850801 0.0003857177831383697 9.329241559550073e-06 9.700123813919433 3722
0.900848 0.0003676100729844425 8.403383076395985e-06 8.242095217333874 4170
0.950895 0.0003114188210259262 9.637365372357806e-06 6.267247039886147 4358
1.00094 0.0001419605588500637 4.827388156184128e-06 2.575142842988166 5034
1.05099 5.616238146934294e-31 1.684271857684085e-32 9.230202117105869e-27 5714
1.10104 6.575541222559132e-31 1.9503902157153e-32 9.839843379291351e-27 5982
1.15108 7.454858571449774e-31 2.264197729494689e-32 1.019462793532439e-26 6602
1.20113 8.335848374526902e-31 2.597163643042786e-32 1.04588731038065e-26 7130
1.25118 9.176240169789012e-31 2.854128927171234e-32 1.060744046768192e-26 8034
1.30122 1.031636197998082e-30 3.356616618830171e-32 1.102840924684527e-26 8606
1.35127 1.145463032812437e-30 3.87154433575284e-32 1.135173290712668e-26 9066
1.40132 1.234516328910993e-30 4.293602028659877e-32 1.137205697298731e-26 9962
1.45137 1.375129753624847e-30 4.842961311910732e-32 1.180573274021992e-26 10550
1.50141 1.561631576637865e-30 5.583847363582942e-32 1.252222483346105e-26 11226
1.55146 1.705683809945724e-30 6.067260664260849e-32 1.280312123296408e-26 12146
1.60151 1.800969832399582e-30 6.640262180888377e-32 1.267922494409991e-26 12303
1.65155 1.967779511501213e-30 7.419147815713929e-32 1.302056894326217e-26 12584
1.7016 2.189725113167082e-30 8.191867380708694e-32 1.364989879461654e-26 12120
1.75165 2.284966202778517e-30 9.23287588493283e-32 1.344069092418175e-26 11180
1.8017 2.563814072350212e-30 1.029482917680589e-31 1.425049109091972e-26 11096
1.85174 2.68103874141387e-30 1.127803453788606e-31 1.410819138428796e-26 10056
1.90179 2.891494074061828e-30 1.239841856590825e-31 1.442326005390071e-26 9716
1.95184 3.165243942980416e-30 1.367640528428397e-31 1.498572555633963e-26 8604
2.00188 3.384007513214319e-30 1.475094944818237e-31 1.522516450277923e-26 8060
2.05193 3.732228630278673e-30 1.62998256780256e-31 1.598108223912569e-26 7320
2.10198 3.863921156264779e-30 1.800092221790719e-31 1.577274322614525e-26 6356
2.15203 4.107893072528998e-30 1.913994771458169e-31 1.599301269465331e-26 5348
2.20207 4.542816121752561e-30 2.044245011322806e-31 1.688188807889716e-26 4308
2.25212 4.81660835231216e-30 2.237468797204026e-31 1.711275587727974e-26 3563
2.30217 5.076579308419869e-30 2.52191073532536e-31 1.726806927734144e-26 2448
2.35221 5.55587819938139e-30 2.74679510380046e-31 1.809151272142557e-26 1868
2.40226 5.864661320844482e-30 2.834879986540971e-31 1.829299094808603e-26 1358
2.45231 5.888585375374541e-30 3.223184056950148e-31 1.762337046376429e-26 1062
2.50235 6.819458503564486e-30 3.551821221928643e-31 1.96240369435999e-26 776
2.5524 7.254588085262375e-30 3.879971922603081e-31 2.009263870794024e-26 432
2.60245 7.17514364583173e-30 3.65019963942828e-31 1.904932730578184e-26 200
2.6525 7.011405793810101e-30 4.082843521717149e-31 1.789069357240642e-26 168
2.70254 7.582242333272133e-30 5.195130971154882e-31 1.867435181767425e-26 56
2.75259 8.992182771639483e-30 7.093163663437623e-31 2.137112148191966e-26 7


0.0500471 0.0001343366385434414 0.0001477525079900336 64730.49520528645 18
0.100094 0.02649305731381259 0.0001178252712732267 74148.85401741618 62
0.150141 0.009720874747130999 0.0008506505625806154 17232.74932989809 98
0.200188 0.03896260714242385 0.0005397347558580295 22428.50275612649 210
0.250235 0.02403030308137953 0.0005549181473641584 8776.251266899475 350
0.300283 0.01795969593991631 0.0002645668860101633 4318.494140039119 450
0.35033 0.01129612588785535 0.0002001981690701138 1957.244119573603 602
0.400377 0.007578103257579869 0.0001042970159420623 980.8933679150937 762
0.450424 0.002983936233396859 8.919546569200918e-05 309.6745709024412 1142
0.500471 0.002308968384695086 5.018216203641697e-05 191.4355142413752 1250
0.550518 0.001520135937315622 3.237950391372246e-05 103.2190537493462 1458
0.600565 0.001033174666599977 2.497877363403877e-05 58.65221073673305 1814
0.650612 0.0006822097591549759 1.88469402139864e-05 32.98528994441054 2178
0.700659 0.00061871341792763 1.171775721889735e-05 25.61558338392938 2498
0.750706 0.0004363707994398397 1.155541941442747e-05 15.71895208571938 2622
0.800754 0.0003617619264372753 8.715862774132838e-06 11.41165784250165 3338
0.850801 0.0003348792494283327 7.858496683793496e-06 9.355786326292666 3722
0.900848 0.000267088047832298 8.457171621425344e-06 6.671079034555931 4170
0.950895 0.0002560631844089808 8.499627594939394e-06 5.729609266326313 4358
1.00094 0.0001510184216294872 3.298637598801545e-06 3.034635034904276 5034
1.05099 5.540949782431168e-31 1.527015280771254e-32 1.011075952090911e-26 5714
1.10104 6.434653967022301e-31 1.822847758198234e-32 1.069311303665031e-26 5982
1.15108 7.130841857692779e-31 2.124952170948109e-32 1.083012746227966e-26 6602
1.20113 7.919934038892502e-31 2.436309188605728e-32 1.103635120353456e-26 7130
1.25118 8.683448678545697e-31 2.744373929462732e-32 1.114928885253724e-26 8034
1.30122 9.873093708226856e-31 3.141173775262192e-32 1.172066889159424e-26 8606
1.35127 1.109991774913052e-30 3.56841814546501e-32 1.22136574451964e-26 9066
1.40132 1.206621754401364e-30 3.907814990486922e-32 1.234003604262067e-26 9962
1.45137 1.324019994587857e-30 4.506521017853794e-32 1.262140614851345e-26 10550
1.50141 1.504659560025963e-30 5.125860172806094e-32 1.339580387972206e-26 11226
1.55146 1.640278711500084e-30 5.593124020174327e-32 1.366993357507433e-26 12146
1.60151 1.723875356624202e-30 6.196804579431053e-32 1.34752337451454e-26 12303
1.65155 1.913373007515696e-30 6.877257952963083e-32 1.405600493599404e-26 12584
1.7016 2.091849056738735e-30 7.583786500357082e-32 1.44776491404848e-26 12120
1.75165 2.220550358727025e-30 8.445864355605766e-32 1.45005671860166e-26 11180
1.8017 2.488420577985089e-30 9.443087098323248e-32 1.535505115899858e-26 11096
1.85174 2.60930230131153e-30 1.010745343421459e-31 1.52419869376089e-26 10056
1.90179 2.81960762624717e-30 1.117714752224355e-31 1.561288818391711e-26 9716
1.95184 3.058046409920068e-30 1.252879196885331e-31 1.607281729697398e-26 8604
2.00188 3.283335323797207e-30 1.352500452705486e-31 1.639893805757713e-26 8060
2.05193 3.531370408168337e-30 1.530207933636095e-31 1.678809272076458e-26 7320
2.10198 3.785767357541415e-30 1.653702406904361e-31 1.715501617399528e-26 6356
2.15203 3.967903693159841e-30 1.709282047138722e-31 1.714806853068179e-26 5348
2.20207 4.320978892661837e-30 1.870237151368166e-31 1.782600977356001e-26 4308
2.25212 4.536683121646848e-30 2.113843806797623e-31 1.789499665277459e-26 3563
2.30217 4.949985506537546e-30 2.305724621871059e-31 1.869076443854665e-26 2448
2.35221 5.523531004465258e-30 2.424153842282293e-31 1.99635347303384e-26 1868
2.40226 5.774984991381908e-30 2.63773351334009e-31 1.999584065934237e-26 1358
2.45231 5.515557910068104e-30 3.087699871513479e-31 1.832740262453903e-26 1062
2.50235 6.521748987406142e-30 3.238505835793382e-31 2.083350873203671e-26 776
2.5524 7.309141902785234e-30 3.45045024101447e-31 2.246865016825221e-26 432
2.60245 6.737189232021489e-30 3.494864497618884e-31 1.985808602207662e-26 200
2.6525 6.753692119975714e-30 3.844329767556902e-31 1.913091915405327e-26 168
2.70254 1.002724891139029e-29 4.408167713123071e-31 2.739386519731843e-26 56
2.75259 7.113768609383282e-30 7.630524966619295e-31 1.878634345628021e-26 7


0.0500471 0.006516776498126869 2.491540558252961e-06 112618.6006815286 18
0.100094 0.00691115344116748 0.0004230648621536139 39431.04476101259 62
0.150141 0.0357162039851359 0.0001924771303314773 42145.60487846549 98
0.200188 0.0243269290160891 0.0006587129223673314 16697.47070373082 210
0.250235 0.02439231276219091 0.0004101907433064266 9669.742348400869 350
0.300283 0.01087550072646145 0.0003256754031405799 3009.239028359405 450
0.35033 0.007257871069525951 0.0002268280765537911 1427.483262489643 602
0.400377 0.004746705963017091 0.0001289327287982192 692.4416693051799 762
0.450424 0.003089709233455657 6.701700700011742e-05 350.294626781443 1142
0.500471 0.002024722019534664 4.307339990543354e-05 184.9510983796396 1250
0.550518 0.0009735572139697431 3.582198737273647e-05 73.81749963427534 1458
0.600565 0.0009682586957757775 2.005715085954137e-05 60.39227981542256 1814
0.650612 0.0006018110654796785 1.612263804318606e-05 32.03076025034794 2178
0.700659 0.0005182470588392785 1.06325138008887e-05 23.63528671867561 2498
0.750706 0.0003822504913584486 9.937753993816721e-06 15.15338467450422 2622
0.800754 0.0003203362482808793 7.410293355836574e-06 11.11553869405652 3338
0.850801 0.0002870397262729774 6.920497622676504e-06 8.825535558748925 3722
0.900848 0.0002225168897051614 7.556768749824456e-06 6.120641919335003 4170
0.950895 0.0002593625531654634 6.375581311494598e-06 6.369045053915901 4358
1.00094 0.0001301663913493639 2.895687539439423e-06 2.877209166524781 5034
1.05099 5.240929067939514e-31 1.452473850853212e-32 1.05195227353574e-26 5714
1.10104 5.996174318056306e-31 1.775476998888346e-32 1.096294125297335e-26 5982
1.15108 6.856530431091972e-31 1.999991169644273e-32 1.145209592096655e-26 6602
1.20113 7.733382994754183e-31 2.226174534760116e-32 1.184744597293203e-26 7130
1.25118 8.427523579243941e-31 2.563058178007985e-32 1.189777073665285e-26 8034
1.30122 9.473959309221167e-31 2.922073251451011e-32 1.236630877106309e-26 8606
1.35127 1.089281953521019e-30 3.290154625262056e-32 1.317648976547523e-26 9066
1.40132 1.151086757643792e-30 3.697557256767354e-32 1.294438689943019e-26 9962
1.45137 1.296185435391601e-30 4.128470134371248e-32 1.358284422115704e-26 10550
1.50141 1.448961716918539e-30 4.776816010281313e-32 1.418226361961973e-26 11226
1.55146 1.574964434012382e-30 5.296599947164163e-32 1.443116811566267e-26 12146
1.60151 1.715123967384449e-30 5.688337935212161e-32 1.473693083570489e-26 12303
1.65155 1.857594891520355e-30 6.323027243723949e-32 1.500120165892523e-26 12584
1.7016 2.023894254431917e-30 7.110312585094848e-32 1.539899098564323e-26 12120
1.75165 2.190439033870736e-30 7.650335837448851e-32 1.572233584426592e-26 11180
1.8017 2.373089443545743e-30 8.92360292523465e-32 1.609908531195202e-26 11096
1.85174 2.511105522061384e-30 9.416086456668506e-32 1.612515165499798e-26 10056
1.90179 2.735799268228386e-30 1.046103870995136e-31 1.665293291235519e-26 9716
1.95184 3.012015637807729e-30 1.138985108958816e-31 1.740056157617018e-26 8604
2.00188 3.114319999596591e-30 1.280916352225101e-31 1.710060932042626e-26 8060
2.05193 3.478973978430847e-30 1.389351217493579e-31 1.817868342539503e-26 7320
2.10198 3.739742050405439e-30 1.504168684059834e-31 1.862641423082435e-26 6356
2.15203 3.796166699923454e-30 1.607086208458809e-31 1.803487823580737e-26 5348
2.20207 4.16051208833831e-30 1.777704967658753e-31 1.886842552117431e-26 4308
2.25212 4.473325310600291e-30 1.933712145644048e-31 1.939444075868366e-26 3563
2.30217 4.576525303956547e-30 2.1898808767649e-31 1.899823602545092e-26 2448
2.35221 5.095598823636369e-30 2.412983002989385e-31 2.024927146902357e-26 1868
2.40226 5.745497356692033e-30 2.367997133129052e-31 2.186443981587646e-26 1358
2.45231 5.336644595623912e-30 2.766638821288869e-31 1.949065256806075e-26 1062
2.50235 6.209054134271585e-30 2.882287034937595e-31 2.180106544225964e-26 776
2.5524 7.105481552160281e-30 3.167860413048256e-31 2.400850787736402e-26 432
2.60245 6.57840418859917e-30 3.04264246968326e-31 2.130971262610899e-26 200
2.6525 6.625824317292508e-30 3.184880680322291e-31 2.06250119046141e-26 168
2.70254 1.054772299484289e-29 4.034804949631651e-31 3.166939892392221e-26 56
2.75259 5.11671963528663e-30 7.778493574535247e-31 1.487954438096546e-26 7


0.0500471 0.000296492178168792 0.0001090857054179576 68667.94614938153 18
0.100094 0.0170761006301859 0.0001514674475271618 63378.87631493217 62
0.150141 0.01011958703329106 0.0005946740036323587 19775.1526145239 98
0.200188 0.0282378612677751 0.0004411140482396381 20129.13377823965 210
0.250235 0.01752542907505101 0.0004391311052354437 7890.002267875428 350
0.300283 0.01427130951442968 0.0001904436383045384 4142.867243584782 450
0.35033 0.01029286781291164 0.0001183853407048328 2128.305068673495 602
0.400377 0.004740001578846811 0.0001016024349592901 750.153758558103 762
0.450424 0.003083904600624672 5.079121711008845e-05 379.7547945008677 1142
0.500471 0.001766421943394444 3.813788213734137e-05 176.4710526108941 1250
0.550518 0.001173596432821244 2.450365193746256e-05 95.89633287156097 1458
0.600565 0.0008339571223667697 1.797622080801883e-05 56.85762261764838 1814
0.650612 0.0005747424996465846 1.310592486573052e-05 33.32406739383298 2178
0.700659 0.0004174187243615447 1.023498550747664e-05 20.8333505742439 2498
0.750706 0.00034469983680035 8.517312205552108e-06 14.90915235953803 2622
0.800754 0.0002852748548271167 6.421100981270968e-06 10.80143998230601 3338
0.850801 0.0002507318202705863 6.119692880842017e-06 8.414571022120231 3722
0.900848 0.0002039312955144822 6.404357726514596e-06 6.117277822699583 4170
0.950895 0.0002452229759823369 5.163444454711561e-06 6.562964721016618 4358
1.00094 9.587123436863887e-05 3.037471492212703e-06 2.318451478825737 5034
1.05099 5.062284732444181e-31 1.368075430028375e-32 1.108371992723249e-26 5714
1.10104 6.05647367992608e-31 1.593825664006492e-32 1.207092144210284e-26 5982
1.15108 6.83098871118501e-31 1.815819248216317e-32 1.243958904932097e-26 6602
1.20113 7.347865588909205e-31 2.125442752187187e-32 1.227968250645753e-26 7130
1.25118 8.347173935554886e-31 2.379949214636559e-32 1.284968498910358e-26 8034
1.30122 9.412539303423207e-31 2.706443335261507e-32 1.339631665737701e-26 8606
1.35127 1.032984904630585e-30 3.235921868331941e-32 1.363142111576801e-26 9066
1.40132 1.134652859067591e-30 3.417836901238775e-32 1.391244331336596e-26 9962
1.45137 1.263555208411384e-30 3.909114116529173e-32 1.443929346324453e-26 10550
1.50141 1.430320884055412e-30 4.404114229244377e-32 1.526428338996616e-26 11226
1.55146 1.532332303658484e-30 5.048768678464677e-32 1.531138568369706e-26 12146
1.60151 1.654943893995146e-30 5.396607255288824e-32 1.550664804457291e-26 12303
1.65155 1.805676970632714e-30 6.00237731700113e-32 1.590086352068033e-26 12584
1.7016 1.935516087028204e-30 6.742852765132426e-32 1.605934858476612e-26 12120
1.75165 2.136474702200775e-30 7.139195132862666e-32 1.672039628567149e-26 11180
1.8017 2.313752921312862e-30 8.421319573994028e-32 1.711531008775039e-26 11096
1.85174 2.407081301762339e-30 8.79193390257048e-32 1.685446995242822e-26 10056
1.90179 2.64925772823255e-30 9.912155681955374e-32 1.758403184458277e-26 9716
1.95184 2.864856277816396e-30 1.080991427565611e-31 1.804728155397436e-26 8604
2.00188 3.122370419695335e-30 1.138854010756357e-31 1.868922052737464e-26 8060
2.05193 3.369213590364453e-30 1.294821475715005e-31 1.919515884806513e-26 7320
2.10198 3.50260704033426e-30 1.436538218408076e-31 1.902377562912157e-26 6356
2.15203 3.730307181742078e-30 1.501096376809941e-31 1.93217880417491e-26 5348
2.20207 4.06062107859706e-30 1.646277283425539e-31 2.007749986090647e-26 4308
2.25212 4.406901176473922e-30 1.776711904464257e-31 2.083003256561784e-26 3563
2.30217 4.728883179603436e-30 1.890450767342468e-31 2.139593022571159e-26 2448
2.35221 4.969412910862756e-30 2.189662795133073e-31 2.152902747764754e-26 1868
2.40226 5.204958771228237e-30 2.380887013804401e-31 2.160226380858917e-26 1358
2.45231 5.779974568663048e-30 2.351543472014985e-31 2.300509954803775e-26 1062
2.50235 6.112881662861774e-30 2.720751631274144e-31 2.340072282949328e-26 776
2.5524 7.244724345633691e-30 2.824515776986733e-31 2.668351029918414e-26 432
2.60245 6.712844671763398e-30 2.7168555590429e-31 2.370423851991308e-26 200
2.6525 6.007561208026861e-30 3.066690925031669e-31 2.039245122489461e-26 168
2.70254 8.153843689907353e-30 4.208907239176926e-31 2.67062695355901e-26 56
2.75259 5.059855492822966e-30 7.833346372773512e-31 1.605217117545431e-26 7


0.0500471 0.004617720493480333 1.091271691835681e-05 105131.7036988645 18
0.100094 0.008588237694574851 0.0002668785740447714 46891.50073691529 62
0.150141 0.025023149962669 0.000206435241960869 36681.11444924742 98
0.200188 0.02040096070950718 0.000485255967662171 16735.06008986357 210
0.250235 0.01965551840979907 0.0003073869312144483 9307.684046903805 350
0.300283 0.00817412481936065 0.0002599513127564553 2732.771733186483 450
0.35033 0.004890512620330459 0.0001922831008778845 1173.272455768425 602
0.400377 0.004872021657220955 7.612550669145586e-05 829.4107994637501 762
0.450424 0.002096517463265587 5.86641312954781e-05 285.2300295129667 1142
0.500471 0.001549991408577928 3.424690966467891e-05 168.2424803886717 1250
0.550518 0.001243263361188159 1.731061068033531e-05 109.4664245437397 1458
0.600565 0.0007009813547926534 1.682175282235709e-05 51.96085353947656 1814
0.650612 0.0005493323833347434 1.074021909873428e-05 34.46396396629584 2178
0.700659 0.0003385672681544742 9.824689046926238e-06 18.37876062571084 2498
0.750706 0.0003201403674787019 7.228384813108136e-06 14.99578196289682 2622
0.800754 0.0002527134486910329 5.714130048504516e-06 10.37289986114199 3338
0.850801 0.0002247306729234561 5.380313175616432e-06 8.173195083184028 3722
0.900848 0.0001879203559133728 5.50233355719992e-06 6.105440049817211 4170
0.950895 0.0002196338341006468 4.54780743988728e-06 6.368576558659427 4358
1.00094 7.898062323045613e-05 2.847843510847356e-06 2.072913084809519 5034
1.05099 4.933330073782559e-31 1.293463928583729e-32 1.170116697955881e-26 5714
1.10104 5.755166220608208e-31 1.567306264055565e-32 1.243085193704145e-26 5982
1.15108 6.431669155683076e-31 1.792520837258152e-32 1.269310644206385e-26 6602
1.20113 7.1528520435487e-31 2.007157600853559e-32 1.294804829494568e-26 7130
1.25118 8.004583001275588e-31 2.283630750822662e-32 1.334915792759551e-26 8034
1.30122 8.886937158516222e-31 2.633171998035857e-32 1.370382474589986e-26 8606
1.35127 1.033610369441871e-30 2.928877538820273e-32 1.476762813846866e-26 9066
1.40132 1.097827410539607e-30 3.295646869521198e-32 1.458078403602885e-26 9962
1.45137 1.236889172933729e-30 3.734119105363348e-32 1.530854399568351e-26 10550
1.50141 1.361242790965856e-30 4.215048818696296e-32 1.573545108731497e-26 11226
1.55146 1.524475323343769e-30 4.638860985614857e-32 1.649379364481041e-26 12146
1.60151 1.607071270710114e-30 5.094010934683811e-32 1.630776557432404e-26 12303
1.65155 1.763458787516059e-30 5.661560502360114e-32 1.681705498967839e-26 12584
1.7016 1.908524224584769e-30 6.274051516715837e-32 1.714717938715481e-26 12120
1.75165 2.062749891736202e-30 6.721920025161228e-32 1.748252405163245e-26 11180
1.8017 2.267952169736273e-30 7.844758739492728e-32 1.816648639488317e-26 11096
1.85174 2.353279836115021e-30 8.281871135918834e-32 1.784358709978799e-26 10056
1.90179 2.59371812291147e-30 9.317279337222998e-32 1.864208442410391e-26 9716
1.95184 2.785515208027293e-30 1.0163024782968e-31 1.900202255996031e-26 8604
2.00188 3.027659435963025e-30 1.088931578276956e-31 1.962527718560519e-26 8060
2.05193 3.237617313069894e-30 1.220021637232503e-31 1.997482523267241e-26 7320
2.10198 3.501573094175413e-30 1.304279148158135e-31 2.059052831718467e-26 6356
2.15203 3.51079708233937e-30 1.438069077801592e-31 1.969436752707908e-26 5348
2.20207 3.926629636951601e-30 1.537570528584961e-31 2.102359385682733e-26 4308
2.25212 4.230397820336765e-30 1.669854708062601e-31 2.165290786961737e-26 3563
2.30217 4.39140851012141e-30 1.81172444602197e-31 2.15183596095989e-26 2448
2.35221 4.999565217309332e-30 1.979158491740578e-31 2.344972350761846e-26 1868
2.40226 5.260729077379837e-30 2.151434088909006e-31 2.363796092834591e-26 1358
2.45231 5.553320134530083e-30 2.213106544364201e-31 2.39340169550492e-26 1062
2.50235 5.887309528336628e-30 2.59513177904387e-31 2.440478807685427e-26 776
2.5524 6.33077873297673e-30 3.061530133338458e-31 2.526130547114968e-26 432
2.60245 6.113392569321939e-30 2.713565438747165e-31 2.338080686559489e-26 200
2.6525 6.333688564754282e-30 2.75854712071644e-31 2.327400283986297e-26 168
2.70254 8.210296247647546e-30 4.173081155970293e-31 2.911967083125366e-26 56
2.75259 1.57193858674252e-29 3.203406601914946e-31 5.370719757317143e-26 7


0.0500471 0.0008955877053742888 7.385935545840767e-05 76105.35734809998 18
0.100094 0.01044890307321284 0.0001820796440178554 53337.62239095482 62
0.150141 0.01100833698874567 0.0004138947269157577 22863.12880160695 98
0.200188 0.02115739636691693 0.0003762944136395272 18243.29108915426 210
0.250235 0.01353390960358064 0.0003568799055529477 7294.455341165253 350
0.300283 0.0115790520502842 0.00014685636048762 3951.114452666224 450
0.35033 0.008361264936415263 9.084317191523224e-05 2027.05347880859 602
0.400377 0.002992162163900195 9.672915799178506e-05 568.9576460943892 762
0.450424 0.002393102213732758 4.181228715663035e-05 346.033256813186 1142
0.500471 0.001428281647491412 2.979151127142376e-05 167.0898200865799 1250
0.550518 0.0007535101501225346 2.328355495533036e-05 72.89471358604938 1458
0.600565 0.0006646262934891325 1.426562086722639e-05 53.02005189023633 1814
0.650612 0.0004759083517375379 9.97196575647327e-06 32.22744219817859 2178
0.700659 0.0003147741605580145 8.533321611411325e-06 18.40228081875707 2498
0.750706 0.0002977934581873685 6.21651324893416e-06 15.01951673739907 2622
0.800754 0.0002204315228210019 5.255012780383177e-06 9.757218597482849 3338
0.850801 0.0002060923569210582 4.702082058927511e-06 8.072513869150322 3722
0.900848 0.0001707766315451636 4.860897946481778e-06 5.977045867490728 4170
0.950895 0.0001959289866186047 4.099638019837883e-06 6.120598840026594 4358
1.00094 7.329149833215905e-05 2.476763299502023e-06 2.071186775130482 5034
1.05099 4.811149344136828e-31 1.245111836417248e-32 1.229142224892319e-26 5714
1.10104 5.492663094692529e-31 1.514128218276648e-32 1.278076472207482e-26 5982
1.15108 6.25459153358236e-31 1.726648351411445e-32 1.329454048231917e-26 6602
1.20113 7.001566333082902e-31 1.913504811704097e-32 1.364845197445127e-26 7130
1.25118 7.83885833726469e-31 2.153600864736112e-32 1.407601838701246e-26 8034
1.30122 8.770078042737612e-31 2.461720306696238e-32 1.455987781482971e-26 8606
1.35127 9.737718814860244e-31 2.864345758917682e-32 1.498601458239025e-26 9066
1.40132 1.085466301140077e-30 3.132072578418362e-32 1.5522017092477e-26 9962
1.45137 1.208207517260704e-30 3.571555450032331e-32 1.61013784998723e-26 10550
1.50141 1.321464359025306e-30 3.973090751931103e-32 1.644705911734571e-26 11226
1.55146 1.495655625156667e-30 4.381878827263614e-32 1.74218610615175e-26 12146
1.60151 1.562682298249228e-30 4.835441690939942e-32 1.707324296024392e-26 12303
1.65155 1.701363728600794e-30 5.354941182991407e-32 1.74691170171699e-26 12584
1.7016 1.843921948662368e-30 5.969028366205457e-32 1.783726313446168e-26 12120
1.75165 2.008588621481716e-30 6.390737878890783e-32 1.832803937319392e-26 11180
1.8017 2.224517757791481e-30 7.313575705166449e-32 1.918219222154383e-26 11096
1.85174 2.300566083213582e-30 7.795974195352102e-32 1.877948254034913e-26 10056
1.90179 2.5636328658491e-30 8.828473286576135e-32 1.983621316613449e-26 9716
1.95184 2.727393981366454e-30 9.486643535649867e-32 2.002909981462232e-26 8604
2.00188 2.923719888141229e-30 1.032518076943117e-31 2.040325572058212e-26 8060
2.05193 3.12857152930208e-30 1.160342480569453e-31 2.078068728088272e-26 7320
2.10198 3.34302347463788e-30 1.266708289947316e-31 2.116596671310981e-26 6356
2.15203 3.488349816737458e-30 1.326126059675451e-31 2.106382657943816e-26 5348
2.20207 3.949326795370076e-30 1.406384008698906e-31 2.275949222682086e-26 4308
2.25212 4.132428963643083e-30 1.587813145859348e-31 2.277034549073802e-26 3563
2.30217 4.377726575640459e-30 1.682303408726724e-31 2.309040310649225e-26 2448
2.35221 4.718795992089746e-30 1.912345842667497e-31 2.382941435494204e-26 1868
2.40226 4.985255312877552e-30 2.044919261892185e-31 2.411600256566903e-26 1358
2.45231 5.125143035944275e-30 2.117878101872422e-31 2.378238155428896e-26 1062
2.50235 5.86528292370925e-30 2.421087204485696e-31 2.61713931298701e-26 776
2.5524 6.782386171207098e-30 2.451263143299753e-31 2.911712342463279e-26 432
2.60245 6.382318275838634e-30 2.668733336251639e-31 2.627466806877094e-26 200
2.6525 6.64789628104237e-30 2.550167457985973e-31 2.629197489867733e-26 168
2.70254 9.747291927405885e-30 2.746412348853821e-31 3.717869734591026e-26 56
2.75259 1.014130325625482e-29 4.666086449932113e-31 3.734494091911279e-26 7


0.0500471 0.002950714259949282 2.408356698052181e-05 95728.62568905758 18
0.100094 0.009895747779228258 0.0001572656983940777 54043.3585806842 62
0.150141 0.01723767369696569 0.0002259031673446926 31430.01715350308 98
0.200188 0.01774186653652846 0.0003671247671389534 16906.74493386924 210
0.250235 0.01622203633064354 0.0002417043287015621 8965.381000394698 350
0.300283 0.006499568754552091 0.0002119995153460783 2557.657146410904 450
0.35033 0.00421076019279188 0.0001497529619026271 1172.531072955745 602
0.400377 0.004295482977456848 5.428959908502565e-05 843.5377404200929 762
0.450424 0.00191847162793591 4.260564010634262e-05 300.447415633718 1142
0.500471 0.001292221007130131 2.68172767651192e-05 162.3315243653151 1250
0.550518 0.0007904495960089167 1.867424233958272e-05 81.44900953233702 1458
0.600565 0.0006132715147371964 1.257687051282261e-05 52.45224506918574 1814
0.650612 0.0003959623349196154 9.747255432694322e-06 28.85623615352537 2178
0.700659 0.0003303363332693715 6.650197490528552e-06 20.61243616957676 2498
0.750706 0.0002657520593936278 5.676642546471793e-06 14.37793374669289 2622
0.800754 0.000191795781178124 4.905152432374117e-06 9.112668920873233 3338
0.850801 0.0001914212018120255 4.114003970659441e-06 8.0331697752944 3722
0.900848 0.0001545328933227856 4.372499386894649e-06 5.79841425994047 4170
0.950895 0.0001765533447523042 3.709042603399875e-06 5.911720238080008 4358
1.00094 6.963298749340778e-05 2.141948664885563e-06 2.107278845947277 5034
1.05099 4.673012264009015e-31 1.196117890802433e-32 1.279430547677979e-26 5714
1.10104 5.403399164484828e-31 1.418099874597702e-32 1.346958624937817e-26 5982
1.15108 6.15753563148024e-31 1.622572393227017e-32 1.402145415332638e-26 6602
1.20113 6.839533371712393e-31 1.845404936014204e-32 1.428616651441171e-26 7130
1.25118 7.606500506978824e-31 2.087500113766801e-32 1.46363550020938e-26 8034
1.30122 8.565210245550317e-31 2.372239933946101e-32 1.52358204873788e-26 8606
1.35127 9.68597506849954e-31 2.672145073825983e-32 1.596632161071498e-26 9066
1.40132 1.048575480512875e-30 3.020971221316171e-32 1.606600687449286e-26 9962
1.45137 1.16519438864219e-30 3.453054064453866e-32 1.66376235932209e-26 10550
1.50141 1.301078791191901e-30 3.720446280565088e-32 1.734551405538783e-26 11226
1.55146 1.424852228850043e-30 4.329052114290382e-32 1.778499190820454e-26 12146
1.60151 1.560170540005588e-30 4.542785762175029e-32 1.825730547306375e-26 12303
1.65155 1.666902603137076e-30 5.111664179946e-32 1.833433718070147e-26 12584
1.7016 1.801535090364698e-30 5.681240925650753e-32 1.866825830068179e-26 12120
1.75165 1.985418602924125e-30 6.002458139128788e-32 1.940450331182004e-26 11180
1.8017 2.182107011951535e-30 6.896425480971135e-32 2.015488314173471e-26 11096
1.85174 2.271508606473461e-30 7.373256989180682e-32 1.986088294209526e-26 10056
1.90179 2.532600117743824e-30 8.259993572120231e-32 2.098863977438875e-26 9716
1.95184 2.660704188400144e-30 8.949437418282548e-32 2.092922979581575e-26 8604
2.00188 2.831438383895412e-30 9.694976639180191e-32 2.116483674038394e-26 8060
2.05193 3.094767378466338e-30 1.085299647662737e-31 2.201655990537874e-26 7320
2.10198 3.206342157017325e-30 1.230577219017259e-31 2.174739850834664e-26 6356
2.15203 3.411360597418342e-30 1.247189654864855e-31 2.206326592696556e-26 5348
2.20207 3.821171854496072e-30 1.349648642181598e-31 2.358809730873405e-26 4308
2.25212 4.219953636985933e-30 1.445143522696497e-31 2.490038539323826e-26 3563
2.30217 4.174284206179256e-30 1.593556530267231e-31 2.3584234889626e-26 2448
2.35221 4.663057494036031e-30 1.758783147096211e-31 2.521942941741596e-26 1868
2.40226 5.02076874420747e-30 1.827323460230213e-31 2.600875963573702e-26 1358
2.45231 4.727192844306668e-30 2.037137534275941e-31 2.349931348945071e-26 1062
2.50235 5.923034818233259e-30 2.173343041619111e-31 2.830213875582296e-26 776
2.5524 5.528343640743468e-30 2.619138191112888e-31 2.543823675583875e-26 432
2.60245 6.237622422134375e-30 2.445348516065363e-31 2.750202067828722e-26 200
2.6525 6.237109577060579e-30 2.626750388174629e-31 2.642714609787968e-26 168
2.70254 7.328134953503317e-30 3.743440755724018e-31 2.997291083080227e-26 56
2.75259 1.458451740088308e-29 3.743420096307517e-31 5.74656235101101e-26 7


0.0500471 0.001569150337356418 4.415486405517792e-05 84807.35567782747 18
0.100094 0.005884083199851485 0.0002021534653685713 44845.42185225533 62
0.150141 0.01198705303334895 0.0002804535610894599 26207.88756422658 98
0.200188 0.01618799954167375 0.0003312119259454559 16634.63014109456 210
0.250235 0.01086160101078558 0.0002969506879462131 6859.92088765282 350
0.300283 0.009575313872113916 0.0001187552863837004 3765.99059485687 450
0.35033 0.006421082792338459 8.345905237972542e-05 1802.046427364882 602
0.400377 0.002473592235925969 7.864698260138427e-05 542.6791992042946 762
0.450424 0.001779775605058224 3.804725149464515e-05 297.7957147924645 1142
0.500471 0.001132122891842402 2.52350349338545e-05 152.4134970512242 1250
0.550518 0.0009132223454823419 1.275518643117246e-05 99.38325866323756 1458
0.600565 0.0005169989687456651 1.228365874136668e-05 47.40545728517414 1814
0.650612 0.0003727560044227693 8.571551804760279e-06 28.97763659832745 2178
0.700659 0.0003143497130755656 5.714696591827476e-06 20.91276149161058 2498
0.750706 0.0002284588301498388 5.449154648720664e-06 13.21957241102756 2622
0.800754 0.0001746439458606322 4.443626889004464e-06 8.858542094035352 3338
0.850801 0.0001763236178392753 3.679972699502626e-06 7.895420701605658 3722
0.900848 0.0001417249894145769 3.937235168022531e-06 5.675152395951542 4170
0.950895 0.0001597015143913174 3.38675894052047e-06 5.706946121844739 4358
1.00094 6.527721995464391e-05 1.892723389582948e-06 2.106942407171846 5034
1.05099 4.549389259043677e-31 1.14863966037913e-32 1.328999764754352e-26 5714
1.10104 5.374035647884459e-31 1.34449200717845e-32 1.428858429387558e-26 5982
1.15108 5.976807170695149e-31 1.5263525065561e-32 1.451766203985955e-26 6602
1.20113 6.723807992247697e-31 1.723860484354376e-32 1.497857759507711e-26 7130
1.25118 7.342674376292366e-31 2.03710460473129e-32 1.507454888204832e-26 8034
1.30122 8.472153416085853e-31 2.280619800293464e-32 1.60743772637388e-26 8606
1.35127 9.303616082128208e-31 2.598885641852092e-32 1.636130128815918e-26 9066
1.40132 1.032323606337484e-30 2.879579202472466e-32 1.686978926803797e-26 9962
1.45137 1.185072214262665e-30 3.174995272103913e-32 1.804090774675546e-26 10550
1.50141 1.258346520413086e-30 3.632561338428239e-32 1.789560211119839e-26 11226
1.55146 1.418114970838535e-30 4.059327148420423e-32 1.887544845089915e-26 12146
1.60151 1.487981388565436e-30 4.439807378523721e-32 1.857510380860193e-26 12303
1.65155 1.639443562708813e-30 4.832785909125915e-32 1.923053815961345e-26 12584
1.7016 1.800335547673357e-30 5.328149662449163e-32 1.989339132763891e-26 12120
1.75165 1.871845182859997e-30 5.946044881264685e-32 1.951677472516323e-26 11180
1.8017 2.123576254558357e-30 6.579089496532184e-32 2.091870936074553e-26 11096
1.85174 2.176695005069994e-30 7.189295693854565e-32 2.030016124862397e-26 10056
1.90179 2.510302726993475e-30 7.866468874182689e-32 2.218526366012881e-26 9716
1.95184 2.613571180338764e-30 8.518679302880376e-32 2.192409348918438e-26 8604
2.00188 2.802953935678988e-30 9.252985160655667e-32 2.234319063970302e-26 8060
2.05193 3.036238345084655e-30 1.026389628495667e-31 2.303433081087011e-26 7320
2.10198 3.151137195145089e-30 1.15770993245163e-31 2.279158233989238e-26 6356
2.15203 3.382283912692605e-30 1.182018702711778e-31 2.332687862207223e-26 5348
2.20207 3.784383843701927e-30 1.283030808066582e-31 2.491143510365647e-26 4308
2.25212 4.133839130180298e-30 1.359824580768934e-31 2.601091443815088e-26 3563
2.30217 4.090018167023454e-30 1.54782981574338e-31 2.464375337698503e-26 2448
2.35221 4.545588200706537e-30 1.693050612522355e-31 2.621724269077475e-26 1868
2.40226 4.576247291287828e-30 1.840116075711889e-31 2.528818623739573e-26 1358
2.45231 5.061708235178236e-30 1.796725403902116e-31 2.682135521933338e-26 1062
2.50235 5.643463506116224e-30 2.120969931190377e-31 2.875929024592587e-26 776
2.5524 6.201994703116814e-30 2.104065823335344e-31 3.040978478570769e-26 432
2.60245 5.790737308241581e-30 2.360703106630164e-31 2.723032976018716e-26 200
2.6525 5.959475599098718e-30 2.687706238984686e-31 2.693304927379122e-26 168
2.70254 6.636056010110559e-30 3.684009408527326e-31 2.895468757132487e-26 56
2.75259 2.791277962768739e-30 6.682901594309731e-31 1.186225258102299e-26 7


0.0500471 0.001618519407620403 3.62809885835189e-05 86451.70866689179 18
0.100094 0.01054504281263841 8.434587159224886e-05 59736.38059904586 62
0.150141 0.01145490836522489 0.0002438513755521557 26545.15657382789 98
0.200188 0.01581523044791565 0.0002829508597032907 17143.04019955907 210
0.250235 0.01367428289946183 0.0001963808653090482 8664.330737585331 350
0.300283 0.005365488715666455 0.0001763543120172436 2436.761047647598 450
0.35033 0.00401830196550005 0.0001134557785100582 1259.293011175034 602
0.400377 0.003344285467035888 4.970109361343242e-05 752.5657321983515 762
0.450424 0.001708893210847686 3.297004497293208e-05 303.5412595587335 1142
0.500471 0.00109610265738771 2.174844397992032e-05 156.5860725342571 1250
0.550518 0.0005535998560163805 1.76201217772549e-05 65.6398444086162 1458
0.600565 0.0005033510080827721 1.055515936520197e-05 48.97463248298595 1814
0.650612 0.0003633826097232916 7.324094261347539e-06 29.97701637105817 2178
0.700659 0.0002508318547598261 6.028701698902697e-06 17.83549370593279 2498
0.750706 0.0002059119344689386 5.042909465056181e-06 12.67933301735978 2622
0.800754 0.0001702027609808309 3.815933373317069e-06 9.163832683537127 3338
0.850801 0.0001574979111158559 3.445678097063386e-06 7.502701562530128 3722
0.900848 0.0001338564193983682 3.492635307807234e-06 5.694535829423919 4170
0.950895 0.0001433892808355437 3.154811919655777e-06 5.448956981456212 4358
1.00094 6.055107087440767e-05 1.705570357991505e-06 2.077066833381609 5034
1.05099 4.375307769753713e-31 1.100917348659077e-32 1.358508199116139e-26 5714
1.10104 5.2714613265976e-31 1.28916203992985e-32 1.48940344534362e-26 5982
1.15108 5.890843800260733e-31 1.468424296100795e-32 1.520516017444603e-26 6602
1.20113 6.603284094111631e-31 1.640121972099177e-32 1.56299496427882e-26 7130
1.25118 7.285156220161094e-31 1.937716959582489e-32 1.589032846484092e-26 8034
1.30122 8.359165026204173e-31 2.17769688011374e-32 1.685085325453228e-26 8606
1.35127 9.046378413129369e-31 2.487697333448319e-32 1.690436954438912e-26 9066
1.40132 1.019064536073015e-30 2.741505030633959e-32 1.76922195687134e-26 9962
1.45137 1.123157204639351e-30 3.131260419244743e-32 1.817262454449478e-26 10550
1.50141 1.237922903941185e-30 3.439843077590007e-32 1.870310558215113e-26 11226
1.55146 1.363736123148591e-30 3.964255749556436e-32 1.928869580316716e-26 12146
1.60151 1.467116317232466e-30 4.265189582690474e-32 1.945755057628254e-26 12303
1.65155 1.568178512170642e-30 4.721001957900687e-32 1.954640261667024e-26 12584
1.7016 1.713934364585655e-30 5.231205431034849e-32 2.012475222720598e-26 12120
1.75165 1.841735709807152e-30 5.637390645627696e-32 2.039936431103288e-26 11180
1.8017 2.039651514146731e-30 6.423941434802593e-32 2.134838748662501e-26 11096
1.85174 2.136523578229519e-30 6.841792567229352e-32 2.116746528126137e-26 10056
1.90179 2.38100278776271e-30 7.801523676834443e-32 2.236001182267856e-26 9716
1.95184 2.538004094177958e-30 8.23188331809063e-32 2.261876566578783e-26 8604
2.00188 2.684606312931079e-30 8.965155215234544e-32 2.273642823826701e-26 8060
2.05193 2.934871060469165e-30 9.919384740890345e-32 2.365475732562946e-26 7320
2.10198 3.159573905499374e-30 1.082695968485301e-31 2.427296908870297e-26 6356
2.15203 3.344392634631167e-30 1.114027124929896e-31 2.450064916829698e-26 5348
2.20207 3.699456483212973e-30 1.220695120267684e-31 2.586896727748624e-26 4308
2.25212 4.003888687751003e-30 1.326122111908809e-31 2.676453693707784e-26 3563
2.30217 4.083325159579826e-30 1.457657332361795e-31 2.613333065892674e-26 2448
2.35221 4.413039755322044e-30 1.624862386780461e-31 2.703920353798339e-26 1868
2.40226 4.229359698953477e-30 1.768273829477332e-31 2.483174738971486e-26 1358
2.45231 5.021901553136253e-30 1.67353992255473e-31 2.826460093294416e-26 1062
2.50235 5.25043283964581e-30 2.044430684909341e-31 2.842707545698341e-26 776
2.5524 5.925012703349657e-30 1.884445914487083e-31 3.08577933833914e-26 432
2.60245 5.972323687479501e-30 2.214056060722972e-31 2.982791102407477e-26 200
2.6525 6.521272402796297e-30 2.240885123842137e-31 3.128858406275553e-26 168
2.70254 8.146425415014862e-30 2.460266234688094e-31 3.77040174573771e-26 56
2.75259 7.803817656958688e-30 3.248077951608531e-31 3.486197255258425e-26 7


0.0500471 0.002091435691483919 2.179819878251097e-05 92657.49791818616 18
0.100094 0.003012455073199064 0.000207652134519006 38751.0875443824 62
0.150141 0.01274139047159851 0.0001820856839388478 29405.58649291597 98
0.200188 0.01260377377569524 0.0002971783698254549 15276.97216197882 210
0.250235 0.008959335907781807 0.0002520651856156895 6523.469204654221 350
0.300283 0.008067112757200902 9.901474485663213e-05 3601.374334290322 450
0.35033 0.004892924254387722 8.010675840937628e-05 1573.314041615408 602
0.400377 0.002405318979763322 5.912563455905845e-05 589.3033823313128 762
0.450424 0.001448892665633436 3.27748087468667e-05 275.1422324030734 1142
0.500471 0.0009683942348359217 2.077288148568137e-05 147.2241874276083 1250
0.550518 0.0006738860014223967 1.270030334535535e-05 83.32195607323442 1458
0.600565 0.0004736113817686481 9.448767289181437e-06 48.81593061817424 1814
0.650612 0.000320706104289379 7.00237806247565e-06 28.09943716493002 2178
0.700659 0.0002193850302987956 5.782899543450793e-06 16.57284562191203 2498
0.750706 0.0002004572179628385 4.377788821592867e-06 13.05767254161174 2622
0.800754 0.0001648214399294325 3.310980647762411e-06 9.389601456070604 3338
0.850801 0.0001373544756491096 3.331456112329134e-06 6.943281979145296 3722
0.900848 0.0001298728700411389 3.043977953685465e-06 5.846097447486075 4170
0.950895 0.000127058179347789 3.006353335128733e-06 5.119348629247875 4358
1.00094 5.632778787168139e-05 1.5482337680564e-06 2.046496433131795 5034
1.05099 4.22753015212934e-31 1.062065285992073e-32 1.390493249540411e-26 5714
1.10104 5.071562449506168e-31 1.246270179134599e-32 1.517852150852622e-26 5982
1.15108 5.699897825261751e-31 1.410644521119618e-32 1.558193648035693e-26 6602
1.20113 6.350100851584784e-31 1.607192832210585e-32 1.59215798404323e-26 7130
1.25118 7.156277698331495e-31 1.876893203551578e-32 1.653000643710518e-26 8034
1.30122 8.034462882506312e-31 2.134304203723737e-32 1.715480428753055e-26 8606
1.35127 8.984572720754077e-31 2.361699240104394e-32 1.777437005695971e-26 9066
1.40132 9.915628221267363e-31 2.673254987191606e-32 1.82305226619148e-26 9962
1.45137 1.087893802936479e-30 3.058823892965814e-32 1.864088418758922e-26 10550
1.50141 1.213587436227737e-30 3.31051449984749e-32 1.941385815241484e-26 11226
1.55146 1.355119818083959e-30 3.730739464804981e-32 2.029026752474467e-26 12146
1.60151 1.436853564659085e-30 4.120085799870278e-32 2.017707268522487e-26 12303
1.65155 1.580960172879665e-30 4.443044442857994e-32 2.085909797267648e-26 12584
1.7016 1.709499909561569e-30 4.963776843589493e-32 2.124941016322203e-26 12120
1.75165 1.831300257994477e-30 5.312690135902375e-32 2.147235462544631e-26 11180
1.8017 2.012434605330211e-30 6.085033656083302e-32 2.229875865098313e-26 11096
1.85174 2.157097706736842e-30 6.419653520037554e-32 2.262149976621702e-26 10056
1.90179 2.396002696611213e-30 7.366892983389384e-32 2.381802545443423e-26 9716
1.95184 2.462233801453419e-30 7.988873545073307e-32 2.32335902089055e-26 8604
2.00188 2.640179250253082e-30 8.512959511245175e-32 2.367124699428993e-26 8060
2.05193 2.850662265996466e-30 9.409284103616322e-32 2.432419657672235e-26 7320
2.10198 3.181255356285542e-30 1.025883090541291e-31 2.587021512349833e-26 6356
2.15203 3.206502122378636e-30 1.090508763569679e-31 2.487202157185461e-26 5348
2.20207 3.563453053883197e-30 1.201733067037202e-31 2.638323988896552e-26 4308
2.25212 3.879678567792725e-30 1.300066488706255e-31 2.745817222900798e-26 3563
2.30217 4.062322583759076e-30 1.373252109598178e-31 2.752128325198628e-26 2448
2.35221 4.304243085724001e-30 1.578146262330304e-31 2.792062623038769e-26 1868
2.40226 4.173474661523622e-30 1.665583755272542e-31 2.59389562881471e-26 1358
2.45231 4.817185791871661e-30 1.566094641230731e-31 2.870174713216618e-26 1062
2.50235 4.965472397491224e-30 1.971799205444648e-31 2.846363863369975e-26 776
2.5524 5.524326257206145e-30 1.893287870926977e-31 3.046345881432491e-26 432
2.60245 6.106081574753585e-30 1.996056876785736e-31 3.227565396199935e-26 200
2.6525 6.634834294930444e-30 2.055958744383659e-31 3.369346445896928e-26 168
2.70254 8.741986508193555e-30 2.101991651811391e-31 4.281676814496123e-26 56
2.75259 1.350015300769445e-29 2.033750343971285e-31 6.374544919415073e-26 7


0.0500471 0.0006912710764246123 4.411725909189611e-05 79120.2668168612 18
0.100094 0.01041570035438954 4.205176676387966e-05 63065.63063683073 62
0.150141 0.007262813234434575 0.0002548910472902182 22336.70689635098 98
0.200188 0.01427774633929798 0.0002222385871592003 17347.80764515249 210
0.250235 0.0117265217469886 0.0001635570559490069 8400.415305766825 350
0.300283 0.004533767229531284 0.0001495400393421481 2341.850430174016 450
0.35033 0.003861954974203011 8.679145262622431e-05 1343.614152133708 602
0.400377 0.002503816368545334 4.886502702821623e-05 641.6424927827546 762
0.450424 0.001470799652018863 2.74916374021311e-05 293.3244808846563 1142
0.500471 0.0008959794517416806 1.910632571049205e-05 144.1163010946946 1250
0.550518 0.0006487746759066401 1.111615929985732e-05 84.62544544270752 1458
0.600565 0.0003972514150768762 9.561419850397775e-06 43.51618612719388 1814
0.650612 0.0002911994610691326 6.567189169554505e-06 26.99252430920656 2178
0.700659 0.0002359303225942133 4.597939569811409e-06 18.7204220973876 2498
0.750706 0.0001886174049545311 3.954068202907697e-06 12.973683668569 2622
0.800754 0.0001459389163272944 3.191700148058137e-06 8.794666366341085 3338
0.850801 0.0001240429347239158 3.13426971991636e-06 6.628730233300552 3722
0.900848 0.0001256144492000875 2.672706786895933e-06 5.965436153065047 4170
0.950895 0.0001123323910610302 2.887816246434518e-06 4.785507158699669 4358
1.00094 5.318784065643053e-05 1.398980743931139e-06 2.039931889082253 5034
1.05099 4.146363356680602e-31 1.017585186856897e-32 1.43989638652171e-26 5714
1.10104 4.972714865342985e-31 1.20367548838184e-32 1.571438761513429e-26 5982
1.15108 5.66453422574413e-31 1.351343969621651e-32 1.634582115134753e-26 6602
1.20113 6.166950822542209e-31 1.582738151833436e-32 1.632854544384335e-26 7130
1.25118 6.912340451930012e-31 1.805325790350387e-32 1.685810700995533e-26 8034
1.30122 7.925378818711366e-31 2.067583225508245e-32 1.786428415913873e-26 8606
1.35127 8.847723998284645e-31 2.268797065315897e-32 1.847705247881722e-26 9066
1.40132 9.806543927320755e-31 2.586161709930738e-32 1.90324017917736e-26 9962
1.45137 1.092221611958231e-30 2.878111140202179e-32 1.975023395328538e-26 10550
1.50141 1.182143620494684e-30 3.239262913165839e-32 1.996473502734584e-26 11226
1.55146 1.337859188134474e-30 3.565227738209694e-32 2.11434321586929e-26 12146
1.60151 1.427996431722263e-30 3.900593442477869e-32 2.116347123739317e-26 12303
1.65155 1.5431119474182e-30 4.296205263911318e-32 2.149115399534995e-26 12584
1.7016 1.691067233291168e-30 4.755951174648968e-32 2.218588981548232e-26 12120
1.75165 1.759144355624764e-30 5.239272064720168e-32 2.177565521116126e-26 11180
1.8017 1.991329377831845e-30 5.794868180813089e-32 2.328748698496052e-26 11096
1.85174 2.074084327326821e-30 6.327586455814357e-32 2.296194407129734e-26 10056
1.90179 2.330764431218333e-30 7.140146821452374e-32 2.445637385030893e-26 9716
1.95184 2.506425676889274e-30 7.492653376102814e-32 2.49564677829732e-26 8604
2.00188 2.632021399195289e-30 8.128667851739377e-32 2.490463397340147e-26 8060
2.05193 2.847921697136728e-30 8.80941981233336e-32 2.56443308265492e-26 7320
2.10198 3.12123573292903e-30 9.9236688758661e-32 2.678988811044922e-26 6356
2.15203 3.175704374166123e-30 1.032536106607131e-31 2.599655517135898e-26 5348
2.20207 3.521153951844651e-30 1.133424295394662e-31 2.751272466375659e-26 4308
2.25212 3.803730691897239e-30 1.264028711105233e-31 2.841357463613474e-26 3563
2.30217 3.9399636456489e-30 1.352337186507547e-31 2.81743410535464e-26 2448
2.35221 4.205527869251957e-30 1.499976949929048e-31 2.879144912282887e-26 1868
2.40226 4.063943258347396e-30 1.576102985334874e-31 2.665699485063502e-26 1358
2.45231 4.671682510970736e-30 1.551437739616503e-31 2.937978872776295e-26 1062
2.50235 4.836628352248895e-30 1.910334428686569e-31 2.926267434234743e-26 776
2.5524 5.1768097428177e-30 1.861530783700102e-31 3.013369457066237e-26 432
2.60245 6.103170400153441e-30 1.996624194756263e-31 3.404829320878793e-26 200
2.6525 6.261431968045731e-30 1.879382759409552e-31 3.355728547667514e-26 168
2.70254 8.537975360207438e-30 1.935756272350334e-31 4.412941893419848e-26 56
2.75259 1.55272777111392e-29 2.043610313826219e-31 7.736875757025638e-26 7


