0.0456435 6.087998896507132e-06 7.487040780506002e-07 0.656375441768197 18
0.091287 3.987257317019252e-05 6.941855236378806e-06 1.102347256919319 62
0.13693 0.0001316895295888417 1.955906547234092e-05 1.545559036042398 98
0.182574 0.0003145309543239672 6.772552328419746e-05 2.048610276859499 210
0.228217 0.0006332361212831331 0.0001519091535728544 2.664220019380353 350
0.273861 0.0009285898398220449 0.0002521660722079927 2.722675810664439 450
0.319504 0.001505948383092912 0.0003921941192856483 3.213819071675169 602
0.365148 0.002071488696654994 0.0006295831356371399 3.365120705627521 762
0.410791 0.002732900036984111 0.001086685879067048 3.524098229956666 1142
0.456435 0.003586930814714263 0.00149454988431476 3.758405486205194 1250
0.502078 0.004401095551381273 0.002113981707616123 3.798779783698681 1458
0.547722 0.00595543325605187 0.00280681428876451 4.305163311233291 1814
0.593365 0.006878113563236288 0.003803126994873504 4.242663079259475 2178
0.639009 0.008569676565324112 0.004989645426754059 4.559760650837409 2498
0.684652 0.01011703203100337 0.006751952457341604 4.677711806530086 2622
0.730296 0.01141676679387395 0.008140727808317632 4.632604618806371 3191
0.775939 0.01290825114604117 0.009832925882018916 4.643846999650036 3044
0.821583 0.01506195429364341 0.01186440265757471 4.837268527475356 2736
0.867226 0.016604261102274 0.01509444879103366 4.780783823172181 2276
0.91287 0.01916979562882868 0.01782278978723772 4.976045481031663 2016
0.958513 0.02007295274043959 0.02085848496422184 4.729113999675631 1640
1.00416 0.009202772971878024 0.01041888733420364 1.975152147652903 1056
1.0498 2.347208546250111e-33 1.775962230659889e-33 4.603715408348744e-31 683
1.09544 2.604740695905908e-33 2.077393410517301e-33 4.698630650240242e-31 350
1.14109 2.43128545944468e-33 1.819914003440098e-33 4.046150181092448e-31 192
1.18673 3.643211078655025e-33 1.580153967830745e-33 5.587300255137101e-31 44
1.23237 2.760144616970701e-33 1.439677782501802e-33 3.89551851025923e-31 25


0.0456435 4.173191841715871e-05 2.537329064337321e-07 86.0990235084041 18
0.091287 0.000310891919193011 9.155972595172535e-06 113.1398938424922 62
0.13693 0.0005923502960581322 6.172278692447987e-05 86.5575493758765 98
0.182574 0.0007998954323959776 0.0002929321005444252 67.83034059098965 210
0.228217 0.0001568858408116538 0.0007136325742434921 18.43990234681122 350
0.273861 0.0007043149109678711 0.0007460459025528288 27.47262447984447 450
0.319504 0.003367692331078636 0.000340801754880139 76.04847844473433 602
0.365148 0.005238252102415525 5.562443503495432e-05 87.88648329664258 762
0.410791 0.002912503303568468 0.0006094858810917614 39.49625064032045 1142
0.456435 0.0006850598883576394 0.001220060963972703 8.618612743837913 1250
0.502078 0.002049170195948019 0.0009423482223680679 18.74527815864777 1458
0.547722 0.004667746541897287 0.0004444499320593544 34.64883846999501 1814
0.593365 0.004454977577913774 0.0005798973454429951 28.20291892121585 2178
0.639009 0.003313635889184229 0.0009543549221539675 18.20437874136687 2498
0.684652 0.004201403322720072 0.0009607727987863383 19.95222141231948 2622
0.730296 0.004448063080729882 0.0007751671670789479 18.46632262275856 3191
0.775939 0.00408633524720931 0.0009034329859800426 15.04543762336896 3044
0.821583 0.004035558419078314 0.000815519847978236 13.24082971039797 2736
0.867226 0.00330351724496248 0.001072401321234933 9.73909161665614 2276
0.91287 0.003248865155610414 0.001115047432142567 8.630232822236513 2016
0.958513 0.003779721620755097 0.001004026267812715 9.085970758706566 1640
1.00416 0.001877454118866524 0.0004114696418559071 4.104106286150462 1056
1.0498 2.031500769393636e-31 5.287470644486376e-32 4.061980350678015e-28 683
1.09544 2.479544865336442e-31 6.088884296316836e-32 4.556046833442366e-28 350
1.14109 2.286875245046321e-31 7.526279303134989e-32 3.880341688895224e-28 192
1.18673 2.960646962050108e-31 7.586558618940283e-32 4.624635450384667e-28 44
1.23237 2.565651850490618e-31 9.76192404209629e-32 3.693227114477092e-28 25


0.0456435 9.7324573395733e-07 3.18762839679531e-06 56.4629025728957 18
0.091287 2.990957210342094e-05 2.160264389545993e-05 57.30880211053345 62
0.13693 0.000178875492109335 3.194257267038891e-05 61.6719425719348 98
0.182574 0.0007168624526772299 2.175816974479624e-05 104.3859973689935 210
0.228217 0.001175643261734595 3.511984108437598e-05 104.9474248434435 350
0.273861 0.0004752496416756841 0.0002446542117792929 35.07582415385639 450
0.319504 0.0001603998440157027 0.0003754027738325088 12.62106696602012 602
0.365148 0.001463810841485175 0.000137473440723489 48.55727439520828 762
0.410791 0.001702107215669382 0.0001007110650098673 43.8795639580315 1142
0.456435 0.0005414974765357813 0.0003972073686097708 12.62609225999361 1250
0.502078 0.000885922491950891 0.0003357381363940941 15.83080177945253 1458
0.547722 0.001700204221671063 0.0001956969559342489 24.35283488382338 1814
0.593365 0.001327231906170829 0.0003065870319417723 16.35088419624424 2178
0.639009 0.00141359411051764 0.0003242622402071353 14.94570328576497 2498
0.684652 0.001959605379639572 0.0002858208806726032 17.80574277118863 2622
0.730296 0.001540034547668527 0.0003362713138229463 12.31523143795463 3191
0.775939 0.001471385620077157 0.0003654379561374529 10.42387553310316 3044
0.821583 0.001350666623578222 0.0003522955807130032 8.527355449288006 2736
0.867226 0.001449777065468674 0.0003576020075394848 8.181060016478208 2276
0.91287 0.001704824471442789 0.0003147804656493575 8.633262154934251 2016
0.958513 0.001939998285073472 0.000266529332813339 8.886009274468817 1640
1.00416 0.0008897773322902996 0.000115955530863285 3.708022796413939 1056
1.0498 1.702021836315397e-31 3.90408252894571e-32 6.504587415436739e-28 683
1.09544 1.809634306142009e-31 4.752590905719915e-32 6.361220991788086e-28 350
1.14109 2.174192983946461e-31 5.677164613150618e-32 7.045095572604409e-28 192
1.18673 2.024619912407759e-31 5.136477879758725e-32 6.042090324558889e-28 44
1.23237 2.241257292460433e-31 6.982325764585097e-32 6.161429748909407e-28 25


0.0456435 8.103975193824004e-06 2.171221359019291e-07 72.11566584171987 18
0.091287 4.990270726415942e-05 5.312423657258387e-06 77.37717487607345 62
0.13693 5.65077310258803e-05 2.741850571113111e-05 45.81316560737564 98
0.182574 1.985344909553984e-05 9.259070732632771e-05 29.90024547812352 210
0.228217 0.0002610050358497728 0.0001016800673685252 46.88229419621199 350
0.273861 0.0008494431254265461 1.173059090487372e-05 77.07181032075763 450
0.319504 0.0006284058193831752 9.661821500941106e-05 43.52263940460708 602
0.365148 0.0001075855966177626 0.0002296799889483486 9.675696817658654 762
0.410791 0.0008568244214705546 7.521991079323526e-05 33.4225838137236 1142
0.456435 0.0008579799870845937 0.0001016129984136711 27.07550009563737 1250
0.502078 0.0003586693929320698 0.0002178450915118995 10.20696576586389 1458
0.547722 0.0007903356446994903 0.0001445148948994685 17.11889822023569 1814
0.593365 0.0007193214131058149 0.0001754482556049101 13.31168164969778 2178
0.639009 0.0007539533460057894 0.0001887733296617782 11.95723671316396 2498
0.684652 0.001075075358482259 0.0001646784658646976 14.55399737131618 2622
0.730296 0.0008910368385722097 0.0001809049045411884 10.60315460731961 3191
0.775939 0.0008604444597273808 0.0001954134168355952 9.064377132191902 3044
0.821583 0.0007745156791152561 0.0001921846058867296 7.272242042703466 2736
0.867226 0.0009133709569287822 0.0001766085523160191 7.632496430570129 2276
0.91287 0.000998018724108251 0.0001663691028908594 7.489128632834833 2016
0.958513 0.001006141352091348 0.000168920876421057 6.840147261874765 1640
1.00416 0.0002588981813011654 0.0001200280108110075 1.628088921493507 1056
1.0498 1.563893815280716e-31 3.072377549089053e-32 8.845018603116887e-28 683
1.09544 1.719103710074117e-31 3.253097831254407e-32 8.92771464603236e-28 350
1.14109 1.810280934092413e-31 4.253459557319606e-32 8.682033665758862e-28 192
1.18673 1.657124625249786e-31 4.03973608396329e-32 7.323094956015994e-28 44
1.23237 2.762528443515238e-31 5.965827162646596e-32 1.121419819739129e-27 25


0.0456435 1.049869422801821e-06 1.028186332497656e-06 61.6179303760275 18
0.091287 2.201418763413152e-05 5.665180054620914e-06 67.44679684471839 62
0.13693 0.0001007299934078709 4.56372050332626e-06 67.00944439858856 98
0.182574 0.0002914834693824912 2.595254629079517e-06 88.68507032681438 210
0.228217 0.0002120566828298168 5.929347774321836e-05 50.31641737168526 350
0.273861 4.494080092415308e-05 0.000116030783603704 17.14015675992734 450
0.319504 0.0005218493683698944 3.964970422771819e-05 47.31871502795342 602
0.365148 0.0005404284037881661 5.208447045952642e-05 36.69136365088245 762
0.410791 0.000143227581696194 0.0001394835753287718 10.20996762094525 1142
0.456435 0.0006143673115691333 5.548966636669787e-05 25.84894785981123 1250
0.502078 0.0004821537541264238 9.078420974325463e-05 16.97593090499647 1458
0.547722 0.0004342209316390161 0.0001139161673385116 12.87268595349396 1814
0.593365 0.0005067743140238563 0.0001081203663805645 12.52955773826287 2178
0.639009 0.0004233930358034181 0.0001399851642701873 9.13541836067856 2498
0.684652 0.000600165913521838 0.000131615867212483 10.95713901244498 2622
0.730296 0.0006133915395412086 0.0001130555607414879 9.722325520654097 3191
0.775939 0.0005593676817345761 0.0001301362588817135 7.870966286558886 3044
0.821583 0.0005117457385657136 0.0001259887757153395 6.409252793534257 2736
0.867226 0.0005862059075625523 0.0001196357785710831 6.528241601113225 2276
0.91287 0.0006571082806882592 0.0001097124056825812 6.556389112025673 2016
0.958513 0.000655991883194939 0.000112795782178021 5.928564772964229 1640
1.00416 0.0001438792433985957 8.438527545384791e-05 1.219093199678297 1056
1.0498 1.207110661285504e-31 2.759202750364431e-32 9.089253998302305e-28 683
1.09544 1.518626017636879e-31 2.815295109996739e-32 1.046823781434994e-27 350
1.14109 1.871705601645909e-31 3.537478689027808e-32 1.188923221598124e-27 192
1.18673 1.391259870992589e-31 3.571122404722786e-32 8.168177357094091e-28 44
1.23237 2.017292386286884e-31 4.422488708289778e-32 1.086928691387042e-27 25


0.0456435 3.246549583453599e-06 2.278309161741047e-07 68.17393945171445 18
0.091287 1.585214923009114e-05 4.14398285981203e-06 67.24303365744125 62
0.13693 8.289200042973626e-06 1.682338134158849e-05 38.40417417649853 98
0.182574 1.984658078568712e-05 4.160598751992841e-05 36.43377177957117 210
0.228217 0.0002639752713647869 1.904578669963631e-05 66.93877200842869 350
0.273861 0.0003384844483006876 1.968380433870823e-05 55.13864054495778 450
0.319504 5.802807578539437e-05 9.605105598598983e-05 14.52278062675956 602
0.365148 0.0003446700391176319 4.647544998885182e-05 30.4730494379542 762
0.410791 0.0003707778258586716 4.421459590409591e-05 25.03084760604399 1142
0.456435 0.0001613941933254298 0.0001000558223482998 10.40281558021812 1250
0.502078 0.0004265359621417812 4.831762061943204e-05 18.55751648194056 1458
0.547722 0.0003331245079267077 7.804408415591085e-05 12.42777537131044 1814
0.593365 0.0004200414745859276 6.630558786412852e-05 12.93199920896033 2178
0.639009 0.0003856859323207503 8.37817490963218e-05 10.28186879941971 2498
0.684652 0.0003895790182684543 0.0001043588668136906 9.032700204432048 2622
0.730296 0.000415830392520245 8.720990719818154e-05 8.309965591062227 3191
0.775939 0.0004040326871036647 9.3730877100895e-05 7.138555267929148 3044
0.821583 0.0003813223054182863 8.818789462855406e-05 5.981138342006206 2736
0.867226 0.0003799363073110274 9.568314492166467e-05 5.331056035677266 2276
0.91287 0.0004597249312305907 8.227249454814316e-05 5.745124967033447 2016
0.958513 0.0004976086914375878 7.601087633025366e-05 5.611655433755661 1640
1.00416 0.0001119135936058047 5.886779245569356e-05 1.186936330614245 1056
1.0498 1.035006239859715e-31 2.48568576812904e-32 9.75433257995493e-28 683
1.09544 1.315807250961521e-31 2.620221062366146e-32 1.13406532962866e-27 350
1.14109 1.5896859489497e-31 3.312678054914488e-32 1.262609617944358e-27 192
1.18673 1.527095033147291e-31 3.080226386013745e-32 1.115999896342013e-27 44
1.23237 2.254336530199122e-31 4.044900486029021e-32 1.51222805965225e-27 25


0.0456435 1.101024468980663e-06 4.586271446987601e-07 64.05539730571705 18
0.091287 1.789667487071489e-05 1.932615248984439e-06 72.07203136934501 62
0.13693 6.522964496173003e-05 5.334060407715768e-07 66.22136227306356 98
0.182574 0.0001383107472253401 6.192547929173638e-06 72.24628954083299 210
0.228217 3.928945721963093e-05 4.882368146122154e-05 31.73901187290273 350
0.273861 0.0001329092544655673 4.116171735337946e-05 33.79476163369485 450
0.319504 0.0003502975433654395 9.11734438031786e-06 47.54045760685531 602
0.365148 8.339972810381589e-05 7.384551369034054e-05 13.57130551157064 762
0.410791 0.000260462113061998 3.83579421652289e-05 21.79373824529518 1142
0.456435 0.0002845666512262642 4.258831056552208e-05 18.85314037295142 1250
0.502078 0.0001823730991974736 6.751784132315414e-05 10.60543451646452 1458
0.547722 0.0002772000154611248 5.482040097914292e-05 12.43959639734849 1814
0.593365 0.0002629266713331574 6.31348479592914e-05 10.03721899558429 2178
0.639009 0.0003515183919873008 5.190635888342147e-05 11.1552419931976 2498
0.684652 0.0003560758429428527 6.745956400268194e-05 9.831326127857517 2622
0.730296 0.0002992566450001623 7.075678611955793e-05 7.2630008369003 3191
0.775939 0.0003300407821204609 6.716136983129516e-05 7.005280883945683 3044
0.821583 0.0003133058815287822 6.274539557525424e-05 5.898480315637389 2736
0.867226 0.0002740562046664957 7.679446130258199e-05 4.655773553722468 2276
0.91287 0.0003135104312708454 7.116706267986724e-05 4.743706868499955 2016
0.958513 0.0003520233792390718 6.429040939065091e-05 4.788511347016767 1640
1.00416 0.0001206827306144795 3.730497680581719e-05 1.51161725058068 1056
1.0498 1.012073315253057e-31 2.151776235104754e-32 1.143809706236207e-27 683
1.09544 1.203589305703855e-31 2.444282168121388e-32 1.246629023508718e-27 350
1.14109 1.429398598712133e-31 3.165501563523935e-32 1.365145632831555e-27 192
1.18673 1.613683047025318e-31 2.667563000858768e-32 1.411571776506313e-27 44
1.23237 1.98305739170532e-31 3.808607299860088e-32 1.597625225990152e-27 25


0.0456435 1.526578927013761e-06 2.325867194494044e-07 66.13440396930206 18
0.091287 5.418745233604229e-06 3.402822080095951e-06 62.86338943118929 62
0.13693 7.483104151788393e-07 1.112580487805589e-05 38.23438654497841 98
0.182574 3.740839774490386e-05 2.003277094543828e-05 46.64824759687215 210
0.228217 0.0001978700326336252 3.956942387479886e-06 69.29747949250097 350
0.273861 0.0001082572325488403 3.252903094558753e-05 33.34448555116532 450
0.319504 6.564848543285328e-05 5.193972159956286e-05 18.61225302067059 602
0.365148 0.0003000536237158712 9.591908982636116e-06 35.80738351222921 762
0.410791 9.422997636513387e-05 5.460982620544255e-05 11.87208124501185 1142
0.456435 0.0002289739189426987 3.323230348771749e-05 17.93965169151037 1250
0.502078 0.0002099229489407941 4.021581900258707e-05 13.52839124164962 1458
0.547722 0.0002212817115450942 4.356025609293581e-05 11.73709236757319 1814
0.593365 0.000197145808070464 5.293944335442396e-05 8.977364745234217 2178
0.639009 0.0002092069254768898 5.638073793136489e-05 8.086332819003232 2498
0.684652 0.0002721522894692377 5.610918014620014e-05 8.875725483244265 2622
0.730296 0.0002525032758276325 5.336132045749622e-05 7.167944826459489 3191
0.775939 0.0002649652953404322 5.305443921489216e-05 6.598460148595706 3044
0.821583 0.0002538744992524164 4.904517701988322e-05 5.598725078132591 2736
0.867226 0.0002471436374724367 5.497284890805123e-05 4.882409281094032 2276
0.91287 0.0002363719822770468 5.959736707261448e-05 4.207433779474557 2016
0.958513 0.0002273221005860512 6.265959220761601e-05 3.665580966370047 1640
1.00416 0.0001446449869543284 1.916783765892433e-05 2.076677477041872 1056
1.0498 9.548244106122818e-32 1.968110395834283e-32 1.261375371147171e-27 683
1.09544 1.066155952588585e-31 2.532566174876868e-32 1.295775269745652e-27 350
1.14109 1.352124633094252e-31 2.748657093953737e-32 1.506728087843761e-27 192
1.18673 1.345306882680813e-31 2.288777730362782e-32 1.37497494045726e-27 44
1.23237 1.952318117893372e-31 3.152322046420621e-32 1.832845441600058e-27 25


0.0456435 1.107471932129748e-06 2.193113198968363e-07 65.51357612223336 18
0.091287 1.479596977805448e-05 6.224429208179083e-07 74.12731658446617 62
0.13693 4.360965023727294e-05 1.612779367156951e-07 63.09404622537301 98
0.182574 6.632107922571913e-05 9.090318882630097e-06 59.30594341530082 210
0.228217 1.456290617706863e-05 3.417719368831413e-05 29.97407439990777 350
0.273861 0.0001604794618307304 1.154473345547219e-05 45.76234024184659 450
0.319504 0.0001644856417990222 1.959221666440217e-05 33.84547217785569 602
0.365148 5.337608133723034e-05 4.835469488416572e-05 13.18910775143436 762
0.410791 0.0002221239841904142 1.431113642968618e-05 24.26600745792332 1142
0.456435 9.826496540975711e-05 4.629530977825143e-05 10.61912821428511 1250
0.502078 0.0001872367621518203 2.975029561425298e-05 13.78391684590179 1458
0.547722 0.0001659398739701222 3.910387839258672e-05 10.36398580516793 1814
0.593365 0.0002176084865791271 3.161756149381787e-05 10.9786925542397 2178
0.639009 0.0001894058849742169 4.259506698715389e-05 8.351721358985767 2498
0.684652 0.0002063640795207218 4.968419148549577e-05 7.838893925755222 2622
0.730296 0.0002133342534456286 4.248399828761495e-05 6.955150361040574 3191
0.775939 0.0001987762383502582 4.753236583989177e-05 5.746824247464402 3044
0.821583 0.0001915382410463971 4.386811381940272e-05 4.891415655119705 2736
0.867226 0.0002264791140071955 4.002110113912509e-05 5.09797510090633 2276
0.91287 0.0002191929247323634 4.35432881783655e-05 4.442874662956058 2016
0.958513 0.00019702371352988 4.922687748698832e-05 3.635595356257155 1640
1.00416 0.0001289545795236742 1.349353649197636e-05 2.112294099110556 1056
1.0498 9.086859174787926e-32 1.815437723553895e-32 1.374965532287463e-27 683
1.09544 9.292380870531156e-32 2.365904682458164e-32 1.297446219950065e-27 350
1.14109 1.188945691928304e-31 2.455230143301423e-32 1.518271144039377e-27 192
1.18673 1.389302354913936e-31 2.743805080643975e-32 1.63036611916917e-27 44
1.23237 1.593066358283938e-31 3.525125701572616e-32 1.721604733446351e-27 25


0.0456435 7.234502688053948e-07 2.287186488321949e-07 64.90300094510503 18
0.091287 1.543760367595713e-06 2.799916329079516e-06 61.10158379355398 62
0.13693 1.704868294746759e-06 7.414175392062435e-06 40.7417632182642 98
0.182574 4.713494974937977e-05 9.356872733471811e-06 55.11643247526311 210
0.228217 0.000131961807858002 3.704364772167131e-06 63.2535757395023 350
0.273861 2.68385011839765e-05 3.237811882128549e-05 22.4937505526236 450
0.319504 0.0001135359786252118 2.147713094920856e-05 28.9627472443369 602
0.365148 0.0001631216968146151 1.588592981187644e-05 27.34488225005764 762
0.410791 7.116644861892898e-05 3.624002294035574e-05 11.99400648168277 1142
0.456435 0.000185369219971675 1.721492524232675e-05 18.61739367957799 1250
0.502078 0.0001088822307149508 3.523662332026337e-05 9.962588343138783 1458
0.547722 0.0001482889065667418 3.094722141525006e-05 10.44799997516687 1814
0.593365 0.0001365011281427412 3.632394539914405e-05 8.217843501185744 2178
0.639009 0.0001838853163353777 3.048849289528887e-05 9.030466958441361 2498
0.684652 0.0001983454435772052 3.64459295503974e-05 8.409534089098695 2622
0.730296 0.0001702612763920759 3.758583368746889e-05 6.333777324420307 3191
0.775939 0.0001803793479486678 3.707357245154934e-05 5.863329069347416 3044
0.821583 0.0001605656098949197 3.692147038435746e-05 4.645699978962431 2736
0.867226 0.0001742446937242783 3.70164795219259e-05 4.468169883691373 2276
0.91287 0.0001852541152092468 3.631250886911695e-05 4.24281264829988 2016
0.958513 0.0002045752824498855 3.298031459365511e-05 4.203324360616001 1640
1.00416 7.33199667961507e-05 1.885575625093045e-05 1.387939904782392 1056
1.0498 8.192856698808176e-32 1.953948099931136e-32 1.407473126023279e-27 683
1.09544 8.96207733454746e-32 2.17673914567864e-32 1.410926026019793e-27 350
1.14109 1.07986333320953e-31 2.147437836028072e-32 1.55417841828944e-27 192
1.18673 1.073033417831879e-31 2.839688235492441e-32 1.431412827067624e-27 44
1.23237 1.391779810791401e-31 3.45358262364182e-32 1.700677807912092e-27 25


0.0456435 1.070853464884177e-06 1.003574497464136e-07 66.41838391712584 18
0.091287 1.210312199915303e-05 1.422173544633097e-07 74.60621197697039 62
0.13693 2.880406592493191e-05 6.47482820717078e-07 59.05597807963486 98
0.182574 2.974286857557253e-05 1.026091666225841e-05 50.34914256103752 210
0.228217 2.385180976189635e-05 2.172740790535973e-05 35.20689014910531 350
0.273861 0.000141240140475049 2.910816337563208e-06 48.80195011020339 450
0.319504 6.104626257371353e-05 2.602475521882212e-05 22.26468968391769 602
0.365148 9.637961957120804e-05 2.253198495314403e-05 20.77246114612008 762
0.410791 0.0001254061942420084 1.751127350384184e-05 18.70855035045018 1142
0.456435 8.504715824745426e-05 3.014788516309388e-05 11.40034435037366 1250
0.502078 0.0001386947848837855 2.054383802787847e-05 13.03598449245033 1458
0.547722 0.0001340089072246179 2.49561971900526e-05 10.51873573581029 1814
0.593365 0.0001289731667432843 2.851709375972519e-05 8.580510488956211 2178
0.639009 0.0001225456534452963 3.341534604787013e-05 7.036020513742558 2498
0.684652 0.0001511211967655172 3.506950972010937e-05 7.303983887591062 2622
0.730296 0.0001461544590098461 3.204038114290223e-05 6.090999050462553 3191
0.775939 0.0001590017150241584 3.070539515107475e-05 5.764861075774598 3044
0.821583 0.0001504384838801443 2.878447217036851e-05 4.823116361811962 2736
0.867226 0.0001382702088916603 3.397916425803992e-05 3.99369619772822 2276
0.91287 0.000139775302663562 3.503297461812875e-05 3.61619677906135 2016
0.958513 0.0001520467154113149 3.308108186450846e-05 3.522943208654705 1640
1.00416 4.863125266066596e-05 1.91758776631669e-05 1.052740772558874 1056
1.0498 7.837657266670217e-32 1.929275340682044e-32 1.504277847755298e-27 683
1.09544 9.806924176423874e-32 1.77783187873903e-32 1.706423825475051e-27 350
1.14109 9.385374344158326e-32 1.963771544551265e-32 1.507572527484943e-27 192
1.18673 9.902194399864835e-32 2.633649243072871e-32 1.472763088802307e-27 44
1.23237 1.588217436303107e-31 4.117327970401329e-32 2.166218084797493e-27 25


0.0456435 3.114797081292356e-07 2.166881193145446e-07 64.16699360933944 18
0.091287 2.529069689939657e-07 2.263235937090401e-06 60.88356846228508 62
0.13693 4.585840670644571e-06 4.809238279175852e-06 44.21653274484775 98
0.182574 4.937316252569794e-05 3.953901805581246e-06 60.66157964545231 210
0.228217 8.027009995322334e-05 6.463595614341251e-06 54.48357068556618 350
0.273861 1.101388369173591e-05 2.586603674171062e-05 20.8407438908934 450
0.319504 0.0001253283697482723 7.383021339910762e-06 35.20822166523251 602
0.365148 6.733248635042968e-05 2.306472599684518e-05 18.01867040212693 762
0.410791 9.366055673975501e-05 1.832308999887082e-05 16.39861767387164 1142
0.456435 0.0001056296962494562 1.953812860032432e-05 14.22608753711721 1250
0.502078 9.42332027760695e-05 2.331116449950351e-05 10.49940048037723 1458
0.547722 9.851179565276507e-05 2.542015227724069e-05 8.956642705113492 1814
0.593365 0.0001307742610814073 2.076354917249765e-05 9.405111829971448 2178
0.639009 0.0001311551902882214 2.379851285472954e-05 8.073495066291839 2498
0.684652 0.000138410143453062 2.893116466845974e-05 7.36934375801316 2622
0.730296 0.0001336894053660222 2.636075982552892e-05 6.1362191024334 3191
0.775939 0.0001217362021393959 3.010179455127391e-05 4.971334411753462 3044
0.821583 0.0001234250811108052 2.650267154410317e-05 4.408874121530735 2736
0.867226 0.0001338975001307674 2.654253030583734e-05 4.232348381037051 2276
0.91287 0.0001365427936049247 2.718123938310799e-05 3.864128905317549 2016
0.958513 0.0001163268059846009 3.206280781957711e-05 3.016078528279979 1640
1.00416 6.754993242250015e-05 1.122749134063674e-05 1.551404447893886 1056
1.0498 8.327280222258442e-32 1.61183242385181e-32 1.749967754218259e-27 683
1.09544 9.113619308512517e-32 1.830987224506902e-32 1.755683363247492e-27 350
1.14109 8.564856373407407e-32 1.927017992312855e-32 1.521903198607542e-27 192
1.18673 1.294060686619718e-31 2.027129048910233e-32 2.092055910238516e-27 44
1.23237 2.012911040382722e-31 3.169298703232571e-32 2.98858397080812e-27 25


0.0456435 9.969684886540682e-07 3.912708060101973e-08 66.92934858865246 18
0.091287 9.6588153332175e-06 2.077465187769147e-08 74.0314310394123 62
0.13693 1.825338965292052e-05 1.270578490880968e-06 54.91353660095363 98
0.182574 1.171449986227969e-05 1.010827776706004e-05 45.1123709368804 210
0.228217 3.726407587748547e-05 1.258296199596206e-05 42.26146952277975 350
0.273861 0.0001045352477453824 2.914688754082023e-06 45.43935064903258 450
0.319504 2.198948026494381e-05 2.496253432432467e-05 17.10942822215333 602
0.365148 0.0001145765978213042 8.602548982288895e-06 26.32031205468548 762
0.410791 6.083807852032927e-05 2.065152154365947e-05 13.33436744278022 1142
0.456435 9.759480983937823e-05 1.611828666112765e-05 14.36100628933571 1250
0.502078 8.865557270178705e-05 1.928203844480098e-05 10.75017053175452 1458
0.547722 0.0001052435744235555 1.840247171844665e-05 10.10386847670605 1814
0.593365 8.180914873440961e-05 2.522454401027782e-05 6.993821649553118 2178
0.639009 0.0001063616167062049 2.276141234408287e-05 7.320868745367101 2498
0.684652 0.0001251277181833993 2.467346312256262e-05 7.301892367650109 2622
0.730296 0.0001114798020608973 2.443444461546947e-05 5.673413576203999 3191
0.775939 0.0001220636099255878 2.326168865443711e-05 5.382813372305889 3044
0.821583 0.000104681022272803 2.409512843262161e-05 4.126403002558201 2736
0.867226 0.0001171224115520188 2.342384791893192e-05 4.064590321059488 2276
0.91287 0.0001226496104046191 2.331451833547125e-05 3.798373308538258 2016
0.958513 0.0001316662786307471 2.191820134427728e-05 3.65547049889377 1640
1.00416 6.352542394770967e-05 8.95575652632712e-06 1.589311214556825 1056
1.0498 7.971329012783169e-32 1.569061477318719e-32 1.835693356470262e-27 683
1.09544 8.397224943161625e-32 1.911320980246172e-32 1.779624380056332e-27 350
1.14109 8.430697051529278e-32 1.814223277031393e-32 1.637390631961146e-27 192
1.18673 1.331172155214385e-31 2.239101436373661e-32 2.357955127381989e-27 44
1.23237 2.041400263119774e-31 3.289827326627914e-32 3.317035289516329e-27 25


0.0456435 1.043633244031637e-07 1.97805815130659e-07 63.79452769942831 18
0.091287 1.429953100872887e-07 1.77576531459553e-06 61.64761204603819 62
0.13693 7.411185569586265e-06 2.951370975275547e-06 47.76280113321224 98
0.182574 4.637899501089188e-05 1.450523517507187e-06 63.26107347426398 210
0.228217 4.419116721715768e-05 8.890481148541969e-06 46.19186089405245 350
0.273861 1.977676358605498e-05 1.782208392998121e-05 24.55497389442382 450
0.319504 0.000108183863987119 3.606232158850258e-06 35.76080251767301 602
0.365148 2.689266908273139e-05 2.33346995913659e-05 13.3515557564117 762
0.410791 9.687403577727708e-05 9.318770913599047e-06 18.93110781253885 1142
0.456435 5.821020712022907e-05 2.030659358761102e-05 10.83510288651178 1250
0.502078 8.708214422443099e-05 1.533604652894136e-05 11.28679970662751 1458
0.547722 8.20194410909642e-05 1.873537352354364e-05 8.926424370758779 1814
0.593365 0.0001038178290823447 1.583485798806729e-05 8.974952131969937 2178
0.639009 9.048257193928721e-05 2.105080862782355e-05 6.88069617554372 2498
0.684652 0.0001012860752389908 2.396951788520248e-05 6.573205378936645 2622
0.730296 9.914074166247116e-05 2.165503163373574e-05 5.512152394965844 3191
0.775939 0.0001038151060907695 2.160643985139475e-05 5.026483350230114 3044
0.821583 0.0001015291761880666 1.956724564715501e-05 4.315407595599129 2736
0.867226 9.604248625932446e-05 2.248532724966849e-05 3.668712085346989 2276
0.91287 9.254045404517528e-05 2.416345210429808e-05 3.18048129332962 2016
0.958513 0.0001037773063723369 2.222642450728701e-05 3.171861094194645 1640
1.00416 3.73670683496314e-05 1.201285971560168e-05 1.058215895890517 1056
1.0498 7.064568004404138e-32 1.712218971260865e-32 1.786277775212864e-27 683
1.09544 8.351573909130027e-32 1.842308599165496e-32 1.92271816074521e-27 350
1.14109 8.597098486910019e-32 1.699161983910312e-32 1.81034246205436e-27 192
1.18673 1.000654485152198e-31 2.639123926302054e-32 1.956099567531654e-27 44
1.23237 1.17953515699434e-31 4.280254002637579e-32 2.147732469929647e-27 25


0.0456435 8.936564493218825e-07 1.015591929000004e-08 67.13182481039205 18
0.091287 7.441649314786442e-06 6.683591169091694e-08 72.77172852453118 62
0.13693 1.077202920196117e-05 1.790210515303344e-06 51.18970335829057 98
0.182574 4.220297722518258e-06 9.093058298057685e-06 43.03051448886693 210
0.228217 4.621016150101081e-05 6.544317298776992e-06 48.40481303599498 350
0.273861 6.74145409395678e-05 5.607544511280104e-06 39.0726322473914 450
0.319504 1.817539482234513e-05 1.968110249094963e-05 17.51019076262548 602
0.365148 0.0001023934045647353 4.498172433448278e-06 27.1519713012171 762
0.410791 3.636706117838639e-05 1.891512187601007e-05 11.25546958777143 1142
0.456435 9.069267338655106e-05 1.008363522094767e-05 15.3032662066532 1250
0.502078 6.322967127310664e-05 1.684488888711603e-05 9.552472808368799 1458
0.547722 7.446246216238497e-05 1.657085028195144e-05 8.815647644238325 1814
0.593365 7.391591785514729e-05 1.817709535488017e-05 7.33652652095534 2178
0.639009 9.245334878212887e-05 1.644547720333752e-05 7.443759857697653 2498
0.684652 0.0001023845265840054 1.901275400725388e-05 7.060526800400909 2622
0.730296 9.449378150682535e-05 1.818802797522524e-05 5.64580452828024 3191
0.775939 8.640451249605011e-05 2.07403386755517e-05 4.593884255732114 3044
0.821583 8.551244280764663e-05 1.866661812121623e-05 3.974208685671658 2736
0.867226 9.259300900794704e-05 1.874481711011966e-05 3.797077896817935 2276
0.91287 9.850441161524176e-05 1.833188084431488e-05 3.592639701495032 2016
0.958513 8.335201585912467e-05 2.194767415158512e-05 2.793114738781523 1640
1.00416 3.997896599624432e-05 9.380416260734706e-06 1.202120132920337 1056
1.0498 7.360940528103393e-32 1.500488546049859e-32 1.997045184131875e-27 683
1.09544 7.992160917424927e-32 1.724722612627612e-32 1.987812340396411e-27 350
1.14109 8.380731525192748e-32 1.76689095824876e-32 1.911188508221322e-27 192
1.18673 9.984295688634507e-32 2.234198414443223e-32 2.095926819848741e-27 44
1.23237 1.611299575703382e-31 3.620679281005434e-32 3.101734533092907e-27 25


