0.0287991 9.584090344382213e-06 4.310334027402749e-08 3.163745790747179 18
0.0575982 5.20604014052922e-05 3.666431987594811e-07 5.373400588011301 62
0.0863973 0.0001437982983944328 1.265525667168395e-06 6.543767521688621 98
0.115196 0.0002955218956970224 4.722703107818543e-06 7.517297576484403 210
0.143995 0.000512335829853583 1.204951841085931e-05 8.473896050972273 350
0.172795 0.0006695906465869716 2.231938695255681e-05 7.743744521737438 450
0.201594 0.0009960970195692675 3.797670253960908e-05 8.407368336027115 602
0.230393 0.001271882629735135 6.513187418433666e-05 8.179952077887936 762
0.259192 0.001577916228103493 0.0001200376643849887 8.058749879195028 1142
0.287991 0.001967447743041966 0.0001728804494213705 8.17226028588224 1250
0.31679 0.002319876490084134 0.0002541579462378452 7.940855594195183 1458
0.345589 0.003033799419091577 0.0003483693026896461 8.70331936428445 1814
0.374388 0.00340390587574822 0.0004855395117721849 8.33367520684588 2178
0.403187 0.004139970549977941 0.0006527721240267665 8.746143952026896 2498
0.431986 0.004789573150917539 0.0009012097003652185 8.793430706284042 2622
0.460786 0.005313307491229248 0.0011056910208117 8.562885927536142 3191
0.489585 0.005914684689007692 0.001354756915423284 8.452568158644089 3044
0.518384 0.006809237780144856 0.001657127001188722 8.688680843758011 2736
0.547183 0.00742349302061948 0.002132418681099772 8.492166713531031 2276
0.575982 0.00848592199213483 0.002542309478768229 8.753285349902008 2016
0.604781 0.0088057408295468 0.003002469327980026 8.24420435174255 1640
0.63358 0.01039045020661372 0.003564780260825561 8.861704293665479 1056
0.662379 0.01012896831301207 0.004404717312950732 7.90156316905461 683
0.691178 0.01163960659484311 0.004849186205160547 8.35086802519368 350
0.719978 0.01405198134167021 0.006003775245243533 9.302483570773566 192
0.748777 0.0171941308505172 0.006062311647681757 10.49426203312928 44
0.777576 0.00980869282801472 0.005478929457106634 5.511469755570133 25


0.0287991 399.1786941602235 891.8641129813758 14581580775.89606 18
0.0575982 87899.27036700638 2600.48510514323 71516539541.66809 62
0.0863973 491440.9819051746 1836.587411557055 160035390136.3957 98
0.115196 811615.4885983834 318.265920297883 144000542624.8618 210
0.143995 357500.4666609265 1137.696065413754 40780128824.60673 350
0.172795 13556.33682214241 1556.533594115621 1095728208.667533 450
0.201594 49572.45854098089 511.5537563372641 2860453717.671097 602
0.230393 47731.34121515675 55.95682442099234 2090845403.543892 762
0.259192 7765.838277635428 206.1385038675893 270178722.5661528 1142
0.287991 3303.999876217496 123.4958248496936 93419832.98210986 1250
0.31679 5188.818647733635 27.08060597296186 120525671.4076507 1458
0.345589 3090.050134294389 29.46372464091854 60130314.28092095 1814
0.374388 1621.862960914895 26.56072220670718 26924136.53724429 2178
0.403187 1166.53506140661 19.77876490633778 16702977.99678379 2498
0.431986 912.1448012457525 19.75337031462188 11346819.38076248 2622
0.460786 526.9231069302713 15.00811748198027 5752977.615535709 3191
0.489585 342.1856514743215 8.344972898671463 3311613.883434316 3044
0.518384 152.6394623965659 4.83038514926662 1318913.406903612 2736
0.547183 120.4471887867785 2.569477431626414 932614.6582247734 2276
0.575982 93.18684119579365 1.72697035015381 650492.375420626 2016
0.604781 74.15024039107877 1.213867974209523 469701.5837018507 1640
0.63358 48.88803147941334 1.039871935372479 282107.2256589499 1056
0.662379 25.37086224943629 0.7866722208356658 133894.9990941981 683
0.691178 12.07056935861888 0.7962656741136123 58610.3307332905 350
0.719978 2.502379775054239 1.08662796913193 11255.26099713635 192
0.748777 3.532116508220839 0.8274261525618095 14614.89941367034 44
0.777576 4.636705499980036 0.4803074498533522 17632.88172703445 25


0.0287991 522.901156467389 369.4391280548724 21939010582.40553 18
0.0575982 71226.60176840604 923.33079502305 106744954962.7287 62
0.0863973 349256.1569097977 160.8866873284118 210467866102.6408 98
0.115196 262051.7849527345 624.7153852002982 86313817095.50919 210
0.143995 44555.43645516747 892.1581541966876 9504119483.320889 350
0.172795 83235.11110422146 83.24638311818458 12220334060.38704 450
0.201594 8682.385031071217 291.169455395908 934614610.4661201 602
0.230393 19581.62168950744 35.27487827507347 1589538801.631941 762
0.259192 3004.230524863086 70.45490798590161 193913078.3380357 1142
0.287991 3994.014782480352 19.93201529119667 208807102.466277 1250
0.31679 1610.607592454991 19.13906823356541 69367108.40269369 1458
0.345589 1009.207147624897 13.83490193945624 36406975.93550145 1814
0.374388 640.7848132515009 9.666852056597836 19714909.53432276 2178
0.403187 636.511054555324 5.527703742717706 16882505.07374588 2498
0.431986 570.7456016013359 4.901310624856895 13149930.94005577 2622
0.460786 326.0001647587193 3.963291763320056 6592262.978510248 3191
0.489585 178.0236055238883 2.537970232130131 3191604.008140273 3044
0.518384 87.72142604155968 1.356459211878551 1403975.015042366 2736
0.547183 48.79539961836531 1.037446659237487 700097.4040103931 2276
0.575982 33.62373824859375 0.7454203046107843 434941.7339315169 2016
0.604781 30.95277559201282 0.4766950907959034 363263.6555230549 1640
0.63358 23.69956493317137 0.3582617194329695 253349.9737072318 1056
0.662379 9.907300597808002 0.3051687807661693 96886.09966862998 683
0.691178 10.43679435279751 0.135052327445741 93827.65929594831 350
0.719978 12.60153713574368 0.06506966775845718 104510.6525267216 192
0.748777 8.488981400900588 0.1003964963154601 64922.98792388252 44
0.777576 3.636208708374085 0.1234522572712342 25603.66370033608 25


0.0287991 476.8919937278932 208.2738997883062 26717188035.16819 18
0.0575982 59949.61846994374 447.2228332263825 130771665121.6714 62
0.0863973 220359.4487699788 38.09486538301956 194048966962.9128 98
0.115196 71711.69185774491 695.4322000607771 34817206933.03385 210
0.143995 88160.90529713384 182.0768680872258 27246034379.3268 350
0.172795 10498.13852080724 254.6794958530967 2276997901.196316 450
0.201594 23862.93414383381 45.67836628398752 3723095228.715291 602
0.230393 4896.790031253135 62.72927524196033 582446318.4539841 762
0.259192 4130.843683318304 21.30690829316262 388446876.0459808 1142
0.287991 1970.227981853659 14.15013863697498 150522920.938342 1250
0.31679 1168.642901777937 8.369577310803823 73491217.90160665 1458
0.345589 592.4663595694398 7.508331610270502 31224178.45473764 1814
0.374388 493.1444225594045 4.111078024996542 22151411.94857675 2178
0.403187 402.1950346104313 2.879727343588294 15579342.03081287 2498
0.431986 352.0343657192025 2.566491345069077 11845304.8601109 2622
0.460786 203.0840375702805 2.034591668799679 5997547.173733782 3191
0.489585 101.0667119443844 1.40754698402195 2646566.972274669 3044
0.518384 60.90009449258859 0.6241870334270977 1423276.723462569 2736
0.547183 34.60166320535634 0.4717645265500034 724904.0263901675 2276
0.575982 21.73955484895219 0.3731875443591738 410672.6395927282 2016
0.604781 16.25421125686603 0.2890268841006383 278637.0932776343 1640
0.63358 13.06324059349149 0.2096319964017746 203960.7597311829 1056
0.662379 10.41981503934763 0.0844089177899332 148726.331772437 683
0.691178 3.633290918920784 0.1229452459971066 47733.50211069948 350
0.719978 2.574522252726226 0.1310441422290711 31221.57709166569 192
0.748777 3.815164812088657 0.07661449541578123 42620.81598693163 44
0.777576 4.421772317282896 0.02121923228132044 45443.3794591487 25


0.0287991 497.9262711866154 137.1562185471769 31405954219.47692 18
0.0575982 48222.23643134411 264.8715731471729 138498411305.6538 62
0.0863973 139926.8283853479 64.77751166003587 162357121277.6814 98
0.115196 31509.59230725415 513.5689286293003 20393704401.15044 210
0.143995 60631.6359541257 125.6779819474751 24664411647.48808 350
0.172795 17786.21859138125 104.775691314945 5035518318.489502 450
0.201594 8426.599278718293 73.37561207096601 1735436101.151385 602
0.230393 6739.945828696816 21.72737319854745 1051941513.531971 762
0.259192 2248.600823953529 16.57823974158297 278420766.6898647 1142
0.287991 1401.509279326463 8.971551587329721 140867047.0677074 1250
0.31679 774.8346385265056 5.483571289318811 64110682.19780433 1458
0.345589 573.504750644125 3.568190947189549 39731801.45311324 1814
0.374388 290.4653144646195 3.009183293297542 17170435.36652457 2178
0.403187 268.1248095205895 1.896703463463138 13663037.45019728 2498
0.431986 250.1740394285858 1.567869613893942 11072497.89873385 2622
0.460786 133.1845244361377 1.346748950435387 5174392.845066476 3191
0.489585 78.60623362918543 0.8033598563602434 2707206.149410491 3044
0.518384 41.15115988127432 0.4116905911872347 1265101.064441771 2736
0.547183 26.82190275694895 0.2657254239737343 739026.8455567725 2276
0.575982 19.96708729893061 0.1796305961479804 495967.3199107562 2016
0.604781 15.94300017484866 0.1326519059691024 359347.5761094275 1640
0.63358 8.857687340047349 0.1337914584159406 181917.2291350933 1056
0.662379 6.880085868488107 0.05960067576624233 129171.647582158 683
0.691178 2.989380966560285 0.06911867283963065 51647.73389288075 350
0.719978 2.095167371332503 0.07562243035017101 33413.89061782046 192
0.748777 3.078813204713474 0.04205854607247153 45233.42956936824 44
0.777576 3.527550439130244 0.008862041884442331 47678.58820416858 25


0.0287991 572.6985099937018 98.46842366807293 36615090312.12589 18
0.0575982 38621.88127462723 178.6529531356043 137938607497.993 62
0.0863973 92765.5121210206 86.64229266402778 133798553220.9039 98
0.115196 25787.07161712983 351.5385774301247 20723920584.38622 210
0.143995 33753.92099582698 140.2068548466036 17076541463.58887 350
0.172795 21774.08680627787 35.3395596646913 7624870658.452752 450
0.201594 6349.160899822389 49.60042421605201 1622181364.210301 602
0.230393 3044.411521879506 25.78240426936658 590734244.8421322 762
0.259192 2218.691804013509 8.872737069942056 340355871.494484 1142
0.287991 947.9221634047223 6.876296101438989 118196139.3604848 1250
0.31679 568.1888882819217 3.940453832574322 58302006.20712578 1458
0.345589 426.6462805462779 2.469996822022213 36650559.95566247 1814
0.374388 257.0626361041078 1.860455805749048 18835188.74932138 2178
0.403187 180.5425536364451 1.477961739440124 11409860.24352299 2498
0.431986 168.4216041108955 1.227154461678667 9243897.2595236 2622
0.460786 98.28370315733783 0.9457558463142701 4734595.308043074 3191
0.489585 58.57493632750607 0.5670107938066774 2501267.017739944 3044
0.518384 31.39308284392169 0.2821894704319422 1196555.71993057 2736
0.547183 21.47896834272549 0.1737392534006358 733676.8218614492 2276
0.575982 14.48881113263013 0.1322871900362216 446218.0641485135 2016
0.604781 9.433899403172044 0.1173990988441253 263705.2553308111 1640
0.63358 7.819947392533697 0.07900118451416256 199075.0037406058 1056
0.662379 3.272627525194289 0.06466496120125663 76224.75666896957 683
0.691178 4.518878944760959 0.02019859966762918 96715.96371077353 350
0.719978 2.817005904293713 0.03685715021437872 55650.91559379389 192
0.748777 0.9449740320584944 0.04721710454142999 17240.43894764531 44
0.777576 0.1559190178241373 0.03854745165755709 2639.25909724312 25


0.0287991 685.7450549867359 74.55196342366735 42628969261.68869 18
0.0575982 31155.09155244583 131.8367194025502 133372380380.2781 62
0.0863973 64548.56337583889 94.64287451377389 111490005122.1014 98
0.115196 25410.75006321232 243.2462246182966 24292115434.18013 210
0.143995 20992.45817930126 128.0530734945871 12724185618.19186 350
0.172795 15468.06500159865 34.96036564262412 6471031844.237304 450
0.201594 7136.315775927926 27.09230378838901 2172045603.439616 602
0.230393 2943.044681577455 16.20844305694796 681009622.7458049 762
0.259192 1159.476243828195 9.713878346223222 212747420.296917 1142
0.287991 923.5263709532301 4.13662918062878 137356498.6110773 1250
0.31679 469.7010138793665 2.787066308129814 57522015.79672296 1458
0.345589 292.2458739932038 2.14769195862075 29979202.76033878 1814
0.374388 218.7457967493242 1.269125071923909 19126793.61539039 2178
0.403187 150.5106002942397 1.053819801806026 11351839.32935509 2498
0.431986 133.4923899298787 0.9262801468633254 8744916.43797623 2622
0.460786 102.0159574607017 0.5399200446309703 5862539.768371754 3191
0.489585 52.74599354386294 0.3788742308851593 2687623.999850852 3044
0.518384 24.77495270811777 0.2097051238842285 1127028.544587608 2736
0.547183 17.55443321700309 0.1245917853501348 715598.3299527754 2276
0.575982 11.15413787449973 0.1011920177787738 409997.8907549781 2016
0.604781 7.10712938905128 0.0903072466474981 237124.6980822844 1640
0.63358 6.222079336287606 0.05879497074554393 189039.7852059788 1056
0.662379 3.915783649724651 0.03370675560102507 108782.6795181476 683
0.691178 2.287694683025075 0.02963657712808699 58463.09067814423 350
0.719978 1.891357478518237 0.0305647310656757 44602.8576001734 192
0.748777 2.798907221390268 0.01135518061645403 60817.23202911546 44
0.777576 2.610219593303067 0.0005097639496320693 52188.48105360464 25


0.0287991 824.8052289960464 58.43178850717302 49570627093.49448 18
0.0575982 25367.86427450146 103.8073581661364 126893345512.3446 62
0.0863973 47031.59986904871 94.01003743579717 94784117960.83258 98
0.115196 24715.1952438324 175.032999107113 27395667980.72702 210
0.143995 16094.79283561322 103.8284676394358 11362585688.5895 350
0.172795 9062.031433166127 43.09803827110201 4420102094.666519 450
0.201594 6216.345962726691 19.66358954131331 2198855353.762852 602
0.230393 2822.992903771834 10.7480357810358 758738731.4087096 762
0.259192 1201.031655985348 6.233837402465024 255856568.8259746 1142
0.287991 625.3207229104992 3.930875838590624 108190286.519669 1250
0.31679 404.5575654035765 2.076850503247556 57576898.8812343 1458
0.345589 262.8031123285078 1.512584553978159 31324402.56708895 1814
0.374388 163.4029384573026 1.09239870951348 16610430.26517034 2178
0.403187 134.0816186508693 0.7462914108713361 11750762.53563647 2498
0.431986 104.5884670033391 0.7457011825171211 7963613.196587787 2622
0.460786 65.20976998634379 0.5317556374525065 4357291.470659739 3191
0.489585 42.31007679257431 0.2973882289079209 2505571.233136038 3044
0.518384 20.87609294010262 0.15865121077397 1103615.159652622 2736
0.547183 13.7861890173872 0.1014145918845381 653155.8578199893 2276
0.575982 9.390484400483762 0.07645616121137021 401120.8588466714 2016
0.604781 6.694536608148018 0.06310252481851097 259517.7602666255 1640
0.63358 5.023144037016445 0.04652278663017212 177361.4903632606 1056
0.662379 3.551900352753429 0.02321354012264665 114655.4958382761 683
0.691178 1.291265703836519 0.02831656261882036 38375.94703480929 350
0.719978 2.936928220047525 0.009913137195816189 80426.85578594991 192
0.748777 2.230306611174658 0.01007327321374462 56318.23866535199 44
0.777576 0.9765512335829001 0.01272301143760317 22705.55968354155 25


0.0287991 980.0720698770475 46.86778153637923 57456347248.68304 18
0.0575982 20835.96721214969 85.75904150638443 119547460361.4507 62
0.0863973 35731.2133042135 89.05590901678175 82421938694.76666 98
0.115196 23211.96774796741 131.9312640175888 29292308960.26299 210
0.143995 14065.76665482859 81.10621840142745 11321761511.83496 350
0.172795 5496.795884215702 43.72754758927478 3070254348.956713 450
0.201594 4836.821996160882 17.55631079474114 1951416869.202931 602
0.230393 2234.432860040842 9.341797000233299 684819285.7096733 762
0.259192 1217.136094991445 4.008935447275714 295264425.5603756 1142
0.287991 510.1797503411821 3.230334838022872 100626745.3569403 1250
0.31679 296.7675569038504 1.890875581748298 48164251.23170823 1458
0.345589 231.8119250742305 1.172473937976799 31485454.90933409 1814
0.374388 143.5373729433995 0.8345998076125388 16626456.89136186 2178
0.403187 96.80284210788437 0.6987189854028539 9672534.124682322 2498
0.431986 101.0400478454439 0.5205635108413975 8764596.018570464 2622
0.460786 67.65321827079997 0.3545819399025081 5149293.139609416 3191
0.489585 37.23676053753579 0.2301689628945586 2512710.010036054 3044
0.518384 18.60789886626144 0.1200907759072709 1120875.165616584 2736
0.547183 10.59004484706651 0.08888226083945601 571851.0602993175 2276
0.575982 8.065260621799075 0.06004081850388516 392575.4040877948 2016
0.604781 6.65769603763535 0.04276544161965633 294026.3805573059 1640
0.63358 4.699122331002365 0.03370608518241372 189042.7259864571 1056
0.662379 2.950674246517432 0.01916890494635862 108538.4715903107 683
0.691178 1.231279703774592 0.02120611788297021 41689.58444368962 350
0.719978 2.579032554010454 0.00729860636259013 80474.25868441875 192
0.748777 1.263202549428661 0.01396010925037966 36363.72964363071 44
0.777576 0.2224841670743097 0.01568874167718911 5917.131977008316 25


0.0287991 1143.773299565198 38.17573987577681 66231774844.36261 18
0.0575982 17237.57379814216 73.46085920550759 111876283243.1798 62
0.0863973 28174.31986664003 82.27462725830176 73287729973.40274 98
0.115196 21265.93593423206 103.9452482075268 30123234932.13287 210
0.143995 12770.68912952946 63.95806968275841 11539148015.81165 350
0.172795 4099.925910270253 38.66601554931398 2579465826.322395 450
0.201594 3672.065593076453 16.50592529882881 1665355182.636822 602
0.230393 1707.032959915777 8.645756072799037 587946024.8544379 762
0.259192 847.8932645607706 4.271744799118594 231202253.7193388 1142
0.287991 545.4370191108695 2.121110685567968 120649552.363862 1250
0.31679 270.1154759614091 1.481895289551216 49204164.07113109 1458
0.345589 175.1492039760602 1.083712364648513 26718994.12415117 1814
0.374388 126.8563697035409 0.6734993587705489 16494151.15372792 2178
0.403187 100.7921275637734 0.4720245346851986 11298977.25599604 2498
0.431986 74.34469023040157 0.5024184463780564 7242148.095098084 2622
0.460786 50.55037624583138 0.3330283264393421 4320286.790441353 3191
0.489585 29.7856210849281 0.2018323305516746 2256485.468541251 3044
0.518384 15.12213721464698 0.1045219892544988 1022606.669099448 2736
0.547183 10.03395693908046 0.0670295981429115 608076.5298496357 2276
0.575982 6.900730724272417 0.04955021373198307 377035.2343043443 2016
0.604781 5.239961021692469 0.03823217621170671 259790.0464697707 1640
0.63358 4.340089002630016 0.02544874834236629 195959.3855137494 1056
0.662379 2.455663124599846 0.01650407632138258 101395.7390164633 683
0.691178 1.226962687842649 0.01603136293732846 46618.46827885546 350
0.719978 2.259318044225198 0.005788137553346863 79127.11701936397 192
0.748777 1.014828193278879 0.01206675745720544 32794.66236042936 44
0.777576 0.1496387731833503 0.01313265190859691 4475.02932981793 25


0.0287991 1309.742295507632 31.40485946476182 75794901652.71674 18
0.0575982 14340.49992807137 64.68847777488516 104171388234.2113 62
0.0863973 22953.72612886935 74.97585963866078 66529781974.30882 98
0.115196 19210.03173645509 85.08072612233457 30199478459.27381 210
0.143995 11564.54570378398 52.06314570834497 11593115234.75061 350
0.172795 3774.558386870267 31.72908423280517 2634131922.894691 450
0.201594 2814.582025806401 15.53621970545383 1418375022.664985 602
0.230393 1383.731142819507 7.73056663528603 529137991.0605657 762
0.259192 596.649604948212 4.260134521382251 180791769.3355023 1142
0.287991 440.648209182153 1.963905806684669 108168137.7141788 1250
0.31679 264.0290910493404 1.102117314152764 53324607.62605771 1458
0.345589 154.4919075293703 0.9051111513377589 26142508.92070902 1814
0.374388 104.2445136175365 0.5972339388598515 15037846.58717414 2178
0.403187 73.73102009490364 0.477729854904009 9173227.24955754 2498
0.431986 71.63406832656854 0.3808325367683273 7737808.118920553 2622
0.460786 44.36877480836183 0.2785632208466019 4205954.812103086 3191
0.489585 27.41601924882692 0.162091413848384 2303435.743607466 3044
0.518384 13.34778361696764 0.08729223073680778 1001126.85280958 2736
0.547183 8.577632575752379 0.05726445829793652 576579.3303448567 2276
0.575982 6.060333866386083 0.04141821713965259 367252.011319716 2016
0.604781 4.430413048891992 0.03311464140592105 243638.7560831008 1640
0.63358 3.193235237514155 0.02552512902962237 159954.6517936928 1056
0.662379 1.903103175144843 0.01562324353998335 87170.94411130523 683
0.691178 1.317146886617447 0.01157064487621901 55485.89155967262 350
0.719978 1.972389165157136 0.004917623823547376 76612.96831290147 192
0.748777 1.189102699064783 0.00760664968840255 42601.05916073977 44
0.777576 0.3516985879557518 0.009145980836129419 11614.43077279067 25


0.0287991 1473.047363590074 25.98332078076607 86010854730.7321 18
0.0575982 11978.61487143731 58.18577296811721 96597182280.89714 62
0.0863973 19240.84202258859 67.8081862418416 61527802915.47471 98
0.115196 17236.37466081604 71.83502230975702 29795065494.54517 210
0.143995 10352.54791579644 43.98408577377556 11407324975.76912 350
0.172795 3823.43800080933 25.1389556173892 2926129622.242745 450
0.201594 2248.287934359002 14.32095475329352 1246802187.60241 602
0.230393 1224.846492606367 6.596685875601637 514673852.1623279 762
0.259192 589.8147591567131 3.337216650652523 196191766.764986 1142
0.287991 323.6409877135075 1.992469670022011 87381602.39943868 1250
0.31679 209.4823928258901 1.058779795441727 46502317.74794082 1458
0.345589 158.0647529981442 0.6642630845997406 29364300.48462678 1814
0.374388 91.7495790430488 0.5127625590243285 14539669.82586225 2178
0.403187 69.86081545843462 0.3792082144026652 9545379.897359746 2498
0.431986 61.76438792615095 0.3369179879355085 7329275.912048442 2622
0.460786 45.31018467670533 0.2060890251434827 4716312.159755892 3191
0.489585 25.26302537300997 0.1319471476390087 2331232.48697598 3044
0.518384 12.05498666137646 0.07247167029391881 993103.9048478926 2736
0.547183 7.529504379731239 0.04931839162637226 555949.9856785056 2276
0.575982 5.280265949079537 0.03585690633038873 351482.4359879729 2016
0.604781 4.359209174553335 0.02546422193619255 263262.3370574851 1640
0.63358 2.88999920339892 0.02153089662478735 159005.1737183024 1056
0.662379 1.789937065545226 0.01268172722716675 90045.84499700743 683
0.691178 1.29670094667016 0.008829007328525453 59988.45685316685 350
0.719978 1.249745160819385 0.008040749762391631 53340.15224334134 192
0.748777 1.483457412514004 0.003092273976245096 58352.29104229289 44
0.777576 0.8612116047874137 0.003462876353063287 31182.36408620778 25


0.0287991 1629.709822400341 21.54956416984912 96721974186.75558 18
0.0575982 10032.29462728941 53.20073437473348 89252272704.22757 62
0.0863973 16531.21514477733 61.06865558769234 57836023720.3668 98
0.115196 15432.65060386639 62.15439536364024 29107987295.49533 210
0.143995 9183.356514085108 38.38828584840714 11037573913.79726 350
0.172795 3920.115347755855 19.72011280792725 3263595079.568841 450
0.201594 1934.150323177103 12.75313687612188 1170088430.212143 602
0.230393 1153.236280193144 5.453836888949898 527932301.9410608 762
0.259192 633.3299264858886 2.398462279073053 229281235.2366807 1142
0.287991 295.1022126010625 1.690980936798139 86823512.8073266 1250
0.31679 162.3687386620775 1.037678493045095 39313277.96508723 1458
0.345589 132.4298027550689 0.6170375390497125 26816663.658874 1814
0.374388 87.0569732941882 0.4184916735783021 15030028.03155739 2178
0.403187 64.33190808995451 0.3207357831258576 9577339.340894833 2498
0.431986 54.44103155300232 0.2946222304331011 7039811.677766921 2622
0.460786 35.65814050255784 0.2026571038739302 4045732.895190139 3191
0.489585 18.59987574882347 0.136442747349264 1871241.825910536 3044
0.518384 10.4422746215172 0.06498380506440414 937431.1121087944 2736
0.547183 6.91895512532504 0.04140212252622403 556616.7584279595 2276
0.575982 4.896858303087489 0.02986920888737867 355142.158056193 2016
0.604781 3.311673717939432 0.02568287381222994 217991.3493385901 1640
0.63358 2.758690334824223 0.01732791048011403 165358.5831218859 1056
0.662379 1.56494800275606 0.01121877714693897 85784.49629436388 683
0.691178 1.104958695915293 0.007931233967195094 55701.4387288635 350
0.719978 0.4679358196602132 0.01180582340724846 21807.13582089731 192
0.748777 1.176766564196687 0.003786238818870037 50440.10370231881 44
0.777576 1.121872374893959 0.0003090507803518459 44242.67557084205 25


0.0287991 1776.502587846906 17.86544067691627 107755240635.3779 18
0.0575982 8414.372033694048 49.260752534737 82200994093.29099 62
0.0863973 14507.95452642639 54.8720279857217 55133749467.59248 98
0.115196 13826.24413089862 54.81442899232284 28269296941.10684 210
0.143995 8111.893088442594 34.32679249506354 10566327177.32068 350
0.172795 3948.093517443122 15.57525679893099 3552984645.40399 450
0.201594 1805.876611107001 10.93457262292799 1182452713.736995 602
0.230393 1100.780734633818 4.507450528707439 545240808.7238456 762
0.259192 598.4408331731669 1.978306637869065 234439863.789467 1142
0.287991 301.1977278039828 1.315475383986751 95842682.04268767 1250
0.31679 161.7520034802718 0.833903786137453 42366281.9394557 1458
0.345589 97.22200679127161 0.6503566721723568 21333008.03767495 1814
0.374388 77.80005710551669 0.3682756467366067 14538294.8349161 2178
0.403187 55.89447315847645 0.2922266083680227 9007602.489928273 2498
0.431986 50.7413834029165 0.2475575555363776 7100574.566033233 2622
0.460786 27.92508005355744 0.1997448396339095 3430771.069239271 3191
0.489585 21.47287813044314 0.09363704493385458 2336391.995358408 3044
0.518384 9.889582520833333 0.05397292090629064 960728.2725074992 2736
0.547183 6.00980574645281 0.03771861606048075 523300.3936247351 2276
0.575982 4.192156292869282 0.02754637435280539 329082.8573885268 2016
0.604781 3.577408508077105 0.01887595476827763 254755.9199764906 1640
0.63358 2.439526113715722 0.01551943381040074 158259.9475750001 1056
0.662379 1.407832004788014 0.009782397282460924 83518.40890095383 683
0.691178 1.071313063841312 0.006470441211962077 58439.31939916154 350
0.719978 0.9237647963672272 0.006780437908856414 46497.9339217604 192
0.748777 0.3209473763598978 0.008682046956762628 14927.83891377256 44
0.777576 0.4080019839365368 0.004626219015262036 17433.07055646894 25


0.0287991 1910.810294759464 14.76860045315718 118928199217.2509 18
0.0575982 7060.435211807388 46.05643761922666 75489872346.11899 62
0.0863973 12966.11479223434 49.2411217419927 53188316465.0726 98
0.115196 12413.96321984822 49.06764993590257 27361242158.50203 210
0.143995 7167.808629714847 31.19763735386095 10062563330.34336 350
0.172795 3886.232058338054 12.52955546404819 3760355524.370843 450
0.201594 1784.315100797328 9.078887449447851 1256231711.878575 602
0.230393 1030.025458920386 3.851862238415117 548978653.0606902 762
0.259192 499.6064255172917 1.949125813400697 210782043.6823997 1142
0.287991 285.6820798025619 1.109879367254498 97804505.27523381 1250
0.31679 168.0928685700744 0.6364694356205969 47342530.75150115 1458
0.345589 96.82681650548972 0.5333310544292971 22852268.01166385 1814
0.374388 62.09334422446686 0.3690173580966813 12494271.79007841 2178
0.403187 52.6838314018301 0.2458545636187757 9134619.469043743 2498
0.431986 40.12119768877016 0.2511756001023459 6044787.563790465 2622
0.460786 33.03248572415047 0.1369232912015414 4363094.523109441 3191
0.489585 17.27901121478989 0.09523188501244637 2023726.059662763 3044
0.518384 8.220530566787369 0.05208436511091949 859525.9020481256 2736
0.547183 5.68053472141604 0.03194103742092234 532177.2995041774 2276
0.575982 4.077086059134856 0.02271052644912369 344322.476617386 2016
0.604781 2.771898588616927 0.01950902351410243 212470.4044463367 1640
0.63358 2.103114007293166 0.01440556869657622 146821.7633300177 1056
0.662379 1.37626823279554 0.008046369444425303 87838.89474793569 683
0.691178 0.831484852469636 0.006689341598837321 48818.53130866621 350
0.719978 1.272760582828954 0.002944744055555493 68890.24755878255 192
0.748777 0.6604222989845244 0.005120882117878672 32980.55305955375 44
0.777576 0.1299075680143508 0.005824878090548978 5995.422531140829 25


