0.0039753 8.054420582884388e-09 2.303778207532805e-10 1.087891031355299 18
0.0079506 5.357331918029307e-08 2.252938779879647e-09 2.133959526463312 62
0.0119259 1.808338520947635e-07 6.045109173135389e-09 3.146570672424218 98
0.0159012 4.438651330913129e-07 2.0881667559952e-08 4.308417287629615 210
0.0198765 9.284665176716021e-07 4.514344555616108e-08 5.850480599980065 350
0.0238518 1.418849773318902e-06 7.204311343531896e-08 6.246074530231293 450
0.0278271 2.398322343673634e-06 1.06803766802663e-07 7.701445199352935 602
0.0318024 3.452405837287519e-06 1.643553273230219e-07 8.445004252384869 762
0.0357777 4.77615916488111e-06 2.681152940694309e-07 9.275186994643327 1142
0.039753 6.579963813033075e-06 3.535273814043719e-07 10.3908705317218 1250
0.0437283 8.448084375214056e-06 4.780516763955168e-07 10.99231649362421 1458
0.0477036 1.196952688599541e-05 6.078982526112471e-07 13.05224057262255 1814
0.0516789 1.44661794487531e-05 7.88034189304433e-07 13.46101938636123 2178
0.0556542 1.882854383099962e-05 9.882497023466317e-07 15.11773510737298 2498
0.0596295 2.317341563546793e-05 1.282425972756911e-06 16.16854879912805 2622
0.0636048 2.719421538615654e-05 1.506300373373503e-06 16.66639568294291 3338
0.0675801 3.208589918822274e-05 1.783635088366857e-06 17.44981366285283 3722
0.0715554 3.874527528358558e-05 2.150576879265738e-06 18.8178929932361 4170
0.0755307 4.477931272052328e-05 2.53547689322331e-06 19.50248284024709 4358
0.079506 5.061560051537612e-05 3.044756229637034e-06 19.87782601207108 5034
0.0834813 6.027400688222598e-05 3.507273985488577e-06 21.48511959782175 5714
0.0874566 6.823286330829887e-05 4.024959536410985e-06 22.16548000348476 5982
0.0914319 8.009150542530056e-05 4.718815856098291e-06 23.78977950614428 6602
0.0954072 8.774656325138611e-05 5.194597605760924e-06 23.9248528773025 7130
0.0993825 9.963724751039034e-05 6.085855320205702e-06 25.04394569182245 8034
0.103358 0.0001099082013924874 7.040508039552331e-06 25.55559239007324 8606
0.107333 0.0001227431577717373 7.855407169327074e-06 26.46521530764057 9066
0.111308 0.0001365502328571989 8.968644171823553e-06 27.37570400221973 9962
0.115284 0.0001503127815546963 9.812536978934601e-06 28.0947870825069 10550
0.119259 0.0001640192441222032 1.08568204516689e-05 28.64197686234581 11226
0.123234 0.0001846304538618363 1.204110567274417e-05 30.19073831881546 12146
0.12721 0.0002000376216255441 1.329231793557555e-05 30.68483581033087 12303
0.131185 0.0002134998022270575 1.462458377741556e-05 30.78675637570194 12584
0.13516 0.0002317580644241459 1.632236271459803e-05 31.4927732684645 12120
0.139135 0.0002531018358412644 1.832574925761669e-05 32.45437277834075 11180
0.143111 0.0002620301948809557 1.947451204423449e-05 31.75682230067519 11096
0.147086 0.0002827370758354144 2.127285439498636e-05 32.44337948959914 10056
0.151061 0.0003141223684963175 2.358228134732024e-05 34.17266412263013 9716
0.155037 0.0003375167448662205 2.498764823392719e-05 34.85563552066078 8604
0.159012 0.0003687798814854367 2.788376222880892e-05 36.196645028665 8060
0.162987 0.0003843217391300793 2.962543007308481e-05 35.90631494547057 7320
0.166963 0.0004176283145475997 3.261843090626799e-05 37.19699053144882 6356
0.170938 0.000442537753076582 3.4998745881373e-05 37.59780940012951 5348
0.174913 0.0004659183232298574 3.701719522579207e-05 37.79159274535089 4308
0.178889 0.0005079652630652318 3.762567366706086e-05 39.39365535911236 3563
0.182864 0.0005070835300519226 4.307796589739766e-05 37.64953602030635 2448
0.186839 0.0005798362000341982 4.392552906654606e-05 41.21796820586237 1868
0.190814 0.0005724162707120001 4.97206109427679e-05 38.98311576595331 1358
0.19479 0.0005866390031089074 4.510802842822693e-05 38.3274885777648 1062
0.198765 0.0006540297826565645 5.730902748899446e-05 41.0952093667047 776
0.20274 0.000625366895363908 6.279824907389788e-05 37.82101285805791 432
0.206716 0.0006930621904012585 4.165869287998155e-05 40.18498070467328 200
0.210691 0.000905809827871076 6.26813029926084e-05 50.46893978056588 168
0.214666 0.0006854073179735216 3.028018220040764e-05 36.8517770886156 56
0.218642 0.001163907245608117 6.662577282080699e-06 60.36841409194403 7


0.0039753 8.402621243848329e+34 3.868243841648583e+33 3.111371063127493e+43 18
0.0079506 6.281396256387092e+35 2.889936760704993e+34 4.98535767683323e+43 62
0.0119259 1.968264868471342e+36 9.047651132407803e+34 6.473453039780214e+43 98
0.0159012 5.052852123354487e+36 2.320053173132799e+35 9.066184927296578e+43 210
0.0198765 1.029547493582531e+37 4.718947332308237e+35 1.186157087598906e+44 350
0.0238518 1.550813655096983e+37 7.093933790261638e+35 1.241088073369739e+44 450
0.0278271 2.483235250657999e+37 1.133415341698743e+36 1.44519612315085e+44 602
0.0318024 3.4586715172616e+37 1.574496482825748e+36 1.529949132919787e+44 762
0.0357777 4.474500189690255e+37 2.030804938303581e+36 1.568709855252791e+44 1142
0.039753 6.02774493960424e+37 2.726729711784479e+36 1.716588820998051e+44 1250
0.0437283 7.406416409332527e+37 3.338921033743872e+36 1.736511854839123e+44 1458
0.0477036 9.946978651278032e+37 4.467311555755771e+36 1.953441879277266e+44 1814
0.0516789 1.149726658250651e+38 5.142786064934669e+36 1.925746796738334e+44 2178
0.0556542 1.401504631155503e+38 6.242423661499295e+36 2.024812341079625e+44 2498
0.0596295 1.628859901692176e+38 7.223966424794353e+36 2.04433362228905e+44 2622
0.0636048 1.767620016789986e+38 7.80360753249032e+36 1.948202331530835e+44 3338
0.0675801 1.999361265103505e+38 8.783357755357997e+36 1.955038396889442e+44 3722
0.0715554 2.237794213387266e+38 9.782282686109591e+36 1.953816115458963e+44 4170
0.0755307 2.441947401121849e+38 1.062239769358283e+37 1.911597640307194e+44 4358
0.079506 2.597385436652461e+38 1.124091354120061e+37 1.833207782469263e+44 5034
0.0834813 2.860391348816183e+38 1.231616023827172e+37 1.83222670301175e+44 5714
0.0874566 3.082126999781154e+38 1.320466775976163e+37 1.799032971143489e+44 5982
0.0914319 3.378106075518721e+38 1.439811141565226e+37 1.802801614156518e+44 6602
0.0954072 3.481946482583369e+38 1.47702098638795e+37 1.705616771040862e+44 7130
0.0993825 3.671251130098924e+38 1.549608212645986e+37 1.657703502423219e+44 8034
0.103358 3.794547346902023e+38 1.594230761410083e+37 1.584898699199654e+44 8606
0.107333 3.990047109790374e+38 1.668098909091502e+37 1.545328378586949e+44 9066
0.111308 4.218913154097558e+38 1.756164356952252e+37 1.519211709801466e+44 9962
0.115284 4.390596878930934e+38 1.820719359645846e+37 1.473946108478068e+44 10550
0.119259 4.549153796113266e+38 1.8782312520336e+37 1.426761660829114e+44 11226
0.123234 4.84555084638164e+38 1.993907698319643e+37 1.42302651281723e+44 12146
0.12721 4.867836146801029e+38 1.992656692684363e+37 1.341018122104603e+44 12303
0.131185 4.814777993536e+38 1.957704437026107e+37 1.246858455083856e+44 12584
0.13516 4.768964919833344e+38 1.923188050009524e+37 1.163759817440514e+44 12120
0.139135 4.753333978389046e+38 1.90217328081195e+37 1.094534061796296e+44 11180
0.143111 4.492831239735517e+38 1.783512212475529e+37 9.777989088464541e+43 11096
0.147086 4.413140780287192e+38 1.739529378961237e+37 9.093407161591951e+43 10056
0.151061 4.542640799073722e+38 1.778956169650786e+37 8.873944308521329e+43 9716
0.155037 4.542922072827091e+38 1.767259671266748e+37 8.42432092012427e+43 8604
0.159012 4.630953194284876e+38 1.791618843038737e+37 8.161816992896073e+43 8060
0.162987 4.454135363333945e+38 1.712282469275945e+37 7.472200714051174e+43 7320
0.166963 4.423099953567544e+38 1.689717674918363e+37 7.073725821216723e+43 6356
0.170938 4.528483993013504e+38 1.723713665440895e+37 6.908178583677803e+43 5348
0.174913 4.312764590823519e+38 1.628275802957742e+37 6.281090345629585e+43 4308
0.178889 4.315562851411208e+38 1.616225184901004e+37 6.009252024482518e+43 3563
0.182864 3.673092253790422e+38 1.358555950712893e+37 4.896618366392957e+43 2448
0.186839 3.892401392817192e+38 1.428704366852827e+37 4.967997206136928e+43 1868
0.190814 3.754909084158278e+38 1.368423057281214e+37 4.591355439473703e+43 1358
0.19479 3.394210407905238e+38 1.228754524612346e+37 3.981564326113582e+43 1062
0.198765 3.587904699877215e+38 1.292556266136971e+37 4.047668655266252e+43 776
0.20274 3.292673077557786e+38 1.181383245764448e+37 3.575296922093796e+43 432
0.206716 3.65729405799711e+38 1.309956720730814e+37 3.807334206919545e+43 200
0.210691 4.757273344988121e+38 1.69946037503016e+37 4.758947961641502e+43 168
0.214666 3.591457294868666e+38 1.280809883051229e+37 3.466946283417515e+43 56
0.218642 5.613540784797687e+38 2.000411016982073e+37 5.22754744890083e+43 7


0.0039753 5.946530357434314e+38 6.912351516339803e+37 3.715258376395466e+47 18
0.0079506 4.27377876820186e+39 5.148529578360503e+38 5.187550359295789e+47 62
0.0119259 1.265154997439141e+40 1.60460269698157e+39 6.19808559475048e+47 98
0.0159012 3.013753485205332e+40 4.089123159251693e+39 7.964410524376371e+47 210
0.0198765 5.446579755743761e+40 8.23100883076081e+39 9.187913550927224e+47 350
0.0238518 7.111059967497197e+40 1.221344565815375e+40 8.307260700503339e+47 450
0.0278271 9.659160390992506e+40 1.921012293022092e+40 8.193744481183916e+47 602
0.0318024 1.092107566296775e+41 2.614539327968407e+40 7.037132974173428e+47 762
0.0357777 1.091372810609973e+41 3.286014570221723e+40 5.573062012856042e+47 1142
0.039753 1.074268861143129e+41 4.276476224079374e+40 4.45881574953585e+47 1250
0.0437283 9.149460595057919e+40 5.054466772956283e+40 3.131417828133026e+47 1458
0.0477036 7.681251211063177e+40 6.480929601886943e+40 2.209427738408416e+47 1814
0.0516789 4.791857642595588e+40 7.102371534879638e+40 1.184200774689215e+47 2178
0.0556542 2.439222027008322e+40 8.150373511232593e+40 5.307481092108628e+46 2498
0.0596295 7.024271482847044e+39 8.872454931563367e+40 1.456489870867105e+46 2622
0.0636048 1.654219196832078e+39 8.938597597427283e+40 4.068181141079451e+45 3338
0.0675801 1.318258731799337e+40 9.283212202689618e+40 1.977113493314642e+46 3722
0.0715554 4.401146449940244e+40 9.48273429170005e+40 5.639997730068729e+46 4170
0.0755307 9.252174495761829e+40 9.398490695015669e+40 1.052730665959557e+47 4358
0.079506 1.572828082402298e+41 8.992996168789353e+40 1.607784486265944e+47 5034
0.0834813 2.43440436533774e+41 8.858743113812629e+40 2.254960564091816e+47 5714
0.0874566 3.386376213576777e+41 8.511174910366622e+40 2.856097404421236e+47 5982
0.0914319 4.560025342708329e+41 8.234003720099907e+40 3.514729608786793e+47 6602
0.0954072 5.460534138673848e+41 7.534312175969684e+40 3.862160413108605e+47 7130
0.0993825 6.523909222907487e+41 6.980138291420842e+40 4.252647743929088e+47 8034
0.103358 7.403091312826608e+41 6.366075373209443e+40 4.463378237340003e+47 8606
0.107333 8.424074384930946e+41 5.832036840682733e+40 4.709098031203181e+47 9066
0.111308 9.395212628238694e+41 5.45457847210265e+40 4.882852023663571e+47 9962
0.115284 1.009828608897783e+42 5.122909211654831e+40 4.892597009112025e+47 10550
0.119259 1.082054978820171e+42 4.660915729203318e+40 4.897673756371825e+47 11226
0.123234 1.166349703583369e+42 4.551063771999887e+40 4.943222167669997e+47 12146
0.12721 1.199549515056172e+42 3.876815594723008e+40 4.768900223633441e+47 12303
0.131185 1.219147322505118e+42 2.970947549781483e+40 4.556046361762094e+47 12584
0.13516 1.231043030856013e+42 2.023664948943822e+40 4.335052555053121e+47 12120
0.139135 1.218408309168538e+42 1.379608400577391e+40 4.048555845486277e+47 11180
0.143111 1.123263381643152e+42 8.175629381177545e+39 3.52763238230115e+47 11096
0.147086 1.061631082824464e+42 5.093310916456884e+39 3.1566205996617e+47 10056
0.151061 1.042722616316754e+42 3.295752629445966e+39 2.939310828112842e+47 9716
0.155037 9.834454672636468e+41 2.001608360280506e+39 2.631584722984873e+47 8604
0.159012 9.487941028493101e+41 1.341736569932703e+39 2.412989107244678e+47 8060
0.162987 8.492968757234957e+41 9.586716862342588e+38 2.055944170071216e+47 7320
0.166963 7.807991333969279e+41 8.708768081219861e+38 1.801886383666371e+47 6356
0.170938 7.623672051826026e+41 1.038352153451571e+39 1.678191847892824e+47 5348
0.174913 6.475542033600973e+41 1.162106223446068e+39 1.360887790905417e+47 4308
0.178889 5.717881188975085e+41 1.619952313585098e+39 1.14890874855683e+47 3563
0.182864 3.89513147703873e+41 1.972877383524694e+39 7.492989602247481e+46 2448
0.186839 3.528977964647343e+41 2.630469796413273e+39 6.499535894166993e+46 1868
0.190814 2.903903773844151e+41 3.087252781466325e+39 5.123830656445139e+46 1358
0.19479 2.247550292810222e+41 3.235685838927086e+39 3.804494717711054e+46 1062
0.198765 2.102915493655873e+41 3.744144171962763e+39 3.423415904259242e+46 776
0.20274 1.737474402244915e+41 3.663390055611214e+39 2.722430074378384e+46 432
0.206716 1.843942003822162e+41 4.16931002458643e+39 2.770023751725451e+46 200
0.210691 2.23332211861318e+41 5.613539963725279e+39 3.223888268765756e+46 168
0.214666 1.608976893909026e+41 4.324852261646505e+39 2.241311315904066e+46 56
0.218642 2.462040879520348e+41 6.818791512096939e+39 3.308507954015406e+46 7


0.0039753 4.030470387569599e+38 5.06540650481493e+37 3.549613868468025e+47 18
0.0079506 3.097791508820844e+39 3.691834736853204e+38 5.034370580013563e+47 62
0.0119259 1.008031973682625e+40 1.115116822861371e+39 6.509472005589016e+47 98
0.0159012 2.709181760355618e+40 2.727072566441936e+39 9.374732896276948e+47 210
0.0198765 5.892351344351672e+40 5.139618623621986e+39 1.296499771175676e+48 350
0.0238518 9.485563745437991e+40 7.053188337849288e+39 1.442577064514011e+48 450
0.0278271 1.619049745771194e+41 1.014441758600619e+40 1.785835627498327e+48 602
0.0318024 2.406894584764412e+41 1.233856790050311e+40 2.014490440526209e+48 762
0.0357777 3.311762722872953e+41 1.351346550587191e+40 2.194382716588586e+48 1142
0.039753 4.707076881039656e+41 1.492709800664123e+40 2.531690154139069e+48 1250
0.0437283 6.028762375726391e+41 1.464561555672075e+40 2.668433878922644e+48 1458
0.0477036 8.350683056690036e+41 1.494402700644804e+40 3.095007969311432e+48 1814
0.0516789 9.824242036222853e+41 1.240256349897224e+40 3.104891649394251e+48 2178
0.0556542 1.201359309921494e+42 1.008924309499466e+40 3.274520245518611e+48 2498
0.0596295 1.380218047386443e+42 7.18609875787781e+39 3.267853828521293e+48 2622
0.0636048 1.456846043849645e+42 4.079462599523723e+39 3.028866629379939e+48 3338
0.0675801 1.573701215992916e+42 1.77387151926894e+39 2.902623305040103e+48 3722
0.0715554 1.654742298846346e+42 4.703157031533299e+38 2.725137160954107e+48 4170
0.0755307 1.671172181140475e+42 3.563583491012699e+38 2.467578222960373e+48 4358
0.079506 1.613758137227615e+42 1.530752364541056e+39 2.148335274578171e+48 5034
0.0834813 1.58872398908798e+42 3.967159589351713e+39 1.919516757044628e+48 5714
0.0874566 1.510234811795518e+42 7.434584804685943e+39 1.662747909813319e+48 5982
0.0914319 1.431368565778217e+42 1.211084791821911e+40 1.440872281085793e+48 6602
0.0954072 1.273140975525331e+42 1.635446360533347e+40 1.176365390794794e+48 7130
0.0993825 1.135397175022073e+42 2.128422699732678e+40 9.670661391695706e+47 8034
0.103358 9.913239570070741e+41 2.553380798663653e+40 7.810570194823805e+47 8606
0.107333 8.602642988323502e+41 3.023144756984254e+40 6.285118355636232e+47 9066
0.111308 7.637715220376685e+41 3.444553030909071e+40 5.188384980852145e+47 9962
0.115284 6.887459226608641e+41 3.728246274618292e+40 4.361911095508874e+47 10550
0.119259 5.919668151096694e+41 4.014127214412882e+40 3.50261872840192e+47 11226
0.123234 5.637015948241809e+41 4.296731062976448e+40 3.123191440094675e+47 12146
0.12721 4.478528941492432e+41 4.391745706112729e+40 2.327753063427619e+47 12303
0.131185 2.970871630468493e+41 4.425597848592403e+40 1.451734131495499e+47 12584
0.13516 1.507585361719314e+41 4.384390707446849e+40 6.944660215670105e+46 12120
0.139135 7.748123384052507e+40 4.174674609965222e+40 3.370025402078967e+46 11180
0.143111 3.961438595583107e+40 3.631030390547751e+40 1.629974388483238e+46 11096
0.147086 3.977806177292707e+40 3.205069419598882e+40 1.548984519715459e+46 10056
0.151061 5.739016853191916e+40 2.918760586491063e+40 2.117011501349286e+46 9716
0.155037 8.432298701047002e+40 2.513826453637812e+40 2.951161630818021e+46 8604
0.159012 1.113134934012307e+41 2.228939404549706e+40 3.70174894447098e+46 8060
0.162987 1.358622329612276e+41 1.795151534212965e+40 4.299891169989315e+46 7320
0.166963 1.60135530682174e+41 1.473209461801221e+40 4.831069043960242e+46 6356
0.170938 1.749385097080722e+41 1.35975418679158e+40 5.034018961838035e+46 5348
0.174913 1.927638318242082e+41 9.553480665471796e+39 5.295402318771665e+46 4308
0.178889 2.103963334464826e+41 6.876650687140422e+39 5.525873309280647e+46 3563
0.182864 1.981679676224994e+41 2.599812360544617e+39 4.982676319189288e+46 2448
0.186839 2.14052672601719e+41 1.265871367094941e+39 5.152804329720735e+46 1868
0.190814 2.023356800494693e+41 4.258130142596012e+38 4.666274794303455e+46 1358
0.19479 1.736019816973275e+41 1.15237900255596e+38 3.840826954987171e+46 1062
0.198765 1.746316769429951e+41 3.616178568438109e+37 3.715707630800698e+46 776
0.20274 1.521507407402299e+41 6.491642312924818e+37 3.115959588550961e+46 432
0.206716 1.649557293753908e+41 1.064605193219391e+38 3.23878879619418e+46 200
0.210691 2.061602105913004e+41 2.345709047649832e+38 3.889661366644394e+46 168
0.214666 1.513951372662237e+41 2.368139165763975e+38 2.756400482630662e+46 56
0.218642 2.336176576948138e+41 4.159795182310333e+38 4.103179841174784e+46 7


0.0039753 1.729912111553257e+38 4.417726247403744e+37 2.438454977363571e+47 18
0.0079506 1.367322129562519e+39 3.222407816340624e+38 3.043895170479088e+47 62
0.0119259 4.617352822878531e+39 9.741891287559572e+38 3.871797891329166e+47 98
0.0159012 1.296453977109551e+40 2.383913509262285e+39 5.688372345924122e+47 210
0.0198765 2.993359570933426e+40 4.492328799451259e+39 8.244083380538822e+47 350
0.0238518 5.107718402605921e+40 6.153463311299441e+39 9.663380841543315e+47 450
0.0278271 9.202071090372814e+40 8.812117907350542e+39 1.258804173279196e+48 602
0.0318024 1.443081562807022e+41 1.062763775109389e+40 1.495268060567343e+48 762
0.0357777 2.086769931802526e+41 1.146904109941597e+40 1.709981002613975e+48 1142
0.039753 3.096796241849923e+41 1.237573024477205e+40 2.058629289997505e+48 1250
0.0437283 4.105690151845755e+41 1.173612355635769e+40 2.245326087021326e+48 1458
0.0477036 5.849319772436993e+41 1.136377610753494e+40 2.678088953647372e+48 1814
0.0516789 7.023883308830622e+41 8.703548931928903e+39 2.741912360482625e+48 2178
0.0556542 8.696706563163686e+41 6.232329072436975e+39 2.92771692823862e+48 2498
0.0596295 1.003309338891988e+42 3.596024526853132e+39 2.933819569051684e+48 2622
0.0636048 1.054464385453524e+42 1.35888022847324e+39 2.707533922337477e+48 3338
0.0675801 1.123350304731722e+42 2.620824527542671e+38 2.558918089470499e+48 3722
0.0715554 1.153786443790767e+42 6.081466871956366e+38 2.346700305297755e+48 4170
0.0755307 1.127482095750005e+42 2.444857497607559e+39 2.056071748739831e+48 4358
0.079506 1.040860242735649e+42 5.700562877700002e+39 1.711366818071399e+48 5034
0.0834813 9.684829425914373e+41 1.034554828638989e+40 1.445219843707308e+48 5714
0.0874566 8.606427339231693e+41 1.567384255660995e+40 1.170357546447635e+48 5982
0.0914319 7.497170942037735e+41 2.206250613401845e+40 9.321959355551105e+47 6602
0.0954072 6.1002075751824e+41 2.675348164507798e+40 6.962614130737539e+47 7130
0.0993825 4.893604595667567e+41 3.171983181342833e+40 5.14915769955697e+47 8034
0.103358 3.833978134739186e+41 3.518828904565615e+40 3.732160038618697e+47 8606
0.107333 2.949189152864382e+41 3.855917819796556e+40 2.662505361378119e+47 9066
0.111308 2.392198977152608e+41 4.111840990476771e+40 2.008305875868876e+47 9962
0.115284 2.122869282027516e+41 4.19266515813077e+40 1.6615835196509e+47 10550
0.119259 1.769993283146996e+41 4.239406186589191e+40 1.294458836066638e+47 11226
0.123234 1.847585483029496e+41 4.308268113936756e+40 1.265103893655725e+47 12146
0.12721 1.5908742263821e+41 4.092196547939973e+40 1.021882356330583e+47 12303
0.131185 1.234350192476539e+41 3.755342612776005e+40 7.454113391209609e+46 12584
0.13516 1.08869278229622e+41 3.268583954557976e+40 6.194762838447614e+46 12120
0.139135 1.378333273485306e+41 2.693704627703716e+40 7.397459417505415e+46 11180
0.143111 1.771152956866217e+41 1.943042013970675e+40 8.981436614911494e+46 11096
0.147086 2.1726947977863e+41 1.414474682485628e+40 1.04296391483381e+47 10056
0.151061 2.579764792918371e+41 1.0516559426693e+40 1.173934593224331e+47 9716
0.155037 2.824485501455349e+41 7.19164561531983e+39 1.220035740727493e+47 8604
0.159012 2.990254606241398e+41 5.186356129310938e+39 1.227570790124212e+47 8060
0.162987 2.869404168006971e+41 3.480861853040643e+39 1.121221146003363e+47 7320
0.166963 2.756087849425161e+41 2.570910619438055e+39 1.026655196757237e+47 6356
0.170938 2.692714802031304e+41 2.613947662002171e+39 9.567760870816745e+46 5348
0.174913 2.35046271068359e+41 2.054216452290356e+39 7.973332286475601e+46 4308
0.178889 2.035040296647258e+41 2.382251270336981e+39 6.60031757838515e+46 3563
0.182864 1.326706671352986e+41 2.456698206752124e+39 4.119579925313319e+46 2448
0.186839 1.09323284198239e+41 3.302561707166303e+39 3.250112147999097e+46 1868
0.190814 7.636289128907811e+40 3.984286579441723e+39 2.175011617893829e+46 1358
0.19479 4.784179365439887e+40 4.178868203087472e+39 1.307328125850085e+46 1062
0.198765 3.618317297053496e+40 4.785201641464976e+39 9.509596138692295e+45 776
0.20274 2.407128058241696e+40 4.595182822193478e+39 6.089621700004895e+45 432
0.206716 2.296596273845378e+40 5.177443484335977e+39 5.570472510633282e+45 200
0.210691 2.312573227027266e+40 6.846942828837584e+39 5.390573235990737e+45 168
0.214666 1.459913172102582e+40 5.204708462455112e+39 3.284124225416427e+45 56
0.218642 2.095998607564757e+40 8.153592265326385e+39 4.548613160831714e+45 7


0.0039753 5.031417369404036e+38 1.549056279687842e+37 5.841918050971966e+47 18
0.0079506 3.821232768902739e+39 1.093607646098137e+38 8.776252296784306e+47 62
0.0119259 1.222621736379394e+40 3.149513114095937e+38 1.138322615227667e+48 98
0.0159012 3.215068778046478e+40 7.212999208589402e+38 1.617908258269371e+48 210
0.0198765 6.760895738195893e+40 1.21403319791681e+39 2.173594258270049e+48 350
0.0238518 1.047178077901522e+41 1.435532793463759e+39 2.332532614108928e+48 450
0.0278271 1.712258550408895e+41 1.70274677728021e+39 2.769779719306371e+48 602
0.0318024 2.416046954568833e+41 1.555964007613363e+39 2.968021512733847e+48 762
0.0357777 3.123987775431666e+41 1.099696123809734e+39 3.039893399793877e+48 1142
0.039753 4.134292075088009e+41 5.783050462329167e+38 3.266743424320113e+48 1250
0.0437283 4.895237744638015e+41 1.272988679067501e+38 3.183915750848685e+48 1458
0.0477036 6.178309394948797e+41 9.044341677538835e+37 3.365496403583631e+48 1814
0.0516789 6.525948600099614e+41 8.478702954568024e+38 3.031763386725085e+48 2178
0.0556542 7.042166667219753e+41 2.85595211003196e+39 2.821902526766933e+48 2498
0.0596295 7.027005613902453e+41 6.158630269501343e+39 2.446248633252373e+48 2622
0.0636048 6.264808379659882e+41 1.038273741461028e+40 1.91536559047096e+48 3338
0.0675801 5.489909537355615e+41 1.627485868691938e+40 1.489334371034154e+48 3722
0.0715554 4.509321733627579e+41 2.28431855907955e+40 1.092543584181287e+48 4170
0.0755307 3.396711497013684e+41 2.901288099005074e+40 7.38149871160558e+47 4358
0.079506 2.265763298026511e+41 3.398958519368108e+40 4.442265811519648e+47 5034
0.0834813 1.399310278110124e+41 3.923342467912039e+40 2.493058649237237e+47 5714
0.0874566 7.682741512695985e+40 4.236523723012475e+40 1.250376547302924e+47 5982
0.0914319 3.894413521492053e+40 4.487097612537538e+40 5.824674023549148e+46 6602
0.0954072 3.318785510384483e+40 4.322852736128334e+40 4.558006805534236e+46 7130
0.0993825 5.194885788309411e+40 4.126287216260845e+40 6.544583226775891e+46 8034
0.103358 8.751021356883922e+40 3.783754858916748e+40 1.016604424288325e+47 8606
0.107333 1.392651946134275e+41 3.41760924074809e+40 1.497894525396731e+47 9066
0.111308 1.944159801600221e+41 3.101432545699391e+40 1.942920506335398e+47 9962
0.115284 2.421688360273971e+41 2.803904393323614e+40 2.255466201948359e+47 10550
0.119259 2.896698013041554e+41 2.448465399454078e+40 2.519920176626012e+47 11226
0.123234 3.310295697175242e+41 2.314637345373277e+40 2.696193105402033e+47 12146
0.12721 3.635500009404687e+41 1.874883671238511e+40 2.777323924660015e+47 12303
0.131185 3.949898013055253e+41 1.30849374187867e+40 2.836254695713029e+47 12584
0.13516 4.26459636428455e+41 7.111100156999216e+39 2.885353248970189e+47 12120
0.139135 4.24935635517082e+41 3.949859475217893e+39 2.712809493884775e+47 11180
0.143111 3.748620759762119e+41 2.415626739374766e+39 2.261823779392128e+47 11096
0.147086 3.223258556636545e+41 2.768879010029699e+39 1.841335877496684e+47 10056
0.151061 2.786855773198918e+41 3.961438325468779e+39 1.509343299004696e+47 9716
0.155037 2.208607218004324e+41 5.480919720048121e+39 1.135523038470307e+47 8604
0.159012 1.795674396556496e+41 6.818336836515615e+39 8.774788595172862e+46 8060
0.162987 1.296670340361469e+41 7.663679868693028e+39 6.03157617696203e+46 7320
0.166963 9.566874479828888e+40 8.305518706397282e+39 4.242646614684429e+46 6356
0.170938 8.75924897521761e+40 8.504652125814279e+39 3.705348640319288e+46 5348
0.174913 5.408248356591816e+40 8.438556857999968e+39 2.184476306267265e+46 4308
0.178889 4.095285394903204e+40 8.075389081831963e+39 1.581663736243799e+46 3563
0.182864 2.064937350320488e+40 6.266078318819483e+39 7.636903183598592e+45 2448
0.186839 2.432405774533699e+40 5.736418275681205e+39 8.611252881382742e+45 1868
0.190814 3.362226488080253e+40 4.379866292296803e+39 1.140055290646621e+46 1358
0.19479 4.100824470131839e+40 2.939524432216607e+39 1.333782669488778e+46 1062
0.198765 5.112667436659724e+40 2.364730388081846e+39 1.599134582401207e+46 776
0.20274 5.217958684035921e+40 1.657942271555711e+39 1.570808218630574e+46 432
0.206716 6.013061994771782e+40 1.621756934436213e+39 1.735443993981034e+46 200
0.210691 8.206759549897207e+40 1.703583272382217e+39 2.275999979994942e+46 168
0.214666 6.353315698459841e+40 1.107976018448995e+39 1.700281342768745e+46 56
0.218642 1.003016051410894e+41 1.613921260371593e+39 2.589470150832877e+46 7


0.0039753 6.396441050706382e+38 2.281445050446315e+35 8.063014741321246e+47 18
0.0079506 4.712544630618317e+39 2.59002996461978e+36 1.227693180390715e+48 62
0.0119259 1.444473692682265e+40 1.294388494187978e+37 1.544241096627617e+48 98
0.0159012 3.595367315469529e+40 5.317773029235992e+37 2.088250431088747e+48 210
0.0198765 6.946627612156552e+40 1.86269165830585e+38 2.585068851265666e+48 350
0.0238518 9.770255534716105e+40 4.432910040563946e+38 2.522716892001742e+48 450
0.0278271 1.436488575417273e+41 1.041628999405794e+39 2.695817257720569e+48 602
0.0318024 1.781974661156819e+41 2.060013124932442e+39 2.541169685084875e+48 762
0.0357777 1.977480653949185e+41 3.626735497423514e+39 2.234777934628895e+48 1142
0.039753 2.189874367129851e+41 6.315193141422816e+39 2.01046280115001e+48 1250
0.0437283 2.121333603933824e+41 9.483795182348437e+39 1.603892325522002e+48 1458
0.0477036 2.08824190541563e+41 1.498173482243131e+40 1.323289417899141e+48 1814
0.0516789 1.613945192827732e+41 1.951381280891485e+40 8.732654566872399e+47 2178
0.0556542 1.152582735758938e+41 2.568694894640638e+40 5.391602865923794e+47 2498
0.0596295 6.500100407112686e+40 3.08924596188624e+40 2.656085918069471e+47 2622
0.0636048 2.293395239449719e+40 3.328313818988132e+40 8.395834054363203e+46 3338
0.0675801 4.338955765598723e+39 3.571989899964792e+40 1.587924359982238e+46 3722
0.0715554 1.569982378182529e+40 3.625857136496126e+40 4.589052522923878e+46 4170
0.0755307 5.681345719923856e+40 3.435645677607774e+40 1.44418017073885e+47 4358
0.079506 1.237891860842866e+41 3.005768974699299e+40 2.819736790020558e+47 5034
0.0834813 2.134338481734842e+41 2.587822731307594e+40 4.403788446184037e+47 5714
0.0874566 3.075932257601536e+41 2.075882011302972e+40 5.778652978818966e+47 5982
0.0914319 4.106435638175463e+41 1.572752220413954e+40 7.050588994936622e+47 6602
0.0954072 4.705378313639268e+41 1.101850535691168e+40 7.414006948865407e+47 7130
0.0993825 5.229745194392199e+41 7.483084310289797e+39 7.594886241616069e+47 8034
0.103358 5.425207548870038e+41 5.234971578747018e+39 7.287496833975731e+47 8606
0.107333 5.500153967028624e+41 4.129261380044593e+39 6.850511533958584e+47 9066
0.111308 5.442112339303584e+41 4.274951318025479e+39 6.302100339822239e+47 9962
0.115284 5.170323332799314e+41 5.390612293427764e+39 5.581843228440188e+47 10550
0.119259 4.839204890465749e+41 6.350194255571396e+39 4.880883931599509e+47 11226
0.123234 4.632886613175062e+41 8.158627102336189e+39 4.37553529023709e+47 12146
0.12721 4.012537314196675e+41 9.338045009315072e+39 3.554966605874261e+47 12303
0.131185 3.214803416054252e+41 1.039687009417007e+40 2.677489661130088e+47 12584
0.13516 2.208453951306053e+41 1.231389870891909e+40 1.733420145049769e+47 12120
0.139135 1.3727462629167e+41 1.415879683390267e+40 1.016916290848197e+47 11180
0.143111 6.604858408047742e+40 1.455900192311549e+40 4.626684405393197e+46 11096
0.147086 3.715340311915425e+40 1.410404989175314e+40 2.465590133085272e+46 10056
0.151061 3.186992606548729e+40 1.34384449682647e+40 2.005249808325969e+46 9716
0.155037 4.146351317318579e+40 1.162291778390269e+40 2.474994000131899e+46 8604
0.159012 5.619874650547521e+40 1.010104663762891e+40 3.186910941216425e+46 8060
0.162987 7.297375582703117e+40 7.708782298510847e+39 3.937794654763183e+46 7320
0.166963 8.793470318467042e+40 5.940506998954486e+39 4.52293107547351e+46 6356
0.170938 9.448128718881292e+40 5.396790253088046e+39 4.635268087852201e+46 5348
0.174913 1.033160007107761e+41 3.423673948200651e+39 4.838709256841585e+46 4308
0.178889 1.069170960071647e+41 2.381629461687039e+39 4.7873622390205e+46 3563
0.182864 9.193121642134924e+40 8.945876264618832e+38 3.940728148873989e+46 2448
0.186839 8.918364928744046e+40 7.953500063868537e+38 3.660122526022705e+46 1868
0.190814 7.105026979976757e+40 1.118190802244836e+39 2.793572696427166e+46 1358
0.19479 4.876661240638785e+40 1.51349130445706e+39 1.839520937667799e+46 1062
0.198765 3.979904986530627e+40 1.995024991632342e+39 1.443845588887912e+46 776
0.20274 2.806290198733745e+40 2.118317514220562e+39 9.799444409710334e+45 432
0.206716 2.748622438352066e+40 2.475450110500655e+39 9.20221098870099e+45 200
0.210691 2.887829226546346e+40 3.443001085166629e+39 9.29101159055616e+45 168
0.214666 1.876086369321784e+40 2.693378204176325e+39 5.824837389288235e+45 56
0.218642 2.730582821715496e+40 4.270365643596051e+39 8.178550694147233e+45 7


0.0039753 1.871800828813584e+38 1.797651599391358e+37 3.57615831576867e+47 18
0.0079506 1.303706215063422e+39 1.371150498431266e+38 4.379822810867565e+47 62
0.0119259 3.676160323320347e+39 4.410732953731009e+38 4.825087511059818e+47 98
0.0159012 8.16452714125372e+39 1.166480248951613e+39 5.700052157164032e+47 210
0.0198765 1.297301593013462e+40 2.468562276354123e+39 5.754487315754439e+47 350
0.0238518 1.408643682939562e+40 3.83803662723028e+39 4.333326033615485e+47 450
0.0278271 1.470939984182435e+40 6.276519897609696e+39 3.314106841540811e+47 602
0.0318024 1.064003064796683e+40 8.813865052224338e+39 1.870015277703553e+47 762
0.0357777 4.567659031323581e+39 1.125933952388069e+40 7.019599694030028e+46 1142
0.039753 5.022299644602564e+38 1.459204282408497e+40 1.501678169039797e+46 1250
0.0437283 3.078922456806064e+39 1.675819333273905e+40 3.414220766201625e+46 1458
0.0477036 2.015206293417782e+40 2.022397929877612e+40 1.515024348024951e+47 1814
0.0516789 5.465083424338717e+40 2.007796353166237e+40 3.398822162009898e+47 2178
0.0556542 1.160345357108596e+41 1.991605102547563e+40 6.171917031334413e+47 2498
0.0596295 1.960491317266421e+41 1.780047096796631e+40 9.030594040481894e+47 2622
0.0636048 2.782173539958312e+41 1.361667658661623e+40 1.123778354869669e+48 3338
0.0675801 3.78756314130741e+41 9.517604541701469e+39 1.356287542096051e+48 3722
0.0715554 4.705717560127127e+41 5.621364058976694e+39 1.504019133852999e+48 4170
0.0755307 5.331320411098818e+41 2.560636454991297e+39 1.527477047048947e+48 4358
0.079506 5.540404856978034e+41 8.614765495713231e+38 1.431050038324048e+48 5034
0.0834813 5.643558856961927e+41 8.168868308358858e+38 1.322908444502682e+48 5714
0.0874566 5.336531315975229e+41 2.372174210292045e+39 1.139924198211851e+48 5982
0.0914319 4.858631718108384e+41 5.302268771109658e+39 9.489421592844264e+47 6602
0.0954072 4.020216332380317e+41 8.512760799317352e+39 7.20770917211497e+47 7130
0.0993825 3.23267921372316e+41 1.209480472212195e+40 5.343204066479089e+47 8034
0.103358 2.505664580897385e+41 1.496526543126128e+40 3.831640353915379e+47 8606
0.107333 1.902725523100929e+41 1.758328324966478e+40 2.698623735800375e+47 9066
0.111308 1.546855702625443e+41 1.932836346556617e+40 2.040226611091189e+47 9962
0.115284 1.429515955024974e+41 1.965487955856516e+40 1.757781653036132e+47 10550
0.119259 1.271899967772124e+41 1.979906765769407e+40 1.461216755424793e+47 11226
0.123234 1.421044626746587e+41 1.955977879792729e+40 1.528376165424667e+47 12146
0.12721 1.346297433546345e+41 1.815925576435718e+40 1.358178016462893e+47 12303
0.131185 1.189647987948969e+41 1.630919248446874e+40 1.12812445844626e+47 12584
0.13516 1.180871024979983e+41 1.345500535131095e+40 1.055015054268663e+47 12120
0.139135 1.445543100905285e+41 9.844569402823065e+39 1.218298932278081e+47 11180
0.143111 1.695553276962978e+41 5.684718037732521e+39 1.350347239542107e+47 11096
0.147086 1.847419366789571e+41 3.227848538022351e+39 1.392865275850906e+47 10056
0.151061 1.933778459840707e+41 1.998770968221914e+39 1.382170329315319e+47 9716
0.155037 1.817580057337012e+41 1.582889343640022e+39 1.233200141081046e+47 8604
0.159012 1.677181594275082e+41 1.76486350389039e+39 1.081527269406675e+47 8060
0.162987 1.34700071581662e+41 2.348143673105032e+39 8.268046485884341e+46 7320
0.166963 1.081820053833119e+41 3.009039269984352e+39 6.330531154355194e+46 6356
0.170938 9.824414240225528e+40 3.396480029726692e+39 5.483879323639571e+46 5348
0.174913 6.515374857540773e+40 3.965238814840121e+39 3.472355572774748e+46 4308
0.178889 4.430047377984732e+40 4.397402663267362e+39 2.257593383230386e+46 3563
0.182864 1.515896247929158e+40 4.068496062062574e+39 7.399609956117186e+45 2448
0.186839 9.879299231914974e+39 4.140967097637055e+39 4.61895647895988e+45 1868
0.190814 1.26266389967825e+40 3.427418737494632e+39 5.652986094427139e+45 1358
0.19479 1.884117964099355e+40 2.398678499989511e+39 8.088827481372953e+45 1062
0.198765 2.619875038497892e+40 1.979888494330909e+39 1.081535005364561e+46 776
0.20274 2.892460262648513e+40 1.399742814651504e+39 1.149191713574987e+46 432
0.206716 3.42603076922402e+40 1.370583706590293e+39 1.304976300813706e+46 200
0.210691 4.851824120693272e+40 1.436014624125638e+39 1.775804908155225e+46 168
0.214666 3.832832330528015e+40 9.297587802192419e+38 1.353711781566552e+46 56
0.218642 6.101196258126592e+40 1.350599725990196e+39 2.078750465322873e+46 7


0.0039753 3.3259628021104e+37 2.156259563895844e+37 1.841436584917029e+47 18
0.0079506 2.877153922350081e+38 1.572204578708538e+38 1.687197490467339e+47 62
0.0119259 1.086305199297572e+39 4.745124780355538e+38 1.95624156339098e+47 98
0.0159012 3.445042478916002e+39 1.156278575664748e+39 2.933063113440749e+47 210
0.0198765 9.239372191450727e+39 2.155040383441351e+39 4.67725533472628e+47 350
0.0238518 1.795392994946061e+40 2.894177326566784e+39 6.102268165600809e+47 450
0.0278271 3.602237297850658e+40 4.016372136863804e+39 8.76487187457275e+47 602
0.0318024 6.205548427689937e+40 4.596422670769681e+39 1.13800021544284e+48 762
0.0357777 9.66973193721575e+40 4.559246384091816e+39 1.39885752585435e+48 1142
0.039753 1.511810296855139e+41 4.312655993496218e+39 1.772067063627045e+48 1250
0.0437283 2.061879181358115e+41 3.355253472328777e+39 1.987145335744944e+48 1458
0.0477036 2.956132295877941e+41 2.323196647458368e+39 2.38449823710874e+48 1814
0.0516789 3.487383956728292e+41 9.449896904284881e+38 2.398161088630001e+48 2178
0.0556542 4.132942498755062e+41 1.515664908364879e+38 2.450900541995074e+48 2498
0.0596295 4.445630444040246e+41 3.037697858609369e+38 2.290025089909889e+48 2622
0.0636048 4.208241980772996e+41 1.716339578714708e+39 1.903668069443301e+48 3338
0.0675801 3.855741897528424e+41 4.635461946841455e+39 1.547636538444781e+48 3722
0.0715554 3.24374331020086e+41 8.709900619295107e+39 1.162821112450764e+48 4170
0.0755307 2.446113847903007e+41 1.316007005444061e+40 7.865570402772998e+47 4358
0.079506 1.587227338024148e+41 1.721193647418383e+40 4.605531928908514e+47 5034
0.0834813 9.206965167344899e+40 2.116094254741531e+40 2.428918484085948e+47 5714
0.0874566 4.697434622322483e+40 2.346657981533738e+40 1.133434441441196e+47 5982
0.0914319 2.616299176889792e+40 2.486537598265033e+40 5.803867327226306e+46 6602
0.0954072 3.405424505125578e+40 2.335375089459334e+40 6.903544901896561e+46 7130
0.0993825 6.237957764057489e+40 2.12916138650325e+40 1.16017329770741e+47 8034
0.103358 1.004060097564034e+41 1.839016282133255e+40 1.723868162481207e+47 8606
0.107333 1.464896149715315e+41 1.54055172101663e+40 2.329923709466206e+47 9066
0.111308 1.876916737055861e+41 1.306442472032088e+40 2.774415653293667e+47 9962
0.115284 2.132147688583834e+41 1.145121229326855e+40 2.937641129116032e+47 10550
0.119259 2.348377367922306e+41 9.71733421656794e+39 3.022385912601366e+47 11226
0.123234 2.46271370791516e+41 9.589804947829403e+39 2.967719502965653e+47 12146
0.12721 2.465425502279661e+41 8.087448207522949e+39 2.786752791371159e+47 12303
0.131185 2.437662441183792e+41 6.008078397949763e+39 2.589932763178317e+47 12584
0.13516 2.336007647441513e+41 4.15318187538524e+39 2.338625748515893e+47 12120
0.139135 1.971069966765942e+41 4.304244498702731e+39 1.862021880760955e+47 11180
0.143111 1.354607823790829e+41 5.268562929184528e+39 1.209569187065069e+47 11096
0.147086 8.814020082581935e+40 6.441036494463988e+39 7.45267855692673e+46 10056
0.151061 5.719230986182093e+40 7.463124628624859e+39 4.585862277550796e+46 9716
0.155037 3.623845016405544e+40 7.700318645699718e+39 2.75930505762886e+46 8604
0.159012 2.916029225856763e+40 7.581313457888823e+39 2.110619357352086e+46 8060
0.162987 3.101825997483503e+40 6.446077575959198e+39 2.13637882508221e+46 7320
0.166963 3.766896600697466e+40 5.416041556962659e+39 2.47254570731052e+46 6356
0.170938 4.415381328467383e+40 4.930444628855483e+39 2.7640692749675e+46 5348
0.174913 5.213392251347305e+40 3.452812977305275e+39 3.115190026807548e+46 4308
0.178889 6.138625023094744e+40 2.356297563603417e+39 3.506618979597148e+46 3563
0.182864 5.992430694420304e+40 8.299505765101227e+38 3.276882048030777e+46 2448
0.186839 6.407734840592802e+40 4.276793801111111e+38 3.354663938456757e+46 1868
0.190814 5.561556828631899e+40 4.25575220234038e+38 2.789448390187509e+46 1358
0.19479 4.017411707359119e+40 6.989253232850191e+38 1.933094674796488e+46 1062
0.198765 3.393736660028074e+40 1.033516231023868e+39 1.570537963926303e+46 776
0.20274 2.436602377966036e+40 1.197670873010001e+39 1.085361728680203e+46 432
0.206716 2.400775517669697e+40 1.442753789347791e+39 1.025295858312114e+46 200
0.210691 2.538372600700918e+40 2.09036352987419e+39 1.041758154046463e+46 168
0.214666 1.652498929082043e+40 1.672398994417467e+39 6.544736974295406e+45 56
0.218642 2.406369283936907e+40 2.6760488864192e+39 9.193978253212063e+45 7


0.0039753 3.367823163408835e+38 2.263137930641398e+36 6.35965846912421e+47 18
0.0079506 2.533006560866323e+39 1.448624732121942e+37 9.518231901102793e+47 62
0.0119259 7.987727416461228e+39 3.560041597097186e+37 1.218489295362288e+48 98
0.0159012 2.058827944711091e+40 6.388475566969468e+37 1.698475919169544e+48 210
0.0198765 4.185902941844974e+40 6.364507922467345e+37 2.206976621091983e+48 350
0.0238518 6.213007113938764e+40 2.614009765374542e+37 2.270057248369091e+48 450
0.0278271 9.641852864705688e+40 4.003428061851783e+36 2.558806152227472e+48 602
0.0318024 1.268481246364363e+41 8.197847757844432e+37 2.556967345180785e+48 762
0.0357777 1.495545578622897e+41 4.285588993597999e+38 2.388439461761287e+48 1142
0.039753 1.759158017231836e+41 1.305193086798379e+39 2.28187640025575e+48 1250
0.0437283 1.803186414680565e+41 2.753359336780413e+39 1.92596640389293e+48 1458
0.0477036 1.879206318959568e+41 5.535252411004438e+39 1.681927075505085e+48 1814
0.0516789 1.539464098884103e+41 8.561305039455964e+39 1.176131504567448e+48 2178
0.0556542 1.171972399608051e+41 1.275539082846058e+40 7.736044776430182e+47 2498
0.0596295 7.162090604133974e+40 1.670931658476342e+40 4.122598171497066e+47 2622
0.0636048 2.896242034203017e+40 1.908210723078405e+40 1.482046609665923e+47 3338
0.0675801 5.956324947182433e+39 2.117630783236382e+40 2.912816929084907e+46 3722
0.0715554 9.914501872258372e+39 2.164558851887385e+40 4.150986806426715e+46 4170
0.0755307 4.136374088674139e+40 2.013170967705873e+40 1.488389460502687e+47 4358
0.079506 9.569518738038009e+40 1.678431798915408e+40 3.081761877662554e+47 5034
0.0834813 1.668134409090851e+41 1.333203936829879e+40 4.865109149024208e+47 5714
0.0874566 2.365783678603866e+41 9.534949484735572e+39 6.282180322816398e+47 5982
0.0914319 3.051496985203052e+41 6.13833422628784e+39 7.405624789893048e+47 6602
0.0954072 3.325883394602947e+41 3.763316799558426e+39 7.407369142039408e+47 7130
0.0993825 3.462481699340746e+41 2.590816649641123e+39 7.107882841209819e+47 8034
0.103358 3.337206417724969e+41 2.542553181260676e+39 6.33684074550681e+47 8606
0.107333 3.097600068338566e+41 3.405076200164241e+39 5.454081186008991e+47 9066
0.111308 2.817580890879622e+41 4.806783758494998e+39 4.612792722088653e+47 9962
0.115284 2.505929148639837e+41 6.273901679479513e+39 3.824885329847885e+47 10550
0.119259 2.192655925112923e+41 7.464976281522102e+39 3.126839396537899e+47 11226
0.123234 2.060161725899581e+41 8.589814714375312e+39 2.751058779542362e+47 12146
0.12721 1.71296163254364e+41 9.166795600396693e+39 2.145862444388926e+47 12303
0.131185 1.275142989834166e+41 9.589808175855387e+39 1.501794849624344e+47 12584
0.13516 7.647011678385032e+40 1.024707367491781e+40 8.48991821099714e+46 12120
0.139135 5.46313436527778e+40 9.838762299393629e+39 5.724692240469769e+46 11180
0.143111 5.245749066884475e+40 7.910840327951523e+39 5.194036623707329e+46 11096
0.147086 6.773818468166037e+40 5.891529429137813e+39 6.34731972213186e+46 10056
0.151061 8.716058004927078e+40 4.282122039359211e+39 7.741034190136224e+46 9716
0.155037 1.006013690926537e+41 2.793458793301544e+39 8.480384155388628e+46 8604
0.159012 1.069607137255838e+41 2.027463472675917e+39 8.568949062596918e+46 8060
0.162987 9.769234207310928e+40 1.657524669915357e+39 7.449444102845463e+46 7320
0.166963 8.673975317051519e+40 1.690413569208983e+39 6.305492440392341e+46 6356
0.170938 7.946329162053127e+40 1.97655552121918e+39 5.510146438361809e+46 5348
0.174913 5.9606702947777e+40 2.170569055619779e+39 3.946184803156676e+46 4308
0.178889 4.170196747464661e+40 2.64045603024886e+39 2.639884597956365e+46 3563
0.182864 1.627300813857875e+40 2.646437367552506e+39 9.865912983567663e+45 2448
0.186839 7.416276781390388e+39 2.975961683337039e+39 4.30848552453218e+45 1868
0.190814 4.337294770583407e+39 2.738811893643432e+39 2.415812936699172e+45 1358
0.19479 7.489413444693231e+39 2.069941970116759e+39 3.996696337793234e+45 1062
0.198765 1.203797078088169e+40 1.810356024757026e+39 6.17530690182891e+45 776
0.20274 1.503798144394718e+40 1.335162701765925e+39 7.423357129486327e+45 432
0.206716 1.859430761017405e+40 1.331026639051357e+39 8.799560391584636e+45 200
0.210691 2.791089556815227e+40 1.433713945809097e+39 1.269160444093103e+46 168
0.214666 2.277754227819174e+40 9.448302756098718e+38 9.994413404607247e+45 56
0.218642 3.67460865228336e+40 1.383756011475414e+39 1.555388152033165e+46 7


0.0039753 2.185486156932504e+38 5.965671811625257e+36 4.971475735170712e+47 18
0.0079506 1.55483978314151e+39 4.733561028119585e+37 6.699326170701406e+47 62
0.0119259 4.523997918188794e+39 1.604245573111004e+38 7.794681691862339e+47 98
0.0159012 1.048365724818238e+40 4.510951517616578e+38 9.704173912193087e+47 210
0.0198765 1.792247976631536e+40 1.037808299809175e+39 1.057676671648932e+48 350
0.0238518 2.147793048902542e+40 1.750231835040367e+39 8.781794213123413e+47 450
0.0278271 2.568422295807771e+40 3.086150502171246e+39 7.643055661931811e+47 602
0.0318024 2.345399225513581e+40 4.669667170867375e+39 5.332423234680138e+47 762
0.0357777 1.622145296616718e+40 6.393658732639285e+39 2.964615269831137e+47 1142
0.039753 7.895364841467021e+39 8.801664764757242e+39 1.233066942321995e+47 1250
0.0437283 1.297154042443312e+39 1.060282942207884e+40 2.424381165026007e+46 1458
0.0477036 2.631651919429043e+39 1.32847816562647e+40 3.385100235835084e+46 1814
0.0516789 1.818293886039789e+40 1.351450281409486e+40 1.580141749396665e+47 2178
0.0556542 5.463566543633277e+40 1.352016175671243e+40 3.985076507809158e+47 2498
0.0596295 1.092086869785149e+41 1.195312008719381e+40 6.872044062038747e+47 2622
0.0636048 1.704645608080334e+41 8.800053912169259e+39 9.394987468073695e+47 3338
0.0675801 2.442438390770328e+41 5.648590491304285e+39 1.19287064355236e+48 3722
0.0715554 3.087436800361145e+41 2.828529781213955e+39 1.345658438674525e+48 4170
0.0755307 3.468516384392758e+41 9.631778146286003e+38 1.355100657751705e+48 4358
0.079506 3.486990082070174e+41 4.946643613941748e+38 1.228160827345687e+48 5034
0.0834813 3.358013630273977e+41 1.4993333017121e+39 1.073423294436334e+48 5714
0.0874566 2.931828420003066e+41 3.722103545504096e+39 8.540970733284705e+47 5982
0.0914319 2.391253956437075e+41 6.846453793431648e+39 6.370507780537801e+47 6602
0.0954072 1.752663495686546e+41 9.460917156811852e+39 4.28718820717314e+47 7130
0.0993825 1.235029584770013e+41 1.183121552967047e+40 2.786146499894938e+47 8034
0.103358 8.774618824488894e+40 1.310090295909585e+40 1.832122516824861e+47 8606
0.107333 6.878163462123862e+40 1.372884298404782e+40 1.332282439383854e+47 9066
0.111308 6.886908132308715e+40 1.361915866784252e+40 1.240030336329434e+47 9962
0.115284 8.359782901179749e+40 1.263829753466769e+40 1.402347778949258e+47 10550
0.119259 9.351054841374476e+40 1.166710713050906e+40 1.464936157777015e+47 11226
0.123234 1.14861515108323e+41 1.087586713015814e+40 1.684303617388096e+47 12146
0.12721 1.225446621805476e+41 9.338861886335265e+39 1.685274264405322e+47 12303
0.131185 1.246377415715832e+41 7.546489346195238e+39 1.610980332686745e+47 12584
0.13516 1.370372327123038e+41 5.071778850395095e+39 1.668712148492601e+47 12120
0.139135 1.473749783435257e+41 3.156462496997351e+39 1.69315897583746e+47 11180
0.143111 1.375962935295456e+41 1.927253210070004e+39 1.493995973700532e+47 11096
0.147086 1.167656616157152e+41 2.026966358197803e+39 1.200358389038992e+47 10056
0.151061 9.536181215323068e+40 2.704294688741568e+39 9.294445179876998e+46 9716
0.155037 6.81139591228844e+40 3.515807086937993e+39 6.302733741249482e+46 8604
0.159012 5.076992021865238e+40 4.084339173649485e+39 4.46557076969317e+46 8060
0.162987 3.656709553458333e+40 4.085416446004449e+39 3.061893038146285e+46 7320
0.166963 3.115288594888491e+40 3.881366662028883e+39 2.486840292008878e+46 6356
0.170938 3.449468409319014e+40 3.600409082200196e+39 2.626236717470951e+46 5348
0.174913 3.23917121655129e+40 2.935354844167951e+39 2.35420887618898e+46 4308
0.178889 3.854976074863009e+40 2.156593649884879e+39 2.678304677173067e+46 3563
0.182864 3.799265248050059e+40 9.862287432004079e+38 2.526724224680265e+46 2448
0.186839 4.486906462573044e+40 4.788483437704531e+38 2.856761410638816e+46 1868
0.190814 4.433304532508245e+40 1.60693020233595e+38 2.704070496152389e+46 1358
0.19479 3.560320190421139e+40 2.110944452731237e+38 2.083314914028977e+46 1062
0.198765 3.262391052740415e+40 3.681698815626493e+38 1.835934935807036e+46 776
0.20274 2.50078342749669e+40 5.162517990521694e+38 1.354592010323206e+46 432
0.206716 2.536276506360412e+40 6.6437392804154e+38 1.317141927890858e+46 200
0.210691 2.809505485851049e+40 1.052408533793242e+39 1.402073735334279e+46 168
0.214666 1.886735967466961e+40 8.851469873686387e+38 9.086254725479763e+45 56
0.218642 2.787941364286987e+40 1.445745772483706e+39 1.295224214157787e+46 7


0.0039753 2.783372388796873e+35 1.534346232908573e+37 1.571440249678891e+47 18
0.0079506 7.367990146984989e+36 1.131570179368642e+38 9.345843764105816e+46 62
0.0119259 6.279344932048916e+37 3.469234597447106e+38 7.11481998410401e+46 98
0.0159012 3.64864673583151e+38 8.618019128010441e+38 8.479501744769546e+46 210
0.0198765 1.658401840147998e+39 1.6520900242405e+39 1.429765760140771e+47 350
0.0238518 4.590754369083518e+39 2.285860737789178e+39 2.263172868239019e+47 450
0.0278271 1.183021955486345e+40 3.268346205776641e+39 3.95546961275314e+47 602
0.0318024 2.484224732509376e+40 3.864518984893242e+39 6.127849754565498e+47 762
0.0357777 4.517897230600293e+40 3.965247260664273e+39 8.714050940302727e+47 1142
0.039753 7.935192825741588e+40 3.884180308255064e+39 1.235587963159222e+48 1250
0.0437283 1.177295474441996e+41 3.130827469558719e+39 1.504882768198587e+48 1458
0.0477036 1.798867937653859e+41 2.2638234764941e+39 1.923046960371531e+48 1814
0.0516789 2.216597680125967e+41 9.884745657956416e+38 2.019390752177143e+48 2178
0.0556542 2.692257537742079e+41 1.878217620839267e+38 2.114776143798136e+48 2498
0.0596295 2.912265408099252e+41 2.075416549485322e+38 1.986993907694225e+48 2622
0.0636048 2.715778873832668e+41 1.352290809145773e+39 1.627258313842806e+48 3338
0.0675801 2.38666934078848e+41 3.789783020588859e+39 1.269053104105482e+48 3722
0.0715554 1.86224399925506e+41 7.119107717209332e+39 8.846113272394206e+47 4170
0.0755307 1.243613352271715e+41 1.054786501810873e+40 5.302267540960769e+47 4358
0.079506 6.635970514851329e+40 1.329473815012843e+40 2.557355026086016e+47 5034
0.0834813 2.930618286844714e+40 1.552867038703504e+40 1.031880838286753e+47 5714
0.0874566 1.712533589862938e+40 1.611164412826677e+40 5.533633467205826e+46 5982
0.0914319 2.86245722034347e+40 1.568588478142979e+40 8.383343474599363e+46 6602
0.0954072 5.807495297751619e+40 1.339935927849758e+40 1.551585143163755e+47 7130
0.0993825 9.742868449801399e+40 1.094014251976336e+40 2.394210112617219e+47 8034
0.103358 1.327878825658964e+41 8.485581201328298e+39 3.015860294805789e+47 8606
0.107333 1.644209676015412e+41 6.460391013240278e+39 3.461222498125286e+47 9066
0.111308 1.83591707867499e+41 5.353079188547534e+39 3.592697845858411e+47 9962
0.115284 1.837043721558555e+41 5.191738365628837e+39 3.351228635308346e+47 10550
0.119259 1.819325320992788e+41 4.914855089964872e+39 3.100525235423099e+47 11226
0.123234 1.738232949659732e+41 5.670780379015712e+39 2.773907080246787e+47 12146
0.12721 1.574207038799875e+41 5.574782517059562e+39 2.356522080614695e+47 12303
0.131185 1.398580390820823e+41 5.053474600049022e+39 1.968013253227282e+47 12584
0.13516 1.121372018153722e+41 4.961281781800023e+39 1.486979580760755e+47 12120
0.139135 7.637806562833941e+40 5.684056615732168e+39 9.558861214071839e+46 11180
0.143111 4.013148818208635e+40 6.076159789664344e+39 4.749569594727306e+46 11096
0.147086 2.702100802667941e+40 5.868120786701705e+39 3.028956125075861e+46 10056
0.151061 2.816853692597637e+40 5.37473728982352e+39 2.992747464201782e+46 9716
0.155037 3.787171518998384e+40 4.262845926043846e+39 3.817360787151096e+46 8604
0.159012 4.774320343332824e+40 3.402520450868592e+39 4.572450345664854e+46 8060
0.162987 5.346273590061793e+40 2.422136216106812e+39 4.872814388366268e+46 7320
0.166963 5.518786450151445e+40 1.897299379768002e+39 4.794841073015564e+46 6356
0.170938 5.243899504999516e+40 1.962690633093176e+39 4.345852024248127e+46 5348
0.174913 4.716551485623097e+40 1.571917848590366e+39 3.731630682872628e+46 4308
0.178889 3.740923003395519e+40 1.717448849617264e+39 2.829941272306554e+46 3563
0.182864 2.059329027715442e+40 1.579926574404062e+39 1.491630058964319e+46 2448
0.186839 1.183447936590277e+40 1.940826033752419e+39 8.209993687430853e+45 1868
0.190814 3.639946026096297e+39 2.078624838128541e+39 2.423262070282681e+45 1358
0.19479 1.823811685356525e+39 1.798531721891403e+39 1.166669720029667e+45 1062
0.198765 2.732832684572569e+39 1.741182992107918e+39 1.678674224397693e+45 776
0.20274 4.672998521606872e+39 1.397452410002327e+39 2.759016074316175e+45 432
0.206716 6.456749462508634e+39 1.44605685979862e+39 3.653722676691363e+45 200
0.210691 1.123528996493885e+40 1.654463434662211e+39 6.107563362872957e+45 168
0.214666 9.949310167296158e+39 1.135170833474084e+39 5.218449380700085e+45 56
0.218642 1.65908981290497e+40 1.694269861909622e+39 8.394189291189016e+45 7


0.0039753 1.874903520043897e+38 3.725922363372609e+36 5.034408850709321e+47 18
0.0079506 1.434090583722417e+39 2.502836188272072e+37 7.219372542609803e+47 62
0.0119259 4.6255803592383e+39 6.659067366258174e+37 9.278347050491364e+47 98
0.0159012 1.224716797061639e+40 1.35449215939987e+38 1.317851373048489e+48 210
0.0198765 2.584849411790618e+40 1.800602742475448e+38 1.769832000573093e+48 350
0.0238518 3.981182230545133e+40 1.441766750400092e+38 1.885026410600599e+48 450
0.0278271 6.394302104959132e+40 8.449867303299753e+37 2.196741686946049e+48 602
0.0318024 8.701466349888276e+40 1.033398235268328e+37 2.269220836825289e+48 762
0.0357777 1.057188460342948e+41 7.256761352325262e+37 2.183537264725094e+48 1142
0.039753 1.273450371788341e+41 4.723800105754504e+38 2.135952829995374e+48 1250
0.0437283 1.324374133827517e+41 1.346959589422404e+39 1.829049178735188e+48 1458
0.0477036 1.385040434923297e+41 3.192803735398434e+39 1.603010063580375e+48 1814
0.0516789 1.120209218722614e+41 5.432814515920015e+39 1.106970062780696e+48 2178
0.0556542 8.198341411843502e+40 8.555902690842124e+39 7.004424017973454e+47 2498
0.0596295 4.587854652576156e+40 1.151879142536775e+40 3.425460433983717e+47 2622
0.0636048 1.505350973131786e+40 1.323032667140476e+40 1.010677607651886e+47 3338
0.0675801 3.216685544667106e+39 1.445302463255889e+40 2.150549078135379e+46 3722
0.0715554 1.629871233291238e+40 1.422016566997787e+40 8.600993684635705e+46 4170
0.0755307 5.212804387867554e+40 1.242298137538208e+40 2.415210330525391e+47 4358
0.079506 1.031100839598213e+41 9.401148888338163e+39 4.287594126652765e+47 5034
0.0834813 1.619911412758955e+41 6.496905051938408e+39 6.104255177273726e+47 5714
0.0874566 2.099210470294332e+41 3.89357298195197e+39 7.203960996117409e+47 5982
0.0914319 2.475285296658506e+41 2.071055669799599e+39 7.764370264237897e+47 6602
0.0954072 2.46468109039813e+41 1.511496525493202e+39 7.09556662001341e+47 7130
0.0993825 2.323254227903038e+41 1.967339775961725e+39 6.165318895976142e+47 8034
0.103358 2.02792982063851e+41 3.05579259315405e+39 4.978376069437843e+47 8606
0.107333 1.695839409830894e+41 4.542544403767342e+39 3.8607851494805e+47 9066
0.111308 1.42825356950247e+41 5.902697135485137e+39 3.023669068417769e+47 9962
0.115284 1.259057359694044e+41 6.664585774504204e+39 2.485150137723658e+47 10550
0.119259 1.102815014073506e+41 7.162664896962675e+39 2.03379382225835e+47 11226
0.123234 1.13092300751092e+41 7.289081509238846e+39 1.95279227697639e+47 12146
0.12721 1.016927708583083e+41 7.020079752359872e+39 1.647166273797902e+47 12303
0.131185 8.269409908087733e+40 6.723151341489444e+39 1.259190967585958e+47 12584
0.13516 6.394571991909938e+40 6.308149513574414e+39 9.17635700163778e+46 12120
0.139135 6.823409424199948e+40 5.00451323918657e+39 9.236996689012747e+46 11180
0.143111 7.944827178307261e+40 3.019244977067615e+39 1.016173859147848e+47 11096
0.147086 8.737791454836611e+40 1.788244683796919e+39 1.057948488361799e+47 10056
0.151061 9.007272558083925e+40 1.268720461753977e+39 1.033850712709632e+47 9716
0.155037 8.005269843394605e+40 1.295251096555782e+39 8.722323338547788e+46 8604
0.159012 6.931956231756082e+40 1.588890830915621e+39 7.178643258437467e+46 8060
0.162987 5.134839995108564e+40 1.96382008766588e+39 5.06194648776855e+46 7320
0.166963 3.968927847794734e+40 2.208421908827272e+39 3.730245289983444e+46 6356
0.170938 3.86706154835569e+40 2.186420374675329e+39 3.466789635747076e+46 5348
0.174913 2.772767431957195e+40 2.17152254090992e+39 2.373402313485972e+46 4308
0.178889 2.63067864907233e+40 1.901116212176179e+39 2.152808272617262e+46 3563
0.182864 2.10079696153644e+40 1.24861198815012e+39 1.645758667934563e+46 2448
0.186839 2.61629949677811e+40 8.63362326872094e+38 1.962034866899349e+46 1868
0.190814 3.06483694322274e+40 3.466177109247625e+38 2.201691924104565e+46 1358
0.19479 2.906496499569929e+40 9.921903767386077e+37 2.002970627365518e+46 1062
0.198765 2.999907688020077e+40 4.341638266147806e+37 1.988181128462517e+46 776
0.20274 2.540053581903513e+40 8.455764662367257e+37 1.620286311876566e+46 432
0.206716 2.689290031300634e+40 1.338019440654118e+38 1.644695221169136e+46 200
0.210691 3.190699106724681e+40 2.795321090226951e+38 1.875123670446843e+46 168
0.214666 2.24193273618547e+40 2.727482038750686e+38 1.271432827800486e+46 56
0.218642 3.3830402821872e+40 4.722008586692318e+38 1.850816227581723e+46 7


0.0039753 1.895037855614741e+38 2.258045377581065e+36 5.342952453122206e+47 18
0.0079506 1.361021067403828e+39 1.882251937002244e+37 7.357250964754502e+47 62
0.0119259 4.013425725484893e+39 6.787841221875875e+37 8.706077348276721e+47 98
0.0159012 9.460406331704446e+39 2.045386132546294e+38 1.104185641748039e+48 210
0.0198765 1.661146505483007e+40 5.136751864742212e+38 1.236790781610241e+48 350
0.0238518 2.05459804437347e+40 9.373711168694905e+38 1.059894590648789e+48 450
0.0278271 2.549580748580953e+40 1.76915197606027e+39 9.567211222167311e+47 602
0.0318024 2.451783609627025e+40 2.84989167005784e+39 7.017599075016148e+47 762
0.0357777 1.836211716273166e+40 4.117860396015774e+39 4.204732612720348e+47 1142
0.039753 1.049047727228272e+40 5.916355138219725e+39 2.009964149819445e+47 1250
0.0437283 2.796727792505354e+39 7.34364793926856e+39 5.155912442194736e+46 1458
0.0477036 9.404335081798469e+38 9.374824944466357e+39 2.078239125968693e+46 1814
0.0516789 1.09189847071108e+40 9.585682590735873e+39 1.224594747668926e+47 2178
0.0556542 3.858319457398269e+40 9.479087660525211e+39 3.575625872122622e+47 2498
0.0596295 8.191613233419494e+40 8.111871754558934e+39 6.534536946750736e+47 2622
0.0636048 1.307105499498533e+41 5.590661711128655e+39 9.127263408752858e+47 3338
0.0675801 1.868547828248158e+41 3.147710359599243e+39 1.156024527747951e+48 3722
0.0715554 2.31115281538515e+41 1.223368359969521e+39 1.27597714330693e+48 4170
0.0755307 2.497292369270995e+41 3.47967902350547e+38 1.235903657529266e+48 4358
0.079506 2.364213366486299e+41 7.966823926410934e+38 1.054896355794869e+48 5034
0.0834813 2.097744742152905e+41 2.437641109177096e+39 8.496023080481378e+47 5714
0.0874566 1.648185019003349e+41 4.795886247672195e+39 6.084805123107898e+47 5982
0.0914319 1.168058151475859e+41 7.520023179155506e+39 3.945247613853968e+47 6602
0.0954072 7.537760698203605e+40 9.16794232292919e+39 2.33915761493219e+47 7130
0.0993825 5.033583744061435e+40 1.022263873102934e+40 1.441683723248492e+47 8034
0.103358 4.226882461632589e+40 1.020013593121026e+40 1.120221822293758e+47 8606
0.107333 4.843819283412107e+40 9.597648544262737e+39 1.189173669347398e+47 9066
0.111308 6.403500403164419e+40 8.69054830008441e+39 1.460010579142845e+47 9962
0.115284 8.16368348455505e+40 7.617301841396279e+39 1.734005308986863e+47 10550
0.119259 9.279437414659994e+40 6.715818222117062e+39 1.840731160293451e+47 11226
0.123234 1.039739154286374e+41 6.369336169275789e+39 1.930867215412727e+47 12146
0.12721 1.05124890805155e+41 5.524957291612131e+39 1.831026206653146e+47 12303
0.131185 1.033879462798602e+41 4.446597201384887e+39 1.692531010035779e+47 12584
0.13516 1.071117087330058e+41 2.985472697681757e+39 1.652038851564422e+47 12120
0.139135 9.859847199702474e+40 2.492069245537096e+39 1.434903253789577e+47 11180
0.143111 7.225353813367527e+40 2.674753283811989e+39 9.939029900641756e+46 11096
0.147086 4.794050827480228e+40 3.260264102916515e+39 6.245051575617292e+46 10056
0.151061 3.18076688618748e+40 3.788436495253099e+39 3.929630822802713e+46 9716
0.155037 2.260531811838128e+40 3.816230494158424e+39 2.651907751345676e+46 8604
0.159012 2.150935337362592e+40 3.61366250591951e+39 2.398056302866971e+46 8060
0.162987 2.542112142506391e+40 2.864849868624981e+39 2.696530411683371e+46 7320
0.166963 2.977041721826487e+40 2.28344404063644e+39 3.009626335910364e+46 6356
0.170938 3.12637657137582e+40 2.135052094932178e+39 3.014553821218758e+46 5348
0.174913 3.33192757253532e+40 1.482638075923054e+39 3.06672346362284e+46 4308
0.178889 3.253688672739841e+40 1.218538252422261e+39 2.863083385922964e+46 3563
0.182864 2.47474022119155e+40 8.041583618163991e+38 2.084736176587177e+46 2448
0.186839 2.02032360034427e+40 9.595938477812052e+38 1.62955785390372e+46 1868
0.190814 1.074305408988901e+40 1.229175721568275e+39 8.30407405325193e+45 1358
0.19479 3.834383377870531e+39 1.303757282335221e+39 2.846321271688292e+45 1062
0.198765 1.078912984046854e+39 1.44799211537431e+39 7.736739962693278e+44 776
0.20274 2.666435225464495e+38 1.302904722312794e+39 1.868074523095927e+44 432
0.206716 3.522683763164903e+38 1.41472050106468e+39 2.356059696976566e+44 200
0.210691 1.149792332269707e+39 1.745606467810747e+39 7.311642153156875e+44 168
0.214666 1.478229488278689e+39 1.257765725533863e+39 9.045366309470595e+44 56
0.218642 2.819179954381983e+39 1.919715521470798e+39 1.662875918357736e+45 7


0.0039753 3.63459783201918e+36 1.08807458017211e+37 1.774790596534199e+47 18
0.0079506 1.600570665336245e+37 8.101850186303515e+37 1.078767612985579e+47 62
0.0119259 1.655642314841318e+37 2.516424889111373e+38 7.043553918735852e+46 98
0.0159012 5.43314331679635e+36 6.349550207809308e+38 5.613461693693464e+46 210
0.0198765 1.860480301747837e+38 1.244450506142319e+39 5.929561916483566e+46 350
0.0238518 1.175423972632524e+39 1.760732008433782e+39 9.462350424575648e+46 450
0.0278271 4.461236966182473e+39 2.570996516252047e+39 2.008786737387754e+47 602
0.0318024 1.187022841088881e+40 3.104493916761737e+39 3.739116046138303e+47 762
0.0357777 2.522070627126582e+40 3.245488718245507e+39 6.111198642511288e+47 1142
0.039753 4.909229409134279e+40 3.225887309937621e+39 9.550948624064751e+47 1250
0.0437283 7.791115738584524e+40 2.620066036846988e+39 1.241840944246116e+48 1458
0.0477036 1.246781071463504e+41 1.888666239674842e+39 1.66055836287782e+48 1814
0.0516789 1.57904966007095e+41 8.027133863361247e+38 1.791588250261898e+48 2178
0.0556542 1.938006744939526e+41 1.384495147746672e+38 1.89560358375278e+48 2498
0.0596295 2.083331544880717e+41 2.21779411706496e+38 1.76993984095982e+48 2622
0.0636048 1.893539161245116e+41 1.302041534862841e+39 1.412875274073914e+48 3338
0.0675801 1.578386206234743e+41 3.471235851373827e+39 1.045355219533371e+48 3722
0.0715554 1.125852843169382e+41 6.264522624525774e+39 6.664758957803619e+47 4170
0.0755307 6.491506091231915e+40 8.896659942961076e+39 3.453783364252182e+47 4358
0.079506 2.751710555660464e+40 1.063913812844826e+40 1.329220465767046e+47 5034
0.0834813 1.165785598384735e+40 1.166863895018997e+40 5.189984358808972e+46 5714
0.0874566 1.922416063418609e+40 1.12171344844102e+40 7.700897315065822e+46 5982
0.0914319 4.599026375344143e+40 9.926288526182363e+39 1.668338393337224e+47 6602
0.0954072 7.886531274498348e+40 7.661805299373984e+39 2.618290356140758e+47 7130
0.0993825 1.122927169988915e+41 5.625260796803706e+39 3.432690910960736e+47 8034
0.103358 1.338973503925515e+41 4.069847953303078e+39 3.784457835771073e+47 8606
0.107333 1.462435430621798e+41 3.174740157104476e+39 3.831922443992949e+47 9066
0.111308 1.469409929479273e+41 3.081689045246548e+39 3.57956546096147e+47 9962
0.115284 1.346576884306405e+41 3.627198198337017e+39 3.058271113730868e+47 10550
0.119259 1.242711284436181e+41 3.914683676260451e+39 2.636842044938577e+47 11226
0.123234 1.144963914128156e+41 4.666811382278844e+39 2.275019985592376e+47 12146
0.12721 9.995729741108758e+40 4.739778465210686e+39 1.863158687856481e+47 12303
0.131185 8.497787686887791e+40 4.484830862176795e+39 1.488976828686064e+47 12584
0.13516 6.073508874461841e+40 4.641424448158442e+39 1.003012285860766e+47 12120
0.139135 4.137121247468413e+40 4.812619284181615e+39 6.449152900053094e+46 11180
0.143111 3.115340209969593e+40 4.238321033492922e+39 4.590459448139587e+46 11096
0.147086 3.639155347717777e+40 3.300605151704155e+39 5.074485431434063e+46 10056
0.151061 4.643870063628071e+40 2.452929451649955e+39 6.136773995392883e+46 9716
0.155037 5.376446058335627e+40 1.640141636022854e+39 6.743034285555801e+46 8604
0.159012 5.626177593238071e+40 1.273846654717749e+39 6.70587229214032e+46 8060
0.162987 4.889158131354371e+40 1.190775713256116e+39 5.546801321121496e+46 7320
0.166963 4.129259539379673e+40 1.290852261970001e+39 4.466121255537513e+46 6356
0.170938 3.759403700018586e+40 1.429409304956251e+39 3.878630122721612e+46 5348
0.174913 2.693140827740927e+40 1.51681478020252e+39 2.652950470731817e+46 4308
0.178889 1.980999026770904e+40 1.622492671743566e+39 1.866015062622633e+46 3563
0.182864 1.058784014124553e+40 1.362261995045685e+39 9.550460026786456e+45 2448
0.186839 1.065261344894876e+40 1.273412937991292e+39 9.198886847176359e+45 1868
0.190814 1.444305653516514e+40 8.45990786639614e+38 1.194435702210715e+46 1358
0.19479 1.768212457552173e+40 3.994009728499833e+38 1.402570927263296e+46 1062
0.198765 2.14455685632223e+40 1.904022266181189e+38 1.63585113749515e+46 776
0.20274 2.075082393125653e+40 5.859383002897024e+37 1.523441828068954e+46 432
0.206716 2.319842173923404e+40 3.089309946231265e+37 1.63283361886404e+46 200
0.210691 2.992101166690917e+40 3.651582551951897e+36 2.023706414585518e+46 168
0.214666 2.216748964896034e+40 1.946552743367248e+36 1.446802990542826e+46 56
0.218642 3.425722278056378e+40 7.971647513660467e+36 2.156891652920431e+46 7


0.0039753 1.107879772829389e+38 4.185541043064847e+36 4.147896315235483e+47 18
0.0079506 8.624983226679436e+38 2.865738640764746e+37 5.60785735770164e+47 62
0.0119259 2.847497086029742e+39 7.854263476591428e+37 7.181566466949908e+47 98
0.0159012 7.747466621944841e+39 1.668213918873806e+38 1.035717065636809e+48 210
0.0198765 1.696577933352347e+40 2.415841897564025e+38 1.433863451342197e+48 350
0.0238518 2.707311829621006e+40 2.240583615320988e+38 1.577464596116482e+48 450
0.0278271 4.48982146639132e+40 1.76539189754555e+38 1.895337476059038e+48 602
0.0318024 6.299657904732045e+40 6.254403876100102e+37 2.017036020424536e+48 762
0.0357777 7.858260674034339e+40 1.179576833376729e+37 1.991825148808135e+48 1142
0.039753 9.657282396760221e+40 1.961239852288364e+38 1.987420417278509e+48 1250
0.0437283 1.015730790526599e+41 7.735655052860417e+38 1.721063836266894e+48 1458
0.0477036 1.063230428724303e+41 2.117214939122958e+39 1.509885524952115e+48 1814
0.0516789 8.476041471786407e+40 3.875954138700213e+39 1.02802452559431e+48 2178
0.0556542 5.957511735742762e+40 6.337916598273078e+39 6.252575155453262e+47 2498
0.0596295 3.04173372343765e+40 8.655612142331633e+39 2.798431367953467e+47 2622
0.0636048 7.972142283190491e+39 9.902163922117297e+39 6.733012322625674e+46 3338
0.0675801 3.602966581863818e+39 1.057133191546205e+40 2.872078692171669e+46 3722
0.0715554 2.157794255406914e+40 9.957115971480317e+39 1.383224015568198e+47 4170
0.0755307 5.756078223683393e+40 8.125221404719837e+39 3.264955724209504e+47 4358
0.079506 1.020479205781086e+41 5.533866611651775e+39 5.201329183923415e+47 5034
0.0834813 1.476662685425277e+41 3.279217978942006e+39 6.822793753578058e+47 5714
0.0874566 1.77048778043358e+41 1.681192368238737e+39 7.450929152851815e+47 5982
0.0914319 1.922560068334688e+41 1.007986653905458e+39 7.396165613457979e+47 6602
0.0954072 1.758548489918027e+41 1.42909008812145e+39 6.209682783762045e+47 7130
0.0993825 1.510768497444541e+41 2.529274251369843e+39 4.918123845102181e+47 8034
0.103358 1.208922897611285e+41 3.777294013820009e+39 3.641174953927054e+47 8606
0.107333 9.410865205113385e+40 4.991276872724348e+39 2.629106870955853e+47 9066
0.111308 7.853771637920283e+40 5.767139778294606e+39 2.040499998706444e+47 9962
0.115284 7.588605419197891e+40 5.800621119669072e+39 1.837951489301566e+47 10550
0.119259 7.250694347880463e+40 5.730252276852073e+39 1.640542610106349e+47 11226
0.123234 8.24629813847026e+40 5.401349845195753e+39 1.746614462682337e+47 12146
0.12721 8.016372068002982e+40 4.877475197293792e+39 1.592531275818691e+47 12303
0.131185 7.038455996357883e+40 4.434188049610538e+39 1.314358119428661e+47 12584
0.13516 6.416127488272483e+40 3.72473643575455e+39 1.128906273451829e+47 12120
0.139135 7.018014114349354e+40 2.61691301090245e+39 1.164859890473902e+47 11180
0.143111 7.226683817481375e+40 1.492333338901532e+39 1.133469334194087e+47 11096
0.147086 6.595835494862838e+40 1.241243460946039e+39 9.794272387465634e+46 10056
0.151061 5.644947299599552e+40 1.476604758736654e+39 7.947145730255782e+46 9716
0.155037 4.123484657088342e+40 1.914536682433341e+39 5.511528053603605e+46 8604
0.159012 3.158802640220492e+40 2.221045515302763e+39 4.013452580176262e+46 8060
0.162987 2.438347203543609e+40 2.168076109620899e+39 2.94921343922472e+46 7320
0.166963 2.254227435009193e+40 1.982085353584484e+39 2.599104908609611e+46 6356
0.170938 2.511705318415178e+40 1.786649268070547e+39 2.761956865418661e+46 5348
0.174913 2.42323530358676e+40 1.388135053648571e+39 2.543663350972945e+46 4308
0.178889 2.701980958314323e+40 9.841608351361803e+38 2.711326894383392e+46 3563
0.182864 2.374183507615443e+40 4.733752112277609e+38 2.280575300024847e+46 2448
0.186839 2.474814101416771e+40 3.437700917606137e+38 2.275893121880838e+46 1868
0.190814 1.972082578727772e+40 4.166100347466807e+38 1.737504511369595e+46 1358
0.19479 1.159652152111438e+40 6.112321516795564e+38 9.803285372925264e+45 1062
0.198765 7.544979125807709e+39 8.270012681011057e+38 6.135797947376164e+45 776
0.20274 3.77325777973736e+39 8.767577597488881e+38 2.955155451990329e+45 432
0.206716 2.98399472929109e+39 1.015392423474979e+39 2.241643570378917e+45 200
0.210691 1.93541724200886e+39 1.379955198232212e+39 1.399450099665783e+45 168
0.214666 8.008790029340084e+38 1.055709689007689e+39 5.602452383995995e+44 56
0.218642 8.901682046966184e+38 1.654611984973411e+39 6.019634411852437e+44 7


0.0039753 1.589282101804682e+38 8.078849938373601e+35 5.413567445564037e+47 18
0.0079506 1.150511757597514e+39 7.2781720043377e+36 7.518096992640887e+47 62
0.0119259 3.430383955989732e+39 2.875974883195936e+37 8.995572989808879e+47 98
0.0159012 8.198443023215734e+39 9.529301501170364e+37 1.156766809953642e+48 210
0.0198765 1.470057567275419e+40 2.672329384523643e+38 1.322996146361953e+48 350
0.0238518 1.861756857073726e+40 5.343156554049301e+38 1.160726238656044e+48 450
0.0278271 2.371322909018893e+40 1.085772058398444e+39 1.07510685413338e+48 602
0.0318024 2.35846416896794e+40 1.865312395362544e+39 8.150315518573738e+47 762
0.0357777 1.850585768606883e+40 2.841862391116862e+39 5.107069609789291e+47 1142
0.039753 1.146911956399643e+40 4.252333467784407e+39 2.629544277027386e+47 1250
0.0437283 3.753262160161344e+39 5.427163740575137e+39 7.834172382986984e+46 1458
0.0477036 5.504873683972615e+38 7.048662826280793e+39 1.829878435870192e+46 1814
0.0516789 7.37878776440525e+39 7.242551984396449e+39 1.021546790484424e+47 2178
0.0556542 2.952493984753607e+40 7.090206393896029e+39 3.321476251413901e+47 2498
0.0596295 6.52994237956178e+40 5.892660113907389e+39 6.310273299341641e+47 2622
0.0636048 1.053408148082503e+41 3.819965723421165e+39 8.906494557197847e+47 3338
0.0675801 1.49314357515331e+41 1.890759927358098e+39 1.118369206760128e+48 3722
0.0715554 1.801845204203748e+41 5.7296480874228e+38 1.204331804972214e+48 4170
0.0755307 1.870542840882122e+41 2.941642797537848e+38 1.120772795952397e+48 4358
0.079506 1.66686182344725e+41 1.182107203491259e+39 9.00548675687e+47 5034
0.0834813 1.360676801928114e+41 2.976691790444121e+39 6.674167987717528e+47 5714
0.0874566 9.605182404477518e+40 5.076959338659888e+39 4.29642878359842e+47 5982
0.0914319 5.935513789249345e+40 7.152068822548004e+39 2.431230234556291e+47 6602
0.0954072 3.64721967104093e+40 7.947392838003647e+39 1.374001037343647e+47 7130
0.0993825 2.987808301124149e+40 8.08575189600001e+39 1.038284030802078e+47 8034
0.103358 3.631545754586233e+40 7.402023617654252e+39 1.165220043467797e+47 8606
0.107333 5.143890808878702e+40 6.391340674086955e+39 1.527631020707175e+47 9066
0.111308 6.805192589778032e+40 5.451473274476597e+39 1.877257497746865e+47 9962
0.115284 7.869116345584421e+40 4.786961362853776e+39 2.022834064997654e+47 10550
0.119259 8.370348644798158e+40 4.293354184164589e+39 2.009734974853761e+47 11226
0.123234 8.518555355789659e+40 4.404902842276244e+39 1.9150561048203e+47 12146
0.12721 8.041460323264141e+40 4.074373764040164e+39 1.695684536155699e+47 12303
0.131185 7.575393658239678e+40 3.446070088584227e+39 1.501425632196739e+47 12584
0.13516 7.322490553186524e+40 2.63553745928128e+39 1.367366192017668e+47 12120
0.139135 5.923966063353705e+40 2.669766457873784e+39 1.043895836870768e+47 11180
0.143111 3.57821427922677e+40 2.999142700498158e+39 5.961687428951512e+46 11096
0.147086 2.241351783175322e+40 3.172051796612264e+39 3.5374217178465e+46 10056
0.151061 1.857009336553369e+40 3.1217644227495e+39 2.779028106008709e+46 9716
0.155037 2.193722093093966e+40 2.590201271015218e+39 3.114701761513081e+46 8604
0.159012 2.686499955674675e+40 2.130300523225099e+39 3.62382379161796e+46 8060
0.162987 2.989107791867369e+40 1.566803004479647e+39 3.836866238882205e+46 7320
0.166963 3.005838271902771e+40 1.300026131564611e+39 3.677842899594196e+46 6356
0.170938 2.746364481922201e+40 1.389649768443857e+39 3.205444841740911e+46 5348
0.174913 2.385689602867815e+40 1.179444541599065e+39 2.65826617546907e+46 4308
0.178889 1.772600975226878e+40 1.280042204392941e+39 1.888670930347071e+46 3563
0.182864 9.10355769797977e+39 1.117146332844688e+39 9.288972566362127e+45 2448
0.186839 5.089600162971153e+39 1.264206080400448e+39 4.975784190940689e+45 1868
0.190814 3.317259480724917e+39 1.175673966806226e+39 3.1087145042398e+45 1358
0.19479 5.637060640373205e+39 8.243993372882244e+38 5.061406398421554e+45 1062
0.198765 8.793164968227209e+39 6.490640063571647e+38 7.589659027903361e+45 776
0.20274 1.061391847499075e+40 4.091749259615907e+38 8.815803805396247e+45 432
0.206716 1.289554625736155e+40 3.727043464640457e+38 1.026827756158999e+46 200
0.210691 1.877345135724943e+40 3.342473256883603e+38 1.436368769101162e+46 168
0.214666 1.496396940449003e+40 1.896198830236569e+38 1.104785675312101e+46 56
0.218642 2.387002808366957e+40 2.56646495572593e+38 1.700051944881747e+46 7


0.0039753 1.125557115582446e+37 7.868213419842163e+36 2.08056213042757e+47 18
0.0079506 6.437439444394369e+37 5.916886573338649e+37 1.461943117912549e+47 62
0.0119259 1.281020334051049e+38 1.862406300692105e+38 1.054272228661083e+47 98
0.0159012 1.531626273038134e+38 4.774647916534433e+38 8.217111667808468e+46 210
0.0198765 3.499075917532167e+37 9.569195737291688e+38 5.234047729402972e+46 350
0.0238518 1.675496385424207e+38 1.384559660345159e+39 4.529483329041464e+46 450
0.0278271 1.530105244695545e+39 2.06468496243599e+39 1.005299290818495e+47 602
0.0318024 5.796695752920739e+39 2.546287022789804e+39 2.289597043821108e+47 762
0.0357777 1.48737755359948e+40 2.713528127776592e+39 4.371708874959689e+47 1142
0.039753 3.23193385348914e+40 2.740564902379158e+39 7.560553496200805e+47 1250
0.0437283 5.48669684418786e+40 2.249532917596745e+39 1.048654460671809e+48 1458
0.0477036 9.179576384546949e+40 1.627176552289681e+39 1.46443280437543e+48 1814
0.0516789 1.193207945813304e+41 6.839379820893126e+38 1.620872428836372e+48 2178
0.0556542 1.479507192234419e+41 1.124136550529789e+38 1.732319096864473e+48 2498
0.0596295 1.582755473449002e+41 2.170816575527303e+38 1.609620739648978e+48 2622
0.0636048 1.406632623405211e+41 1.206880638212748e+39 1.256496662245005e+48 3338
0.0675801 1.117616881926679e+41 3.118893204592543e+39 8.863778079521262e+47 3722
0.0715554 7.321832800585623e+40 5.461765096045083e+39 5.194238827518277e+47 4170
0.0755307 3.646848006384047e+40 7.487920608158308e+39 2.330684210054614e+47 4358
0.079506 1.294197201211549e+40 8.549038030388208e+39 7.572597168063388e+46 5034
0.0834813 9.925414837523855e+39 8.850345056073935e+39 5.297835930055765e+46 5714
0.0874566 2.673983326346868e+40 7.918842226519666e+39 1.274759889376391e+47 5982
0.0914319 5.739027943605188e+40 6.391772603742875e+39 2.486941820391186e+47 6602
0.0954072 8.553610269933538e+40 4.504132275518267e+39 3.396189369218551e+47 7130
0.0993825 1.085093226948142e+41 3.089041213500096e+39 3.968567174514994e+47 8034
0.103358 1.174030246680851e+41 2.30977291437427e+39 3.970752349246561e+47 8606
0.107333 1.166336593682081e+41 2.172111664764095e+39 3.657465502693327e+47 9066
0.111308 1.083799091957377e+41 2.570074935007477e+39 3.160059924619644e+47 9962
0.115284 9.464257084097443e+40 3.217380762454178e+39 2.57290921413672e+47 10550
0.119259 8.497325959467009e+40 3.527521694458505e+39 2.158278406734704e+47 11226
0.123234 8.009645267404865e+40 3.96114446868827e+39 1.905069316096302e+47 12146
0.12721 7.176281074230195e+40 3.866044622812559e+39 1.601120484638012e+47 12303
0.131185 6.186608743074346e+40 3.586218925887115e+39 1.297522797496323e+47 12584
0.13516 4.417433642039797e+40 3.658565576478309e+39 8.732498931542153e+46 12120
0.139135 3.616667645375275e+40 3.424917744535979e+39 6.7467955308319e+46 11180
0.143111 3.718408352916079e+40 2.515122464762398e+39 6.553602002852375e+46 11096
0.147086 4.388369520949816e+40 1.657577950365258e+39 7.320056301542741e+46 10056
0.151061 4.940466853611497e+40 1.12895543580261e+39 7.811399089376432e+46 9716
0.155037 4.72814960998897e+40 9.249207979590086e+38 7.096094908824727e+46 8604
0.159012 4.281789312461848e+40 9.879965621889028e+38 6.107666871344573e+46 8060
0.162987 3.259695070961331e+40 1.169630585344359e+39 4.42623831065388e+46 7320
0.166963 2.620764958560211e+40 1.275319445938504e+39 3.392791839275017e+46 6356
0.170938 2.633446351361189e+40 1.221002005087775e+39 3.251795714287558e+46 5348
0.174913 2.01966091475334e+40 1.177217292828374e+39 2.381080978812724e+46 4308
0.178889 1.993830183395304e+40 9.773792910234324e+38 2.247227465622845e+46 3563
0.182864 1.633169807038245e+40 5.929924868895003e+38 1.762073529791357e+46 2448
0.186839 1.943254345130264e+40 3.613450229841981e+38 2.007075399963221e+46 1868
0.190814 2.079381232118236e+40 1.200013477772567e+38 2.05733909609435e+46 1358
0.19479 1.710323440462777e+40 1.138343776377923e+38 1.623388632826339e+46 1062
0.198765 1.551851229186463e+40 1.965746951045109e+38 1.416625622803946e+46 776
0.20274 1.134953303325405e+40 2.927273033916682e+38 9.972642660475175e+45 432
0.206716 1.116490495259947e+40 3.832590246141548e+38 9.405914305598825e+45 200
0.210691 1.159180925100234e+40 6.186215060934541e+38 9.384848679007264e+45 168
0.214666 7.37644585951856e+39 5.232475344333415e+38 5.763387371509794e+45 56
0.218642 1.060046372485116e+40 8.555945577442256e+38 7.990111955050542e+45 7


0.0039753 6.652150399167178e+37 4.274924249379718e+36 3.511197139407785e+47 18
0.0079506 5.287465777248309e+38 2.96570722877073e+37 4.395553644991964e+47 62
0.0119259 1.793294545428515e+39 8.291688894232785e+37 5.560156323593802e+47 98
0.0159012 5.032538622747857e+39 1.810995411935721e+38 8.122120109087916e+47 210
0.0198765 1.148062656809977e+40 2.761937819819434e+38 1.159944344747058e+48 350
0.0238518 1.903753908040761e+40 2.774578547868266e+38 1.320152264083608e+48 450
0.0278271 3.267063526277446e+40 2.505961178707279e+38 1.63790038928861e+48 602
0.0318024 4.73504287167401e+40 1.279195922625407e+38 1.798437059510899e+48 762
0.0357777 6.075436869958853e+40 1.865754980028837e+37 1.825624259521096e+48 1142
0.039753 7.63460154673412e+40 7.454076324588034e+37 1.862102298191027e+48 1250
0.0437283 8.147002171695688e+40 4.561902341833103e+38 1.635899787741897e+48 1458
0.0477036 8.580169852072869e+40 1.46363664709196e+39 1.444024064975298e+48 1814
0.0516789 6.799151194333139e+40 2.885054165149596e+39 9.775421763597403e+47 2178
0.0556542 4.655001401832413e+40 4.895227166901343e+39 5.795939323319648e+47 2498
0.0596295 2.22133816136272e+40 6.783639098847786e+39 2.432027403567187e+47 2622
0.0636048 4.928355597509724e+39 7.743625986325055e+39 5.076282384987543e+46 3338
0.0675801 4.467210282590616e+39 8.107191187693905e+39 4.088870888428491e+46 3722
0.0715554 2.380153765530368e+40 7.345145574477239e+39 1.800976016305258e+47 4170
0.0755307 5.733490477084987e+40 5.627165039334781e+39 3.849665466557926e+47 4358
0.079506 9.474345563209837e+40 3.465429108614084e+39 5.719225503293683e+47 5034
0.0834813 1.290445022175069e+41 1.776991964436038e+39 7.062681656720494e+47 5714
0.0874566 1.452853572123261e+41 8.880998341990438e+38 7.24322115654181e+47 5982
0.0914319 1.469034962862022e+41 9.087852749759536e+38 6.695679067593466e+47 6602
0.0954072 1.246736626400884e+41 1.740608977083275e+39 5.216523545396644e+47 7130
0.0993825 9.898643365472231e+40 2.936121104996204e+39 3.818984033205912e+47 8034
0.103358 7.453644203818768e+40 3.956267642555698e+39 2.661189358963988e+47 8606
0.107333 5.737237167565712e+40 4.702050338114732e+39 1.900286024446293e+47 9066
0.111308 5.172499971678983e+40 4.958565400424959e+39 1.593096898762834e+47 9962
0.115284 5.680369099662948e+40 4.60326784168807e+39 1.630322580967847e+47 10550
0.119259 5.864941104239191e+40 4.310313777715226e+39 1.572223232549188e+47 11226
0.123234 6.846981237620604e+40 3.94461425744796e+39 1.718081987618467e+47 12146
0.12721 6.717035900768684e+40 3.514032057247523e+39 1.580821787085156e+47 12303
0.131185 5.948882119305008e+40 3.176823500518803e+39 1.316013589388483e+47 12584
0.13516 5.702473991718563e+40 2.502412054391043e+39 1.188514874922864e+47 12120
0.139135 5.912948834538931e+40 1.78298391514706e+39 1.162628262683255e+47 11180
0.143111 5.285345741582333e+40 1.334814602390331e+39 9.821266249933941e+46 11096
0.147086 4.102963942283499e+40 1.510322320188057e+39 7.219111264590558e+46 10056
0.151061 3.024541549821111e+40 1.873430854515319e+39 5.046326232299242e+46 9716
0.155037 2.073841911111453e+40 2.087123715987917e+39 3.285730316668822e+46 8604
0.159012 1.732400852380688e+40 2.104726540361675e+39 2.60904520615415e+46 8060
0.162987 1.77990377730715e+40 1.73771417140525e+39 2.550792450613405e+46 7320
0.166963 1.936026454459441e+40 1.433663840648187e+39 2.644323405936717e+46 6356
0.170938 1.993927905076494e+40 1.359507870882237e+39 2.597550375590306e+46 5348
0.174913 2.008985747877132e+40 1.007236582500386e+39 2.498177938146326e+46 4308
0.178889 1.893422715521548e+40 8.744340978965952e+38 2.250989955501484e+46 3563
0.182864 1.339835302580426e+40 6.407077215742738e+38 1.5249440935533e+46 2448
0.186839 1.011258153224782e+40 7.596656072272763e+38 1.102139823745038e+46 1868
0.190814 4.215905331019752e+39 9.225406586347783e+38 4.406020381600722e+45 1358
0.19479 1.272138619837534e+39 8.903077874196417e+38 1.279286637212849e+45 1062
0.198765 8.021765151729681e+38 9.119674248790269e+38 7.777231617594115e+44 776
0.20274 1.602948401664173e+39 7.486182586673746e+38 1.489521861717676e+45 432
0.206716 2.440808037452447e+39 7.771725691132849e+38 2.172464623764814e+45 200
0.210691 4.82661304757724e+39 8.855371976751251e+38 4.124801285920505e+45 168
0.214666 4.559306417201917e+39 6.020451932846453e+38 3.758766140616014e+45 56
0.218642 7.789271230842392e+39 8.934616139730429e+38 6.194073840135206e+45 7


0.0039753 1.328704093066536e+38 2.122873167543788e+35 5.35225563741927e+47 18
0.0079506 9.694955711694473e+38 2.257719271330375e+36 7.454002478525779e+47 62
0.0119259 2.922486509096435e+39 1.059812890170674e+37 9.001551056488132e+47 98
0.0159012 7.080183590458655e+39 4.115292479796219e+37 1.172492260848356e+48 210
0.0198765 1.295757406764107e+40 1.356847000427183e+38 1.367994397384274e+48 350
0.0238518 1.678761660562461e+40 3.058675137804891e+38 1.227433292256348e+48 450
0.0278271 2.19168122403921e+40 6.798893531141102e+38 1.164943457507851e+48 602
0.0318024 2.248691513799384e+40 1.257256391201891e+39 9.105354391984712e+47 762
0.0357777 1.839240125402522e+40 2.030524854040231e+39 5.939600204576527e+47 1142
0.039753 1.220074352647135e+40 3.174541402695466e+39 3.258200108254798e+47 1250
0.0437283 4.653852282366333e+39 4.176848449809281e+39 1.097782095850598e+47 1458
0.0477036 5.417084189978237e+38 5.536434104041289e+39 2.04075299086462e+46 1814
0.0516789 4.917371207195656e+39 5.741782002733756e+39 8.225520908026376e+46 2178
0.0556542 2.273796509260794e+40 5.600804296760555e+39 3.01368144261487e+47 2498
0.0596295 5.269825464552347e+40 4.562707918373779e+39 5.983794141513648e+47 2622
0.0636048 8.631300715883314e+40 2.820764678932844e+39 8.569679788715675e+47 3338
0.0675801 1.218618323768469e+41 1.253295826378997e+39 1.071659138238956e+48 3722
0.0715554 1.442092369427878e+41 3.20232289958471e+38 1.131666498869147e+48 4170
0.0755307 1.446383207825083e+41 3.652830572711547e+38 1.017547873237769e+48 4358
0.079506 1.22072012342864e+41 1.410593005090208e+39 7.744817487749059e+47 5034
0.0834813 9.221799579017588e+40 3.126957265661494e+39 5.313536497410465e+47 5714
0.0874566 5.901509376521795e+40 4.868181094686191e+39 3.103003211976631e+47 5982
0.0914319 3.293337063220924e+40 6.349377748979528e+39 1.588040544148566e+47 6602
0.0954072 2.265411718574145e+40 6.562533485696608e+39 1.00483882509394e+47 7130
0.0993825 2.638047474175839e+40 6.196327135781797e+39 1.076370455491226e+47 8034
0.103358 3.835593095117343e+40 5.291471893688333e+39 1.44359702609877e+47 8606
0.107333 5.392771837617627e+40 4.302804755600627e+39 1.879103020953685e+47 9066
0.111308 6.632231947213933e+40 3.601833996716894e+39 2.14722377704237e+47 9962
0.115284 6.968734549153234e+40 3.347974368657083e+39 2.102870780444955e+47 10550
0.119259 6.962790516104878e+40 3.174694602915767e+39 1.962668233688845e+47 11226
0.123234 6.631518164918956e+40 3.501536182275364e+39 1.750426036439911e+47 12146
0.12721 6.000893194442994e+40 3.37797132356099e+39 1.485817915533716e+47 12303
0.131185 5.567155309825089e+40 2.919743733164041e+39 1.295592116000603e+47 12584
0.13516 5.095740744960074e+40 2.427678954484725e+39 1.117333798896931e+47 12120
0.139135 3.823120663544109e+40 2.544940409206675e+39 7.911684783496353e+46 11180
0.143111 2.267391089206235e+40 2.646754166649539e+39 4.43729388979433e+46 11096
0.147086 1.860282495667739e+40 2.436768725881502e+39 3.447089289185143e+46 10056
0.151061 2.140881211637444e+40 2.085329025299264e+39 3.759173926668627e+46 9716
0.155037 2.694188616583041e+40 1.51461289780786e+39 4.488490590547857e+46 8604
0.159012 3.032150961876819e+40 1.181360687358902e+39 4.800057593077552e+46 8060
0.162987 2.813441001020736e+40 9.849214633370936e+38 4.239086701446603e+46 7320
0.166963 2.473611499634029e+40 9.65104294921827e+38 3.553091892898071e+46 6356
0.170938 2.24120328933467e+40 1.050117830683933e+39 3.07088589122156e+46 5348
0.174913 1.71502713299695e+40 1.014503281728355e+39 2.243647327063279e+46 4308
0.178889 1.318746188207298e+40 1.04578357329506e+39 1.649699873705695e+46 3563
0.182864 8.284504894725691e+39 8.152429888634829e+38 9.922917677876695e+45 2448
0.186839 8.71199619573289e+39 7.368384926741284e+38 9.989172579759657e+45 1868
0.190814 1.155247773704111e+40 4.3928738703417e+38 1.268555461465168e+46 1358
0.19479 1.335528448563139e+40 1.656977988306239e+38 1.406625466623843e+46 1062
0.198765 1.543187939080218e+40 5.075070636921929e+37 1.563014920926773e+46 776
0.20274 1.411645457975432e+40 1.129966796845946e+37 1.376129945111046e+46 432
0.206716 1.53551227648685e+40 1.311986783203458e+37 1.43510171173006e+46 200
0.210691 1.887211144901529e+40 4.374106161239469e+37 1.694895837840063e+46 168
0.214666 1.349695870704351e+40 5.81075026313015e+37 1.169725763137155e+46 56
0.218642 2.050819272190533e+40 1.119315565035093e+38 1.714589926695352e+46 7


