0.0228759 9.309412270208959e-07 7.489461335079084e-08 0.7412535965091109 18
0.0457518 6.158219760459621e-06 7.10522405227081e-07 1.324307768389076 62
0.0686277 2.062311147320032e-05 1.949850462068598e-06 1.905156394478277 98
0.0915036 5.010417420820198e-05 6.717193769709454e-06 2.573768384961311 210
0.11438 0.0001032540947138853 1.473743440829029e-05 3.433240373616345 350
0.137255 0.0001551509578570177 2.388986505737252e-05 3.598807509610851 450
0.160131 0.0002576332427697807 3.618804795079581e-05 4.353944862241989 602
0.183007 0.0003633505447118678 5.676850193092191e-05 4.675476795473889 762
0.205883 0.0004914858109371573 9.525670227581045e-05 5.01992894860677 1142
0.228759 0.0006609880169845722 0.0001281779974643969 5.487693300778894 1250
0.251635 0.0008288358506351693 0.0001774586213213796 5.668858404180546 1458
0.274511 0.001145332539828063 0.0002310189285919509 6.56303058521595 1814
0.297387 0.001349101053969329 0.0003070440947478905 6.596327906833005 2178
0.320263 0.001711416379736203 0.0003954901167584573 7.219268837858696 2498
0.343139 0.002053675485425682 0.000526522988830583 7.527696757814843 2622
0.366014 0.002349968551512455 0.00063548413852718 7.565576376882883 3338
0.38889 0.002700185248790216 0.0007701555284905323 7.71359687412453 3722
0.411766 0.003177360464059469 0.0009543916081907692 8.105500941461431 4170
0.434642 0.003583923314090823 0.001152329855194215 8.198186944983648 4358
0.457518 0.003953321359540419 0.00141696987781333 8.154437499714209 5034
0.480394 0.004592574645083049 0.001673925303222516 8.597727589306269 5714
0.50327 0.005079469275792517 0.001963938244074385 8.665842878498356 5982
0.526146 0.005828882966135838 0.002355697822686893 9.092527218748543 6602
0.549022 0.006245255203125172 0.002649922265066433 8.942396462557813 7130
0.571898 0.006936415176161876 0.003176356825926158 9.15583355261399 8034
0.594773 0.007489429533873553 0.003756041837560897 9.145105396784654 8606
0.617649 0.008193545881712888 0.004277143671656615 9.277353731854982 9066
0.640525 0.008934077392823125 0.004979610757864275 9.405773538362157 9962
0.663401 0.009644861306603848 0.005555013115451004 9.466453221128877 10550
0.686277 0.01033035354324453 0.006261035467166359 9.472845000431702 11226
0.709153 0.01141910521549762 0.007073156569426895 9.805008435909286 12146
0.732029 0.01215883165713886 0.007948847020702643 9.79370102219228 12303
0.754905 0.01276103068326372 0.008891059859782963 9.662638062363829 12584
0.777781 0.01362158211624311 0.01008749746003559 9.719574136911122 12120
0.800656 0.01464272244973858 0.01150906542020411 9.859245774832775 11180
0.823532 0.01492733080140288 0.01241683796649883 9.499743698780188 11096
0.846408 0.0158662975976422 0.01377304298098273 9.560036046762189 10056
0.869284 0.01737535430413558 0.01548877092941879 9.925390653445142 9716
0.89216 0.01841328240925302 0.01663608405407086 9.984671661098449 8604
0.915036 0.01984900603680526 0.01881688612157048 10.22972838557673 8060
0.937912 0.02041736568258261 0.0202564206690223 10.01610283728306 7320
0.960788 0.02190511603928365 0.02260009822160659 10.24433991258735 6356
0.983664 0.02292862826116046 0.02453304223559228 10.22842167960702 5348
1.00654 0.005051900660268316 0.005645998021802471 2.151584052334583 4308
1.02942 3.05725524716825e-33 2.113585203630761e-33 1.244630719689934e-30 3563
1.05229 3.276039022328521e-33 2.405829972721109e-33 1.276858112925364e-30 2448
1.07517 3.424336534424314e-33 2.377996643332867e-33 1.277821002508306e-30 1868
1.09804 3.348477266956614e-33 2.530999103866156e-33 1.197081496123628e-30 1358
1.12092 3.416414255107924e-33 2.499987569350962e-33 1.171740192509256e-30 1062
1.1438 3.357193263970525e-33 2.584938215396639e-33 1.107362533082876e-30 776
1.16667 3.338045859933133e-33 2.362510013968082e-33 1.059717338702588e-30 432
1.18955 2.69451973265403e-33 2.119976665548269e-33 8.201414372483182e-31 200
1.21242 2.589503623640632e-33 2.366013581677445e-33 7.57400938682598e-31 168
1.2353 3.549458497096027e-33 1.186817287004446e-33 1.001626867370375e-30 56
1.25817 3.447843890380343e-33 3.971035783501017e-34 9.386335773220416e-31 7


0.0228759 0.01496449384400404 0.0042260736646432 175599.7842851447 18
0.0457518 0.09208992789093359 0.03687219472905584 175665.7475831423 62
0.0686277 0.1644531070655005 0.1134523615340329 123971.8665596658 98
0.0915036 0.192902186537621 0.3100112294906684 87288.84525363165 210
0.11438 0.03477159689373363 0.5823267544410938 29668.91919742604 350
0.137255 0.2220360489274807 0.7166436762225937 43045.03846488628 450
0.160131 1.437602758697427 0.7553746451030756 145350.8701979842 602
0.183007 3.922785471034682 0.513009405904152 287664.3889584084 762
0.205883 6.407460737391989 0.1573583741374399 368401.0495161224 1142
0.228759 7.792273560618415 0.01969197822454424 363043.2723095227 1250
0.251635 5.986264628954026 0.2482219192099656 229872.8395454634 1458
0.274511 2.838693627856931 0.7410746271804306 91997.03969741537 1814
0.297387 0.3521253414491091 0.9864347676289781 10512.01796092587 2178
0.320263 0.8303493663714944 0.8008440531419108 20126.29569816074 2498
0.343139 2.963191663528987 0.3510883220693618 60902.45182842681 2622
0.366014 3.808737900525753 0.0550440170897321 68548.79325830183 3338
0.38889 2.895381142990892 0.1209265798127199 46245.55988128274 3722
0.411766 1.109288527516105 0.3199676131509073 15882.58528598355 4170
0.434642 0.3307423623630828 0.3705911774585612 4297.425745137586 4358
0.457518 0.6583685697420432 0.244428294435624 7621.017042606474 5034
0.480394 1.098136748467222 0.1096798806385422 11490.6674376144 5714
0.50327 1.059875148206497 0.08259614556679234 10101.43825379144 5982
0.526146 0.7466380485334239 0.1045520166662581 6509.46500799077 6602
0.549022 0.5157196048763306 0.1101935933581771 4129.23280715052 7130
0.571898 0.5137655375886762 0.08474545706331549 3789.451259622851 8034
0.594773 0.4717021789030438 0.07201833655182702 3217.48260103509 8606
0.617649 0.385202208731226 0.07197090706107773 2436.653282442453 9066
0.640525 0.3038869882013414 0.07871352315621338 1787.952247718271 9962
0.663401 0.2504207953639253 0.07938485796362489 1373.899066733627 10550
0.686277 0.2542163309105453 0.07011352401326069 1302.479492115011 11226
0.709153 0.2544645553688757 0.06708265855987379 1220.549969032774 12146
0.732029 0.2398033647047838 0.05532760717572557 1078.662450737655 12303
0.754905 0.2255412487383835 0.03713615299590203 953.2575121704928 12584
0.777781 0.1550839257771576 0.0321807236844932 617.7438828136989 12120
0.800656 0.1223396874390207 0.02707792272650447 459.8296711546546 11180
0.823532 0.0994203572228587 0.02073952880475942 353.141228504072 11096
0.846408 0.07002405945878137 0.02113744656128521 235.5630794398857 10056
0.869284 0.05784339932708372 0.01985894970311417 184.4934899171245 9716
0.89216 0.06197958668423165 0.01551436381995782 187.5795680712311 8604
0.915036 0.07184605901919616 0.01222209536515334 206.5906308120708 8060
0.937912 0.06684527641315088 0.01011062528377582 182.9372918346752 7320
0.960788 0.06578803806880358 0.008707773427016641 171.6222213863004 6356
0.983664 0.06557602043704633 0.008790672150747672 163.1737076093623 5348
1.00654 0.01049126836390803 0.002231144797069537 24.92800038455439 4308
1.02942 5.318564065779468e-29 1.262489301189257e-29 1.208295647693928e-25 3563
1.05229 5.578899855390863e-29 1.400939444125448e-29 1.213414307637691e-25 2448
1.07517 5.887794091688461e-29 1.45810158862415e-29 1.226014504495748e-25 1868
1.09804 5.982200218778252e-29 1.545921640214068e-29 1.193375908067241e-25 1358
1.12092 6.404406387496817e-29 1.746022925335456e-29 1.225668708135362e-25 1062
1.1438 7.072210333606475e-29 1.820491093773759e-29 1.301565736836911e-25 776
1.16667 6.25168205136426e-29 1.947571136632241e-29 1.107505019252695e-25 432
1.18955 7.778016225519065e-29 2.30143699742273e-29 1.320933630827325e-25 200
1.21242 9.47920898828352e-29 2.202949008345741e-29 1.546750608716951e-25 168
1.2353 9.680981140457991e-29 2.197143890576559e-29 1.524341183184906e-25 56
1.25817 8.848290496935464e-29 1.843034412688663e-29 1.34397373281553e-25 7


0.0228759 0.005120334167403174 0.001841532935867594 163756.8466998966 18
0.0457518 0.02704066922696988 0.01636980566759493 139949.1235695431 62
0.0686277 0.03358885142738804 0.05059730124341759 82237.8667477737 98
0.0915036 0.0150611061594544 0.1343873660157333 50436.21407532512 210
0.11438 0.08644318064033187 0.225061626304294 59616.63749734341 350
0.137255 0.6181850804591887 0.2140817059476176 163089.0845914013 450
0.160131 1.801089598197708 0.1317196671773547 319961.2813276375 602
0.183007 2.94830939350177 0.01739749911254731 391562.2521283829 762
0.205883 2.6352347033444 0.07018019447455776 277377.2590925195 1142
0.228759 1.173425124940888 0.311697702161877 102438.1304402193 1250
0.251635 0.09715202862056575 0.4471364441667453 9364.00071697661 1458
0.274511 1.003358880754107 0.3118903024417931 60042.68125458911 1814
0.297387 2.378257778449521 0.053253730192596 118876.8003706899 2178
0.320263 1.986562739989193 0.07520474575226564 85649.06332212621 2498
0.343139 0.5213859992266765 0.2558302167111999 19908.26545095984 2622
0.366014 0.2832281709669421 0.2242955226135579 9581.550206254748 3338
0.38889 1.02983140558659 0.07271738398327214 30036.01303252641 3722
0.411766 0.972465698755983 0.04465175795236079 25291.38928213423 4170
0.434642 0.3844820966128112 0.107318318788842 9020.344162054118 4358
0.457518 0.2909487065326398 0.09484435419884606 6156.159351348308 5034
0.480394 0.4169067407487925 0.0514732778879111 7961.693845997101 5714
0.50327 0.3402068343969465 0.05027338164353602 5920.952143441391 5982
0.526146 0.2641704182279755 0.04889114053650191 4205.003749180913 6602
0.549022 0.2725018395305854 0.03352742911205027 3975.549842142262 7130
0.571898 0.2373811104856191 0.02985816545842386 3191.601841799479 8034
0.594773 0.1690640618842291 0.03349804882401312 2104.398271176009 8606
0.617649 0.1409543952963773 0.03175052823060326 1627.035472783569 9066
0.640525 0.1406503805822684 0.02839428002786593 1508.626264016424 9962
0.663401 0.1326274738088776 0.02622166237666151 1325.838764455193 10550
0.686277 0.1221615960149822 0.02490640512862446 1140.761517796042 11226
0.709153 0.1182717935369147 0.02444678314325003 1033.998456751326 12146
0.732029 0.1145776407952726 0.01953535966303701 939.1530255715531 12303
0.754905 0.0919454575552833 0.01520958064707934 708.3169430104164 12584
0.777781 0.07289884482243623 0.01123844334599177 529.0762537380683 12120
0.800656 0.05552903102542175 0.009953274720217477 380.3221463116696 11180
0.823532 0.03987408216311389 0.008465530038173401 258.1577655791584 11096
0.846408 0.03574130836194089 0.007030222239900371 219.0350856421672 10056
0.869284 0.03069393104058076 0.006515829334353438 178.3319748019776 9716
0.89216 0.03025748194415445 0.005312583710296812 166.8213973067086 8604
0.915036 0.0332046058646608 0.004352915682207107 173.9309514713978 8060
0.937912 0.02950345975114923 0.003831997236498494 147.0923991786886 7320
0.960788 0.02580501076778095 0.00390287674959605 122.6551746123198 6356
0.983664 0.02516737194001624 0.003999095707959155 114.1042986830913 5348
1.00654 0.003656247970918556 0.001008227264355614 15.83473454083418 4308
1.02942 5.172264006353555e-29 9.812089325995152e-30 2.140607690621761e-25 3563
1.05229 5.500488308119155e-29 1.063480463143614e-29 2.179344697167513e-25 2448
1.07517 5.689516524196412e-29 1.105515126458665e-29 2.158121528782594e-25 1868
1.09804 6.043239217234036e-29 1.196038901460633e-29 2.196018746944139e-25 1358
1.12092 6.306685665636125e-29 1.281690902730562e-29 2.198537522065304e-25 1062
1.1438 6.30400860273539e-29 1.3871113809865e-29 2.113509990853922e-25 776
1.16667 7.458538961645747e-29 1.443630326029781e-29 2.406443271731523e-25 432
1.18955 7.145877522532607e-29 1.855171174389732e-29 2.210871754170541e-25 200
1.21242 8.743904949191724e-29 1.631577586351764e-29 2.598837478973392e-25 168
1.2353 6.506403359309826e-29 2.088952740668507e-29 1.866818014152678e-25 56
1.25817 6.147087704054852e-29 2.28556267615592e-29 1.701631320707048e-25 7


0.0228759 0.002078119621416087 0.001170941833549924 156759.4505260288 18
0.0457518 0.00887098800855898 0.01027362582196973 121943.9316862445 62
0.0686277 0.005615118100622862 0.03079136034817419 67733.32814353686 98
0.0915036 0.007227811674875219 0.07683051582192851 55761.34558961023 210
0.11438 0.1803364992380401 0.1096653242323211 122603.0622569295 350
0.137255 0.6918623050116418 0.07396452752186783 254592.8331429658 450
0.160131 1.434599631388563 0.01833252334698512 368083.2363591867 602
0.183007 1.598994216438041 0.02500010334723483 310389.5583175301 762
0.205883 0.7160416681298845 0.1562535106861527 113587.2021257892 1142
0.228759 0.06983486385571019 0.2637658690785544 13277.28896055144 1250
0.251635 0.7213125482529951 0.1548349031672429 75308.68290373865 1458
0.274511 1.657352797671188 0.01946149604890492 141314.9515344127 1814
0.297387 0.9772917255038297 0.09118094444549786 71474.26128430673 2178
0.320263 0.1272366578747091 0.1938238865805061 8850.995857285263 2498
0.343139 0.5849214739651577 0.1001304194335654 32111.15224109721 2622
0.366014 0.8668646234505962 0.02148507797071574 41367.06069578706 3338
0.38889 0.3480126542083438 0.08027492917967796 14876.76190333364 3722
0.411766 0.204626868169252 0.07944345946517725 7852.886396886077 4170
0.434642 0.4075116146425307 0.03142721148578632 13819.88352633597 4358
0.457518 0.2814370695717064 0.03643800306130047 8616.632064399797 5034
0.480394 0.1916107693865663 0.03721720335300667 5332.026301629644 5714
0.50327 0.2048136944099415 0.0271383288416524 5179.939290793459 5982
0.526146 0.1433991822551222 0.02904236425340403 3320.597761497031 6602
0.549022 0.1185666634423629 0.02515937600823622 2519.225875681934 7130
0.571898 0.1448597262376476 0.01567239224308951 2828.686275958044 8034
0.594773 0.1224722894823761 0.01498760071120341 2212.16849051857 8606
0.617649 0.1013775091844813 0.01481232614300688 1698.242949762196 9066
0.640525 0.09235082601640796 0.01436535600748798 1438.201125135786 9962
0.663401 0.08220731644605382 0.01399708543434663 1193.485917402046 10550
0.686277 0.07023574027198726 0.01416690388949627 952.8672987874173 11226
0.709153 0.06910758528235 0.0137271798826047 877.6240352927133 12146
0.732029 0.06427677812807252 0.01136400677756744 765.2861037108718 12303
0.754905 0.05295743458959157 0.008643825499745905 592.47334540564 12584
0.777781 0.04010409755438662 0.006735795007926032 422.7420982849085 12120
0.800656 0.03082854269226527 0.005837299350628875 306.6691442862313 11180
0.823532 0.0260171987165884 0.004264520620380145 244.4995684021318 11096
0.846408 0.02239479513763823 0.003677493552906389 199.2295643255591 10056
0.869284 0.02172442970853516 0.003008152360507485 183.1533009879541 9716
0.89216 0.01921183535865032 0.00272706485541844 153.7427248686926 8604
0.915036 0.01559914371487407 0.003109370106059701 118.6938920637292 8060
0.937912 0.01181474119890034 0.003095169976018386 85.60660281681388 7320
0.960788 0.01182151673481 0.002748639312165327 81.62569594922701 6356
0.983664 0.0121728766379053 0.002675870561766582 80.15729805956441 5348
1.00654 0.003160682284574685 0.0003830913785458902 19.85313749988958 4308
1.02942 4.649804140990629e-29 8.611309804810445e-30 2.79357396592995e-25 3563
1.05229 5.054757242841876e-29 8.995461443484032e-30 2.907030427866051e-25 2448
1.07517 5.120212428746586e-29 9.853436105091363e-30 2.819366209511165e-25 1868
1.09804 5.530299092511978e-29 1.02088702717246e-29 2.916996729812383e-25 1358
1.12092 5.482160083987671e-29 1.083400986704275e-29 2.774076196556926e-25 1062
1.1438 5.902124643764659e-29 1.152352465580851e-29 2.872023453082027e-25 776
1.16667 6.519307638729114e-29 1.247388927720702e-29 3.053103111951311e-25 432
1.18955 6.330907629629349e-29 1.35279552345853e-29 2.842751889045754e-25 200
1.21242 7.885648165535301e-29 1.272395767329636e-29 3.401366007952979e-25 168
1.2353 6.263085367097824e-29 1.464776293464049e-29 2.607677299396966e-25 56
1.25817 7.626199859130075e-29 1.021169956849574e-29 3.061597408080176e-25 7


0.0228759 0.0008736043148165875 0.0008515093138360504 153810.0453140287 18
0.0457518 0.002656398565668096 0.007296355912117416 115375.3809219389 62
0.0686277 0.0003598453695846738 0.02096055038314389 68028.68014232822 98
0.0915036 0.02259008161540288 0.04856342684240588 77905.96429970277 210
0.11438 0.2278355861091945 0.05760001486497649 182121.1591660697 350
0.137255 0.6355310379971999 0.02446324487474201 302687.7876914838 450
0.160131 1.017609679349353 0.003992909272864427 343598.6183437592 602
0.183007 0.7640175743871019 0.06068894763697501 199104.4500515408 762
0.205883 0.1298858232479554 0.1537928690689569 33152.36192234216 1142
0.228759 0.2962792670709634 0.1382799096331605 52418.6012041587 1250
0.251635 1.022152122986137 0.02453528726873516 137267.4665752552 1458
0.274511 0.8841155836230868 0.04673109581355842 99593.25679167207 1814
0.297387 0.1231304834797126 0.1380099334466307 13200.32728822827 2178
0.320263 0.4311957493675388 0.0766868492678021 36013.91320374732 2498
0.343139 0.7441189435356886 0.01486214214041145 53121.47407632462 2622
0.366014 0.2314109336624595 0.06663302564854502 14782.821839196 3338
0.38889 0.1981026823872601 0.05778751944552845 11197.20373745296 3722
0.411766 0.3531104206154455 0.02025622036066325 17534.02846336762 4170
0.434642 0.1797603866912131 0.03527787354118772 8055.616509105992 4358
0.457518 0.1610870176374612 0.02814166595517382 6493.367112583113 5034
0.480394 0.1496162035112809 0.02136974587399484 5460.027137811215 5714
0.50327 0.1138118416685062 0.02160735222114173 3788.711356390918 5982
0.526146 0.1290901904393766 0.01413356310513979 3914.298648796937 6602
0.549022 0.1014614674056914 0.01332636967552575 2824.443815738585 7130
0.571898 0.0705820721102547 0.01451927675852288 1814.351263571028 8034
0.594773 0.0665518272191447 0.01229939736770211 1580.528826973674 8606
0.617649 0.06158967536479937 0.01077109201242292 1355.228941051467 9066
0.640525 0.06074654251968031 0.009686899288310617 1241.777520262172 9962
0.663401 0.06159551397329908 0.008252892183744002 1172.7224579013 10550
0.686277 0.05933178391113342 0.007460368307286094 1054.843983805747 11226
0.709153 0.05596655795343262 0.007586694215622977 931.6440006837918 12146
0.732029 0.04640263903281092 0.007024996908806731 724.626068816724 12303
0.754905 0.03750257160285457 0.005413911178058227 550.318701359205 12584
0.777781 0.02791948117987506 0.004293076281483576 386.0391852518021 12120
0.800656 0.02088260863732771 0.003823751857976964 272.5273112943569 11180
0.823532 0.01721773527053263 0.002863201497709494 212.2746456992083 11096
0.846408 0.01521459350596282 0.002403853792698258 177.5414872661681 10056
0.869284 0.014802015313211 0.00195843448467845 163.6700590886963 9716
0.89216 0.01267855866651815 0.001844293362762416 133.0830544688663 8604
0.915036 0.01034229036574489 0.002073287179600607 103.2323077818314 8060
0.937912 0.008598932242107447 0.001923024637609071 81.70716953936076 7320
0.960788 0.008405077669930051 0.001733726610214619 76.11007889191006 6356
0.983664 0.008700396936488957 0.001679396279163408 75.12935346350022 5348
1.00654 0.001854727665638236 0.0003013508828280549 15.2839053361969 4308
1.02942 4.279848834124056e-29 7.405700772002602e-30 3.371996258615675e-25 3563
1.05229 4.753732764946799e-29 7.861630783514845e-30 3.585080591222234e-25 2448
1.07517 4.948413822727748e-29 7.917625382331808e-30 3.572515126947804e-25 1868
1.09804 5.161999173072921e-29 8.995643098009761e-30 3.570403364640843e-25 1358
1.12092 5.441005148282266e-29 9.274471793310384e-30 3.610015325614038e-25 1062
1.1438 5.85898249426799e-29 9.012257047716643e-30 3.737734709764103e-25 776
1.16667 6.267903766131881e-29 1.001170061343395e-29 3.848487747361157e-25 432
1.18955 7.013656905830517e-29 9.276927894310733e-30 4.127722992230744e-25 200
1.21242 6.0480039189217e-29 1.259213602409219e-29 3.421898377955561e-25 168
1.2353 7.093504513248476e-29 9.099483443251919e-30 3.87062886428796e-25 56
1.25817 7.714564072372954e-29 1.864013914398067e-29 4.063736458717913e-25 7


0.0228759 0.0003366934695100405 0.000660553014464176 153115.2902798912 18
0.0457518 0.0005127324155456896 0.005498117426158503 115234.0254145627 62
0.0686277 0.001491354962825335 0.01503876816160962 76030.90048736629 98
0.0915036 0.03872194750320997 0.03207025003539082 106116.9250233144 210
0.11438 0.2442084574999444 0.03062122881103298 230000.8232580619 350
0.137255 0.5411465508536297 0.006582785885246641 317808.3116079014 450
0.160131 0.6820330213990083 0.01145545062299631 288370.7950146458 602
0.183007 0.3201047400541382 0.077965800569205 110072.3185955419 762
0.205883 0.05287717592079826 0.1172798627768676 21397.60243925005 1142
0.228759 0.5340731864239112 0.05417849331843836 110431.8569575154 1250
0.251635 0.8063832608430013 0.009237700093338727 134105.1254549958 1458
0.274511 0.2694552703875056 0.08843899044535479 39350.47447493811 1814
0.297387 0.1681466926680439 0.08810278735246553 21294.5113085081 2178
0.320263 0.5989555181727106 0.01408356147068112 61109.39451073964 2498
0.343139 0.2932819818452442 0.04772392111800461 26332.97059984528 2622
0.366014 0.1159465391707115 0.05570967521378898 9379.858019147396 3338
0.38889 0.3141896221472606 0.01676985198721841 21671.94764244421 3722
0.411766 0.1604662917334904 0.02928364263769326 9964.032835835726 4170
0.434642 0.1286313222480213 0.02574085139557331 7156.75343337941 4358
0.457518 0.1358773460321085 0.01765363139880091 6776.725745358457 5034
0.480394 0.1007781745837662 0.01675398523780164 4565.430126694506 5714
0.50327 0.1125159073733134 0.01119064257417673 4624.556333179306 5982
0.526146 0.07221801561890855 0.01359120650483672 2722.719060515747 6602
0.549022 0.05940368347964931 0.0118247889291716 2054.719137702885 7130
0.571898 0.06402917292077612 0.008593209657496423 2034.751712718273 8034
0.594773 0.05789749757944748 0.00749666644198671 1700.649290738087 8606
0.617649 0.05227645137379112 0.006687478549034231 1423.052326461732 9066
0.640525 0.04687915310096075 0.006627276029344897 1186.452477810378 9962
0.663401 0.03931627483390989 0.006846472390995251 928.1024679090305 10550
0.686277 0.03693119253862853 0.006372826828133353 814.0836137034734 11226
0.709153 0.03538904012930091 0.006318211204360618 730.2678006249736 12146
0.732029 0.0316907274388295 0.005415098272707558 613.1083983921222 12303
0.754905 0.02609582645302928 0.004115186999049027 474.2979214347667 12584
0.777781 0.01985031488285659 0.003185820477875191 339.8948172471756 12120
0.800656 0.0169869270283997 0.002490341165763242 274.3160572513768 11180
0.823532 0.01224522502976938 0.002124366093473257 186.9461697264622 11096
0.846408 0.01084247600704371 0.001781030801723694 156.6588537144274 10056
0.869284 0.01047352791561866 0.001471891122000607 143.3798364632016 9716
0.89216 0.009386374384414739 0.001312851485042648 121.9561481737071 8604
0.915036 0.009023779393738631 0.001260864464362632 111.4140498011832 8060
0.937912 0.007039577618833249 0.001266943046155009 82.76541944747754 7320
0.960788 0.00611396983669679 0.001257502075492346 68.53922335937176 6356
0.983664 0.00568697233514918 0.001321941046473043 60.82227171572512 5348
1.00654 0.001345312660446716 0.0002189009760485562 13.72230912967566 4308
1.02942 4.010301403252437e-29 6.742048761894693e-30 3.910712704863571e-25 3563
1.05229 4.357294332555641e-29 7.252967421465477e-30 4.067401607250257e-25 2448
1.07517 4.572125760383348e-29 7.39352120092932e-30 4.085503756832316e-25 1868
1.09804 4.95396113261468e-29 8.100512842902557e-30 4.240584367313019e-25 1358
1.12092 4.845232970645108e-29 8.321521945305083e-30 3.97880561034847e-25 1062
1.1438 5.237875191656134e-29 8.787328664704135e-30 4.135982125486173e-25 776
1.16667 5.924734158427644e-29 8.996749785203582e-30 4.501837544196902e-25 432
1.18955 6.039246440767504e-29 9.329974941903633e-30 4.399317725200536e-25 200
1.21242 5.435153831099565e-29 1.091817651337622e-29 3.805763935992309e-25 168
1.2353 5.131703411423558e-29 1.171512371397513e-29 3.468181151190731e-25 56
1.25817 6.79628329747948e-29 2.077651311273199e-29 4.433162889879038e-25 7


0.0228759 9.817805984616838e-05 0.000530219397061832 153836.4129803557 18
0.0457518 5.121458692980699e-05 0.004271562813530226 119084.4301375082 62
0.0686277 0.004555689456313928 0.01106400098986217 88296.95559390924 98
0.0915036 0.05167625900125754 0.02150824384756197 135568.0027796187 210
0.11438 0.2421643338337727 0.01577959252212888 264747.1148535251 350
0.137255 0.4415568861288158 0.001508422600960077 309988.303189471 450
0.160131 0.4357436489395771 0.0216282455036225 224955.7908437994 602
0.183007 0.1102453099340134 0.07934260429498838 54310.69354701913 762
0.205883 0.1252668455764399 0.07771928598926756 45112.50896703109 1142
0.228759 0.5930722577610488 0.01543509235732629 144283.9358235447 1250
0.251635 0.4750060344603217 0.02837800361595465 95438.27135885262 1458
0.274511 0.06402836635462188 0.0884769160729835 13411.19630438781 1814
0.297387 0.3533465924414961 0.03495227890877296 50635.02924461165 2178
0.320263 0.4106053158828049 0.01846282410030019 50178.68452288015 2498
0.343139 0.0733122721120622 0.0588013034666767 8492.659925307933 2622
0.366014 0.2281945186581025 0.02226779936795093 21318.70052262061 3338
0.38889 0.1988905976438281 0.0193792829463781 16449.11091518596 3722
0.411766 0.09410997631531105 0.02671617629811 7048.320617345762 4170
0.434642 0.1395313529959166 0.01376265368205081 9209.975090569411 4358
0.457518 0.09123192000802649 0.01556540400745384 5449.872341739213 5034
0.480394 0.0922375511157015 0.01065631517275404 4975.45544963476 5714
0.50327 0.05811020551241597 0.01287338710267951 2870.830676624686 5982
0.526146 0.05919594232203972 0.009860706174665479 2662.388923882921 6602
0.549022 0.06065616120778061 0.006841925336999014 2494.958537939008 7130
0.571898 0.04799143972890141 0.006805630866319626 1820.733561281841 8034
0.594773 0.04015970960870674 0.006420130833017057 1409.393713573544 8606
0.617649 0.03370582741543127 0.006117832310949406 1097.007829524541 9066
0.640525 0.03121240762068158 0.005819774870251021 944.0425072450454 9962
0.663401 0.03196019296446547 0.004985440377871994 899.7080695965138 10550
0.686277 0.03006580728773672 0.004646781132995006 790.3040001220072 11226
0.709153 0.03030675452307637 0.004381230090551884 745.4021577349361 12146
0.732029 0.02700109509081808 0.003757909938361635 622.6304021307026 12303
0.754905 0.02059846635834351 0.003087168033482004 446.4762733598398 12584
0.777781 0.0157792142017422 0.002370034820832373 322.1857550032728 12120
0.800656 0.01257693042233431 0.001988416635679565 242.2901529277199 11180
0.823532 0.01026005729348564 0.001499174536937698 186.7112382252533 11096
0.846408 0.008329519535603437 0.001369670309216401 143.5307154575229 10056
0.869284 0.007000177760546233 0.001299051620051297 114.3759023607781 9716
0.89216 0.006548845929770868 0.001114887348353107 101.5192078746057 8604
0.915036 0.006916359485671842 0.0009717293382077586 101.825016737823 8060
0.937912 0.006470810385882058 0.0008054416578389751 90.63758759707923 7320
0.960788 0.005927040228533817 0.0007709533894573455 79.13971853294423 6356
0.983664 0.005478400184947012 0.0008390459500272632 69.78935432382515 5348
1.00654 0.0007489701725622898 0.0002136038287623343 9.125224577687385 4308
1.02942 3.877185032721432e-29 6.008988338214599e-30 4.507208621890542e-25 3563
1.05229 4.073570589302256e-29 6.512278492920583e-30 4.533315915725824e-25 2448
1.07517 4.413094090858069e-29 6.528895235264853e-30 4.700697933040184e-25 1868
1.09804 4.509660063542011e-29 7.332835274543755e-30 4.602313163790134e-25 1358
1.12092 4.381250111769861e-29 7.840997229923067e-30 4.289779236647755e-25 1062
1.1438 4.859138973440791e-29 8.303435098738961e-30 4.574538970308317e-25 776
1.16667 5.478523206765137e-29 8.63248208408039e-30 4.962957079708769e-25 432
1.18955 5.556330680425522e-29 8.178749196482589e-30 4.824899241134595e-25 200
1.21242 5.406497035597782e-29 8.526748753986344e-30 4.511442503099698e-25 168
1.2353 4.853429387801987e-29 1.214407035552075e-29 3.911182013892606e-25 56
1.25817 5.25208689567606e-29 1.865975215561083e-29 4.086369069148044e-25 7


0.0228759 1.091118307546447e-05 0.0004332707731124529 155524.3600072285 18
0.0457518 0.0003544591436069936 0.003368176654604391 125538.6315019751 62
0.0686277 0.008027623702499882 0.008214662792207096 102821.5045539535 98
0.0915036 0.06099757292030054 0.01438053276692975 163644.3424310754 210
0.11438 0.2292526702984581 0.007548678648837666 286783.2772194134 350
0.137255 0.3489016882501582 0.001868518957830997 287079.1631121112 450
0.160131 0.2635169611928474 0.02949659833125159 165283.9741481059 602
0.183007 0.0312403165480946 0.07149007081292853 28935.48222244061 762
0.205883 0.2116982539886302 0.04600272453143759 79811.9066692264 1142
0.228759 0.5251436791998827 0.005170666425180873 148175.7521476394 1250
0.251635 0.219126863294082 0.04595546678419978 53315.0504898217 1458
0.274511 0.09054842607855934 0.06480915279205773 20217.3922982187 1814
0.297387 0.4037875036661301 0.01045528588333364 66547.32703701404 2178
0.320263 0.1833359010545887 0.03595179229557552 26714.95226626132 2498
0.343139 0.1030914554994177 0.04032511387586935 13337.54470044768 2622
0.366014 0.2363139601900235 0.0100287015478118 25525.26324531842 3338
0.38889 0.08975251533876859 0.02565258859735109 8819.669343288715 3722
0.411766 0.1166764798552497 0.01521183118075113 10040.52817174546 4170
0.434642 0.09727936982606393 0.01316497722018685 7493.944854300522 4358
0.457518 0.08165139181296187 0.01113414032296012 5661.763903590883 5034
0.480394 0.06186261677735935 0.01029805603918117 3895.551004719592 5714
0.50327 0.05305914174594722 0.009283562086554601 3041.737746659795 5982
0.526146 0.05736225461319248 0.006399634998950826 2990.822862992877 6602
0.549022 0.04226338873462773 0.006413704231744171 2025.385370064241 7130
0.571898 0.03530937659217 0.005890891043687075 1559.484862418408 8034
0.594773 0.03096211529893847 0.005298586804130873 1264.018663497712 8606
0.617649 0.02928156020265411 0.004538033385363918 1106.728444764394 9066
0.640525 0.03076579691274528 0.003778859850529294 1078.955640041667 9962
0.663401 0.02790196269404902 0.003641637048659916 912.0175118776575 10550
0.686277 0.02611715049750759 0.003401568677001509 797.1365567201398 11226
0.709153 0.02529753251625175 0.00334893541578655 722.7127107039222 12146
0.732029 0.0202320368881985 0.003211775811144403 542.4268612710251 12303
0.754905 0.01589283887347791 0.002550844654859812 400.3877889202758 12584
0.777781 0.01241565579619021 0.001924869020916972 294.5804298002072 12120
0.800656 0.01027393953052154 0.00155768958807476 229.9150747807467 11180
0.823532 0.00781081277285284 0.001259668967649415 165.1929031251801 11096
0.846408 0.007094567597238707 0.001026969611669697 141.958842729322 10056
0.869284 0.006423229314219017 0.0009100753971545262 121.8071273092395 9716
0.89216 0.005561798803253201 0.0008410672877564583 100.1174983508634 8604
0.915036 0.004636276071850365 0.0009170770288181821 79.37693667887413 8060
0.937912 0.004148221678815691 0.0008046101285008343 67.57853524146017 7320
0.960788 0.004285677992478211 0.0006867838943048131 66.5002599577499 6356
0.983664 0.004800364260234075 0.000604127781751339 70.99317243522076 5348
1.00654 0.0008133008180504691 0.0001366023290484373 11.48957993092118 4308
1.02942 3.624829329438636e-29 5.592336192292783e-30 4.894115085389597e-25 3563
1.05229 3.791255407116297e-29 5.944267882511501e-30 4.900022767280466e-25 2448
1.07517 4.017028897031182e-29 6.283125287794552e-30 4.969966682739404e-25 1868
1.09804 4.167733086214858e-29 7.081442950067977e-30 4.940283044195741e-25 1358
1.12092 4.202505298368797e-29 7.24473587110504e-30 4.7784347160665e-25 1062
1.1438 4.585269895218874e-29 7.668664178983858e-30 5.013035602578539e-25 776
1.16667 5.271677742992982e-29 8.113471213134524e-30 5.545714063474826e-25 432
1.18955 5.325603293795399e-29 7.092406986023377e-30 5.369442917452856e-25 200
1.21242 5.072316304272924e-29 8.684527301059849e-30 4.915962390618807e-25 168
1.2353 4.142566734222554e-29 1.080573819209147e-29 3.87777122876787e-25 56
1.25817 4.599560701075725e-29 1.558988706557689e-29 4.156602100129629e-25 7


0.0228759 5.957583242111965e-06 0.0003568646314192557 157896.0721179776 18
0.0457518 0.001007694166687296 0.00266875912878152 133677.9982376905 62
0.0686277 0.01130605861176652 0.006088009542403919 118261.4804877103 98
0.0915036 0.06698970953045952 0.009439854529900234 188764.462280717 210
0.11438 0.2100285423159033 0.003188906062010785 297256.9341156495 350
0.137255 0.267571322539504 0.004388109993758041 255152.4963593504 450
0.160131 0.1483629606967142 0.03409855441106952 115414.9352875126 602
0.183007 0.02101473625836168 0.05942825491749897 26858.38214741848 762
0.205883 0.2689573637683482 0.02424670701035768 111171.0079999892 1142
0.228759 0.4024072419959696 0.008679291461339462 130251.7334183426 1250
0.251635 0.0781750343181129 0.05251448597612814 24662.09201129758 1458
0.274511 0.1803851851840381 0.03794537297908968 41767.51832197289 1814
0.297387 0.3329976886263748 0.008652157222808491 62642.02418103538 2178
0.320263 0.0660436203579374 0.04184965461017946 11883.80601494107 2498
0.343139 0.1832587563414814 0.01882392831160869 26023.50836094136 2622
0.366014 0.1582964850844919 0.01362322538207835 19627.28333076589 3338
0.38889 0.07054744144531565 0.0215329387309402 7954.430758965195 3722
0.411766 0.1139140417502478 0.009932593259724162 11137.55015369774 4170
0.434642 0.06675698284400425 0.01278727693975043 5903.425720499038 4358
0.457518 0.06955239625551386 0.008821025109709609 5498.953537208716 5034
0.480394 0.04571511079716682 0.009239767574980899 3295.216899337884 5714
0.50327 0.05826497196537175 0.005486374129172873 3788.312041194646 5982
0.526146 0.04150596403996584 0.006123092052652265 2473.960893000379 6602
0.549022 0.03171869428675535 0.005724854112681624 1736.887235146631 7130
0.571898 0.0293252614579526 0.004809555763391976 1476.939356002482 8034
0.594773 0.02859294741363425 0.003900561904671395 1328.66596369687 8606
0.617649 0.02759100878012068 0.003217457622340907 1186.675528105371 9066
0.640525 0.02322926341583733 0.003428988412025033 929.6559422839863 9962
0.663401 0.02114669032703509 0.003267393755283484 788.6764428234055 10550
0.686277 0.01896356821011125 0.003179677998307797 660.6855754050814 11226
0.709153 0.01773090935986827 0.003216913331433869 578.3856609261783 12146
0.732029 0.01700212327548337 0.002588625548804759 519.4010246798717 12303
0.754905 0.01340200770265611 0.002053027063778069 384.6966729212548 12584
0.777781 0.01011276338423506 0.001600598534123895 273.4600773356108 12120
0.800656 0.008209427092637656 0.001318302381512969 209.4015135916349 11180
0.823532 0.006776764746099759 0.0009835732533720301 163.2404240597175 11096
0.846408 0.005503180803375039 0.0008974962909505271 125.5269875912405 10056
0.869284 0.004840311667139079 0.0008172311488500894 104.6520596902162 9716
0.89216 0.004473883280586184 0.0007080383708264762 91.77036035417009 8604
0.915036 0.004912350970508735 0.0005848083512784247 95.65480956587373 8060
0.937912 0.004126209973258879 0.0005522586096132258 76.48688383386278 7320
0.960788 0.003557402392827778 0.0005616235929552832 62.88279663133171 6356
0.983664 0.003044641653933429 0.0006387144122000016 51.37881130216969 5348
1.00654 0.0008302503086092012 8.685781354967951e-05 13.34550978609154 4308
1.02942 3.310335859977195e-29 5.411428064192558e-30 5.092258091416774e-25 3563
1.05229 3.512117574183151e-29 5.400129011317014e-30 5.170481984142457e-25 2448
1.07517 3.67973281534228e-29 6.136196572021103e-30 5.186851977165295e-25 1868
1.09804 4.157966748551531e-29 6.228758257124111e-30 5.612478623162825e-25 1358
1.12092 4.260477304497531e-29 6.402666986362895e-30 5.516305772884855e-25 1062
1.1438 4.528197746858037e-29 7.108055475753125e-30 5.638243453375269e-25 776
1.16667 4.917492920212757e-29 7.643382956980792e-30 5.892371657449548e-25 432
1.18955 4.656984635007192e-29 7.678170644436713e-30 5.350134972356129e-25 200
1.21242 4.376019979107511e-29 8.568016495711536e-30 4.832383357729065e-25 168
1.2353 6.096572665916612e-29 8.301059107905361e-30 6.490824604299569e-25 56
1.25817 6.104704890785771e-29 1.18429908532709e-29 6.273814325341925e-25 7


0.0228759 4.690956963448831e-05 0.0002942737966365398 160746.4626018527 18
0.0457518 0.001799843134599515 0.002109659467269985 142822.9752816662 62
0.0686277 0.01413701131265074 0.004463523165318033 133636.3697240428 98
0.0915036 0.07010561796664734 0.00598896145860515 209942.2223943401 210
0.11438 0.187394151140531 0.001188529099975876 297655.6953628682 350
0.137255 0.1987891165373794 0.007500882487009652 218926.397208697 450
0.160131 0.07580524731503276 0.03571387065535753 77968.07155019764 602
0.183007 0.04302614492427036 0.04632928854491482 40388.05628409713 762
0.205883 0.2900564463971396 0.01129411825114368 132361.7613302743 1142
0.228759 0.274245099984488 0.01664792356539593 101474.1918695952 1250
0.251635 0.03025103623827288 0.04924786768416165 13756.08783823852 1458
0.274511 0.2474746240922436 0.01813079652162027 62441.24534057217 1814
0.297387 0.2188454936403244 0.01624802185197511 46825.16271618594 2178
0.320263 0.05270513782620185 0.03555780310366877 10869.69086349991 2498
0.343139 0.2101245292961364 0.007775302541600129 33187.07975835483 2622
0.366014 0.08288703531151537 0.01880535015316636 11817.52840433405 3338
0.38889 0.08997262301392835 0.01363414805941461 11202.62479258649 3722
0.411766 0.08472098105898376 0.01002101629026604 9347.817620892056 4170
0.434642 0.06081412465111816 0.01006778212589747 6034.081356873429 4358
0.457518 0.05124745478464619 0.008503382180159695 4573.076384342655 5034
0.480394 0.04769006914178309 0.006415321366996386 3842.378259227812 5714
0.50327 0.04389003841001059 0.005391467128242271 3213.678028713955 5982
0.526146 0.0310762956200034 0.00571753129013644 2087.489891255032 6602
0.549022 0.02914070019180654 0.00445576338379261 1789.88986999521 7130
0.571898 0.02754650567473131 0.003625861991295874 1555.493138492319 8034
0.594773 0.02486947559665635 0.003166433285282669 1297.35426108247 8606
0.617649 0.02008044154187436 0.003177124214600479 972.1804043391783 9066
0.640525 0.01795458134188684 0.003120164934874293 808.1434266137593 9962
0.663401 0.01664313156429229 0.002920582491415687 697.8233591770768 10550
0.686277 0.01572007728281765 0.002711255204474267 615.2134606673387 11226
0.709153 0.01641512059791909 0.002482949315025291 600.5626636575178 12146
0.732029 0.01443024343865411 0.00216269530052772 494.9247848685115 12303
0.754905 0.0119850364940203 0.001622927717461096 385.9902893113389 12584
0.777781 0.009100619161166768 0.001258731534853329 276.0905388637007 12120
0.800656 0.007381580481808875 0.00103917763505693 211.2391311503397 11180
0.823532 0.005294020352886501 0.000890227784483785 143.2590924370043 11096
0.846408 0.004876935811817506 0.0007178047262068236 124.8177078309138 10056
0.869284 0.004551365075451702 0.0006154085310870418 110.3569645834808 9716
0.89216 0.00389619103094472 0.0005762125105766066 89.68311931142502 8604
0.915036 0.003229562939083774 0.0006316559555332089 70.72048262407978 8060
0.937912 0.003008130306571237 0.000535684608932353 62.65165658337155 7320
0.960788 0.002948024054312803 0.0004793007991708483 58.49453349394418 6356
0.983664 0.003432064548996574 0.0004033062587710134 64.87470710661161 5348
1.00654 0.0004906895094429552 0.0001057428850026582 8.872265523928816 4308
1.02942 3.273694860551642e-29 4.876629304862477e-30 5.650087459080931e-25 3563
1.05229 3.248662054468251e-29 5.305449302674886e-30 5.368282984191792e-25 2448
1.07517 3.677304976908468e-29 5.564668935523508e-30 5.815440834961514e-25 1868
1.09804 3.95086362752335e-29 5.952131176464962e-30 5.984783833661905e-25 1358
1.12092 4.041517751859792e-29 6.082556841023665e-30 5.872158126907228e-25 1062
1.1438 4.3071958296174e-29 6.990981534559566e-30 6.018782086497407e-25 776
1.16667 4.383418879886179e-29 7.464863628166573e-30 5.895460905627539e-25 432
1.18955 3.6569559931376e-29 8.422201481957967e-30 4.719152820001973e-25 200
1.21242 4.479378787652683e-29 7.264041951304734e-30 5.548081369233984e-25 168
1.2353 6.021941316551962e-29 7.524430968468991e-30 7.19264466584712e-25 56
1.25817 1.192294981426707e-28 7.181132767791831e-30 1.372498367646321e-24 7


