0.0439205 8.8765855006474e-06 3.894510303093832e-07 0.9199418715279647 18
0.087841 5.683427923976022e-05 3.861851563959993e-06 1.693979775205759 62
0.131762 0.0001823017542589942 1.097305708285791e-05 2.362005197428389 98
0.175682 0.0004214656303235115 4.003536777001327e-05 3.044999167075125 210
0.219603 0.0008152370241715965 9.320724084818047e-05 3.820759968357741 350
0.263523 0.001152022362374227 0.0001613928158114667 3.770824368676487 450
0.307443 0.001809771547607524 0.0002581058327693186 4.318797262570865 602
0.351364 0.002415307215224885 0.0004266052433545021 4.390531491163034 762
0.395285 0.003101432004082968 0.0007530449848430843 4.47680474277536 1142
0.439205 0.003974225553301564 0.001065972172139465 4.663994199259103 1250
0.483125 0.004782082094539871 0.001538395708629712 4.624261522139865 1458
0.527046 0.006359441788561887 0.00207791634095331 5.152302276460857 1814
0.570967 0.00723403690035505 0.002863854210259742 5.001691952107023 2178
0.614887 0.008896899046915169 0.003803157451259563 5.307239882743543 2498
0.658807 0.01038728186258632 0.005204006505084562 5.384843183114691 2622
0.702728 0.01161039213409979 0.006320967544531918 5.28289367417385 3191
0.746649 0.01301197334385452 0.00773102882611965 5.249755991139097 3044
0.790569 0.01506618810059465 0.00939435626830421 5.426896834848993 2736
0.834489 0.01650224785687255 0.0120268305259821 5.329225778953654 2276
0.87841 0.01894184784030186 0.01427800207814973 5.515232129437206 2016
0.922331 0.01972884449918518 0.01677942224784826 5.213848249205596 1640
0.966251 0.02335292326275454 0.01989210195651972 5.62146414930615 1056
1.01017 0.02282666194159401 0.02454145850360826 5.026691884748123 683
1.05409 0.02630029120406678 0.02691312058647593 5.325665569231097 350
1.09801 0.03182691259105993 0.03338760199821827 5.946298587099923 192
1.14193 0.03900941688288347 0.03325430527508249 6.717729437838345 44
1.18585 0.02228615479123326 0.03025403292445488 3.534541466524144 25


0.0439205 298574.7118099433 1019188.234731774 1313076511968.57 18
0.087841 5649718.165247893 4085844.538167045 1030641260377.931 62
0.131762 50473978.06919499 2487682.481959673 2559518119471.433 98
0.175682 82747409.749575 469343.2579390902 2243414442518.944 210
0.219603 12428934.0621527 2706623.487906685 222159171743.8642 350
0.263523 7759627.079989914 631160.3352419905 94209897407.29395 450
0.307443 4120519.377838925 157610.2393859976 36169900385.84219 602
0.351364 419585.4951303103 127914.4102676278 2839055039.614677 762
0.395285 369183.9756436833 13132.14667394899 1948754701.104887 1142
0.439205 54918.2828096977 12593.62732940732 236981868.9985839 1250
0.483125 35295.88210754296 2828.361647175059 124660125.6476094 1458
0.527046 16611.85638443807 1227.862808503188 49111325.76116769 1814
0.570967 4710.198630008769 1000.321565103739 11907365.62207904 2178
0.614887 2476.857566447067 608.1878032808431 5400555.71799772 2498
0.658807 2401.471803763171 444.0244886360637 4541592.16552989 2622
0.702728 1372.197347326646 197.2828017699419 2275089.392560959 3191
0.746649 514.6418030745748 54.89201506541148 755900.9255730243 3044
0.790569 81.50549315946775 13.44020579158533 106925.4060742339 2736
0.834489 32.12857039870304 5.724430339277772 37775.94440718518 2276
0.87841 16.16826364290109 2.789178745606469 17135.74179673591 2016
0.922331 13.85538301285761 1.122727442953576 13313.81227498979 1640
0.966251 5.764254677122319 0.9289547115997939 5048.168579756006 1056
1.01017 2.123876166918343 0.4291092039644487 1701.23204871471 683
1.05409 0.8955719439551753 0.2261069558446568 659.8958343592328 350
1.09801 0.9956052681133341 0.09642753892576574 676.1750704580201 192
1.14193 0.8703436070501718 0.02672971970969701 544.8037495739112 44
1.18585 0.6407437285813399 0.0382884207909347 369.1801792623226 25


0.0439205 5272059.688794026 76450.46617552737 5814097155181.216 18
0.087841 6932197.456107524 1550728.916094586 1855122161599.607 62
0.131762 6898115.584878333 2322688.330851956 722538209415.7261 98
0.175682 32403615.70905012 499364.7079554047 1532149809565.046 210
0.219603 4790133.907116506 1222510.439281286 152727553145.6897 350
0.263523 5004936.313798939 159327.9570418226 104832898484.6916 450
0.307443 1144535.626873147 126084.6994367292 17560523819.04305 602
0.351364 274188.5617575652 47822.10374579656 3204514852.768312 762
0.395285 146421.8298970016 7789.053406843761 1338372517.335271 1142
0.439205 34303.28436432738 4384.549113917573 255544837.9203707 1250
0.483125 14842.17736811369 1369.509300271799 90719262.71644373 1458
0.527046 5554.163793123278 734.6957932537276 28457778.50586152 1814
0.570967 3457.13934477547 278.231437655693 15062882.13859526 2178
0.614887 1605.206279056797 204.3317290015946 6038189.596114753 2498
0.658807 1260.636140470376 170.0839137319832 4117833.119885714 2622
0.702728 649.37497005443 81.77551826602897 1860035.12170251 3191
0.746649 199.4213935075108 27.82033055926273 506334.00059498 3044
0.790569 40.74972841520587 5.228711959216886 92310.64872003671 2736
0.834489 17.49158862706815 2.030354206234728 35497.08264864846 2276
0.87841 7.865631644898027 1.128528478302712 14394.5143655947 2016
0.922331 3.467662314129689 0.9190431956316363 5767.453404436753 1640
0.966251 2.472927201744721 0.4179839383741212 3740.583040319201 1056
1.01017 1.237212649037091 0.1356722174696288 1709.806018967123 683
1.05409 0.2761692018264682 0.1154343663692869 352.1433424484602 350
1.09801 0.5465432260076046 0.03159069614993439 640.4589940270333 192
1.14193 0.3660320370610252 0.02438721544261142 395.5011300585125 44
1.18585 0.2086018704080167 0.0352874590766426 207.6156624655417 25


0.0439205 3206374.171074807 34019.54558696399 5260487557897.779 18
0.087841 12345184.81995881 279810.4397938805 3939956149367.707 62
0.131762 1294079.649512078 1598423.741655191 330115445976.8104 98
0.175682 16770976.5886282 486261.2963114934 1143619841663.37 210
0.219603 4103208.976276814 612627.8833245221 184671401091.0126 350
0.263523 1562028.574215444 210938.9782286496 47810382429.30934 450
0.307443 1037276.423879446 44933.94099001966 22512600250.08616 602
0.351364 278488.9643500851 17573.09862312411 4592938972.729569 762
0.395285 62079.29246515414 6821.974113671992 813245752.6608105 1142
0.439205 23172.97543038159 2315.190794685372 245640045.6753678 1250
0.483125 9774.181896357037 714.1400869019308 84975487.0818449 1458
0.527046 3569.509019985426 403.2243907044038 26026306.29720633 1814
0.570967 1849.385925441631 184.7780211644641 11477609.44593117 2178
0.614887 1065.746802912151 107.3959225481119 5699910.054934066 2498
0.658807 768.0537617858025 97.42962969683127 3569501.938375412 2622
0.702728 337.1306645220193 52.38068414316536 1375312.612998271 3191
0.746649 121.8561966011962 15.74995027458576 440026.8961953882 3044
0.790569 24.54616386683313 3.01232340406371 79073.21471832521 2736
0.834489 10.25228034450301 1.21508146523999 29586.84241620293 2276
0.87841 4.919251138656781 0.6265596541790376 12797.58735961899 2016
0.922331 3.46110637622764 0.3532355211037294 8164.402647370895 1640
0.966251 1.933926391024571 0.1857562211888375 4154.084385362902 1056
1.01017 0.7150920788831662 0.08494408501741188 1404.917589097414 683
1.05409 0.2907376066127101 0.0467141026860033 525.5706316041512 350
1.09801 0.1320004816979776 0.04831363110396462 220.7538160745349 192
1.14193 0.09630337965552686 0.03278594584413538 148.3965974467172 44
1.18585 0.1423035009009234 0.01756240669737348 201.2122337176009 25


0.0439205 550541.4496725673 146233.6902399318 2613002379166.098 18
0.087841 9897385.246796871 66558.8604860522 4078306907793.449 62
0.131762 3476821.746074708 885686.7826616677 721598363955.7815 98
0.175682 8808349.317938324 530665.9123791641 802298598032.501 210
0.219603 3230276.878845126 378949.1600218219 189210324571.1112 350
0.263523 865973.9044808384 157295.00214559 35215300913.58827 450
0.307443 608947.278603773 38609.16880883188 17276769237.55695 602
0.351364 178115.4477987947 12960.25883336449 3828735481.29077 762
0.395285 54879.06247464221 3529.842462543811 930147720.5224719 1142
0.439205 17842.39781780791 1371.589125785452 245349734.3633024 1250
0.483125 5527.216111950303 583.6100496621555 62612286.03424794 1458
0.527046 2379.479085159859 277.0651826622762 22551298.66975084 1814
0.570967 1363.151322820525 114.4520345279869 10975386.96192511 2178
0.614887 800.1948462037331 65.70005310932775 5550540.63500421 2498
0.658807 582.0255439259637 59.82825500750717 3507951.632386024 2622
0.702728 240.9140818218994 34.07190087944291 1275398.936367401 3191
0.746649 81.66650798763078 10.70647279580419 382792.4883846064 3044
0.790569 18.46006792244149 1.846693328286391 77106.78162060007 2736
0.834489 7.378816980812815 0.7726092178155977 27616.36107704015 2276
0.87841 3.576952848983495 0.3963775999014988 12067.1436040509 2016
0.922331 1.925174398445519 0.2867450460959178 5897.527166606412 1640
0.966251 1.214462198544825 0.1378605193609413 3384.661019324242 1056
1.01017 0.5475803193321738 0.05032937521257545 1394.505314220258 683
1.05409 0.2234865479827539 0.02846634642483895 523.7015293919758 350
1.09801 0.2695205409775304 0.0089096614914049 581.5807764930555 192
1.14193 0.08897249847542632 0.01862626960874609 177.5388149675602 44
1.18585 0.02009868919759941 0.0218471582181236 37.42112081900346 25


0.0439205 131371.669721521 129140.5514287185 2194793324895.616 18
0.087841 3850732.16866741 308523.8525025431 2325296844650.163 62
0.131762 7085235.771414146 301006.823514587 1509599974748.463 98
0.175682 4442172.500856739 548321.5418775702 528528131537.0438 210
0.219603 2626786.724928674 258470.6758702497 189905936013.8165 350
0.263523 663407.0616114482 112808.1812832623 33474421547.12613 450
0.307443 405389.0609131922 31753.21600299602 14258733675.61957 602
0.351364 114790.7566767595 10842.27197311239 3058476561.113097 762
0.395285 30246.17551575909 3450.581314464102 637058657.0083358 1142
0.439205 13006.48729063642 1023.021583871172 220388364.3915919 1250
0.483125 4874.944473317686 357.4354569434644 67791414.46185148 1458
0.527046 2330.547682749341 150.6382995257117 27071929.8297771 1814
0.570967 960.2525427023913 87.89980580700538 9520955.130974159 2178
0.614887 503.9765949165423 55.76128546655881 4309791.002632303 2498
0.658807 483.9310087631055 38.786379189682 3583680.759869643 2622
0.702728 268.8545467271372 16.5377670483677 1743927.007306054 3191
0.746649 61.1885089340439 7.712265029806483 352761.3185653822 3044
0.790569 14.1622279951408 1.296752596552542 72719.61089785631 2736
0.834489 5.281031267223648 0.5824206045292525 24309.73366389225 2276
0.87841 2.563290261998157 0.2973151685155382 10634.84840540421 2016
0.922331 1.911239904489245 0.1576824745916118 7184.766829375861 1640
0.966251 1.01465676067985 0.08812162375122047 3473.811195076959 1056
1.01017 0.328606116567111 0.04495542322047693 1029.881977913989 683
1.05409 0.1422876505935114 0.02328486481752822 410.2522364734301 350
1.09801 0.2030009225638982 0.0066445562551071 538.2449370707274 192
1.14193 0.02892604140174731 0.01770846109052954 71.56866474138134 44
1.18585 0.01055821969147518 0.01594562758002398 24.44566772565197 25


0.0439205 980659.86255587 33481.83277831399 3914814919456.947 18
0.087841 555022.2013464235 425636.903532244 1041606536094.264 62
0.131762 7619716.622208047 67023.19104602328 1866296290046.198 98
0.175682 2903089.666320067 467322.1498078976 431643353414.3585 210
0.219603 2270794.729676357 181748.9001706371 195003136721.0084 350
0.263523 568455.6332663272 82815.71091089827 34126122128.6759 450
0.307443 303177.5664926506 25431.63979610721 12742590795.78206 602
0.351364 86410.62428883655 8581.110971353281 2747919173.075452 762
0.395285 25799.83923261789 2460.626550893367 645098376.4132138 1142
0.439205 8704.982208502066 905.6087188016927 176160136.3264666 1250
0.483125 3082.887444967873 336.1752734705929 51207197.98017246 1458
0.527046 1389.690533276986 153.7182338219913 19280234.33688556 1814
0.570967 727.4540440036899 69.41240122668482 8573910.610097021 2178
0.614887 513.1547046662065 32.24938644221881 5193475.475298688 2498
0.658807 326.1870125410798 34.33211398842078 2873870.815254414 2622
0.702728 147.471460784972 18.20430436095936 1140181.619858819 3191
0.746649 58.97539585554858 4.894324975347454 402817.9723249282 3044
0.790569 10.97769967062213 1.004840867260108 66918.33191111418 2736
0.834489 4.024851627581344 0.4559450166352715 21998.82038235372 2276
0.87841 2.064221615089931 0.2216677199284121 10163.27404096573 2016
0.922331 1.558536259483845 0.1150113764171804 6950.936750348872 1640
0.966251 0.7078624802635715 0.07620759173233785 2878.086043875805 1056
1.01017 0.2714237988021727 0.03287836647017908 1009.214544277055 683
1.05409 0.1483121327902074 0.01377232510886856 506.553092534028 350
1.09801 0.09095918144006185 0.01270379159458268 286.9220361519519 192
1.14193 0.1072104369619263 0.004010293164183261 310.9277130259092 44
1.18585 0.04373203191670443 0.008121542164270346 117.1193918979853 25


0.0439205 1093900.192023545 3310.144010847323 4449718449137.554 18
0.087841 1618453.476340727 254122.7332695597 1714492385013.632 62
0.131762 4609243.377345922 168619.6003579487 1382712064297.065 98
0.175682 3165575.791342454 312262.3003859696 525803587643.584 210
0.219603 1978538.175220359 134178.8541907468 197016078928.6196 350
0.263523 535027.2818529428 60338.84555670308 37008880862.74759 450
0.307443 248453.7570850315 20053.14301568376 12138557882.68116 602
0.351364 70974.79617248333 6764.782879436189 2621847104.905375 762
0.395285 23288.94409413839 1766.451902678725 673375508.4743847 1142
0.439205 7409.079816214578 691.6031706266962 173716909.2276341 1250
0.483125 2895.44712623441 234.0741403939359 55562625.46286563 1458
0.527046 1304.147132918754 106.7940988165572 20906718.34677 1814
0.570967 610.4097865663073 53.52419136967047 8332142.536591581 2178
0.614887 287.7549130128961 36.81397371655572 3394701.14017879 2498
0.658807 287.8202998205929 25.33037475036383 2933993.104356768 2622
0.702728 164.9496543325301 10.57931010038678 1471116.906372364 3191
0.746649 47.85323654140279 3.885269698255251 378466.2462216379 3044
0.790569 8.42528565651204 0.8460603016504733 59505.1182997131 2736
0.834489 3.437575318770005 0.3464663309102188 21744.06951564943 2276
0.87841 1.626884863420458 0.1809751950474773 9276.466670063472 2016
0.922331 1.272527460182123 0.09091037189515669 6568.903145936539 1640
0.966251 0.5785916204748873 0.06030871599596817 2723.106423061082 1056
1.01017 0.2224036383629691 0.02593525375957713 957.2014874265269 683
1.05409 0.0756314395624717 0.01556647430185297 300.130783849981 350
1.09801 0.10916543711821 0.006447169970783139 397.6438415205632 192
1.14193 0.02220138232163268 0.01009188266160495 75.40073061930975 44
1.18585 0.05652383513549047 0.004140978005469796 174.727539162574 25


0.0439205 362860.2504597399 43614.1086993991 3066261083541.192 18
0.087841 3375225.894072036 54520.66302518201 2949039970129.371 62
0.131762 1350624.476277145 327806.1436220809 640435762548.046 98
0.175682 3601505.401170686 182286.1083309841 655151652763.7893 210
0.219603 1626537.288223422 111505.7641001221 185771366850.894 350
0.263523 540637.31480161 42113.91281055548 42076000084.39616 450
0.307443 219493.0719831605 15448.03035798817 12195855506.3819 602
0.351364 60342.77990338409 5450.875755422097 2540135670.310457 762
0.395285 19769.24929804497 1419.080884594807 650670989.0980792 1142
0.439205 6375.808836187404 550.8656237830897 170060750.9908802 1250
0.483125 2477.691322025802 186.764672693486 54072578.67386656 1458
0.527046 1126.173546021397 84.38953066961736 20522868.50676051 1814
0.570967 585.8515793774828 37.31866625594899 9070318.83798613 2178
0.614887 298.9881970158734 25.10549795451463 3994718.671626418 2498
0.658807 277.0965223548902 17.57197934960314 3204549.217442964 2622
0.702728 109.1593838795744 11.09831077860743 1110196.862756659 3191
0.746649 33.92646462004664 3.714745498846702 305667.8144534541 3044
0.790569 6.897858002170267 0.7023811203098581 55387.05769816947 2736
0.834489 3.422066575628293 0.2327686348803531 24555.84234008947 2276
0.87841 1.499251387529264 0.1349938976047562 9705.599630993593 2016
0.922331 0.9021254077147778 0.08937159535066085 5298.788539814059 1640
0.966251 0.5857160288105587 0.03966655742060325 3127.512001408681 1056
1.01017 0.1880682892626009 0.02101106752255065 919.6554409384653 683
1.05409 0.07604448585733933 0.01138621655547811 342.3226139849589 350
1.09801 0.05355114046781277 0.009117160295607713 222.458370557123 192
1.14193 0.08144698773804637 0.001774164052305758 310.3092845174318 44
1.18585 0.07074111107955473 0.001010843935167509 247.9654334616656 25


0.0439205 19284.54810229417 58793.48584912027 2342728678382.151 18
0.087841 2713131.732136907 55592.32021010523 2746748949616.356 62
0.131762 804362.815878304 303472.5175201934 527504611920.3527 98
0.175682 3125891.04460602 146980.280633694 641122900508.5454 210
0.219603 1241547.321646443 104293.7826820099 162293046848.7182 350
0.263523 549137.4319481304 28305.61918386028 47430574931.44984 450
0.307443 203936.7075766851 11578.62607807186 12671367005.19337 602
0.351364 52157.69843981086 4505.030126915613 2466217588.563527 762
0.395285 16535.56249028673 1212.212473359778 611522044.8539293 1142
0.439205 5496.827851969331 456.130201591601 164492525.304852 1250
0.483125 2021.999522261584 163.7015934530707 49566035.67583145 1458
0.527046 849.08215329845 79.89841739941207 17410399.36196567 1814
0.570967 408.8335693890824 38.79155782126904 7127647.499899873 2178
0.614887 302.1707749768048 17.06286322733622 4511049.710007853 2498
0.658807 180.7749772020643 19.38457955107118 2353981.473821854 2622
0.702728 96.60272799535215 8.973389827310157 1100409.805499648 3191
0.746649 35.31542300465752 2.55487703497725 355520.0658545935 3044
0.790569 6.988401469536289 0.4899256699227688 62733.23330184763 2736
0.834489 2.20043223596041 0.2593541678967983 17747.90884018195 2276
0.87841 1.313269283858528 0.109800840186643 9520.682182177658 2016
0.922331 0.6531586240203761 0.08550777464744579 4305.460975510102 1640
0.966251 0.4840924178623281 0.03447967623852557 2895.617022269615 1056
1.01017 0.1676666335999832 0.01692982702210245 917.982440572388 683
1.05409 0.06087264592062949 0.009891877586535661 307.1618464958473 350
1.09801 0.04484004738958476 0.00768150219570176 208.6964773783915 192
1.14193 0.07842492932191344 0.0006258373094775637 334.3699972050662 44
1.18585 0.04477089743458615 0.002426185986766668 175.9404354240966 25


0.0439205 372685.5225964726 23629.77464651408 3353211486703.832 18
0.087841 827420.6439857201 161994.7959570722 1541971138574.443 62
0.131762 2312782.376854641 137170.2804365833 1069975572985.458 98
0.175682 2042386.817100083 175235.0993207752 493804581679.0053 210
0.219603 958563.8763587018 97889.69255196134 142399894216.5297 350
0.263523 520210.7269900133 20518.45691370825 49604898353.40441 450
0.307443 191769.048871238 8644.723563241274 13168113845.56406 602
0.351364 45675.26053150398 3800.265387975395 2398306403.855415 762
0.395285 14011.89498715086 1057.21708736956 575787918.7613263 1142
0.439205 4822.349847509456 383.6966201945748 160035000.0876839 1250
0.483125 1727.898211738689 141.3209352412914 46997758.28888043 1458
0.527046 747.227265425788 67.04835652291086 16981719.160652 1814
0.570967 312.2917562447141 36.49728989751192 6058003.351519904 2178
0.614887 238.2552045758595 16.44948126602523 3947751.636614637 2498
0.658807 155.9189640313892 16.54823935859247 2250283.814309237 2622
0.702728 94.43929150156173 6.734259186302788 1189355.924058782 3191
0.746649 30.58341863147146 2.175666581606734 341012.9571268701 3044
0.790569 4.998573513731597 0.509442963295741 49830.21757770731 2736
0.834489 2.416823130433863 0.1757556468174715 21523.25961584662 2276
0.87841 0.9553471990828181 0.1097228536132314 7686.778572328531 2016
0.922331 0.7939631340775883 0.05219570167361427 5774.341043299623 1640
0.966251 0.3093901080691741 0.03935799208053584 2055.628449360531 1056
1.01017 0.1302119833830699 0.01575003120456985 790.2954438105398 683
1.05409 0.05592403778811424 0.00812592016896244 312.3136540376699 350
1.09801 0.04450981857929222 0.005991804987539141 229.0873696233311 192
1.14193 0.06731570773302524 0.0006113169992501294 317.6831820135255 44
1.18585 0.03979377788599516 0.001972656829114265 173.0863100686555 25


0.0439205 582832.0807936507 910.6110289695362 4070550240136.651 18
0.087841 397107.495461188 166219.7575995826 1276120072611.619 62
0.131762 3046767.228245826 40275.47462949318 1416571085986.079 98
0.175682 1390697.841735458 182460.8994224881 398002989723.8715 210
0.219603 869239.4445026284 82641.39297978007 142244950327.7436 350
0.263523 433903.8890069365 19354.20399386009 45760509801.80628 450
0.307443 174326.2416881692 6961.802622812096 13139426063.40379 602
0.351364 40464.65169013608 3257.066805515446 2337397073.550373 762
0.395285 12104.57813402988 929.18225363635 547467395.5381303 1142
0.439205 4277.79547161264 328.0182836346069 155967907.6253185 1250
0.483125 1528.599254846699 121.153389834583 45669183.39243705 1458
0.527046 697.2631782581146 54.56131610957503 17372174.78966025 1814
0.570967 287.9573664470578 30.44975656456533 6126828.41603834 2178
0.614887 160.3203879270229 18.25445622436835 2935897.11226805 2498
0.658807 160.1455526692241 12.37689343195695 2528664.436961167 2622
0.702728 75.07334986815644 6.478961244165832 1039512.612942909 3191
0.746649 20.22792160165719 2.438318600859025 248773.4825506215 3044
0.790569 4.219884425203909 0.4545894999435582 46197.89733947242 2736
0.834489 1.705059097363425 0.1881472630485651 16712.7010133894 2276
0.87841 1.110555589539683 0.07080361563755849 9769.351350782548 2016
0.922331 0.5220677952215067 0.0606244041284069 4179.51697034957 1640
0.966251 0.3861032134561228 0.0238480098958027 2803.744592206255 1056
1.01017 0.1612653665479684 0.009326670278265762 1070.119357618406 683
1.05409 0.07777814973308156 0.004370917212808799 474.4277751698094 350
1.09801 0.04628549016391149 0.004495382036919182 260.9071650003939 192
1.14193 0.04719465863438314 0.001664920232425482 244.5189945880959 44
1.18585 0.04527029278167395 0.0007162364722940891 215.6486897308849 25


0.0439205 270306.8918087021 19150.34138206418 3258440046765.669 18
0.087841 1402451.028860663 66693.86221232176 2197192080585.557 62
0.131762 1910366.675105749 94134.14898086303 1067043520045.103 98
0.175682 1545902.407036866 136508.302841009 460692908194.7943 210
0.219603 905308.3901849632 62127.01142093787 158469919618.1628 350
0.263523 310450.6316318586 22629.49991029146 36603520299.58598 450
0.307443 146735.4901948009 6674.338508864879 12118495408.46243 602
0.351364 36115.51215552618 2834.93271510187 2277531497.938838 762
0.395285 10648.68625642346 820.427167221551 525819900.3901589 1142
0.439205 3805.539252432452 286.223977800812 151302524.1926749 1250
0.483125 1368.464622562426 105.0380940645404 44557518.89490104 1458
0.527046 638.9837766175008 46.10785876988011 17331758.20456339 1814
0.570967 291.310136782327 23.7460245312328 6727104.147137421 2178
0.614887 124.5515026276451 17.44176883303361 2496673.973144414 2498
0.658807 149.6626997531864 10.21626532877552 2570943.849421823 2622
0.702728 58.99007029109779 6.30703822094868 892018.9670248501 3191
0.746649 19.41376557220937 2.009511392786636 259626.4910576541 3044
0.790569 5.297557263179389 0.2654721382081114 62807.32437526751 2736
0.834489 1.890252764434666 0.1321242458210543 20105.34023906709 2276
0.87841 0.7168005837912497 0.08554308405709894 6895.167535261648 2016
0.922331 0.5952803510471724 0.04151969663472438 5171.649447747934 1640
0.966251 0.2227960684516271 0.03145965151289642 1770.380987936409 1056
1.01017 0.09689885420503244 0.01233946141829752 702.8380253924603 683
1.05409 0.05351315315172326 0.005238033013689875 356.0957185955143 350
1.09801 0.04382926280133306 0.003663905863580968 268.7419584267117 192
1.14193 0.01243999120991063 0.004220264749092841 71.16510525322805 44
1.18585 0.03526626834250333 0.001083821774569157 182.921144353133 25


0.0439205 11269.80616841723 34475.73936591925 2508017985293.718 18
0.087841 1760761.145672507 20131.29809321623 2633210988760.264 62
0.131762 580029.3986817775 169268.7282913093 569411143301.0856 98
0.175682 1834872.791615436 86456.86989640909 560461170361.3824 210
0.219603 895492.9093272005 48382.37329003253 168091973202.9185 350
0.263523 203540.7056605165 25778.33911078308 27271519800.57268 450
0.307443 111127.3638710518 7457.182010820326 10099208125.08024 602
0.351364 32244.3018702875 2515.277796422327 2206735418.841747 762
0.395285 9518.420061161205 726.9216839759582 509595594.9378859 1142
0.439205 3379.40770155464 255.3328461902506 145634721.4750611 1250
0.483125 1231.756255912903 92.37936659882456 43427838.74074285 1458
0.527046 578.9279516271926 40.22916505911275 16993603.92529694 1814
0.570967 293.2887793483824 18.35608054412345 7305221.357747576 2178
0.614887 121.6100191143779 14.61158133865374 2631673.954502438 2498
0.658807 129.0224697111769 9.449453805044097 2400184.303364574 2622
0.702728 54.41265399946105 5.452915981939052 889776.0754369862 3191
0.746649 20.28376052758042 1.538664422194178 292578.8335488133 3044
0.790569 3.418070703683887 0.3474662502858489 44071.25663791393 2736
0.834489 1.455441991391807 0.1373784444242706 16783.83641224114 2276
0.87841 0.7831342669661289 0.06334208475540951 8123.078589433174 2016
0.922331 0.4324530500239045 0.04544034982580838 4074.554101035043 1640
0.966251 0.3158686036478384 0.01759319513890592 2698.684886233701 1056
1.01017 0.1190034969013818 0.008052998124176402 929.9886489917398 683
1.05409 0.04130746378905552 0.005230080179260244 297.7810091976042 350
1.09801 0.03949860654911648 0.003215248119950654 261.857452584171 192
1.14193 0.01575171359203654 0.003317576159007483 96.88653938112854 44
1.18585 0.007011866200218085 0.003236389980129214 40.14834578788009 25


0.0439205 179844.4860821561 18152.96619768414 3115415130817.49 18
0.087841 873207.4146649841 71570.01726074693 1886331834693.414 62
0.131762 695369.8904685518 138952.7958023773 647028546359.3372 98
0.175682 1573188.599828288 83104.63657768382 527167734316.7192 210
0.219603 748707.4508996841 47624.71966185106 154002223604.0771 350
0.263523 162639.0474259253 24698.42844296426 24140856142.14734 450
0.307443 77046.52697475621 8458.646979311507 7783461898.431757 602
0.351364 28605.98610003012 2283.585957496426 2115250182.344044 762
0.395285 8622.990904843617 646.1027771785529 497549956.4751533 1142
0.439205 2988.272664416351 232.7136582311943 138902372.7133003 1250
0.483125 1114.95055235093 82.16751183919691 42329816.25757969 1458
0.527046 525.8522464930634 35.61408463426931 16613341.53031695 1814
0.570967 281.8984365270719 14.96918434336563 7542274.509163514 2178
0.614887 125.1148389469346 11.80015027771652 2901897.506038904 2498
0.658807 110.0255899053243 8.958622822274933 2205544.139345516 2622
0.702728 55.7805798750414 4.322651063059789 978472.8750445243 3191
0.746649 19.05728965192272 1.314485824676028 295476.1732816909 3044
0.790569 2.705811690536069 0.3413686704958932 37642.89693252206 2736
0.834489 1.356434310134835 0.118600995696421 16815.3804578079 2276
0.87841 0.7903695685970443 0.04940142129244423 8802.582852073803 2016
0.922331 0.4334933805306218 0.03683123348520515 4385.917807631296 1640
0.966251 0.1953439787788848 0.0235654921676485 1803.676859068247 1056
1.01017 0.07536862143891065 0.009986488909456649 636.2803375085778 683
1.05409 0.05570745227501143 0.003021721336406053 429.9062380207175 350
1.09801 0.03145323532261764 0.003259776676621562 224.5196658615764 192
1.14193 0.04083346888631111 0.0005254138296309999 267.2423145855726 44
1.18585 0.02052167141660389 0.001597307989119908 124.0114900413618 25


