0.0109491 1.208595362776322e-07 6.788538077775073e-09 0.8351829738624709 18
0.0218982 8.027350684450476e-07 6.556070348316432e-08 1.554375240701089 62
0.0328473 2.703938819341862e-06 1.772963935927817e-07 2.266014891320117 98
0.0437964 6.61873888480139e-06 6.110462152601537e-07 3.08859773316196 210
0.0547455 1.378867645538147e-05 1.326491983553666e-06 4.170344531343729 350
0.0656946 2.097248284067059e-05 2.125651387178841e-06 4.427818616563008 450
0.0766437 3.52704219878623e-05 3.17207062684318e-06 5.428366698763283 602
0.0875928 5.046755817475851e-05 4.909198728500823e-06 5.915248765656061 762
0.0985419 6.934374684200561e-05 8.08307745102801e-06 6.451768613349968 1142
0.109491 9.481574950418187e-05 1.072139665632558e-05 7.172064548629283 1250
0.12044 0.0001208090339910511 1.460910496784658e-05 7.528746776285958 1458
0.131389 0.0001697433905741074 1.872265933441586e-05 8.863994212488363 1814
0.142338 0.0002033365301556499 2.447866838600938e-05 9.060379837799944 2178
0.153287 0.0002622389273005142 3.099602550957571e-05 10.08187072922864 2498
0.164237 0.0003197548267751919 4.060651931633802e-05 10.68214887271993 2622
0.175186 0.0003716487466863801 4.82038036959242e-05 10.90536400362333 3338
0.186135 0.000433960562686384 5.758611882276027e-05 11.29936755443057 3722
0.197084 0.0005185638808638208 7.021824613654613e-05 12.0578122270858 4170
0.208033 0.000593266569907017 8.360875589514008e-05 12.36994236232649 4358
0.218982 0.0006635950805515657 0.000101427960389771 12.47640793895061 5034
0.229931 0.000781630366661071 0.0001181557632433027 13.33826067525163 5714
0.24088 0.0008755606227591167 0.0001369446844916983 13.61613035609129 5982
0.251829 0.001016980395717177 0.0001622684699687131 14.46085347303351 6602
0.262778 0.00110242683634473 0.0001804772986727723 14.3893426983488 7130
0.273728 0.001238403910160497 0.0002138260174505229 14.90089919393408 8034
0.284677 0.001351583591706184 0.0002500937768898955 15.04411416975411 8606
0.295626 0.001493700379788369 0.0002819440142491467 15.41718176638646 9066
0.306575 0.001644515894911466 0.0003251712661177189 15.78236704825595 9962
0.317524 0.001791730820741748 0.000359445400935852 16.03096194289552 10550
0.328473 0.001935644401071322 0.000401670786974668 16.18036414518191 11226
0.339422 0.002157333277824581 0.0004500134970282103 16.88643572429615 12146
0.350371 0.002314889405257046 0.0005017493957680429 16.99773245793923 12303
0.36132 0.002447380010665742 0.0005571966714539775 16.8933457615917 12584
0.372269 0.002631250908198183 0.0006277494933224799 17.11532780493746 12120
0.383219 0.002847328930685122 0.0007114054972077323 17.47679109149976 11180
0.394168 0.002921165609483803 0.0007627489828639291 16.94678180571744 11096
0.405117 0.003123886280539266 0.0008408464500508895 17.15861836449782 10056
0.416066 0.003440653194257884 0.0009402144043924201 17.91687844426441 9716
0.427015 0.003665920964777825 0.001004498538198908 18.12172081142282 8604
0.437964 0.003972319473953513 0.001130300873916323 18.66307468111961 8060
0.448913 0.004106269772865762 0.00121075575710151 18.36371303443791 7320
0.459862 0.004426470644854933 0.001344237255023444 18.87171881186296 6356
0.470811 0.004654157329411443 0.001452982758375674 18.92728342703747 5348
0.48176 0.004864144967782214 0.001548353761507181 18.88537099903744 4308
0.492709 0.005264411818779729 0.001584977734150652 19.54207321731047 3563
0.503659 0.005216892985722657 0.001829272125077278 18.54069462091978 2448
0.514608 0.00592529693856579 0.001877281881592461 20.16127935360751 1868
0.525557 0.005810540674526746 0.002137520859360113 18.94146076812594 1358
0.536506 0.00591664981444638 0.001953106589465674 18.50291460389878 1062
0.547455 0.006550139301346329 0.002498474869344807 19.7003503976637 776
0.558404 0.006223421578525896 0.002756598217147015 18.01619284340484 432
0.569353 0.006861451687619992 0.001836365710095013 19.04230834992306 200
0.580302 0.008919299219114274 0.002777218188960374 23.78669396306213 168
0.591251 0.006704503880353482 0.00134737872496615 17.25354073781895 56
0.602201 0.01132499503765724 0.0002957277546825942 28.11321638137767 7


0.0109491 1740052.520153872 1239.900926703104 57988716817241.46 18
0.0218982 13487167.93649716 4673.064097253107 92884245072024.33 62
0.0328473 39516538.30659471 2203.790482780599 111680695067977.9 98
0.0437964 99582454.12208618 8870.556782751495 152911188399353.7 210
0.0547455 185557144.6202625 185093.9282972229 182563948304541.1 350
0.0656946 250664458.0421842 846483.783784274 171130375416163.8 450
0.0766437 343175891.8349049 2690193.026358714 170299039045938.8 602
0.0875928 395065462.1493179 6355964.449449287 148988385203347 762
0.0985419 393143493.9770517 12128588.64974576 117514069034247 1142
0.109491 384422532.1358032 21700816.3997175 93368367885112.25 1250
0.12044 316643193.3297853 31921415.97328901 63360182225560.42 1458
0.131389 247863187.1602346 47186343.78080181 41602168391173.25 1814
0.142338 139220740.5585494 56484308.35259414 19994954939139.87 2178
0.153287 57617744.32545676 65550548.90942414 7213057770308.755 2498
0.164237 10748498.50389555 68425506.77311523 1250939582424.009 2622
0.175186 8425106.476951761 61240760.46487072 861694041533.9362 3338
0.186135 48896003.99742869 53408939.54264787 4117209845398.695 3722
0.197084 116057327.3385638 41620803.88176351 8651865698387.561 4170
0.208033 187992329.1911899 29249700.66671124 12537955768672.38 4358
0.218982 245120336.818 17765890.59371272 14727249670809.42 5034
0.229931 285253185.5817754 9422516.233728139 15548598725232.18 5714
0.24088 298308380.4895794 4644521.27826289 14814647024143.82 5982
0.251829 290137227.7392389 2390121.391737771 13172961151874.51 6602
0.262778 250905922.4009339 2648218.179590403 10456145593033.13 7130
0.273728 209416196.9521788 4105481.442991265 8044804365047.267 8034
0.284677 168551662.5376998 5801402.13421559 5989739333058.291 8606
0.295626 132408876.485382 7551421.038356155 4363406892117.587 9066
0.306575 108453452.7168929 8802837.189205345 3323207288841.791 9962
0.317524 94586522.41264617 9037406.369591393 2702052640765.027 10550
0.328473 79230323.4001053 9215073.697059892 2114642503212.131 11226
0.339422 78673484.27845465 8920076.071209755 1966095320879.653 12146
0.350371 62599309.37790178 8300847.724293425 1467533289852.76 12303
0.36132 39011167.12514303 7733847.513601452 859844755245.2787 12584
0.372269 21970609.78566368 6584121.250603682 456433174604.7911 12120
0.383219 20970162.48193338 4705587.742224117 410981547802.6875 11180
0.394168 23797270.62730916 2488968.792715506 440658495378.1851 11096
0.405117 25126945.62154948 1282301.582610859 440454975286.5973 10056
0.416066 24869870.26114747 706499.2829788334 413274078818.5376 9716
0.427015 21570296.18123522 541788.104320168 340255900641.1036 8604
0.437964 18602912.87158229 573528.4300365795 278900558300.5168 8060
0.448913 13571211.24504702 701673.8745378259 193673401021.6844 7320
0.459862 10113562.35854659 794364.3328316557 137597153387.1057 6356
0.470811 9486096.831528168 808123.219648646 123107101741.7626 5348
0.48176 5798698.953164999 828499.9290199721 71850871727.48346 4308
0.492709 4113806.810710076 768618.0871453312 48738704216.02659 3563
0.503659 1752463.814960964 569714.9459869497 19881335557.72289 2448
0.514608 1806244.82149153 440825.9454184194 19616096206.54343 1868
0.525557 2426821.024944434 270012.2548512857 25244353868.0661 1358
0.536506 2444734.174986034 112053.28698863 24394383408.67327 1062
0.547455 2805715.235489101 54012.32932998196 26923646726.54163 776
0.558404 2658662.286627905 17643.80019614044 24555271136.93127 432
0.569353 2689835.022679654 9181.922984000863 23817838462.10294 200
0.580302 3535388.510882382 2112.199839582511 30081768812.15165 168
0.591251 2474878.027450863 85.8682637912309 20320879065.48499 56
0.602201 3175359.003198904 151.4694550664227 25151594550.55492 7


0.0109491 760001.7698057785 799.2999474270794 45461441419753.2 18
0.0218982 5907749.680958239 2180.523524061144 70233806524925.62 62
0.0328473 17317887.88089916 299.2396781022277 83557656821839.73 98
0.0437964 43389258.99597431 28762.90963267936 113223636971071.7 210
0.0547455 79029065.18215011 321163.2537785402 131854007716379.9 350
0.0656946 101811934.2976587 1223820.083558638 117784913668080.6 450
0.0766437 128494500.3929134 3515336.080443105 108072105554287.4 602
0.0875928 128115915.7552648 7612514.292732973 81982496851865 762
0.0985419 99359921.52697071 13185170.59945464 50539866659886.06 1142
0.109491 62607495.70228805 21039184.91017356 26084385774523.19 1250
0.12044 22259037.4472964 26874071.24171695 7895917505272.151 1458
0.131389 2359543.302133875 32852103.20610496 1009094305672.793 1814
0.142338 18764086.89326534 30444802.42498234 4746396894804.938 2178
0.153287 76407910.84629096 24829461.73213447 15995607640036.02 2498
0.164237 153916265.4462456 15861195.84275669 27809698194330.02 2622
0.175186 210083070.4136276 6568036.399347304 33269112284355.89 3338
0.186135 243337764.5084325 1428744.083876459 34165818232728.83 3722
0.197084 224523425.3119221 1272433.053071477 28144684712924.59 4170
0.208033 169997495.1734559 4897920.457670852 19111101944256.77 4358
0.218982 101611416.0892776 9701957.238127891 10307239999539.24 5034
0.229931 48886799.25883408 13450747.91070919 4509597756968.036 5714
0.24088 23891971.47100771 14512200.79637794 2015002831126.222 5982
0.251829 20606147.74717169 13316034.84763054 1588641416480.718 6602
0.262778 32079007.0629089 10137213.93110352 2261842667519.849 7130
0.273728 44487629.75899973 7307172.414017069 2886914138629.042 8034
0.284677 50873452.87027166 5307799.080931361 3051886044320.306 8606
0.295626 51067449.88728584 4271627.506050306 2840002904244.128 9066
0.306575 47234325.21759807 4077350.641029504 2442229401287.483 9962
0.317524 40006624.39863236 4313082.03492248 1928565390016.423 10550
0.328473 36746957.86560286 4004663.208726606 1654864629250.817 11226
0.339422 34086653.13208202 4151256.262014789 1437410671625.606 12146
0.350371 31047202.51707257 3420868.041372733 1227996595661.829 12303
0.36132 27052890.61417303 2447511.065733716 1005697379453.979 12584
0.372269 17249998.62096568 2192088.90592002 604362896259.0601 12120
0.383219 11262070.09574628 1978136.341969924 372385247289.1085 11180
0.394168 10035114.50434325 1258854.498698185 313532581004.7321 11096
0.405117 10596478.51024388 715578.3353705909 313369032520.2518 10056
0.416066 10353134.07391423 468344.512346318 290234819517.8459 9716
0.427015 8235563.825923039 460670.1693362517 219164982334.6683 8604
0.437964 6586147.283269355 503810.3905836146 166589813150.5569 8060
0.448913 4749107.176523345 496435.927090051 114347910079.0411 7320
0.459862 3890429.07767038 444559.6954652387 89300381200.90097 6356
0.470811 4032291.008354133 397656.0843347484 88281065058.5108 5348
0.48176 3035695.844590546 319522.3548221851 63451629495.52335 4308
0.492709 2727983.996351009 237422.0063741191 54513130224.67419 3563
0.503659 1707871.97999663 143951.9848386259 32672811823.85496 2448
0.514608 1395719.571729035 131880.7586345105 25564267351.95792 1868
0.525557 771003.2089927883 172454.5763136935 13532991929.50552 1358
0.536506 217833.9465442819 172278.8057436905 3672636664.97834 1062
0.547455 59682.64102159446 187997.5750701718 972549023.3820921 776
0.558404 61223.29296366756 162160.5433695056 958994141.7517521 432
0.569353 99765.66553452238 155180.9225919545 1494710375.92651 200
0.580302 245019.6788607213 184598.4927954044 3521680577.385955 168
0.591251 240569.3521049604 119584.7279207383 3334874886.692123 56
0.602201 354061.1775807785 147521.4591471391 4733947409.503463 7


0.0109491 397812.1814968282 6473.063409690363 36857881171647.84 18
0.0218982 2937406.779944632 63654.09985911369 51526431829610.82 62
0.0328473 7969414.037954328 248191.7705435024 55897657737084.77 98
0.0437964 17909236.49012227 848144.9943395139 67546474039336.17 210
0.0547455 26699852.55300264 2308901.683795122 64429125981075.62 350
0.0656946 25721081.3387772 4343388.746588311 43320553611846.14 450
0.0766437 20917792.23032738 7835140.702868906 26117335272824.19 602
0.0875928 8605193.066647664 11506468.98898119 8921867869756.262 762
0.0985419 901755.985071006 13831261.39342248 1539474552085.245 1142
0.109491 10902897.96221846 15185112.78677192 6936490709504.592 1250
0.12044 44172999.6575103 12713591.45074463 21338604808612.08 1458
0.131389 105419025.6275313 8695555.784976093 42072790693253.11 1814
0.142338 155933157.4753447 3083884.552695729 52877689280468.31 2178
0.153287 185358977.0809846 355377.837166534 54157443416860.38 2498
0.164237 167335845.7963871 1841152.246513822 42475820528171.2 2622
0.175186 104640514.423353 6446208.703046511 23354712417214.58 3338
0.186135 44464269.02091158 11802583.73223344 8847763066023.281 3722
0.197084 10240252.80389107 14047207.86389337 1864130060061.504 4170
0.208033 13319172.436541 12302697.74333855 2147422657749.653 4358
0.218982 39843151.7224244 7891843.735975326 5702934295558.062 5034
0.229931 66299795.14573551 3892820.970354896 8588401352366.205 5714
0.24088 74941122.34479937 2024324.542186763 8840355711519.486 5982
0.251829 67028501.11817056 2019359.06715769 7228890311591.434 6602
0.262778 47678734.61025291 3017461.477862399 4721410546039.013 7130
0.273728 33870050.77601887 3663945.867950743 3093021478900.083 8034
0.284677 26849062.96645291 3649582.892780222 2268394561005.454 8606
0.295626 25424859.16303145 3177261.784708876 1991301154603.854 9066
0.306575 26086054.59344619 2713726.109748277 1898981756138.355 9962
0.317524 25640384.5161493 2411988.790780021 1739785307401.104 10550
0.328473 21634194.13853321 2445627.477110051 1371538993668.506 11226
0.339422 20471715.01618115 2488090.36356259 1215242721713.057 12146
0.350371 15780649.03540914 2365522.393692173 878858595967.1952 12303
0.36132 11794782.64393033 1952704.623794239 617500513473.2819 12584
0.372269 11488574.81266068 1177755.547485322 566494743785.1425 12120
0.383219 8803276.59257861 954828.7462067627 409597907908.8695 11180
0.394168 4999187.922732662 875367.5364283157 219916541639.6414 11096
0.405117 4291533.402543967 669360.0836027488 178708537775.4685 10056
0.416066 4842001.143599529 441099.8510086358 191079694355.4472 9716
0.427015 4699486.989992891 304651.9239461735 176018615821.5065 8604
0.437964 4339765.294859535 256274.8134921164 154478273335.3067 8060
0.448913 3371804.980279762 235375.6218528847 114246482845.5773 7320
0.459862 2867231.067160515 203545.3356063211 92612749343.29837 6356
0.470811 2943128.401270881 177724.387022204 90672923796.39369 5348
0.48176 2060093.721270056 164583.5646392434 60596658394.60852 4308
0.492709 1602810.428844069 148145.4806551414 45077359927.20476 3563
0.503659 779481.2649202331 116463.8616655566 20991435138.82655 2448
0.514608 534249.5718291458 115318.2775130934 13777366229.73148 1868
0.525557 224703.5622750429 129642.731015219 5557894457.29859 1358
0.536506 212317.0501094912 90135.18111431185 5035193440.679914 1062
0.547455 351295.584008236 70801.41126606528 8006315987.957408 776
0.558404 492869.3306489751 38946.28335295003 10807440773.72651 432
0.569353 567048.2772287711 28850.77264800607 11919804869.25115 200
0.580302 868297.3943664667 20408.25066009752 17537705157.2459 168
0.591251 653838.4856778953 8337.726979825415 12743321772.23632 56
0.602201 862652.6810963029 7821.682082929347 16219079760.9303 7


0.0109491 112521.3552033822 20702.40712802798 22493367455838.07 18
0.0218982 733712.1072435069 173536.3481526241 22786944597787.79 62
0.0328473 1622729.859827175 559591.1377314576 19010954377018.39 98
0.0437964 2633077.635760995 1558033.402216465 16789022659221.39 210
0.0547455 1753167.144532933 3252922.835860306 8932492007434.449 350
0.0656946 179416.1691225371 4724003.669382864 2904335968584.575 450
0.0766437 2239131.873025929 6541637.28575132 5338501462729.01 602
0.0875928 13941955.99495941 6964993.898242296 17374309848794.49 762
0.0985419 38754591.79579073 5453449.747517025 36151567792377.41 1142
0.109491 77474738.75603381 3102345.251976081 57904492509241.64 1250
0.12044 107348222.0559355 715600.1310900023 65789118736250.09 1458
0.131389 126742861.693212 356136.4792579148 65000994353562.05 1814
0.142338 98647315.89839175 3061157.849194279 43197026326051.81 2178
0.153287 53648439.01455151 7972922.104258017 20367523968041.25 2498
0.164237 13656577.8273132 11820432.61141492 4636677100291.126 2622
0.175186 5041763.630284106 11304468.7210224 1572351571935.244 3338
0.186135 30724305.15808378 7894325.489327982 7899792681733.678 3722
0.197084 64981361.2992182 3365309.351457464 14810959618922.32 4170
0.208033 79286032.45869721 942977.4214330843 16180426386485.38 4358
0.218982 64458623.66369815 1487380.115561223 11861482973172.07 5034
0.229931 38733051.46218964 3443709.478762677 6477021182119.688 5714
0.24088 20368104.87591904 4740424.704789646 3111809985097.641 5982
0.251829 14832427.00866468 4709994.687122043 2074130675644.399 6602
0.262778 19388247.75942366 3452275.589052638 2481396485824.571 7130
0.273728 22365339.32550812 2549361.381898973 2635140030233.931 8034
0.284677 21231686.90981656 2153668.728606345 2313127750988.786 8606
0.295626 17610599.84089325 2133368.350983663 1779250752556.605 9066
0.306575 15027638.04823225 2155171.493248222 1411824912714.868 9962
0.317524 14198902.81986478 2004909.327392788 1243383949523.061 10550
0.328473 15212297.36822143 1617572.788921362 1243892450321 11226
0.339422 15455214.12865783 1528808.325533978 1183134055976.591 12146
0.350371 14591148.55282217 1191799.66731538 1047530961671.482 12303
0.36132 11793762.7669646 924347.4511312314 795842598354.4015 12584
0.372269 7048376.518522442 892451.1763077371 448342936684.1049 12120
0.383219 5890493.167116829 662680.619416224 353492839703.837 11180
0.394168 4808843.732671183 442556.9404400602 272691031306.699 11096
0.405117 3116194.761971284 438593.6966302037 167351726344.5981 10056
0.416066 2017332.339098679 448019.467352769 102759301162.5049 9716
0.427015 1910713.593745171 355034.8929655847 92361424736.80037 8604
0.437964 2014470.305753557 282245.5356453881 92516724217.64459 8060
0.448913 1814118.912491601 215972.7102205727 79289690205.53294 7320
0.459862 1730297.130779272 165066.8408892945 72082724977.55127 6356
0.470811 1876834.755164614 136876.6009179013 74569059803.07632 5348
0.48176 1534133.869592763 98147.38250847309 58187865946.79499 4308
0.492709 1189073.612558461 90266.4094083517 43121683821.05252 3563
0.503659 596456.6576991038 71765.39864160214 20712125413.97462 2448
0.514608 434595.6116378851 70002.78522010718 14450893410.44359 1868
0.525557 202957.0121817093 81738.1024915564 6471725491.578214 1358
0.536506 127736.2248088456 62968.47731358504 3908696897.573215 1062
0.547455 203997.6996781098 52344.35190972735 5997249378.420925 776
0.558404 316049.9065603401 29322.74662758054 8937046352.623919 432
0.569353 375632.5577740837 21598.06953719095 10182073119.44824 200
0.580302 596198.5323638688 14631.26073482036 15527431230.2354 168
0.591251 454848.3602325246 5601.371198627934 11430795984.70169 56
0.602201 602336.6840965505 4993.722841617291 14602419148.39654 7


0.0109491 1151.977379266755 23559.61551776353 15157655763406.93 18
0.0218982 516.7373233383277 182620.7073243298 9864285666520.74 62
0.0328473 40841.30716571875 528821.4920035016 6786572681083.576 98
0.0437964 558626.6848629686 1284681.543570774 8432395327875.508 210
0.0547455 3574695.196100028 2153442.69898276 16964480265854.81 350
0.0656946 10817749.08286494 2373383.07025663 29908902589534.47 450
0.0766437 26308424.24455973 2279005.167831667 50348860645612.9 602
0.0875928 47703877.66941284 1288811.100476618 68178175185239.12 762
0.0985419 65576290.68948872 237458.7584113301 73814027408399.59 1142
0.109491 76466423.54651624 350604.4303848831 69822353162931.85 1250
0.12044 62422661.12664276 2328193.797091436 47027203677645.05 1458
0.131389 36112742.24975582 6259009.241020901 23011596290473.77 1814
0.142338 7256308.710419136 9056971.34446937 4224257849097.321 2178
0.153287 5179794.037448836 9401144.256153921 2653222722098.956 2498
0.164237 31600929.75962298 6397190.683402547 12807714116641.62 2622
0.175186 61819900.75842366 2227530.828818797 21799741901849.12 3338
0.186135 74035185.02813485 466871.231593853 23123221862580.03 3722
0.197084 54740926.93651241 1835591.967633652 15277208977707.78 4170
0.208033 25134012.79716931 4265477.93443465 6315310723944.186 4358
0.218982 9172599.975708852 5159066.152770285 2100711174276.493 5034
0.229931 12692779.92752989 4190588.20844251 2617612265462.717 5714
0.24088 23677897.86561662 2541824.999337197 4421515617383.025 5982
0.251829 29216109.06954907 1514777.295085819 4980292541678.007 6602
0.262778 23792492.90545585 1542866.473260912 3723011481245.982 7130
0.273728 18026528.78067509 1733661.023511792 2601233964120.819 8034
0.284677 15361858.5583866 1632793.492975172 2050438971586.335 8606
0.295626 15446590.02112554 1314465.685941062 1910740345739.857 9066
0.306575 15735864.50614957 1091638.175428773 1809109588207.558 9962
0.317524 14790803.37349673 1019732.966802794 1585078934408.068 10550
0.328473 11911389.35733585 1126461.509608078 1192846870263.269 11226
0.339422 11416604.37711791 1135268.345901929 1070490701446.675 12146
0.350371 8908055.179684995 1085672.442189155 783651945477.4752 12303
0.36132 6412474.562792172 929419.4813163681 530356508028.9241 12584
0.372269 5963858.658894484 575070.0191114413 464512327789.6998 12120
0.383219 4550205.125560955 468039.8235246935 334413105390.9612 11180
0.394168 3156994.34356876 368476.0545684205 219303524799.2917 11096
0.405117 3074892.180901167 236797.9527774956 202146250417.4655 10056
0.416066 2857938.881494388 179109.7771988236 178090912250.6076 9716
0.427015 2058515.38001922 190849.2735502325 121791329001.1035 8604
0.437964 1509800.552873829 206498.3179650228 84921541892.14821 8060
0.448913 1137554.552457047 182214.5522662011 60909165929.49698 7320
0.459862 863317.8256055905 168337.2435158868 44074689854.74285 6356
0.470811 747779.7835450793 172711.4934858978 36420841984.71077 5348
0.48176 725792.9792792925 118137.1247776253 33731901444.96895 4308
0.492709 744319.8967762005 81527.81113777829 33062069414.95937 3563
0.503659 543488.2068422836 41059.51304709031 23106858931.45084 2448
0.514608 461963.7965522613 35331.17202188399 18803887126.15145 1868
0.525557 343446.5255869698 37877.10650149453 13394939648.30304 1358
0.536506 106145.3302466462 44936.79908184034 3977578909.697713 1062
0.547455 41591.10281604242 51081.82350223358 1504490457.031065 776
0.558404 53290.1865885259 42433.74241337176 1851287203.884447 432
0.569353 83548.57938752433 38393.67917681071 2778195640.627633 200
0.580302 192551.3096276456 39648.1223812027 6145493808.126719 168
0.591251 179749.4764277375 22396.27236075109 5533972578.807028 56
0.602201 258163.8778292834 25566.87746328217 7666441765.625768 7


0.0109491 42533.7157911974 13973.2712947571 19952118908022.1 18
0.0218982 414094.8198372404 99035.01414247706 21324987810130.89 62
0.0328473 1586568.726076475 250372.2282294185 25153541987498.45 98
0.0437964 5265839.189246805 500704.8363285089 39854586529899.42 210
0.0547455 13529777.30645509 569150.5247764637 61613729015433.26 350
0.0656946 23362817.0301774 312231.4121206583 72126019713363.56 450
0.0766437 37229578.09589739 58538.89023899362 82847744431103.83 602
0.0875928 44928693.11955954 215831.7137189259 75812147082930.81 762
0.0985419 39097599.73909218 1431948.765436081 52439589169043.94 1142
0.109491 24446665.67157251 3896204.801419252 27003936877795.61 1250
0.12044 6356356.598497477 6154512.687117621 6275723247527.502 1458
0.131389 2257430.286703995 7493576.940095307 2219667759387.378 1814
0.142338 20936016.12092314 5403801.295497655 13560547575831.09 2178
0.153287 52655751.62956418 2229870.339169948 28875072499994.82 2498
0.164237 69688605.8043597 292882.6816170581 33092763879233.07 2622
0.175186 53329496.73512515 1222435.332849806 22252923903006.02 3338
0.186135 24087625.86788915 3887955.202714824 8972915552189.01 3722
0.197084 5756690.67189551 5269457.172554796 1974517482537.848 4170
0.208033 10792923.31381056 4196466.649216623 3240576392251.391 4358
0.218982 25607006.45996416 2037864.310563691 6846548513608.412 5034
0.229931 31906042.39431451 932056.5565571632 7726484242386.193 5714
0.24088 25279653.01375807 1265679.280016904 5580593867353.722 5982
0.251829 16040296.8740182 1898434.340450649 3242582081977.239 6602
0.262778 12387941.86514106 1848861.163582152 2299519245220.102 7130
0.273728 13115510.45288 1437250.824478877 2241326017517.769 8034
0.284677 12529415.54818117 1201367.614550246 1979510113226.948 8606
0.295626 10106627.98000335 1222728.382018337 1480981955537.725 9066
0.306575 8016026.998455031 1297983.260090137 1092691053575.846 9962
0.317524 6878197.866245175 1283010.488320334 874221512903.6318 10550
0.328473 7370429.785019857 1072242.140148811 874406333547.7233 11226
0.339422 7438178.560062367 1030099.126320522 826054027369.4435 12146
0.350371 7066465.821440091 824078.6114529333 735817723081.0085 12303
0.36132 6553344.874540947 553352.5097954461 641111519124.2867 12584
0.372269 4297809.053015494 483646.5570845321 396297164319.6433 12120
0.383219 3256004.625097353 393238.5968220028 283298514941.7697 11180
0.394168 2581604.243790658 273068.7880713063 212241462338.3627 11096
0.405117 1708309.474461579 258902.8455824266 133021663573.9602 10056
0.416066 1346525.000185814 234270.9955055591 99414367086.98924 9716
0.427015 1440845.762710362 164855.2360659719 100915094182.6754 8604
0.437964 1547431.460854085 118708.302413839 102965109351.6593 8060
0.448913 1343029.05914236 90728.38192538453 85050326760.12332 7320
0.459862 1184237.823397606 74082.04096031599 71487160064.57228 6356
0.470811 1154836.260051572 70985.23693613151 66493223161.93612 5348
0.48176 747623.4023731755 71824.27398686051 41105691416.14891 4308
0.492709 563619.582609428 65358.63676679436 29631202122.20604 3563
0.503659 363237.3157930332 38553.99465604973 18280378339.18489 2448
0.514608 347584.5302747099 28671.65560075208 16744427841.9147 1868
0.525557 392599.1742295386 15106.46973991344 18113607027.87671 1358
0.536506 290257.5781409045 11332.67276812468 12847074556.86493 1062
0.547455 220941.8062845463 18291.71040149938 9406868798.196585 776
0.558404 96770.31921771569 26686.07944663902 3969614945.290245 432
0.569353 58137.78979154325 30604.57621526845 2289325996.223582 200
0.580302 18725.3692901107 45691.86394780776 715330012.6563264 168
0.591251 1633.144622458687 33110.12946953208 65334336.12078471 56
0.602201 5.357844897354789 42699.85771481273 7214790.628350999 7


0.0109491 113681.4519954848 3134.729754787665 28861377659376.7 18
0.0218982 941214.6262860509 17684.457538362 39001962745414.44 62
0.0328473 2967786.298200307 29216.33221984554 46426731713381.3 98
0.0437964 7954556.511578036 25128.76369903499 65250659259953.28 210
0.0547455 15334437.63417222 9491.675169913316 79275952084361.02 350
0.0656946 19630588.1759982 177638.0919238625 70110445657441.41 450
0.0766437 22331083.02555249 846114.8186839019 58175637258378.78 602
0.0875928 16540263.58169209 2203393.064948595 33314411107706.73 762
0.0985419 5877233.794185369 3788120.121235223 10198356627619.39 1142
0.109491 652206.9661970912 5083234.857980297 1817715352671.894 1250
0.12044 9388804.115312174 4491982.811136318 10258719236565.44 1458
0.131389 34339102.49091645 2657956.544838202 29788424970733.37 1814
0.142338 54257228.70501683 491361.337614189 39800204301313.02 2178
0.153287 54945023.44500151 529051.9806622386 34739690978837.89 2498
0.164237 32173596.36737056 2753978.56972869 17757240396757.96 2622
0.175186 7568932.718788599 4668248.902495767 3786869950388.929 3338
0.186135 5628001.052113418 4544023.744540357 2512202777814.957 3722
0.197084 22168749.42920724 2392226.581378124 8496322141620.812 4170
0.208033 34021441.20095646 731720.4809894238 11636317903548.29 4358
0.218982 27999386.11597132 887158.5785494316 8635186950783.479 5034
0.229931 15360355.07549035 1851859.08399114 4312053027733.422 5714
0.24088 9494395.005078968 2163480.67874787 2436137233682.618 5982
0.251829 10747164.93748824 1749358.256916795 2514314957458.193 6602
0.262778 12650983.68729272 1201535.911888777 2710060630674.065 7130
0.273728 10501228.09403291 1164297.373739945 2073807292196.711 8034
0.284677 8330497.048952703 1155570.676229557 1522302650069.156 8606
0.295626 7894255.993018337 1010466.139972479 1336897934621.269 9066
0.306575 8554405.695505811 821142.0667350484 1345689091570.013 9962
0.317524 9007912.670991296 664469.8655263555 1320214006535.531 10550
0.328473 8130575.978064717 632216.7000415098 1113187271837.095 11226
0.339422 7755870.53366995 644289.2116843225 994266771781.0391 12146
0.350371 6559260.754094082 573927.2119162529 788729003330.3408 12303
0.36132 4400979.649675393 540357.4024108972 497666073760.5429 12584
0.372269 3412827.398942731 394383.5303667785 363573821129.5477 12120
0.383219 2957600.495152916 281167.9464106279 297190316853.1578 11180
0.394168 2040148.084060715 223833.5017434888 193771565117.3125 11096
0.405117 1862926.6260779 155480.7319266601 167452510092.6282 10056
0.416066 1736136.381903251 118512.2374200743 147910445925.5409 9716
0.427015 1241904.313224389 124616.2588530433 100464964860.656 8604
0.437964 894361.1917044787 134405.231711353 68792839583.99347 8060
0.448913 678452.0767898487 117247.7377048486 49678762436.24454 7320
0.459862 561865.8098623083 102426.2930327197 39220612186.27914 6356
0.470811 546663.9091324104 98820.86418969279 36395145493.74748 5348
0.48176 531497.0545505092 65294.94316871495 33763056445.79108 4308
0.492709 443811.4239384264 53619.2435509998 26953052072.7671 3563
0.503659 239885.0452022506 36986.12894292337 13950178397.10031 2448
0.514608 182506.9943478495 34033.26173841354 10163217671.90324 1868
0.525557 123992.8707160502 33638.36798128304 6618476113.091934 1358
0.536506 166802.8772828239 16548.79649595088 8530812747.969719 1062
0.547455 234896.0814609734 8273.475415300951 11548125219.24765 776
0.558404 255316.8136518747 1584.446175703754 12078844196.84965 432
0.569353 256997.3161912739 1078.759103074476 11656332530.07594 200
0.580302 312363.865939752 3483.026649520047 13614399658.15302 168
0.591251 195989.0792087463 4857.267205159583 8243660067.450326 56
0.602201 235511.4553762268 8011.878748962671 9556519951.735306 7


0.0109491 118535.5965847094 133.9160368600359 31184236521335.97 18
0.0218982 894587.8414194071 3139.855390866318 41221132223329.43 62
0.0328473 2477920.395929627 22979.34951188261 44403686489408.91 98
0.0437964 5610344.272649482 123000.2227545841 53511773204171.34 210
0.0547455 8095634.946443705 482884.1957711646 49521621503181.81 350
0.0656946 6855793.486412936 1113473.533657916 29860350794379.14 450
0.0766437 3928103.205613383 2194048.33062971 13782557149961.12 602
0.0875928 429212.2025630466 3179014.451530948 2918629785860.652 762
0.0985419 3480871.303423585 3264954.625104297 7357387110673.312 1142
0.109491 17505544.57793641 2448514.183501767 25465328244857.57 1250
0.12044 35376773.55352341 871971.3565712413 41426379630470.38 1458
0.131389 48794743.32305118 114289.8377364696 47643883166910.33 1814
0.142338 36909935.92349797 1256603.375154954 30812264330912 2178
0.153287 14615361.5410913 3643080.907920524 10720186019863.62 2498
0.164237 1931598.910807499 4828332.375787389 1447159282846.071 2622
0.175186 11219220.37773365 3330039.769701056 6260544368275.853 3338
0.186135 29780818.49344382 1142428.589803889 14464822382366.12 3722
0.197084 33372469.85267059 428499.6065109653 14443420589308.98 4170
0.208033 20342383.26584807 1437773.828465711 7914047190725.9 4358
0.218982 7887154.072848438 2335089.041004186 2793486962993.378 5034
0.229931 7323797.913732159 2088496.013700924 2349719351900.168 5714
0.24088 12534393.79859747 1293429.592735276 3634993283640.228 5982
0.251829 14096084.0634999 902779.3951877345 3730639283559.508 6602
0.262778 10316967.98125598 1014926.316238657 2508187518792.438 7130
0.273728 8691633.509125311 965697.0099182404 1947805308120.663 8034
0.284677 8768530.332563197 759182.5551403858 1815825707822.072 8606
0.295626 8775717.43271723 600821.9831969814 1683897966607.208 9066
0.306575 7913160.380711118 594253.4334420362 1411676358670.259 9962
0.317524 6617849.731815914 641566.3269341361 1100941183275.995 10550
0.328473 5615940.292664069 642359.9156726045 872966273676.6761 11226
0.339422 5700350.590361336 610242.0583192923 829417040750.3638 12146
0.350371 4704169.489883218 551673.9592940141 642073185592.0173 12303
0.36132 3957852.446267 413111.7489830555 507612177465.7614 12584
0.372269 3207642.932460183 286177.2318564747 387512204883.6807 12120
0.383219 2248677.47293707 254124.566686806 256401256145.7875 11180
0.394168 1717375.816984868 182500.0254532828 185036483087.3119 11096
0.405117 1268036.282947039 158622.8689883624 129369479874.0445 10056
0.416066 894977.3698871873 156362.0554292019 86609325443.86133 9716
0.427015 887081.8978175105 117968.3509562141 81437677792.1747 8604
0.437964 957870.7620705696 87445.64758395731 83527447867.5867 8060
0.448913 855342.0591040427 65172.52038396901 70978121341.39664 7320
0.459862 765534.2371964419 52335.17556601853 60550982997.65421 6356
0.470811 749318.2293579617 49873.94916094656 56530101266.76385 5348
0.48176 512156.9862506812 46431.17939747783 36894612111.0925 4308
0.492709 425356.2733146937 38124.44949563645 29294564293.21115 3563
0.503659 288669.3363855517 20676.68462758378 19029346683.49496 2448
0.514608 251708.7029275252 17071.02062760963 15885025851.74012 1868
0.525557 221431.1908258369 14800.26034240457 13387071176.12978 1358
0.536506 82323.60325782512 19955.55619280794 4780976409.365448 1062
0.547455 34314.70375596731 24636.7286167516 1923110751.484684 776
0.558404 21283.11219245368 22360.78367812798 1150480883.463457 432
0.569353 34848.63739362784 20573.99383862488 1799926417.211985 200
0.580302 93123.75468931663 21144.75287465621 4610106202.026891 168
0.591251 93448.91889283362 11580.82131677087 4460985012.903098 56
0.602201 137403.0725355922 12922.2907344815 6326155881.799855 7


0.0109491 60726.29356154973 4178.2105124494 25256651792857.73 18
0.0218982 405869.6128016895 38683.81551797667 26895667530531.75 62
0.0328473 926299.3633386076 139414.3755223637 23281128394183.58 98
0.0437964 1553990.360208112 431013.4432871055 21347400242912.4 210
0.0547455 1086330.327284343 997565.6413704898 12031523475939.74 350
0.0656946 119474.4047172208 1520362.123834021 4152026554498.214 450
0.0766437 1265031.751337648 2059549.576051932 6834928570891.968 602
0.0875928 7780697.177294899 1918408.845439979 20795520870731.39 762
0.0985419 19752333.42030425 1029327.153582321 39222605209239.03 1142
0.109491 33257745.44648514 176964.0779913393 52894060140911.44 1250
0.12044 34395177.9891167 289044.6384731774 44977459103730.06 1458
0.131389 23567015.50336884 1934018.324280432 26042114302341.44 1814
0.142338 5523313.720042064 3713771.542342768 5556060408834.747 2178
0.153287 2973701.105266923 4035948.441619745 2721632655057.747 2498
0.164237 18490599.51567842 2323925.298653474 13024866208032.3 2622
0.175186 31981940.88356545 485800.4073947363 19572695379470.61 3338
0.186135 28743100.00505157 610116.257614324 15603298934517.06 3722
0.197084 12491504.26114814 2005710.830799109 6104567074664.193 4170
0.208033 4250391.390063158 2558960.10868448 1906198925182.356 4358
0.218982 9385523.361885395 1682010.967277965 3702330318954.062 5034
0.229931 15365426.0113246 805963.1349883226 5462723163804.238 5714
0.24088 13670601.16764617 776952.1348168704 4427748213424.676 5982
0.251829 9385607.618707459 1032775.558464903 2784047246962.035 6602
0.262778 7882555.316478229 946421.7786929391 2145888196249.89 7130
0.273728 8473633.515733114 697944.1188348273 2122746636271.759 8034
0.284677 7378898.735844639 646211.6479011974 1709596271109.215 8606
0.295626 5415660.440991885 719658.6297825894 1164603807437.041 9066
0.306575 4438050.897294994 739263.0134974042 887814271721.5132 9962
0.317524 4313627.343813984 675891.8482880695 803974077063.6581 10550
0.328473 4531727.909661517 564686.8223425427 788252480850.8759 11226
0.339422 4382810.358325932 561056.4868001352 713716598256.2805 12146
0.350371 3991853.721673715 464516.5344150084 609501624582.9329 12303
0.36132 3427633.301534818 341327.8725565548 491714303724.7939 12584
0.372269 2270609.84336235 288865.2449372009 307045001229.0073 12120
0.383219 1880949.325072304 216998.7490925609 239919321715.8609 11180
0.394168 1446859.689613919 154860.7884745369 174377131166.4543 11096
0.405117 1178046.752694152 122489.7038955337 134399418427.517 10056
0.416066 1207700.83168485 83896.49100867234 130544060874.7037 9716
0.427015 990123.7697812553 74279.42305303716 101595348702.0081 8604
0.437964 783926.9704398959 77048.05477585427 76466492448.35213 8060
0.448913 577534.1079055294 70943.3853383884 53633120015.44573 7320
0.459862 440035.2380615491 66577.19654245037 38965496263.52231 6356
0.470811 405371.7936473586 66662.16776978741 34241504758.5999 5348
0.48176 351298.4131085618 47973.42624327533 28318426976.12553 4308
0.492709 297509.4200868151 38976.60696172633 22926329645.09237 3563
0.503659 159896.6455244422 26692.74522241372 11799735693.25037 2448
0.514608 137440.6271683808 22673.13489736675 9709613141.076683 1868
0.525557 129103.1963278155 18808.62242887247 8735587624.169767 1358
0.536506 166621.6362654431 6176.953258865609 10804927354.6109 1062
0.547455 191644.5232302219 2968.877333693617 11949350339.74799 776
0.558404 157256.9255403006 3659.190425138419 9437864967.307379 432
0.569353 136589.8574200942 5694.445556295683 7860195193.633978 200
0.580302 123794.1877408044 13037.54664723495 6848589146.880821 168
0.591251 60316.14736417983 11927.63431353338 3221984513.062055 56
0.602201 62711.41501028196 16906.77694806962 3233002305.973533 7


0.0109491 7694.563016743033 8142.625660020576 18747561744996.83 18
0.0218982 31652.10582497632 65668.31266004272 13808775896887.41 62
0.0328473 20759.7661767288 198973.3504986365 8797259044625.566 98
0.0437964 29041.26465564216 503407.1408372335 7493626924048.146 210
0.0547455 792273.270301466 869873.3505119201 10976274935477.24 350
0.0656946 3639929.385017255 941573.261120127 21050869346760.79 450
0.0766437 10411401.51553208 811981.9475854572 39131082414658.05 602
0.0875928 19710335.88113348 314221.6553081213 54479456401688.95 762
0.0985419 25199438.15489082 47655.93787803435 54728491915486 1142
0.109491 23552303.91471056 680787.2548642025 41682307012946.41 1250
0.12044 11650920.45928011 2099017.245146774 17395061807593.06 1458
0.131389 1680283.112271928 3573066.91445373 2703976477478.776 1814
0.142338 5683061.421611014 3085536.848650077 6275314142631.628 2178
0.153287 22870587.51988052 1366379.530598202 20437464990029.9 2498
0.164237 33513535.26732985 183919.3032888605 25835041854538.77 2622
0.175186 23249112.75039897 869543.0007891576 15772693932366.01 3338
0.186135 7334705.843274599 2329460.555579159 4507218487645.469 3722
0.197084 3888030.957296079 2428543.478078714 2171458173531.381 4170
0.208033 12477976.29260925 1276809.986969831 6023643729987.032 4358
0.218982 16916840.65627668 527791.404338385 7326606666184.892 5034
0.229931 12619031.94916007 760801.2189768122 4965331860548.941 5714
0.24088 7622179.470847597 1101408.883598562 2742383832263.027 5982
0.251829 6913741.03816582 1006980.376758066 2272706701262.138 6602
0.262778 7805175.352475897 705233.1186789108 2348333082561.644 7130
0.273728 6050753.355132076 729902.9026851773 1679223569408.835 8034
0.284677 4634772.983465984 734954.2390687824 1190762309757.918 8606
0.295626 4604953.073454146 623292.2205484083 1095697345506.648 9066
0.306575 5059517.448794284 504244.9024859288 1117700935749.252 9962
0.317524 5105895.474259284 434473.0792764476 1050824043404.769 10550
0.328473 4551885.079708043 417369.928951107 875147916824.869 11226
0.339422 4381949.830070199 418481.407048247 788765726086.8674 12146
0.350371 3862591.534777443 354762.2065778239 652022166939.5392 12303
0.36132 2764857.607472062 312799.566866025 438845368065.6202 12584
0.372269 2215441.994176539 220428.585164086 331203147594.6369 12120
0.383219 1855406.313106395 161481.9340342657 261632754211.9906 11180
0.394168 1268599.921138271 130552.0586904258 169097602901.1389 11096
0.405117 1044686.912298307 102195.1990721782 131810232328.0217 10056
0.416066 758522.8589920354 102194.9035692167 90773457370.03314 9716
0.427015 581185.6083868664 92646.4534264469 66037999647.67814 8604
0.437964 529852.8245666248 81463.96473604471 57207096210.15756 8060
0.448913 488955.1645717642 61675.28960835713 50223701126.62856 7320
0.459862 480811.1244502484 46222.6171907069 47057869118.81873 6356
0.470811 490309.10478862 42141.58820792397 45764092410.48949 5348
0.48176 378974.330372225 33060.13485821564 33768175628.59883 4308
0.492709 295079.2232350513 29264.75463020148 25140156762.34553 3563
0.503659 210554.5104317285 15023.20864459036 17167726130.51416 2448
0.514608 178688.937119441 12939.43273672534 13948467433.46848 1868
0.525557 148047.4820080517 12211.52798236532 11072073935.55069 1358
0.536506 47991.84335333926 15735.60045950227 3451138197.666363 1062
0.547455 24895.45136907157 17805.62218448049 1727555089.237216 776
0.558404 33271.58835076309 14219.41390845388 2216000052.298006 432
0.569353 50932.36462948674 12091.85111958665 3246615049.513901 200
0.580302 113482.6064669213 10348.90170633864 6942260601.045422 168
0.591251 101856.4224262641 4734.967318187495 6010494661.751036 56
0.602201 143117.8302429582 4721.196486170969 8145979027.870009 7


0.0109491 5909.847213000881 7163.307263442902 18861655188524.62 18
0.0218982 76492.1627376462 52111.83063933649 16204129612355.25 62
0.0328473 380886.2997930055 135952.9373744797 16160163563015.1 98
0.0437964 1567262.704071042 280172.611311678 24939159276866.45 210
0.0547455 4890313.292225177 327322.1713545472 41788912400805.56 350
0.0656946 9451766.668681063 177720.8035306981 52887058997253.46 450
0.0766437 15717532.29730651 29692.75340906185 62773278914440.2 602
0.0875928 18340319.62318161 160798.8294497702 55510425798676.94 762
0.0985419 13454448.15103386 921400.6596769261 32690849484965.11 1142
0.109491 5021038.793555747 2188943.286471564 10698926170855.81 1250
0.12044 551484.9240714107 2812583.830319413 1769927020201.724 1458
0.131389 8763218.359404029 2354955.79087054 12148871896181.9 1814
0.142338 23658752.47777699 760287.8732448141 26838819873527.37 2178
0.153287 30066651.43252231 154165.569222351 29272256404666.54 2498
0.164237 18980114.78786536 1227132.200457248 16143789818464.67 2622
0.175186 4242231.10456178 2415497.73752318 3317878868105.578 3338
0.186135 4663958.118244413 2202613.322320985 3189483042518.963 3722
0.197084 15115820.09759903 898114.061148866 8906516300016.361 4170
0.208033 18079642.70447038 370125.8152203155 9517780026544.307 4358
0.218982 10638318.02701864 892261.3970078507 5066864682978.796 5034
0.229931 5340498.42731636 1252107.674365554 2326206269520.617 5714
0.24088 6572844.213019891 965135.0395792685 2593642418285.347 5982
0.251829 8025971.686618201 668722.488210401 2884578851858.003 6602
0.262778 6218958.89562007 676907.8840959441 2052801243594.119 7130
0.273728 4987206.532433568 666530.0155494593 1518154109891.252 8034
0.284677 5255393.962021599 513344.9061855266 1477058024887.643 8606
0.295626 5528621.949918333 385345.3803892905 1438878894573.737 9066
0.306575 5115651.631942783 366939.8365063259 1237619219292.644 9962
0.317524 4441990.600386637 380911.4705109408 1002007213568.183 10550
0.328473 3885841.435084764 372992.0439533527 818938020942.9221 11226
0.339422 3933572.794146993 353404.8614301715 775929800869.1523 12146
0.350371 3232978.503984745 323519.9317817041 598246146086.1423 12303
0.36132 2563034.154884354 256506.391794436 445738850851.6863 12584
0.372269 1970127.393032375 188350.2883083204 322767216371.8735 12120
0.383219 1354479.837288986 168666.6542079324 209478332247.9301 11180
0.394168 1041185.810756187 120777.13550743 152138111663.9203 11096
0.405117 816515.5016857453 99053.16211728493 112951391607.8275 10056
0.416066 724435.8881055738 82200.73106622869 94979015843.75557 9716
0.427015 711032.4358632896 59009.31193313414 88435942358.71092 8604
0.437964 700860.4913571182 45703.81447623298 82817163391.46362 8060
0.448913 563582.4052208235 39270.50652196481 63387843405.47364 7320
0.459862 437535.6693951339 38443.75838285741 46921663533.30907 6356
0.470811 407738.8260559606 38920.3996947138 41709706076.01479 5348
0.48176 292018.8826423422 32925.25844220683 28522933105.89033 4308
0.492709 262860.6015115298 24967.03640660821 24540127074.69282 3563
0.503659 126023.4107758503 19325.41278232292 11270676005.68711 2448
0.514608 103415.1898591643 16937.48616924624 8855053810.819742 1868
0.525557 91432.26511859613 14673.9669878213 7499413595.530193 1358
0.536506 121464.9313550512 5059.751471850116 9544924682.149586 1062
0.547455 141998.8118467559 2483.906696685178 10728333146.89578 776
0.558404 118661.7286720985 2716.228262029897 8629140936.807909 432
0.569353 102711.5041441371 4272.776883862248 7162083087.449891 200
0.580302 90448.33381447743 10028.59928872632 6064149855.897068 168
0.591251 42199.51160933735 9243.761906529231 2732623560.988018 56
0.602201 42545.89882883341 13112.53893232639 2659487096.644266 7


0.0109491 38939.05485568275 2859.490301175447 24445308597351.29 18
0.0218982 344897.1463409634 17530.63543407418 29083509884422.2 62
0.0328473 1174690.134398536 34019.93145264585 33712450031672.27 98
0.0437964 3391528.842859137 41575.0363229198 48591233429945.55 210
0.0547455 7058622.624977536 8561.196650003016 62243497267519.92 350
0.0656946 9402164.046034152 49766.84834627158 56891743220459.17 450
0.0766437 10550689.90355667 369031.948193394 46698282515671.91 602
0.0875928 6936857.481638086 1091937.053608237 24247165500694.55 762
0.0985419 1548761.990792581 1870556.899540165 5575236122145.718 1142
0.109491 1423945.649942699 2233817.814934358 4213418950309.005 1250
0.12044 10168116.64104674 1479790.316695539 18096648077284.48 1458
0.131389 24018210.58454834 401005.929061027 34750596354878.04 1814
0.142338 25368224.21980973 213702.0376056188 31205917479324.64 2178
0.153287 13725544.2396464 1460923.697944462 14738662469195.69 2498
0.164237 2204445.348407299 2580311.706515209 2308661492394.944 2622
0.175186 5389504.654705077 1953417.796438709 4511486688613.942 3338
0.186135 16657314.54184093 643332.6984844925 11950748770495.74 3722
0.197084 17715717.1268467 343012.4463001098 11320332559628.29 4170
0.208033 8914449.042617375 1059139.766550002 5142201208654.376 4358
0.218982 4097152.457019967 1333786.629637683 2157851930819.379 5034
0.229931 6535968.487805653 911603.6262950888 3082013694167.087 5714
0.24088 8287560.880322765 592088.1503402451 3544039417929.205 5982
0.251829 6807454.53950347 619546.1698625545 2662747543970.513 6602
0.262778 5129352.100849559 634339.1325043601 1843350473472.646 7130
0.273728 5811105.088550369 440410.2531511443 1919822513868.692 8034
0.284677 5409736.462695708 372398.9361743881 1652060309550.033 8606
0.295626 4125837.896824765 418932.694175322 1169338286603.708 9066
0.306575 3345604.562026158 445691.7797758681 882230132851.6292 9962
0.317524 3120677.949849734 418917.7066628517 766876801299.6791 10550
0.328473 3070351.146122658 365946.247779953 704310078034.6852 11226
0.339422 2991035.991113291 361487.1309698199 642284744129.9615 12146
0.350371 2556752.3230342 315991.2241591238 514906750820.9211 12303
0.36132 2180201.460772313 234842.392752236 412466952090.6623 12584
0.372269 1528218.267505292 188143.6786558449 272479440576.5299 12120
0.383219 1286112.044199544 139017.6372835838 216259742225.7705 11180
0.394168 1020628.664311391 95675.60252835792 162124759761.3294 11096
0.405117 813690.2913160821 77430.93221298342 122358038763.6554 10056
0.416066 763308.5688891433 59463.11825167343 108766925448.7137 9716
0.427015 574007.4201163765 57793.08150220565 77665777174.29041 8604
0.437964 422845.2190860203 61057.95080278724 54409650854.82095 8060
0.448913 322207.5548770792 53169.97562881336 39470699285.11776 7320
0.459862 281563.5648288215 44931.36995595647 32873338241.3162 6356
0.470811 269661.8607247499 43826.26265151132 30028327148.31871 5348
0.48176 240440.1518100874 30848.59778465992 25545735835.50797 4308
0.492709 184425.2485185745 27041.04933788062 18736762274.54628 3563
0.503659 150531.4328132258 12793.07107083113 14628121858.08334 2448
0.514608 139341.3431929896 9759.474049983492 12960730164.5589 1868
0.525557 130027.5782941407 7655.730278306277 11584558257.6971 1358
0.536506 52375.32649784995 10402.17063858778 4483437529.144434 1062
0.547455 24342.36486574217 13089.26039993443 2011148257.86857 776
0.558404 14451.00177953598 12106.61006150128 1152442763.891511 432
0.569353 23459.16826286567 10976.74459696072 1786445605.832797 200
0.580302 63196.0254621522 10568.10781208627 4610076150.561158 168
0.591251 63061.59833165468 5313.516308451593 4435388960.060047 56
0.602201 92143.47921430341 5604.787923555335 6250337519.239102 7


0.0109491 58814.09246014713 84.30997480011801 28371886207888.74 18
0.0218982 459847.5131552978 56.68574265993686 36052463721675.34 62
0.0328473 1329571.388349498 1536.338447495986 39225487251785.29 98
0.0437964 3143845.408725866 25099.75660755218 48677051759428.69 210
0.0547455 4760550.064030415 165200.330721339 47070959463103.59 350
0.0656946 4134529.108697902 479885.6528640492 29283196460821.65 450
0.0766437 2310144.027105602 1055252.885131406 13632478428550.08 602
0.0875928 223683.4300529558 1580972.669106762 3253332166846.694 762
0.0985419 2712816.175794876 1525047.023425959 9093000696018.6 1142
0.109491 11810522.42116058 903706.4763233081 27395922696246.97 1250
0.12044 20475607.91630398 145749.844853501 38252662260610.88 1458
0.131389 21822396.2163067 318668.461387074 34127806589601.71 1814
0.142338 9796731.381273011 1511377.729139323 13351207413482.14 2178
0.153287 1253342.381826266 2428379.233017409 1842453312844.249 2498
0.164237 6761637.913766062 1797010.664551591 6945006182841.849 2622
0.175186 17045373.00977151 474647.9745937064 14900073019234.17 3338
0.186135 17123272.82059706 341182.7088197918 13255287659114.42 3722
0.197084 7244974.420701774 1190825.837662852 5068476097071.667 4170
0.208033 3075688.352342343 1444356.643724349 1972398677568.593 4358
0.218982 7154673.413789432 821747.1967383455 4017608484110.103 5034
0.229931 9347567.780958891 446601.9261110838 4737478948053.829 5714
0.24088 6773890.362388588 591994.2663936659 3134048296573.898 5982
0.251829 5021181.35210831 660172.0340089223 2127717452127.4 6602
0.262778 5467503.487123051 470910.4306284484 2120011081453.229 7130
0.273728 4821874.190750602 429358.0094534158 1722745047560.201 8034
0.284677 3510643.443104763 468137.1006747599 1161864513688.413 8606
0.295626 2922787.4330737 451027.0192604972 897188500596.2272 9066
0.306575 3003066.590804931 393807.8185932364 855864259621.1998 9962
0.317524 3027088.094473568 346820.5948690865 803447011362.1877 10550
0.328473 2810386.416033186 317927.0217325329 696592836734.5759 11226
0.339422 2680403.369742384 320088.4444888561 622014185710.4843 12146
0.350371 2477140.938625772 260539.4799686887 538849161401.6832 12303
0.36132 1943277.828158925 208984.0379078372 397289748291.6271 12584
0.372269 1523494.621406343 150384.1824615531 293364147100.9597 12120
0.383219 1273898.319270967 110362.0513055371 231352885335.5941 11180
0.394168 841464.8169942538 92347.52571797758 144485539820.1624 11096
0.405117 679301.7198374459 73825.76225946537 110409588227.9937 10056
0.416066 504559.0871381923 71461.72126532574 77785694080.25069 9716
0.427015 426205.430924479 60368.63338429745 62361038058.36868 8604
0.437964 421380.1438854908 49551.25699218181 58561922768.36147 8060
0.448913 388272.0942400254 36591.9148557143 51333916973.8869 7320
0.459862 364155.3642887303 28012.430790561 45878962392.04668 6356
0.470811 371631.8811110251 25120.48956936558 44650129590.25191 5348
0.48176 278312.8912006846 20672.30567158018 31924180611.80501 4308
0.492709 230435.5003244712 17057.84173695543 25269807713.36366 3563
0.503659 118220.8648399088 13115.14400996544 12416992378.29608 2448
0.514608 84352.63940444174 12961.3026080202 8486478618.674485 1868
0.525557 56289.48222958785 13188.58103112832 5430440051.104602 1358
0.536506 69897.36633529278 6732.984455717981 6457200904.926059 1062
0.547455 98038.95837767598 3428.476057603024 8703306934.927778 776
0.558404 105165.3830505983 869.1307241441282 8982732328.024216 432
0.569353 102000.499118605 1077.549106608807 8352898508.893555 200
0.580302 111320.9891203706 3542.953279318166 8761754186.488218 168
0.591251 61861.54213257165 4159.291556240778 4700010611.743697 56
0.602201 69079.42404954597 6440.958990067751 5064098662.975276 7


0.0109491 42778.9623104793 1112.932475097974 26278812917411.71 18
0.0218982 297188.3503700997 11972.34141565829 29293235887673.36 62
0.0328473 717822.105915891 50305.97216156124 26768890992896.01 98
0.0437964 1303816.877550728 178431.8673005262 26281034983546.78 210
0.0547455 1101915.743723358 473420.4200230055 16631684932374.46 350
0.0656946 224070.7489727143 787620.351360718 5886647798112.059 450
0.0766437 473569.8605507081 1109643.267142603 5745931695036.742 602
0.0875928 4143550.83712865 1012698.861813675 17670768116158.8 762
0.0985419 11257739.42719729 463229.8381019175 34487994812826.97 1142
0.109491 18087479.52205031 45703.69011690574 44204248154710.35 1250
0.12044 15875545.5400257 393354.6773825021 32036352150713.6 1458
0.131389 7072690.624186362 1576186.029023217 12422763657004.32 1814
0.142338 859839.60984107 2170910.245423494 1793695864582.547 2178
0.153287 7792592.144501672 1489282.689394419 9873251133849.855 2498
0.164237 18456133.18671062 337219.9237516815 19749387711575.3 2622
0.175186 16347804.10742986 323188.765932779 15347337153514.41 3338
0.186135 6153917.948155932 1260834.24354229 5222579983269.91 3722
0.197084 2637024.386618021 1466507.757124323 2058475560861.266 4170
0.208033 7944033.555483702 758455.4937375886 5318549841270.633 4358
0.218982 10043354.49026892 364407.9446527119 6027235483509.163 5034
0.229931 6717639.797118334 576715.0099032355 3669282789908.031 5714
0.24088 4675803.355767 677505.4617723235 2334192664188.08 5982
0.251829 5090270.818047382 531678.7883725893 2315360252148.914 6602
0.262778 4775219.984124626 437007.8061940985 1990815780585.001 7130
0.273728 3193988.561246832 503748.9213487895 1230781630370.912 8034
0.284677 2977172.856796355 438206.3802518844 1059855951297.201 8606
0.295626 3412927.300816937 322660.4019755325 1123316547520.615 9066
0.306575 3463707.168078867 273899.6168707949 1058847747829.637 9962
0.317524 3163523.087045077 265402.5737871703 901424967082.4856 10550
0.328473 2811900.150444171 255660.5870245704 748490995530.5707 11226
0.339422 2811554.516704825 245430.6241452278 700480405111.7697 12146
0.350371 2439748.262497523 211619.9073661327 570029843210.432 12303
0.36132 1839540.466044715 177728.8835359192 404036428508.3682 12584
0.372269 1384769.87128945 133399.6321821142 286533983731.8055 12120
0.383219 968269.1110928797 117593.8411949615 189134003301.9909 11180
0.394168 731012.6512524032 85515.55448497673 134910497635.4105 11096
0.405117 607775.3967986178 66489.1273259775 106155691867.7415 10056
0.416066 535807.3528209787 55386.61376567022 88694930131.96989 9716
0.427015 503481.4250738152 41490.864224478 79068356115.98521 8604
0.437964 484348.9554356435 33384.88804465852 72263719769.74686 8060
0.448913 383167.9980306368 29271.50721571552 54416605235.96014 7320
0.459862 289311.4456320895 29171.30666645551 39181828301.68466 6356
0.470811 261405.0537974955 30228.70382878695 33773691913.35869 5348
0.48176 182481.1032638183 25714.45137940961 22515212813.19029 4308
0.492709 160356.2327646195 20275.98011012157 18909941884.07212 3563
0.503659 99419.18378678137 12475.51891027224 11222718332.09069 2448
0.514608 101360.2227641258 8889.214212119708 10947457363.98262 1868
0.525557 110773.8661718671 5401.751905946439 11454977020.18196 1358
0.536506 75305.28697261703 4732.968431136443 7471580229.718804 1062
0.547455 46789.46839228165 7526.857647607185 4469863603.675722 776
0.558404 11117.245647114 9715.278513492785 1030924034.616977 432
0.569353 5068.75888901551 10235.45223331927 456480834.9983286 200
0.580302 9164.778791771529 12885.2256370594 787088349.3529228 168
0.591251 15986.26729538187 7948.406899116258 1311091518.896582 56
0.602201 28145.80088889785 9377.511253744926 2222509557.635655 7


0.0109491 11987.002652516 3741.275178239651 21168746564906.22 18
0.0218982 63814.41668665181 31809.28563096269 17694012621563.37 62
0.0328473 90905.67943616559 102606.4961906898 12111264583398.25 98
0.0437964 51057.27533702437 276625.3724017636 9250788024412.51 210
0.0547455 147425.0397047603 514335.4991357388 8171381382931.266 350
0.0656946 1414684.639809415 586924.6597767161 14339024522383.62 450
0.0766437 5161261.159345043 517277.9322472594 29805293284206.25 602
0.0875928 10810563.14787468 191848.7251863033 44692090853338.14 762
0.0985419 13904931.01314264 39335.17375021242 44966178142493.9 1142
0.109491 11716808.54555015 521227.9022041191 31062065763041.75 1250
0.12044 4091479.013917124 1411430.121509358 9595542113465.771 1458
0.131389 771907.8673214077 2000766.193736484 2205289153512.004 1814
0.142338 7922171.67903846 1225006.139569145 12465878339368.06 2178
0.153287 17882085.39290059 232401.8654526061 23579061682486.5 2498
0.164237 16367537.87163451 342805.0638858937 18745662489010.96 2622
0.175186 5472166.032501911 1254397.081134524 5645666695915.956 3338
0.186135 2229359.573583143 1482041.936560646 2131789888071.17 3722
0.197084 8485281.493101373 694257.1618275781 6781033953524.109 4170
0.208033 11165578.41511752 276052.2970291266 7947519846961.443 4358
0.218982 6502988.071245669 598511.4786605582 4193982535821.195 5034
0.229931 3685236.828064636 768794.8068793332 2173610475917.277 5714
0.24088 4853370.754444781 547179.7060907222 2587013464176.859 5982
0.251829 5070835.187460264 432599.9950435613 2464688758391.634 6602
0.262778 3494691.414525381 481103.7294110151 1562777065706.397 7130
0.273728 3497896.695862932 392082.7609474663 1438681849115.164 8034
0.284677 3785088.706617459 282765.6678069419 1436452191826.301 8606
0.295626 3426892.121974253 256903.3734952991 1205387224505.816 9066
0.306575 2939973.540657447 268218.4613185996 961771647054.7653 9962
0.317524 2662535.148875899 260922.2223231543 811902269066.7261 10550
0.328473 2482226.168427894 237634.7840218332 706820621044.454 11226
0.339422 2474119.725461306 229245.6741451532 659389252345.3091 12146
0.350371 1981743.703383149 214858.5954169479 495554060787.2047 12303
0.36132 1567691.396193149 170853.2858776532 368400936831.5081 12584
0.372269 1128253.300553635 133693.610187539 249839302809.0383 12120
0.383219 911082.6646164604 102590.0276409681 190289194153.1238 11180
0.394168 753526.01403182 67649.66340749618 148624155255.4122 11096
0.405117 578560.4467365935 57108.78609586831 108043912390.0855 10056
0.416066 540303.6389958765 44307.30598486117 95602010655.92035 9716
0.427015 416325.5234664857 41686.90609496699 69945604807.47954 8604
0.437964 306366.8479441634 44072.21943253112 48957065423.71324 8060
0.448913 229227.5134199066 38825.1239532662 34877543282.51997 7320
0.459862 205748.3704281555 32254.76748473179 29830223063.77866 6356
0.470811 200343.835175148 31115.95023094567 27701015689.07386 5348
0.48176 189648.3271461881 20638.49205290803 25009989665.82028 4308
0.492709 149773.3507128263 17805.77447006672 18885241063.47076 3563
0.503659 112176.9467925455 8927.683134491548 13531538052.27398 2448
0.514608 86095.54853410988 8650.306760279074 9945467638.721672 1868
0.525557 55675.4988754856 9647.950301470859 6167521362.94517 1358
0.536506 25523.24625461497 8809.849577740684 2718635404.250075 1062
0.547455 41835.61031657399 6831.343771061882 4274090077.892757 776
0.558404 66917.02976310323 2693.544481562306 6568849769.594398 432
0.569353 78174.1553683564 1384.094038764749 7354856303.873421 200
0.580302 115969.5560305064 153.0143029837563 10482080380.55728 168
0.591251 79855.79660996003 212.9968817729419 6965129726.882598 56
0.602201 99408.64495325304 599.5671095224704 8364458922.724701 7


0.0109491 186.4739270391553 4496.734713457996 19179228071857.21 18
0.0218982 8972.342513228203 33927.3294804816 14983104065394.5 62
0.0328473 86312.85348830733 92862.89689822291 12339284687257.32 98
0.0437964 524009.8234232903 202484.6319896592 16865853365521.29 210
0.0547455 2172247.996141877 258849.6271193037 29392516404478.12 350
0.0656946 4922582.667290797 161618.1402560119 40792924659500.43 450
0.0766437 8932604.322554009 37582.80257145944 51893601968382.61 602
0.0875928 10793537.7519063 78844.18202642945 47349476950559.59 762
0.0985419 7563749.77839839 560202.5459155006 26857652718066.06 1142
0.109491 2175512.35054957 1345737.015390866 7340508631119.853 1250
0.12044 781252.5091013685 1584298.556836871 2823750218822.298 1458
0.131389 8307585.016543952 1036737.306142825 16361821758044.8 1814
0.142338 16457222.40856472 165020.628008607 26836743467915.13 2178
0.153287 14782460.07355198 368909.3980606212 20811722190169.08 2498
0.164237 4906415.162358481 1342330.389196471 6224066099374.918 2622
0.175186 1735277.522372109 1473745.027121625 2069964085788.911 3338
0.186135 8601502.998718059 669127.6085844709 8214244273069.469 3722
0.197084 11688420.05188284 224215.5102237324 9886259197331.447 4170
0.208033 6579313.364970729 623406.9165993459 5022662219089.19 4358
0.218982 3105726.465203354 835046.7571716204 2167627865650.324 5034
0.229931 4608856.276034516 568763.3013591986 2878307519935.896 5714
0.24088 5240718.31024126 412963.4699351336 2969030766763.021 5982
0.251829 4059860.361795952 451848.5562808407 2105838628399.421 6602
0.262778 3537490.516718456 400764.0164976447 1682949392558.842 7130
0.273728 4056492.651867893 266400.3451469778 1772703212742.477 8034
0.284677 3383715.757832311 264146.3834850492 1368019570559.927 8606
0.295626 2496782.780848558 298639.614209171 937453196302.0214 9066
0.306575 2196100.929362522 293858.6139131361 766699510271.2037 9962
0.317524 2132408.401801728 267554.0824549458 693401035240.8226 10550
0.328473 2000139.50591949 243169.6776539188 607239239158.2878 11226
0.339422 1909403.825605354 244212.1464099956 542702536066.2968 12146
0.350371 1660805.932686024 210392.9606504761 442608345963.9963 12303
0.36132 1405683.166006571 157734.643501892 351856450605.7889 12584
0.372269 1105054.377943947 113457.8130524019 260493192336.5609 12120
0.383219 940326.1688303564 81782.74738571013 209010458373.1508 11180
0.394168 632867.623557573 67155.57929159851 132995090415.8901 11096
0.405117 500471.4513653976 54753.27562433378 99560876026.56827 10056
0.416066 390047.8783639098 51013.81453407407 73585651143.70113 9716
0.427015 319192.8335599615 44185.27667553807 57161015046.4233 8604
0.437964 305188.122197515 37304.86092648481 51913400005.31396 8060
0.448913 286610.1615478207 27115.84186057161 46369760563.71712 7320
0.459862 271497.5258998303 20495.42426131525 41851611019.24754 6356
0.470811 279541.3356133364 18099.53801572966 41090378549.19528 5348
0.48176 203730.9105464911 15523.27533620073 28593604479.58451 4308
0.492709 163208.3615375523 13394.65451964547 21900733140.07434 3563
0.503659 78313.93855989046 10654.72627932047 10069087244.3907 2448
0.514608 65239.26093781139 9259.489682350486 8030541634.175027 1868
0.525557 65803.43151967808 7153.902682176729 7755022437.421333 1358
0.536506 78289.35797426353 2160.147322711602 8839712116.186359 1062
0.547455 75757.10227029938 2223.945801446609 8226157498.543376 776
0.558404 46374.25147953376 4024.766342393947 4850347256.209249 432
0.569353 32562.17363293866 5394.384621286683 3268418753.471527 200
0.580302 14947.87367968728 9813.336414348421 1450741694.018305 168
0.591251 2636.88688015573 7664.614115805693 253700052.3179499 56
0.602201 863.7232315277071 10099.25811905335 88171630.95960803 7


0.0109491 14760.31121020634 2617.434338591382 22243102597114.16 18
0.0218982 144156.159016584 17104.60125729546 23357472620251.07 62
0.0328473 546270.4815803875 37093.57587769113 25657359155607.7 98
0.0437964 1746234.675731515 55592.45862394979 37572658759427.52 210
0.0547455 4059361.554950844 25075.24103417404 51483380513834.57 350
0.0656946 5863805.040003019 9612.317560893971 50312455616885.65 450
0.0766437 6918423.698984941 164674.230089859 43319670375483.75 602
0.0875928 4620356.140201852 612403.6043614682 23043342923157.51 762
0.0985419 956324.9249885873 1124217.500626393 5327417402925.148 1142
0.109491 1253797.742470062 1305098.698454606 5105922478860.254 1250
0.12044 7662494.414554428 734847.3415268285 19148003053680.68 1458
0.131389 15729884.60896846 115047.7730550302 31978758523133.25 1814
0.142338 13149665.01513159 350752.4977744009 22846414627045.2 2178
0.153287 4161850.294715122 1302349.90738715 6558938125917.211 2498
0.164237 1399699.966815999 1544313.323314495 2139222069718.622 2622
0.175186 8147372.671280099 671322.3531594266 9338211915752.275 3338
0.186135 12124224.50466954 175636.5651880851 12193328280504.1 3722
0.197084 6630484.222577645 626744.275064372 6003632033017.294 4170
0.208033 2414671.961090181 942333.2494189927 2016909750530.72 4358
0.218982 4573550.935044643 584170.360798873 3347721923893.338 5034
0.229931 6010615.624336498 335511.0453233744 3962393538627.375 5714
0.24088 4307585.264570344 429210.9678763748 2594392928247.508 5982
0.251829 3547346.880576471 430929.5698443714 1954542946038.645 6602
0.262778 3954396.43158354 292466.1996573044 1991724839563.663 7130
0.273728 3082926.709457397 309423.9667449929 1432714161194.725 8034
0.284677 2236182.594630757 331095.4974159703 963178399954.2423 8606
0.295626 2119127.439797706 290301.3654939905 845206493828.1342 9066
0.306575 2190269.849833525 250033.4921892721 810787693628.9523 9962
0.317524 2079390.195504907 231563.4982669283 717130370925.0176 10550
0.328473 1889157.291006485 216483.1691761328 608480687147.3085 11226
0.339422 1838103.604626753 214076.0536590285 554166171484.4025 12146
0.350371 1746059.079272827 169069.2570504135 493252138144.6525 12303
0.36132 1396477.367888265 132898.594101654 370698732087.581 12584
0.372269 1054741.817873732 99350.05137971969 263747930887.6827 12120
0.383219 770048.8897538118 84375.7728661079 181737422041.4698 11180
0.394168 535997.8476084772 65982.32712118946 119575674694.6509 11096
0.405117 466248.6811374288 49242.46089011417 98405190067.47447 10056
0.416066 386416.7613361049 43570.16565114146 77316155741.35036 9716
0.427015 363422.4291236614 32962.56114519521 68973748426.25668 8604
0.437964 366892.9193798898 24982.94530315026 66133172763.29678 8060
0.448913 298014.6737132716 21100.92632113571 51127415538.36283 7320
0.459862 225540.0946191613 21194.34000426889 36900859810.94509 6356
0.470811 202830.5481234596 22162.26280403006 31659961084.24663 5348
0.48176 137038.5990964547 19415.22018054563 20431619213.49895 4308
0.492709 126245.3544300574 14697.66556941639 17984587436.00273 3563
0.503659 84862.79347248665 8344.76828361524 11568665718.00642 2448
0.514608 82359.16178872368 6074.881279454607 10743480639.52316 1868
0.525557 77226.94817400235 4758.012516908454 9648392249.908266 1358
0.536506 30359.03283313651 6373.94310463435 3647035127.620635 1062
0.547455 15556.79011705375 7747.594221078259 1804872861.930337 776
0.558404 13613.86916158295 6730.582307511138 1519628045.095872 432
0.569353 21668.52840348389 5780.892255399682 2310890691.957583 200
0.580302 53230.94535212442 4748.890349670907 5441083088.234827 168
0.591251 49625.67862338777 1978.74611970036 4891432596.71144 56
0.602201 70332.61966584271 1830.642143008165 6686141527.726679 7


0.0109491 33085.1901799539 412.0690374467659 26288412556727.41 18
0.0218982 270759.1458865563 1608.140514093107 31903365393698.36 62
0.0328473 828377.9795269378 835.0684024661308 34969225724934.98 98
0.0437964 2082880.810874811 2603.819557476023 45061445642780.94 210
0.0547455 3424332.729575722 55369.48670136958 46714728218984.86 350
0.0656946 3239812.299891674 230164.5140705952 31453844750998.95 450
0.0766437 2022213.603911952 596660.1802452307 16098103838037.76 602
0.0875928 242875.3985758151 973241.6720433409 4017709908720.14 762
0.0985419 1652193.141791536 953104.5578759189 8131450915842.35 1142
0.109491 7808699.145665993 516367.9096199677 25068664880321.1 1250
0.12044 13084436.62906098 57248.87270873025 33669962293858.49 1458
0.131389 12084015.86972654 353358.9190981261 26150494590673.25 1814
0.142338 3620578.599786077 1194350.662878841 7122522997537.163 2178
0.153287 1298007.340928407 1455877.491823575 2502419538660.072 2498
0.164237 8376206.016301669 689128.7623445978 11603203307704.84 2622
0.175186 12223655.54770696 131699.1604735341 14666240708029.5 3338
0.186135 6981878.895403523 593135.0442893947 7499319119132.678 3722
0.197084 2014709.872772419 996970.1382814851 2024242430174.838 4170
0.208033 4437910.880118094 636535.2271547742 3826633165782.363 4358
0.218982 6586815.525726186 291813.9006402217 5060485719969.291 5034
0.229931 4710037.228107752 394058.1641008338 3292863150659.311 5714
0.24088 3461163.156696469 446531.9097150834 2210834299418.555 5982
0.251829 3748554.948065462 345825.7544739377 2180491382039.678 6602
0.262778 3235297.666889187 310819.0024834608 1726350585133.539 7130
0.273728 2138032.153890266 356815.550818875 1055542908199.479 8034
0.284677 2172380.722936805 292292.3613292769 989156272624.4307 8606
0.295626 2411822.255707277 218987.9892672311 1015063413888.885 9066
0.306575 2338767.855274749 196487.4631708909 914376319065.8591 9962
0.317524 2143643.311265902 189152.853274065 781117778449.9453 10550
0.328473 1981148.159538056 173906.1247830539 674138048461.9387 11226
0.339422 1990440.133447019 165850.1477707975 633842121553.5554 12146
0.350371 1701567.985082924 145646.7623049497 508161777885.1992 12303
0.36132 1254427.459261872 125401.3504396835 352236333330.6215 12584
0.372269 884701.4271708441 100335.1051643735 234124018243.2492 12120
0.383219 674369.1544362485 81113.48168504259 168383008454.8634 11180
0.394168 567603.2948113058 52884.50598817728 133797094507.2522 11096
0.405117 441745.9452614021 43942.92479703068 98582702479.6425 10056
0.416066 415231.1247267339 33837.86797909178 87787170050.34071 9716
0.427015 338528.3818940564 29901.17634073377 67940017040.38524 8604
0.437964 257176.1579154753 31409.84336609699 49087317734.93649 8060
0.448913 181857.4391613819 29084.39388766999 33062859760.93924 7320
0.459862 154243.8129291821 25063.39366424599 26728521821.34799 6356
0.470811 146382.4522588008 24580.10607398959 24193619728.71983 5348
0.48176 144348.2156800254 15916.81074551222 22744698518.38303 4308
0.492709 113411.8702914281 13787.55517749709 17086953388.71807 3563
0.503659 80213.60059923267 7457.498093452188 11562031446.32992 2448
0.514608 58494.80783242146 7420.325651332956 8076488106.726158 1868
0.525557 36596.71467931622 8021.558337947909 4848099757.70126 1358
0.536506 35096.08073876223 5087.95733727576 4453886356.439451 1062
0.547455 54222.38203755568 2883.326174346197 6607007173.365139 776
0.558404 64857.02449154553 643.6406545650858 7600837483.069585 432
0.569353 65184.430146562 527.080839416398 7323537011.985962 200
0.580302 74219.21149440804 1711.835060975481 8014306652.477155 168
0.591251 41578.34416177592 2270.051725475952 4334229210.140403 56
0.602201 46370.78828828397 3651.77755977625 4664340518.03579 7


0.0109491 32235.85637169156 214.6419205956107 26492965048335.76 18
0.0218982 233518.2616163812 3225.691476368909 30397776167346.76 62
0.0328473 599183.4758150977 17885.41345172215 29195296501595.96 98
0.0437964 1182417.865962909 78591.9638751241 30716096928977.47 210
0.0547455 1198308.569829721 252622.9727739958 21939947256955.5 350
0.0656946 415491.6067570766 476510.1099335327 8648409438456.027 450
0.0766437 138876.7009152179 727583.6873163688 4889617210214.789 602
0.0875928 2179700.82429566 697425.2554777873 13565000806653.63 762
0.0985419 7004265.680634794 318238.5766655468 29274687106808.27 1142
0.109491 11573542.11905068 30939.29821865934 38284617326653.38 1250
0.12044 9464960.785749197 324131.2918065652 25957613669859.93 1458
0.131389 3184744.932873808 1146454.908361224 7955984220931.686 1814
0.142338 1045637.665451961 1337803.341438109 2645909146749.578 2178
0.153287 7929390.967995802 651470.8516306079 13391279421571.96 2498
0.164237 13016632.52253454 94855.96184604641 18771170773523.09 2622
0.175186 7498912.60368627 514102.1466339157 9579335849841.65 3338
0.186135 1733043.789205513 1033409.575730399 2107998893268.057 3722
0.197084 4138353.742492251 684859.2637753435 4222494869736.728 4170
0.208033 7450767.943974221 242677.6422089174 6694380358592.637 4358
0.218982 5098237.854171936 372467.0429743802 4143655548039.296 5034
0.229931 2921074.990796347 511746.0988435179 2172928505975.049 5714
0.24088 3564367.707977959 374251.6717720236 2397093813891.557 5982
0.251829 3502428.974047351 315537.7426560631 2148614641989.563 6602
0.262778 2349131.307220957 353428.4724533046 1327396872775.226 7130
0.273728 2533171.522033939 271671.6750245829 1314125227535.812 8034
0.284677 2697294.98557724 198545.562245122 1290595742407.697 8606
0.295626 2344071.830861548 190520.8741125466 1039879096103.098 9066
0.306575 2042783.27779653 193902.331430862 842746303412.0586 9962
0.317524 1916749.242627731 181413.6768103991 736791982494.4589 10550
0.328473 1785502.271519679 165345.6687980659 640849552114.3497 11226
0.339422 1755071.671166752 161978.249175339 589589953541.7269 12146
0.350371 1367520.911591824 155810.1446574446 431162732559.1498 12303
0.36132 1073540.70757888 124744.083259079 318077357330.7504 12584
0.372269 831207.2322629309 91225.62989650894 231929345725.4387 12120
0.383219 707671.1054996187 66095.09354550648 186157949138.6308 11180
0.394168 522292.7190671589 49098.87157370335 129823497287.1904 11096
0.405117 390006.8390615739 42503.02123495319 91802137817.47949 10056
0.416066 328491.6459318382 37042.93530290759 73294513732.76651 9716
0.427015 253749.7201444439 33790.00907524794 53763343857.47489 8604
0.437964 214275.8751319986 31434.15671327236 43153737618.29047 8060
0.448913 200571.5994221087 23437.82266562706 38410266552.32777 7320
0.459862 199041.1702006593 17222.37985377094 36303872412.99342 6356
0.470811 208682.175033482 15008.86715243263 36288895837.44567 5348
0.48176 157954.1852349094 12137.31246979164 26222909129.15425 4308
0.492709 121569.8247939789 10988.27630040565 19299650851.48774 3563
0.503659 62567.29102735021 8106.399904387792 9515632381.006784 2448
0.514608 55583.56303781303 6685.528188220651 8090853563.867271 1868
0.525557 60993.73460800326 4529.40527487538 8497383056.45126 1358
0.536506 59476.53329320283 1847.836607769165 7942288003.556624 1062
0.547455 46400.24314513696 3069.824357982857 5962132188.81017 776
0.558404 18398.72444952426 5000.062612251076 2282890425.562486 432
0.569353 9371.86499138603 5875.717071358431 1120905007.333835 200
0.580302 1052.378858351381 8725.402477772188 134919148.037976 168
0.591251 2215.524315934821 5921.467982527994 252825764.7952068 56
0.602201 5707.115406064238 7292.003545392219 615466678.1130511 7


