0.0406798 3.552044802935324e-05 1.494687799093413e-07 4.140416030827391 18
0.0813596 0.0001433493278774168 1.163741907815735e-06 5.247773489351614 62
0.122039 0.0003466399183511251 4.38536763679339e-06 5.597541848417139 98
0.162719 0.0006684742271622678 1.683575076878134e-05 6.035951735609632 210
0.203399 0.001109731377381465 4.439986858029186e-05 6.516137847645572 350
0.244079 0.001416118056021398 8.403960859784226e-05 5.814668417840477 450
0.284759 0.002077551301052334 0.0001449683359038811 6.225416673216185 602
0.325438 0.002626373647543311 0.0002507676449792933 5.997170216982843 762
0.366118 0.00323543732645833 0.0004655321161231302 5.867605655707037 1142
0.406798 0.004013215247518115 0.0006735823812047105 5.919208349444939 1250
0.447478 0.004714908007733516 0.000993720184267761 5.730963534667766 1458
0.488158 0.006148148399879166 0.001365708687229385 6.262656078057849 1814
0.528837 0.006882479494638848 0.001907678151639924 5.983331915239147 2178
0.569517 0.008355752446282736 0.002569369675640703 6.268015065388497 2498
0.610197 0.009652983947135384 0.00355226488470955 6.293111560681774 2622
0.650877 0.0106826999935437 0.004437830925160037 6.117590720677708 3338
0.691557 0.01189688491521263 0.005533669731612554 6.045835726474392 3722
0.732236 0.01362189219389448 0.007054169137380833 6.182183718191027 4170
0.772916 0.01501182268292104 0.008714010287936646 6.109623798274233 4358
0.813596 0.01621116428840265 0.01093814599514917 5.949891752549202 5034
0.854276 0.01846561887833282 0.01317904853327068 6.151215398583153 5714
0.894956 0.02007902894655019 0.01571888018215978 6.0957044759448 5982
0.935635 0.02269195076982495 0.01914623329903727 6.298991286238837 6602
0.976315 0.02397540857035232 0.02183153269776891 6.109147851866697 7130
1.017 0.002059342156136255 0.002170863330026609 0.483787260830257 8034
1.05767 1.422575861438364e-33 7.515009141059294e-34 3.088899838449043e-31 8606
1.09835 1.554278845574708e-33 7.587732284964037e-34 3.129243096769205e-31 9066
1.13903 1.628221764559359e-33 8.088188210437275e-34 3.047887529540803e-31 9962
1.17971 1.682535596325699e-33 8.736797092060097e-34 2.936242291841893e-31 10550
1.22039 1.889475243642026e-33 8.985834849357586e-34 3.080560560210762e-31 11226
1.26107 1.893485087320227e-33 9.482847325594831e-34 2.890699472408706e-31 12146
1.30175 2.017881584494112e-33 9.969511629728771e-34 2.889783106553072e-31 12303
1.34243 1.934263310879174e-33 1.04796250149583e-33 2.604049923316714e-31 12584
1.38311 1.953666682089337e-33 1.058116913956805e-33 2.47846581893749e-31 12120
1.42379 1.919203698509879e-33 1.092253061497074e-33 2.297472220894942e-31 11180
1.46447 1.934176706605452e-33 1.062869515789204e-33 2.188424976495743e-31 11096
1.50515 1.901104501146468e-33 1.054941694235122e-33 2.036504605945568e-31 10056
1.54583 1.879417292881657e-33 1.00278538374252e-33 1.908636798448799e-31 9716
1.58651 1.827361124214304e-33 9.771885038064316e-34 1.761649570943435e-31 8604
1.62719 1.801378629742277e-33 9.348151493839876e-34 1.650488844570864e-31 8060
1.66787 1.86420450189725e-33 9.474092543497428e-34 1.625809467253849e-31 7320
1.70855 1.891955349181404e-33 9.583412425327263e-34 1.572967045561266e-31 6356
1.74923 1.990971686404998e-33 1.015209986705684e-33 1.578929266403909e-31 5348
1.78991 2.046805983755599e-33 1.025887415909259e-33 1.549689996451619e-31 4308
1.83059 2.004841036133107e-33 1.041264745973698e-33 1.451295333140525e-31 3563
1.87127 2.005554893549927e-33 1.06905310459058e-33 1.389937689964562e-31 2448
1.91195 1.909380127391366e-33 1.073191809184822e-33 1.266929669860758e-31 1868
1.95263 1.857170676264222e-33 1.132653168045552e-33 1.180594035844501e-31 1358
1.99331 2.023843633096175e-33 1.055568480247704e-33 1.23419701184971e-31 1062
2.03399 2.237865292792549e-33 1.118165860878369e-33 1.312457583402112e-31 776
2.07467 2.081293022265885e-33 1.008062462467033e-33 1.174863397306474e-31 432
2.11535 2.276381309893963e-33 9.242453061672507e-34 1.231944971760028e-31 200
2.15603 2.39885770406655e-33 1.053800391663263e-33 1.247457497558595e-31 168
2.19671 2.511982970300511e-33 8.614779278438904e-34 1.260509386792802e-31 56
2.23739 2.377704636131203e-33 1.179816711603622e-33 1.151134240027511e-31 7


0.0406798 20749.49128261166 0.3732171265346146 35488305830.07912 18
0.0813596 10705.97597008288 4.813665377160464 4002135816.497584 62
0.122039 388.7151188534517 6.818315147359085 61482264.60526591 98
0.162719 1672.822531626922 1.002251999158763 142256737.323962 210
0.203399 138.5327094087351 2.041253260370332 7608608.129448606 350
0.244079 141.2287681006835 0.2594495726857314 5365296.015414295 450
0.284759 19.65436163958419 0.4259096629068199 545139.383942567 602
0.325438 16.28528266546797 0.1380854918691025 342396.4663237515 762
0.366118 5.600429552807191 0.06477528245091835 93355.03054984898 1142
0.406798 1.350293873954544 0.06144573849483978 18334.49715961874 1250
0.447478 1.797519978093896 0.01010467050201088 20023.707365426 1458
0.488158 0.3320469725904136 0.02194075930424383 3110.074276008726 1814
0.528837 0.4316025927397769 0.006767011882346404 3436.426280414328 2178
0.569517 0.1691875010101093 0.006371835973889031 1163.074468610356 2498
0.610197 0.1084303753571321 0.004707713311407223 647.5312745540464 2622
0.650877 0.0743899030651294 0.002487142224734879 389.9276317587253 3338
0.691557 0.04394330723709926 0.002302057621013884 204.4468421808529 3722
0.732236 0.03315164471833267 0.001549239944495406 137.6749111299092 4170
0.772916 0.02469729462181127 0.00128154086130141 91.96089320841261 4358
0.813596 0.01760025818546862 0.00122634406018443 59.1029712120053 5034
0.854276 0.01635098406662107 0.0008885591472987744 49.81059584417041 5714
0.894956 0.01383276131302535 0.0009064400468844281 38.4031375266393 5982
0.935635 0.01135259850723625 0.0009063105354597817 28.82092346161219 6602
0.976315 0.01058639182198762 0.0008313786210075323 24.66561801543319 7130
1.017 0.001110705467973309 7.090007943923576e-05 2.384755435848188 8034
1.05767 1.364555467528944e-26 1.097523863775168e-27 2.710514609908137e-23 8606
1.09835 1.484835698874885e-26 1.245881302804641e-27 2.734804216099552e-23 9066
1.13903 1.682677005585724e-26 1.475102654332023e-27 2.881459205907539e-23 9962
1.17971 1.968703315402215e-26 1.695235247917528e-27 3.142657000325286e-23 10550
1.22039 2.026141319736064e-26 1.948930132866584e-27 3.021815543005145e-23 11226
1.26107 2.864151462263492e-26 2.213669836643459e-27 3.998897617495744e-23 12146
1.30175 2.546860633960811e-26 2.62609147574312e-27 3.336260752160379e-23 12303
1.34243 2.760181865871178e-26 2.954874558237214e-27 3.398808361330794e-23 12584
1.38311 2.963713111809174e-26 3.456312334973432e-27 3.43901853964024e-23 12120
1.42379 3.218204306109992e-26 3.958647059784846e-27 3.523733109208439e-23 11180
1.46447 3.470453079092704e-26 4.387377012928026e-27 3.591399601811584e-23 11096
1.50515 3.656247510582137e-26 5.072160238243006e-27 3.582432513405236e-23 10056
1.54583 4.106026622294879e-26 5.771035368898234e-27 3.813982239897197e-23 9716
1.58651 4.265969090759122e-26 6.478530922016656e-27 3.761632677724964e-23 8604
1.62719 4.773672251650371e-26 6.990315551594496e-27 4.000331441954547e-23 8060
1.66787 4.941836137811663e-26 7.848131586520892e-27 3.941965007310378e-23 7320
1.70855 5.373950107044446e-26 9.134034719863258e-27 4.08660072660184e-23 6356
1.74923 6.102942178560761e-26 1.001839864801972e-26 4.426570627056911e-23 5348
1.78991 6.376886112738859e-26 1.052378423856612e-26 4.415625289673111e-23 4308
1.83059 6.742695693612326e-26 1.193387973593528e-26 4.464057227806708e-23 3563
1.87127 6.981858659705317e-26 1.31916159118837e-26 4.425439277728293e-23 2448
1.91195 7.958438782444748e-26 1.400814023555774e-26 4.829195453169414e-23 1868
1.95263 7.942998964590446e-26 1.486804940412312e-26 4.617602993355108e-23 1358
1.99331 8.251034919047217e-26 1.816404812058043e-26 4.60209703014144e-23 1062
2.03399 8.984204384296951e-26 1.984751443641061e-26 4.819049754440816e-23 776
2.07467 8.732145447448628e-26 2.103194592158244e-26 4.508361398087263e-23 432
2.11535 8.951157353644088e-26 2.103013608466838e-26 4.430518338703864e-23 200
2.15603 9.781600768210465e-26 2.273328532617186e-26 4.652233532266723e-23 168
2.19671 1.010755252719934e-25 2.19113079243252e-26 4.638595863963252e-23 56
2.23739 1.66591207026677e-25 1.664884052425548e-26 7.372506562959095e-23 7


0.0406798 3149.888780677113 2.881087330151424 10277500658.37988 18
0.0813596 4715.717572700128 0.8737038056184614 3333994882.387487 62
0.122039 902.8368579870188 1.224353233262076 266218443.52154 98
0.162719 558.9688917022795 0.8480174038720705 89988752.71576656 210
0.203399 169.2462996067367 0.3809743011850922 17512241.08617005 350
0.244079 52.71378294098659 0.1462398363760413 3789811.019031169 450
0.284759 22.04757875762081 0.0766589540814465 1153010.625270452 602
0.325438 8.165457246060951 0.03758231773960798 324646.2338590992 762
0.366118 2.766167668231165 0.02107284894375952 87210.83110024937 1142
0.406798 1.459838018776221 0.009721574495929178 37372.03459675444 1250
0.447478 0.6000105502797626 0.006453781967780784 12652.16433119879 1458
0.488158 0.2944401043000035 0.004616112320314791 5202.552734808191 1814
0.528837 0.1477875503670078 0.002935574440218423 2227.585766823031 2178
0.569517 0.09221681840657033 0.001814795299949539 1198.604722301746 2498
0.610197 0.05857042134968198 0.001252429834700873 661.3006053478407 2622
0.650877 0.03816598379281259 0.0007471370547452102 378.3097695489157 3338
0.691557 0.02278507446940626 0.0006404655922355117 200.4488321649241 3722
0.732236 0.0170570281594872 0.0004526392639205773 133.9507199841418 4170
0.772916 0.01368161787309849 0.0003408262331516362 96.31368471359561 4358
0.813596 0.009584540384647473 0.0003308724658088045 60.85175293887541 5034
0.854276 0.007980154698618326 0.0002737242091730293 45.97592175656593 5714
0.894956 0.006851998494705708 0.0002634325873792009 35.97400064295759 5982
0.935635 0.006753102984847974 0.0002310713699159169 32.40802560450895 6602
0.976315 0.005143515833920981 0.0002485233341889248 22.66432497788742 7130
1.017 0.0007068107348985431 1.50512528390463e-05 2.868465282593048 8034
1.05767 2.379328512045853e-26 1.05709561058207e-27 8.936890563558773e-23 8606
1.09835 2.592653763541539e-26 1.214351460306462e-27 9.029618177070562e-23 9066
1.13903 2.89993262360638e-26 1.489445119007223e-27 9.39071050074421e-23 9962
1.17971 3.21668410178899e-26 1.745428565063317e-27 9.710766329616758e-23 10550
1.22039 3.554822850449702e-26 1.944568083104708e-27 1.002534738251804e-22 11226
1.26107 3.938465559439504e-26 2.271770677156247e-27 1.040049852522929e-22 12146
1.30175 4.294309456024988e-26 2.471226797793525e-27 1.063704962423742e-22 12303
1.34243 4.595155392337937e-26 2.871738726255079e-27 1.069992541672665e-22 12584
1.38311 5.064708021311826e-26 3.324455007392996e-27 1.111295199432943e-22 12120
1.42379 5.59108809565664e-26 3.838142153063105e-27 1.157599487595415e-22 11180
1.46447 5.963401862175006e-26 4.365571811229681e-27 1.166967832578648e-22 11096
1.50515 6.40984848205923e-26 4.962891628466395e-27 1.187580765644071e-22 10056
1.54583 7.26895369971209e-26 5.704526764398676e-27 1.276735987090548e-22 9716
1.58651 7.919586280208206e-26 5.93855661222701e-27 1.320339834820475e-22 8604
1.62719 8.251289425089041e-26 6.747400495416735e-27 1.307482990352033e-22 8060
1.66787 8.882209895813125e-26 7.509606999167337e-27 1.339672255420413e-22 7320
1.70855 9.573888864187614e-26 8.700696057302376e-27 1.376612160807617e-22 6356
1.74923 1.029417402377655e-25 9.961789841315784e-27 1.411921441185744e-22 5348
1.78991 1.060524038873109e-25 1.053578715220841e-26 1.388676772128357e-22 4308
1.83059 1.125263961963431e-25 1.119502473695776e-26 1.408713671742347e-22 3563
1.87127 1.225771643329482e-25 1.269510960321006e-26 1.469122013293009e-22 2448
1.91195 1.354863971429124e-25 1.468309966936151e-26 1.554694769401489e-22 1868
1.95263 1.472690589482845e-25 1.497717367342766e-26 1.618836334800187e-22 1358
1.99331 1.38960121100997e-25 1.598440019353751e-26 1.465491975026216e-22 1062
2.03399 1.546672508072601e-25 1.893094027392475e-26 1.568730682583193e-22 776
2.07467 1.576319651632374e-25 1.949603568368346e-26 1.538796699243922e-22 432
2.11535 1.908913782189379e-25 2.088180688507977e-26 1.786367382915447e-22 200
2.15603 1.485149050359525e-25 2.58603368743301e-26 1.336010582252145e-22 168
2.19671 1.870246804412075e-25 1.857326253202695e-26 1.622745978096623e-22 56
2.23739 5.360442220528663e-26 2.175046254296194e-26 4.494599806568029e-23 7


0.0406798 5339.517135171975 0.3224086706447051 25444566235.99964 18
0.0813596 2262.72275831321 0.7315339972501658 2356365425.831567 62
0.122039 480.4602869362851 0.7023074687204773 208709640.689604 98
0.162719 369.4157885176502 0.3742510195634955 87495624.25423901 210
0.203399 103.7123124627581 0.1784592761299043 15790752.59914615 350
0.244079 31.44471998027391 0.07136718222061028 3327009.975773078 450
0.284759 11.43349082287886 0.04514539790839002 880401.4896122906 602
0.325438 4.866454192155921 0.02033180859432237 284773.0391693523 762
0.366118 2.295248807262054 0.007783992834180986 106400.6157705794 1142
0.406798 0.8558007865625969 0.005365914180892146 32245.70461452304 1250
0.447478 0.3429176190709638 0.003516589689525697 10644.51791034273 1458
0.488158 0.2111646672531041 0.002081877084238861 5488.441213472145 1814
0.528837 0.1266320361079059 0.001107849016103929 2806.073786141407 2178
0.569517 0.07740793163750161 0.0006717030486573785 1479.313856422844 2498
0.610197 0.042102916101488 0.0005442035582041549 699.2364501822096 2622
0.650877 0.02392594009047839 0.0003742253576580441 348.9865829227066 3338
0.691557 0.01764008766450881 0.0002617448523497448 228.2231224676243 3722
0.732236 0.01148446973870191 0.0002098683456763228 132.6881029225463 4170
0.772916 0.008313663023410828 0.0001749474009176048 86.12637192094311 4358
0.813596 0.006736836457197052 0.0001493705146292537 62.92007679486616 5034
0.854276 0.005610616828146875 0.0001225182286207444 47.5512408940896 5714
0.894956 0.004910027765001819 0.0001160459651858235 37.91981973378741 5982
0.935635 0.004061328120778016 0.0001188054894223601 28.68210836379737 6602
0.976315 0.00414324868964775 9.92370718148717e-05 26.84856348002772 7130
1.017 0.0001521237663003414 1.554758093617674e-05 0.9114875858642362 8034
1.05767 2.1396214204638e-26 6.689752691396734e-28 1.18237297213688e-22 8606
1.09835 2.370930482513343e-26 7.602786237457306e-28 1.214828359829763e-22 9066
1.13903 2.650497652040814e-26 9.234928825190677e-28 1.262714415317965e-22 9962
1.17971 3.003153456795965e-26 1.068749935327517e-27 1.333747119961092e-22 10550
1.22039 3.268399807235828e-26 1.181329858199882e-27 1.356037924033101e-22 11226
1.26107 3.874802362319294e-26 1.409076328787556e-27 1.505258543275379e-22 12146
1.30175 3.902539930498013e-26 1.603414745403578e-27 1.422212846303521e-22 12303
1.34243 4.166108298379204e-26 1.806974207612452e-27 1.427209873391032e-22 12584
1.38311 4.627997532952307e-26 2.122411172115393e-27 1.49399043474493e-22 12120
1.42379 5.163838935724616e-26 2.453913342323082e-27 1.572933490100804e-22 11180
1.46447 5.423812948117088e-26 2.734104002212775e-27 1.561503560633193e-22 11096
1.50515 5.983637321656779e-26 3.119188552126993e-27 1.63096510827532e-22 10056
1.54583 6.620187724399536e-26 3.513032694529942e-27 1.710665645413542e-22 9716
1.58651 6.946627808885328e-26 3.931349433249045e-27 1.703985309845854e-22 8604
1.62719 7.604734917849546e-26 4.191133278257511e-27 1.772813697294766e-22 8060
1.66787 8.107933083643621e-26 4.731231969585345e-27 1.799124752917777e-22 7320
1.70855 8.525784744663418e-26 5.428527049718113e-27 1.803587605239595e-22 6356
1.74923 9.549552485779356e-26 6.086085680039016e-27 1.926893318474751e-22 5348
1.78991 9.779740680087459e-26 6.609095570451172e-27 1.883979057867877e-22 4308
1.83059 1.046060133959189e-25 6.866078682976716e-27 1.926556988495635e-22 3563
1.87127 1.091477016932716e-25 8.096290408836279e-27 1.924644825181066e-22 2448
1.91195 1.193018447804369e-25 9.032811086111948e-27 2.014069769160313e-22 1868
1.95263 1.20610993029179e-25 9.83371114272993e-27 1.950766229648849e-22 1358
1.99331 1.323935978350442e-25 1.024511247692271e-26 2.054113448565374e-22 1062
2.03399 1.407809822064973e-25 1.123266974768276e-26 2.100614147027517e-22 776
2.07467 1.582082848547754e-25 1.098263681596313e-26 2.271813209964892e-22 432
2.11535 1.640596939243267e-25 1.204948997339946e-26 2.25865698044288e-22 200
2.15603 1.32809998673066e-25 1.612786533567192e-26 1.757724356820561e-22 168
2.19671 2.041364303068885e-25 1.235040777211122e-26 2.605632539105498e-22 56
2.23739 3.159064376481944e-26 1.856381480648721e-26 3.907286705935475e-23 7


0.0406798 2081.646769376343 0.7158217478438376 13172915148.07824 18
0.0813596 1023.791373364076 0.7164591688754693 1411904760.862113 62
0.122039 379.6776416592512 0.4396614801505324 217766984.8596015 98
0.162719 336.745923518135 0.1716906908624317 105253468.8195205 210
0.203399 61.38926515102639 0.1244391556215001 12352495.02783539 350
0.244079 27.21286500566952 0.0359283113966677 3800019.388712207 450
0.284759 8.591576654200368 0.02604829106378916 873457.5453483125 602
0.325438 3.120956238980845 0.01316447293897324 241262.7782408404 762
0.366118 1.60176565583405 0.005043101583463099 98059.58436765992 1142
0.406798 0.6330048769741725 0.003184250402762167 31493.54820027834 1250
0.447478 0.3765998959200452 0.001391080883466865 15417.10830505622 1458
0.488158 0.1509455336667453 0.001260627821653735 5180.925285205746 1814
0.528837 0.09283649604792442 0.0006562179999945391 2716.353463167044 2178
0.569517 0.05388243549128067 0.0004279187169873155 1359.862071410721 2498
0.610197 0.03140687289335479 0.0003165861580845332 688.6990947243861 2622
0.650877 0.01996435811704988 0.0001938803891728278 384.3691993985811 3338
0.691557 0.01270756468758688 0.0001576826183697162 217.0970013464833 3722
0.732236 0.008565208526368145 0.0001217812217408356 130.6620456537459 4170
0.772916 0.006026561893456257 0.0001048133909034539 82.4414890351344 4358
0.813596 0.004974262951807335 8.776787067065787e-05 61.3433471241779 5034
0.854276 0.004007537310931852 7.415692516589863e-05 44.85039887225378 5714
0.894956 0.003862455553040736 6.408764106962399e-05 39.38035391061073 5982
0.935635 0.003379205763086322 6.307955311702904e-05 31.50185970060192 6602
0.976315 0.002813319082104508 6.277840726221206e-05 24.07568614258853 7130
1.017 0.0003117980764750817 5.086136519299305e-06 2.458568921014923 8034
1.05767 2.276436369845837e-26 5.341667312388879e-28 1.660896493434458e-22 8606
1.09835 2.449604359632843e-26 6.224693358843797e-28 1.657250467118568e-22 9066
1.13903 2.814240511405912e-26 7.310591695156226e-28 1.770130325977992e-22 9962
1.17971 3.158845824658931e-26 8.584164675801442e-28 1.852261012396069e-22 10550
1.22039 3.405360365307735e-26 9.655197130349504e-28 1.865474854789316e-22 11226
1.26107 3.997258160127555e-26 1.115682597252586e-27 2.050235320986955e-22 12146
1.30175 4.138778997325878e-26 1.291891184044876e-27 1.991426351913056e-22 12303
1.34243 4.497129788711989e-26 1.422517142594726e-27 2.033995823907735e-22 12584
1.38311 4.873367097216799e-26 1.701387766591627e-27 2.077111347915068e-22 12120
1.42379 5.36372337570729e-26 1.984295667067664e-27 2.157196494601013e-22 11180
1.46447 5.741500506284832e-26 2.247503719800472e-27 2.182470556199564e-22 11096
1.50515 6.363388901503044e-26 2.532071050312575e-27 2.290047973107165e-22 10056
1.54583 6.903707144925547e-26 2.91458766210652e-27 2.355435716859833e-22 9716
1.58651 7.529350217413533e-26 3.132032558447603e-27 2.438433614052756e-22 8604
1.62719 8.03181271997002e-26 3.485297618506719e-27 2.472185662352805e-22 8060
1.66787 8.82770378645517e-26 3.868099971732914e-27 2.586242210098632e-22 7320
1.70855 9.309968908651421e-26 4.257318961684473e-27 2.600183603103214e-22 6356
1.74923 1.037916905107091e-25 4.86589493382802e-27 2.765031003919018e-22 5348
1.78991 1.081512557822891e-25 5.234206903174818e-27 2.750635667935848e-22 4308
1.83059 1.060181182100699e-25 5.571013608521381e-27 2.578098080714943e-22 3563
1.87127 1.13191340432481e-25 6.501430965075023e-27 2.635310101800407e-22 2448
1.91195 1.297448255608251e-25 7.025989421575971e-27 2.891812692700221e-22 1868
1.95263 1.329553796795018e-25 7.490975993173242e-27 2.838987524103186e-22 1358
1.99331 1.505249393962408e-25 8.215702145987989e-27 3.083296515219668e-22 1062
2.03399 1.442991857189084e-25 9.362784933432876e-27 2.842924608569087e-22 776
2.07467 1.348282944247793e-25 1.031104322900042e-26 2.557004826695342e-22 432
2.11535 1.621737858178951e-25 1.078159874321674e-26 2.94823602230504e-22 200
2.15603 1.980369756489647e-25 9.870982313804516e-27 3.458762122386752e-22 168
2.19671 1.809975257147535e-25 1.251730319234604e-26 3.051099578880719e-22 56
2.23739 3.755513818793385e-25 4.325642476634588e-27 6.10305375551598e-22 7


0.0406798 2278.399855341935 0.2563622162384807 17856840005.88219 18
0.0813596 1686.415507267257 0.2041354770458472 2879576091.06006 62
0.122039 513.5546741797991 0.1933105999781678 365175261.6714399 98
0.162719 325.193806500885 0.07196498592696313 126250816.5081444 210
0.203399 49.23752734581187 0.07980116885465947 12311071.44369305 350
0.244079 13.64787457127069 0.03516364396163457 2372178.144012306 450
0.284759 7.869730313074257 0.01470846697429455 993770.8216217627 602
0.325438 2.689768268365924 0.008172717001459018 258311.3101967363 762
0.366118 1.328476183093031 0.003118585675894961 101052.3822079291 1142
0.406798 0.5194222858157072 0.002017214034568207 32110.23988385324 1250
0.447478 0.2215983916250469 0.001271642070288047 11283.19286681777 1458
0.488158 0.1426832315637637 0.0006967980770210803 6082.33841462385 1814
0.528837 0.07492609637734611 0.0004245434442959272 2724.186415391125 2178
0.569517 0.04618551083541377 0.0002550208024102355 1448.144653559698 2498
0.610197 0.02503360278618721 0.0002067879770319438 682.1450275349239 2622
0.650877 0.01542533144292331 0.0001319721090967279 369.0762107059723 3338
0.691557 0.009883797446050254 0.0001058514364481574 209.8441591844703 3722
0.732236 0.006682988707444311 8.189296800751652e-05 126.6958088069994 4170
0.772916 0.005369744068805925 6.189159932730672e-05 91.25205642337863 4358
0.813596 0.00423522546992525 5.417805245478461e-05 64.8915491064502 5034
0.854276 0.003268611186656452 4.761573969834095e-05 45.45433293571034 5714
0.894956 0.002986719800483349 4.353440846207409e-05 37.84362369453586 5982
0.935635 0.002864280681975153 3.813697499153045e-05 33.17526796150045 6602
0.976315 0.002438903236845787 3.785154257415965e-05 25.93068673948111 7130
1.017 0.0001638933344353003 4.695331690008445e-06 1.607515739673409 8034
1.05767 2.169443641315686e-26 4.153542495491194e-28 1.966883684557875e-22 8606
1.09835 2.34862916758715e-26 4.754283601626404e-28 1.974411747593745e-22 9066
1.13903 2.632132950055224e-26 5.658005394364929e-28 2.057317523633898e-22 9962
1.17971 2.97405450973976e-26 6.564851819459839e-28 2.1670202800793e-22 10550
1.22039 3.242099778453989e-26 7.439551895812814e-28 2.206943416518703e-22 11226
1.26107 3.716467111311637e-26 8.702979837000835e-28 2.36878057044237e-22 12146
1.30175 3.933088421025533e-26 9.548071161143731e-28 2.351511139843878e-22 12303
1.34243 4.212659695453958e-26 1.094000002073034e-27 2.367640339449258e-22 12584
1.38311 4.732347192975697e-26 1.250135886083059e-27 2.506206838656631e-22 12120
1.42379 5.137261067095787e-26 1.469229103101585e-27 2.567281145647485e-22 11180
1.46447 5.413410591017901e-26 1.702463039748454e-27 2.556989983077897e-22 11096
1.50515 6.1252254182485e-26 1.876736141035341e-27 2.739024552762752e-22 10056
1.54583 6.734469650638149e-26 2.167294143265345e-27 2.854997418751084e-22 9716
1.58651 6.999391487572658e-26 2.4141545643633e-27 2.816837495669658e-22 8604
1.62719 7.55846891378668e-26 2.669810030479924e-27 2.890959194760322e-22 8060
1.66787 8.316881772462781e-26 2.99814845173277e-27 3.027794002839553e-22 7320
1.70855 8.741020057657346e-26 3.322726559379473e-27 3.033654900519931e-22 6356
1.74923 9.868133846194507e-26 3.619648757095823e-27 3.266615693053365e-22 5348
1.78991 9.994645332196822e-26 4.049142728442353e-27 3.15877931826818e-22 4308
1.83059 1.040971707607766e-25 4.255103284012334e-27 3.145440017187146e-22 3563
1.87127 1.05922798893606e-25 4.986650045390117e-27 3.064439228665162e-22 2448
1.91195 1.195572273029302e-25 5.313457257911579e-27 3.311302878960211e-22 1868
1.95263 1.279632567086537e-25 5.522966068755247e-27 3.39517216278188e-22 1358
1.99331 1.421011335047703e-25 6.468439661432247e-27 3.61703020720805e-22 1062
2.03399 1.398456412012854e-25 6.981569680340351e-27 3.423498429566168e-22 776
2.07467 1.5424527792227e-25 5.967432120768487e-27 3.633624136531934e-22 432
2.11535 1.712183044858734e-25 6.951201805593459e-27 3.867055591758781e-22 200
2.15603 1.566663232539961e-25 8.845639320449979e-27 3.400877836272396e-22 168
2.19671 2.204425903198836e-25 8.040874253044634e-27 4.616321568602491e-22 56
2.23739 1.006177586442136e-25 1.837174269776298e-26 2.036689100011479e-22 7


0.0406798 1616.070922631611 0.2738611230196151 15170012858.65745 18
0.0813596 567.7909538741608 0.3439247595618035 1164902757.081593 62
0.122039 383.0120950011477 0.1380009960148103 325634233.09294 98
0.162719 201.6839432616411 0.08424489281394026 93661993.66377746 210
0.203399 45.49996600823614 0.05235427823991285 13592577.7580741 350
0.244079 11.61347163883925 0.02405561739064945 2412540.508298037 450
0.284759 8.436721110421221 0.007691348355588442 1272526.350474309 602
0.325438 2.670600917532772 0.004697623459674393 306371.6770001977 762
0.366118 0.8671696601043254 0.002739764904362916 78899.66779859409 1142
0.406798 0.4438571009857758 0.001386111970511978 32794.51373332528 1250
0.447478 0.1732480103856814 0.0009366676592042405 10546.37475202117 1458
0.488158 0.1201349252347977 0.0004901895359810715 6121.050930219247 1814
0.528837 0.05824446986307362 0.0003217088580923591 2531.725952349576 2178
0.569517 0.03232329682894227 0.0002166545292321517 1212.030413809904 2498
0.610197 0.02161625688779477 0.0001400862313500129 703.9685533310549 2622
0.650877 0.0126642714399881 9.390287946178841e-05 362.1969952254901 3338
0.691557 0.008123472458898053 7.541132048497076e-05 206.1577734468888 3722
0.732236 0.00562780680406427 5.691941532521934e-05 127.5215976299419 4170
0.772916 0.004449019155907271 4.391699568698214e-05 90.37090448662875 4358
0.813596 0.003641746494632504 3.680439939714756e-05 66.68827597621679 5034
0.854276 0.002960702872978721 3.04810392292338e-05 49.20116575309599 5714
0.894956 0.002376126195939251 3.17189197479725e-05 35.98980476605609 5982
0.935635 0.002354351601064812 2.718847642285797e-05 32.59473478954664 6602
0.976315 0.00212608281071973 2.523976023263438e-05 27.01581798367452 7130
1.017 0.0001833460149609986 2.693815897765503e-06 2.147868396634318 8034
1.05767 2.21476765765901e-26 3.46832511656017e-28 2.399977594416105e-22 8606
1.09835 2.360710623277634e-26 4.075649451997433e-28 2.372115727228433e-22 9066
1.13903 2.708701080567685e-26 4.693624186498769e-28 2.530445089124614e-22 9962
1.17971 3.070884572463947e-26 5.475581853240705e-28 2.674371429920334e-22 10550
1.22039 3.303356269918376e-26 6.383752519936502e-28 2.687719467297477e-22 11226
1.26107 3.925649503608595e-26 7.319825978300325e-28 2.990505936142328e-22 12146
1.30175 3.862425657754745e-26 8.298765880609682e-28 2.76031353739649e-22 12303
1.34243 4.220975800388263e-26 9.217508227760871e-28 2.835532167709817e-22 12584
1.38311 4.567922857897305e-26 1.089447228951658e-27 2.891691869520146e-22 12120
1.42379 5.142909199834719e-26 1.264237306107338e-27 3.07201064863243e-22 11180
1.46447 5.675230857341683e-26 1.402102719546288e-27 3.203870834825032e-22 11096
1.50515 6.070357803890474e-26 1.581158239003279e-27 3.244553143230703e-22 10056
1.54583 6.570956571306084e-26 1.85335276955852e-27 3.329740006723267e-22 9716
1.58651 7.123716795976101e-26 2.08899171415843e-27 3.426689500958397e-22 8604
1.62719 7.679649097417699e-26 2.21710061314926e-27 3.510753501258967e-22 8060
1.66787 8.093634713767632e-26 2.540608337672712e-27 3.521967085629787e-22 7320
1.70855 8.814138748985016e-26 2.819895210716377e-27 3.65633903499639e-22 6356
1.74923 9.692427481036051e-26 3.065491045884507e-27 3.835012555328577e-22 5348
1.78991 1.008243758985219e-25 3.455157118675606e-27 3.808743382707383e-22 4308
1.83059 1.070392749485118e-25 3.581249434094236e-27 3.865787821873391e-22 3563
1.87127 1.189121202560017e-25 3.858555652457031e-27 4.111278428547943e-22 2448
1.91195 1.244529834385171e-25 4.393622175791923e-27 4.119742157154504e-22 1868
1.95263 1.287059771953977e-25 4.991744909567913e-27 4.08188303745503e-22 1358
1.99331 1.479034152659331e-25 5.594175357282299e-27 4.49976977337441e-22 1062
2.03399 1.515082057770743e-25 6.092109897015843e-27 4.433062565655983e-22 776
2.07467 1.312752848043589e-25 6.003009520777009e-27 3.697281185923275e-22 432
2.11535 1.432972636226947e-25 6.984585045136142e-27 3.869431380577203e-22 200
2.15603 1.905907207177499e-25 5.930246106781698e-27 4.943706573488512e-22 168
2.19671 1.465273511468547e-25 9.16329090305303e-27 3.669594438384069e-22 56
2.23739 2.747011477428666e-25 8.823728320266029e-27 6.632950627017033e-22 7


0.0406798 1138.188714930069 0.2232609917501244 12461368020.49703 18
0.0813596 1173.843366532719 0.1134351207603701 2787842928.675508 62
0.122039 278.6123988823227 0.1262526921480915 275806760.7994616 98
0.162719 71.42424023975818 0.1153074832126901 38758055.42257448 210
0.203399 50.40485032556698 0.030769805399223 17503280.64040512 350
0.244079 11.60851391209052 0.0158492328650381 2803702.788578049 450
0.284759 5.040314850416334 0.008752738434887282 885409.8833595809 602
0.325438 2.173366382172753 0.003829746017973447 290122.4300881658 762
0.366118 0.9405014591728594 0.001637771099178236 99482.9077793702 1142
0.406798 0.3670039092448195 0.001065740809486052 31550.11285003241 1250
0.447478 0.1791885770692971 0.0005944699431660559 12682.05000399548 1458
0.488158 0.101492149400375 0.0003687591659382713 6016.283491537856 1814
0.528837 0.0473991595381241 0.0002489270628559917 2397.316281716387 2178
0.569517 0.0329736552396731 0.0001335305858006236 1437.675831760283 2498
0.610197 0.01764857796031132 0.0001090457286154049 668.7558498753879 2622
0.650877 0.01076311486000384 6.984915944293442e-05 358.121074926704 3338
0.691557 0.007034289164769151 5.5399776646448e-05 207.675329273836 3722
0.732236 0.004594809584461034 4.379350851967752e-05 121.1414811668774 4170
0.772916 0.004101581382329517 2.990558546930452e-05 96.90566685033409 4358
0.813596 0.00319565406883061 2.648540563068821e-05 68.07540487534166 5034
0.854276 0.002295820210594813 2.4981655320018e-05 44.39654979014743 5714
0.894956 0.002063648720152919 2.317920429165989e-05 36.36216132870198 5982
0.935635 0.001800264491905877 2.272930000977141e-05 29.00392428379232 6602
0.976315 0.001580550913446679 2.163896776232881e-05 23.37301052389803 7130
1.017 0.0001352480418811946 2.15162601510326e-06 1.843792161925908 8034
1.05767 2.05170675827209e-26 2.931441160763622e-28 2.586669124745495e-22 8606
1.09835 2.345974310184574e-26 3.324913190802726e-28 2.742264292688253e-22 9066
1.13903 2.532728551570624e-26 3.94768531285764e-28 2.752723346246156e-22 9962
1.17971 2.847870967023531e-26 4.60594690575421e-28 2.885489712528298e-22 10550
1.22039 3.181054469522656e-26 5.220936312097006e-28 3.010992708501609e-22 11226
1.26107 3.639220697914603e-26 6.159554936085253e-28 3.225375496834092e-22 12146
1.30175 3.851421774807858e-26 6.581934413647192e-28 3.201850909911975e-22 12303
1.34243 4.133562113496192e-26 7.542481693326472e-28 3.230352433982259e-22 12584
1.38311 4.530367180402004e-26 8.876910784377954e-28 3.336282146461051e-22 12120
1.42379 5.035243410074924e-26 1.01138618885814e-27 3.498876800795009e-22 11180
1.46447 5.386361174802809e-26 1.165064262122347e-27 3.537613613777154e-22 11096
1.50515 5.755997211785215e-26 1.310926676713591e-27 3.579184587295265e-22 10056
1.54583 6.379386217469463e-26 1.507064778816478e-27 3.760673738670818e-22 9716
1.58651 6.999408768285537e-26 1.676130297486089e-27 3.91673830454865e-22 8604
1.62719 7.28543295018406e-26 1.846311458830157e-27 3.874702960380392e-22 8060
1.66787 7.929379728951795e-26 2.047422499769831e-27 4.014019867900508e-22 7320
1.70855 8.438944182618657e-26 2.34938341465616e-27 4.072635156964967e-22 6356
1.74923 9.330481245452652e-26 2.514758764976274e-27 4.2948771158036e-22 5348
1.78991 9.759040879104512e-26 2.767081185436627e-27 4.288691500520587e-22 4308
1.83059 9.936445943438054e-26 3.052173951977275e-27 4.175091079896696e-22 3563
1.87127 1.137874632505287e-25 3.217603385816993e-27 4.576838133014484e-22 2448
1.91195 1.184356204276749e-25 3.618967037041814e-27 4.561054043829333e-22 1868
1.95263 1.318357374382706e-25 3.985102439130027e-27 4.863809835070719e-22 1358
1.99331 1.403918469300734e-25 4.685131299688754e-27 4.969113256397111e-22 1062
2.03399 1.435056954722319e-25 5.151239384373269e-27 4.885018800046858e-22 776
2.07467 1.487842993847369e-25 4.571052682060936e-27 4.874038683766437e-22 432
2.11535 1.518797835046122e-25 5.233795361118801e-27 4.770402460079567e-22 200
2.15603 1.664861161465507e-25 5.307693058139475e-27 5.024480299258625e-22 168
2.19671 1.990344195422864e-25 4.986375711608908e-27 5.79554957347456e-22 56
2.23739 1.114637655186711e-25 1.597867904825341e-26 3.138057046612403e-22 7


0.0406798 1473.009945430919 0.1013213956189631 18313059197.30922 18
0.0813596 363.3162644892923 0.2132906186650273 990745653.9663981 62
0.122039 281.0224181307943 0.08515261513758611 317073803.2420343 98
0.162719 139.0516928522537 0.05810148726769633 85705660.35882847 210
0.203399 55.72745303195451 0.01606175969969915 22056043.53300627 350
0.244079 10.54223206336569 0.01182768655451504 2903359.739609295 450
0.284759 3.59381160213173 0.007623874760361742 720544.9287919393 602
0.325438 1.680240290767022 0.003224115461322279 255894.1185755966 762
0.366118 0.5758287157863345 0.001737510621040665 69546.10157430625 1142
0.406798 0.3183644581264913 0.0008272953512848835 31213.17058473267 1250
0.447478 0.1906698620089754 0.0003572189035604574 15381.26124061053 1458
0.488158 0.0863685747653278 0.0002914813982417146 5839.275520632024 1814
0.528837 0.04285555980461396 0.0001855392647729596 2471.63749274163 2178
0.569517 0.02487336195296395 0.0001214511810019529 1237.34301882137 2498
0.610197 0.01680046012506593 7.714923389032118e-05 725.8429228894953 2622
0.650877 0.009183337692834172 5.528683767838862e-05 348.4971367770812 3338
0.691557 0.006849051141894822 3.816491743021011e-05 230.5326177245699 3722
0.732236 0.004058364704632589 3.36025672561531e-05 122.0214977359478 4170
0.772916 0.003179566214098286 2.600021332433665e-05 85.69904241990211 4358
0.813596 0.002956867305569408 1.914219456541462e-05 71.82477777413142 5034
0.854276 0.001880524886687197 2.046315490562171e-05 41.48069472029103 5714
0.894956 0.00183054657880115 1.772259423324562e-05 36.78355355816218 5982
0.935635 0.001723731706957359 1.601106821454356e-05 31.66373587031246 6602
0.976315 0.001542708194811648 1.505687972156969e-05 26.01037170061886 7130
1.017 9.545337386880908e-05 1.901743024209507e-06 1.484980257192472 8034
1.05767 2.043827237824603e-26 2.585346896305769e-28 2.938619081588325e-22 8606
1.09835 2.27136166444525e-26 3.012355080437901e-28 3.028124611131368e-22 9066
1.13903 2.538395553184075e-26 3.45706943381016e-28 3.146298568626891e-22 9962
1.17971 2.841768262051373e-26 4.03537022230358e-28 3.283651052378978e-22 10550
1.22039 3.210604620342544e-26 4.547090268708554e-28 3.465664654122554e-22 11226
1.26107 3.755757767938639e-26 5.170420297964301e-28 3.795831336902288e-22 12146
1.30175 3.73421853523629e-26 5.891979291132434e-28 3.540549629283372e-22 12303
1.34243 4.078155153139107e-26 6.698317283014442e-28 3.634701395181367e-22 12584
1.38311 4.449918486465197e-26 7.83231264156465e-28 3.737319578410589e-22 12120
1.42379 4.851454148603662e-26 9.134560555782064e-28 3.84482771404958e-22 11180
1.46447 5.333646956353998e-26 1.014739661935034e-27 3.994926047006646e-22 11096
1.50515 5.642272562888336e-26 1.140237967574082e-27 4.0012054489076e-22 10056
1.54583 6.312908875837991e-26 1.325473678581062e-27 4.244144198527947e-22 9716
1.58651 6.835440656214677e-26 1.497137690461633e-27 4.362295517224104e-22 8604
1.62719 7.103548275043963e-26 1.646281305856434e-27 4.308676518029299e-22 8060
1.66787 7.907504246633375e-26 1.787964039046837e-27 4.565072380230901e-22 7320
1.70855 8.452057193442034e-26 2.00299490911044e-27 4.651645688287437e-22 6356
1.74923 8.859570019459897e-26 2.267742562153533e-27 4.651126082701678e-22 5348
1.78991 9.677746809301999e-26 2.458900724677968e-27 4.850297959881025e-22 4308
1.83059 1.020225115517255e-25 2.65050572630811e-27 4.888614104163997e-22 3563
1.87127 1.021287848019276e-25 3.136395627672106e-27 4.685626059644865e-22 2448
1.91195 1.10636762817652e-25 3.344059528553639e-27 4.859542968719606e-22 1868
1.95263 1.192363772492144e-25 3.723479155430156e-27 5.017409858823669e-22 1358
1.99331 1.465346036552916e-25 3.925515728496749e-27 5.914472758967775e-22 1062
2.03399 1.424479414756468e-25 4.487280183077956e-27 5.529952170853084e-22 776
2.07467 1.256015586317356e-25 4.593102649305658e-27 4.693548140966021e-22 432
2.11535 1.391458583048776e-25 5.38743336482501e-27 4.985224491943657e-22 200
2.15603 1.741536922737248e-25 4.691690177458395e-27 5.993813123295787e-22 168
2.19671 1.142678770541719e-25 5.922833831338794e-27 3.797129779864496e-22 56
2.23739 2.65199960696e-25 8.022503016446048e-27 8.496938988020364e-22 7


0.0406798 501.6261556248729 0.1985660182413985 7113124157.634121 18
0.0813596 866.439914910837 0.07087857382206571 2636523596.764888 62
0.122039 219.9936342783184 0.075118637349015 278943143.9398911 98
0.162719 152.0667939528445 0.03115887671508189 105200339.1953091 210
0.203399 43.00930121240707 0.01632910406888026 19126151.45553655 350
0.244079 9.225660045951884 0.0095553417174095 2853864.849085967 450
0.284759 3.102546030709228 0.006131816966812281 698749.6060699506 602
0.325438 1.57050638949562 0.002429378056168958 268587.1114795526 762
0.366118 0.7185618592109857 0.001009768278011853 97360.14223153543 1142
0.406798 0.2970233018266494 0.0006247884152661441 32702.0347629828 1250
0.447478 0.1211491079481426 0.0004059792401451785 10987.83047702837 1458
0.488158 0.07169549819304234 0.0002465843593148438 5445.363327751118 1814
0.528837 0.03895348934873096 0.000144301805214099 2523.075130446055 2178
0.569517 0.02124451801022186 9.984481648484034e-05 1187.122717790109 2498
0.610197 0.01456991988456368 6.312349992924794e-05 707.046502166053 2622
0.650877 0.008950934428845677 4.000449499389365e-05 381.4077366089605 3338
0.691557 0.005367824694065193 3.440326643007293e-05 202.9999879151879 3722
0.732236 0.004298217656555693 2.231090191932442e-05 145.0754749005314 4170
0.772916 0.002729862917426887 2.141438915594821e-05 82.64788945859989 4358
0.813596 0.002533726968531815 1.580700321703653e-05 69.13152182425412 5034
0.854276 0.001799841852963411 1.533685171808698e-05 44.58110912742342 5714
0.894956 0.001689210763992801 1.350518397874592e-05 38.11973637682206 5982
0.935635 0.001590376096490427 1.212828716065927e-05 32.80856129379517 6602
0.976315 0.00136757651493178 1.192322420023976e-05 25.89702887901733 7130
1.017 0.0001066879056186795 1.292472022040073e-06 1.862890668252285 8034
1.05767 2.012459475580768e-26 2.208805222044675e-28 3.249728027227122e-22 8606
1.09835 2.230905400666454e-26 2.553215852696268e-28 3.340309940389964e-22 9066
1.13903 2.530298188695793e-26 2.900730548671057e-28 3.522244276249042e-22 9962
1.17971 2.805948513223544e-26 3.470134129369247e-28 3.641429383367154e-22 10550
1.22039 3.113699024394282e-26 3.927490678645881e-28 3.774947765967734e-22 11226
1.26107 3.55557748151751e-26 4.536080335440787e-28 4.036174300020546e-22 12146
1.30175 3.637087088221814e-26 5.110108156896188e-28 3.873102612543374e-22 12303
1.34243 4.022662457679343e-26 5.797053241751115e-28 4.026674169404084e-22 12584
1.38311 4.320623372437068e-26 6.820106593339972e-28 4.075604954259095e-22 12120
1.42379 4.73733774531035e-26 7.910759255992844e-28 4.216693017121527e-22 11180
1.46447 5.117781195470155e-26 8.958915854161533e-28 4.305410765892629e-22 11096
1.50515 5.542591969791919e-26 9.822176911853902e-28 4.414462085239453e-22 10056
1.54583 6.198620145432418e-26 1.131078750806492e-27 4.680368152233396e-22 9716
1.58651 6.854597602268149e-26 1.263435536737535e-27 4.91294685421247e-22 8604
1.62719 7.170944873825626e-26 1.382671619315506e-27 4.884858424407219e-22 8060
1.66787 7.665272487716295e-26 1.571856617839475e-27 4.970237711629793e-22 7320
1.70855 8.193513766854837e-26 1.743258499468395e-27 5.06467766095494e-22 6356
1.74923 8.752116117874229e-26 1.939045314493812e-27 5.160382453212155e-22 5348
1.78991 9.630414880938462e-26 2.114130459273283e-27 5.420785106991998e-22 4308
1.83059 9.834362677005953e-26 2.359164793581578e-27 5.292778945215162e-22 3563
1.87127 1.011719966529851e-25 2.65672926227298e-27 5.213122831682172e-22 2448
1.91195 1.121405962226663e-25 2.727612974105057e-27 5.531654953862118e-22 1868
1.95263 1.226274827220011e-25 3.037895772167924e-27 5.794960099252048e-22 1358
1.99331 1.36628880653648e-25 3.568175016968966e-27 6.19416785250598e-22 1062
2.03399 1.351207648615875e-25 3.985241274580449e-27 5.89170240732777e-22 776
2.07467 1.519130672895656e-25 3.431775165072185e-27 6.37400006630828e-22 432
2.11535 1.705033277059573e-25 3.622733751975851e-27 6.85840183317181e-22 200
2.15603 1.559977120465147e-25 4.738721605890015e-27 6.031097718171337e-22 168
2.19671 1.919992259883659e-25 3.315996627218966e-27 7.160480420307768e-22 56
2.23739 2.196842338684041e-25 6.594761053864701e-27 7.906025018442808e-22 7


