0.0287991 2.423675625405197e-06 1.186615803394977e-07 0.8983275774072564 18
0.0575982 1.587355476208032e-05 1.10020972978605e-06 1.680137446961599 62
0.0863973 5.242653779352876e-05 3.099902456015098e-06 2.409749019004859 98
0.115196 0.0001252170089740985 1.073377026332886e-05 3.207667404382657 210
0.143995 0.0002520958025633426 2.407597418111031e-05 4.188208508114323 350
0.172795 0.000369678219353703 3.996562207223928e-05 4.288715366558656 450
0.201594 0.0005995287635448363 6.215856781892488e-05 5.071054753250944 602
0.230393 0.0008246743879235107 9.97821843538588e-05 5.312929569625785 762
0.259192 0.001087986951561134 0.0001722280732372841 5.564885576413605 1142
0.287991 0.001427982685442601 0.0002368701490531621 5.938363812001796 1250
0.31679 0.001752107465817324 0.000335043457692033 6.003381862181135 1458
0.345589 0.002370900375157772 0.0004448499998694259 6.806915057967098 1814
0.374388 0.002738225979510865 0.0006027548905820498 6.708546704177619 2178
0.403187 0.003411649260199318 0.0007908053509617446 7.211648741962238 2498
0.431986 0.004027662495259972 0.001070112135740354 7.398449084883036 2622
0.460786 0.004545096166129951 0.001290218150302 7.328148623821319 3191
0.489585 0.005138866715179574 0.001558413415006453 7.346756790780525 3044
0.518384 0.005996271284124703 0.001880380719185725 7.653914996668562 2736
0.547183 0.006610274616342736 0.002392308425829518 7.564273885851841 2276
0.575982 0.007631632192422692 0.002824721242451542 7.874252444664089 2016
0.604781 0.007991185478699817 0.003305846403535091 7.483498918382739 1640
0.63358 0.00950280165445052 0.003896480441362439 8.106442172364046 1056
0.662379 0.009325800989746311 0.00478154814385079 7.276635318108111 683
0.691178 0.01078754332243803 0.005231684030934182 7.741002055852307 350
0.719978 0.01310175202554031 0.006441056867027235 8.674867272581094 192
0.748777 0.01610007848372209 0.006466255397970177 9.827806048824291 44
0.777576 0.009218851215875398 0.005827292425610842 5.180857260336402 25


0.0287991 0.153114858654659 6.243341362450283e-05 633671.2775558024 18
0.0575982 1.075602232889447 0.0004994797218801837 884027.7001628439 62
0.0863973 2.662340101321611 0.01527967616681454 890571.7261387196 98
0.115196 4.879028956923086 0.1156613773906997 887207.7802695014 210
0.143995 4.329145952982975 0.4495102585997983 511364.9605260178 350
0.172795 1.312177744835114 0.8071414660549264 116004.4097953271 450
0.201594 0.2616986842627389 1.034834204590453 23188.12397339079 602
0.230393 3.239430785932331 0.7589750118728162 146005.7176363088 762
0.259192 7.769606423920802 0.2546569839083446 271376.5897323219 1142
0.287991 9.875493715997887 0.05257211348367671 279349.0662033851 1250
0.31679 7.244989544900157 0.2200580201325798 168873.7577780278 1458
0.345589 3.794137722160245 0.5364375820880806 74414.14703302909 1814
0.374388 1.995797651852936 0.6172382824571521 33566.74957415617 2178
0.403187 2.328262054376491 0.5450377441167817 33630.46978329118 2498
0.431986 3.300077767977709 0.4519572043576154 41243.23552553859 2622
0.460786 3.393764555411928 0.3125827277315198 37154.55616396775 3191
0.489585 3.255081196709587 0.233170184061902 31565.84695865625 3044
0.518384 2.289107982389113 0.2073587514461604 19819.51268044467 2736
0.547183 1.143536179810079 0.252666254027471 8893.653438917594 2276
0.575982 0.863140703411867 0.2294530757387691 6054.490633041029 2016
0.604781 1.055243739066493 0.1615406806452212 6702.52926454606 1640
0.63358 1.343271057346866 0.1012701594702757 7761.48862685155 1056
0.662379 0.8615848452052285 0.09723916243877148 4554.041121594044 683
0.691178 0.4340207005344907 0.1180776751290209 2113.465003753218 350
0.719978 0.06916412287347706 0.1708233888857546 317.9990315462438 192
0.748777 0.04946047812981842 0.1447910489715957 210.2602220397055 44
0.777576 0.07804965908219297 0.1023501387453356 300.3234245260946 25


0.0287991 0.05093080099088059 0.0008947949141210245 464729.2125437317 18
0.0575982 0.288225237813337 0.01202269118297941 496112.163744774 62
0.0863973 0.4698106381623732 0.05528571169892876 336513.0730446387 98
0.115196 0.3696303184639014 0.1757037135399856 167370.241667525 210
0.143995 0.1289612356306211 0.3047179298306807 58204.53260620796 350
0.172795 1.591159936339265 0.2175140657992361 247241.5688562758 450
0.201594 4.170121342760508 0.05439686868662087 451033.175881513 602
0.230393 4.196960928799513 0.05589923955960264 344023.0469675994 762
0.259192 1.401151966077825 0.2620169398027311 93194.61064403552 1142
0.287991 0.467383182331078 0.3331170246003502 26669.9096072996 1250
0.31679 1.909957709652376 0.169324994608681 83243.17677419142 1458
0.345589 2.821343676302175 0.08510535819253549 102272.2959432671 1814
0.374388 2.023806384342407 0.1265946298749913 62661.33028842403 2178
0.403187 1.462671733290051 0.1650486522523784 39147.0689050337 2498
0.431986 1.809684881603569 0.1342721454499439 41937.90494766275 2622
0.460786 1.549033189516586 0.1077827309360518 31472.2319941522 3191
0.489585 1.143458131657051 0.1082073140010028 20606.06084688181 3044
0.518384 0.9087909445842653 0.08096799000636862 14608.34233155755 2736
0.547183 0.577279799220729 0.08445796691435831 8329.709499251843 2276
0.575982 0.531499169893616 0.06977821850623935 6907.266751086542 2016
0.604781 0.4188795460461148 0.06382040227530818 4940.606210886558 1640
0.63358 0.3509916740874652 0.06001531567941348 3771.120779279449 1056
0.662379 0.3034435459528856 0.04128745040459071 2977.675917538423 683
0.691178 0.3796772880066331 0.02244921098737722 3419.714594919408 350
0.719978 0.5908846617919726 0.005035860860645986 4904.700303586642 192
0.748777 0.4816863922697389 0.006299127860435161 3686.683035150432 44
0.777576 0.3148230454293805 0.009220382674482455 2218.117932808301 25


0.0287991 0.01171233819830194 0.001928204720427172 306063.6801828775 18
0.0575982 0.03772778876543618 0.01716062720422806 206615.0077872825 62
0.0863973 0.00902423079942365 0.05223982532055637 87825.17541512745 98
0.115196 0.1251167823745333 0.1050536092575548 116309.5502510263 210
0.143995 1.203815691355071 0.07621060440876649 397912.250891938 350
0.172795 2.305941577451992 0.006408069185361731 504446.7995928622 450
0.201594 1.852018659565833 0.07853740399939192 297238.4398095789 602
0.230393 0.2714166952052017 0.2122978348663005 39566.86541678818 762
0.259192 0.8595855538117434 0.1386774751059962 84342.19415278595 1142
0.287991 2.05509299186836 0.03200433635012516 158350.8684172598 1250
0.31679 1.349816479057953 0.07566487031728074 85993.61763594585 1458
0.345589 0.7069597738768049 0.1285569553294667 38233.54623855696 1814
0.374388 0.9005730543289044 0.09255006536185667 41032.27944781606 2178
0.403187 0.9764869640060403 0.0792479638300457 38220.7492862388 2498
0.431986 0.7475094972478803 0.100874599196103 25492.07892166211 2622
0.460786 0.7036648765963088 0.07681638892025834 20986.42952718221 3191
0.489585 0.7065263045983695 0.05599052178725726 18623.53588992308 3044
0.518384 0.5457874453128246 0.04266422272185369 12832.40581110915 2736
0.547183 0.5077579725246518 0.0309378641630651 10684.15092496634 2276
0.575982 0.3416222960296048 0.03588661240856859 6490.9653827088 2016
0.604781 0.2700969351616072 0.03297185308577412 4657.615754684909 1640
0.63358 0.1797521402736222 0.03541141235309653 2829.870594885312 1056
0.662379 0.1643630110799212 0.02400235011065185 2360.464642084077 683
0.691178 0.2226826763223489 0.01235673729516577 2931.267641216917 350
0.719978 0.3343681269875621 0.003879529515351493 4054.915960903929 192
0.748777 0.2550769863596719 0.006039143280112845 2852.842809494081 44
0.777576 0.1509437879279514 0.008260845838437853 1554.780071007589 25


0.0287991 0.0001997270126543372 0.001893769669722041 241426.1350446628 18
0.0575982 0.004164892050068563 0.01300432970427464 161019.6819975468 62
0.0863973 0.09252057458392154 0.02716943492098596 187355.4134207674 98
0.115196 0.5574055678229153 0.02983997049596957 398319.6005188601 210
0.143995 1.358768089815902 0.004450010454962873 573078.4524192589 350
0.172795 0.954397688779947 0.05379441320311448 285286.6401165852 450
0.201594 0.1412387930992208 0.1432195208034208 43336.79731779092 602
0.230393 0.7570758314794351 0.08994166135682703 124932.3929658942 762
0.259192 1.463065673103671 0.01647305751363698 183433.7093304864 1142
0.287991 0.6819858345685287 0.08109676127501006 70972.5385690306 1250
0.31679 0.3476736849983333 0.09655410980113632 30506.04716176941 1458
0.345589 0.8198141548580737 0.05392262398042595 57726.42307442073 1814
0.374388 0.6733942910276133 0.05503588978440749 40426.13071992368 2178
0.403187 0.5896761303473116 0.05776179387077185 30523.43105944076 2498
0.431986 0.7557303380280784 0.04390618521072241 33772.67213473632 2622
0.460786 0.5802658968050955 0.04106404668609612 22755.33650226792 3191
0.489585 0.4205634560331988 0.04144262882794204 14637.55586014075 3044
0.518384 0.3174918123798346 0.03235525903612368 9855.209195598456 2736
0.547183 0.2390454992485764 0.0292453445346294 6652.971305147172 2276
0.575982 0.2744266273119594 0.01938054923207565 6858.002392839926 2016
0.604781 0.277004035893318 0.01285394769003925 6269.963408336481 1640
0.63358 0.2312622117141916 0.01307477259273131 4768.665058892277 1056
0.662379 0.08850954906762216 0.01785133637775886 1679.29920315347 683
0.691178 0.09271096565266049 0.01344730271356472 1612.568018780185 350
0.719978 0.1678331291551126 0.007787826322974512 2681.741198213834 192
0.748777 0.1943672237678691 0.001710922900057213 2859.131951538876 44
0.777576 0.15706921927326 0.0001192448376277925 2125.637214515755 25


0.0287991 0.003014712210166782 0.001126791628014924 280262.45231911 18
0.0575982 0.04814658106405576 0.00563944933060439 297793.8272169491 62
0.0863973 0.2301557570284762 0.006122853795527912 392307.7748111569 98
0.115196 0.6453340026282027 0.001779072822914306 543340.7143366433 210
0.143995 0.6637203515031954 0.03054289712461686 365676.9147718326 350
0.172795 0.08318605877976949 0.08965586881528124 54085.36746383143 450
0.201594 0.4556666320396711 0.07316021065376847 129435.2549757573 602
0.230393 1.215270296601899 0.009313750804910408 239967.2787121709 762
0.259192 0.5073854151908365 0.05946063694538447 82076.34654593171 1142
0.287991 0.2719738685955226 0.07694589635356119 37000.91419518751 1250
0.31679 0.7420000702872661 0.02778038530476103 77425.89399768395 1458
0.345589 0.575875382870995 0.04109064566829955 50530.53489371662 1814
0.374388 0.4854291284954698 0.04006537012611057 36278.00964804601 2178
0.403187 0.5254236154602792 0.0333145671481 33676.98745404867 2498
0.431986 0.4231066303319502 0.04278717977619411 23629.03857027755 2622
0.460786 0.3335573561455014 0.03725349233588325 16332.12354371343 3191
0.489585 0.3348088428751117 0.02734861946825958 14460.57889990436 3044
0.518384 0.2607694181664611 0.02069130455830091 10039.13132519684 2736
0.547183 0.2393121758770491 0.01537277056294251 8238.713702361041 2276
0.575982 0.156997303440316 0.01780935720012623 4886.844763648704 2016
0.604781 0.1020428928253039 0.01818720404829608 2891.885754966012 1640
0.63358 0.1285718178233508 0.01292601709987124 3299.298213129166 1056
0.662379 0.1370859068492633 0.00621984998863126 3204.647684390013 683
0.691178 0.071879782991846 0.009334403840620042 1551.494415923841 350
0.719978 0.02556190525573898 0.01455394573451411 519.2591598354825 192
0.748777 0.02664438930242149 0.0118007281406251 495.3905746955783 44
0.777576 0.0394034329664523 0.006960727666432289 666.1250111795123 25


0.0287991 0.008658911342531023 0.0003375175443553136 355629.1401945416 18
0.0575982 0.0796951036546952 0.0007908805654916286 431049.8432964802 62
0.0863973 0.2318892943999084 0.0001877265012021862 452298.4745331317 98
0.115196 0.3783611341144527 0.01128077799425809 403967.0035848573 210
0.143995 0.10846698360065 0.05676979353031866 112718.9353791058 350
0.172795 0.2087851026356426 0.05620074226721206 111828.6382361551 450
0.201594 0.8945874215613147 0.01051679159124763 281286.1416833983 602
0.230393 0.5755569673256666 0.03767664994026821 140307.5687540227 762
0.259192 0.149271157465788 0.06548624950342613 32854.72091128965 1142
0.287991 0.6433731588507696 0.02202710383586652 97978.88362858589 1250
0.31679 0.4885360337358625 0.02857078040505065 61407.97806080958 1458
0.345589 0.3427894623266738 0.03987253251636774 36433.61429418054 1814
0.374388 0.3689138853198651 0.03098957995243308 33043.80776799366 2178
0.403187 0.2870726055714244 0.03556851961786702 22256.58504680722 2498
0.431986 0.3094410286382503 0.03397285865388881 20723.4779885723 2622
0.460786 0.315190137607903 0.02342184576659431 18384.97035761974 3191
0.489585 0.2447123343152897 0.02205811485223309 12655.91433483307 3044
0.518384 0.1849320850026383 0.01721522071292716 8526.46729306524 2736
0.547183 0.1279839278029627 0.01664946524507151 5300.417500858788 2276
0.575982 0.1471040365188873 0.01127498657466906 5458.607771169312 2016
0.604781 0.1522782801360992 0.007383655365628204 5111.472623276855 1640
0.63358 0.1085635533506271 0.009105538342763619 3325.929184377745 1056
0.662379 0.06128466632384852 0.008710110089960746 1722.338163433996 683
0.691178 0.08877293296188975 0.00408670336102493 2278.794967160301 350
0.719978 0.1168914363965388 0.002352391056497766 2763.344599926053 192
0.748777 0.07642882432875063 0.00402132242730396 1668.388423160327 44
0.777576 0.03431661644150823 0.005017026129355165 692.4140795042194 25


0.0287991 0.01013347334195539 5.034447307719096e-06 391032.2452506433 18
0.0575982 0.06797228361526364 0.0002945843278348436 429654.8692091727 62
0.0863973 0.1256371743161353 0.005145022845613495 326133.1300049464 98
0.115196 0.09318684499553807 0.02637913112575952 176106.3614815117 210
0.143995 0.07904135243314538 0.0457100541402202 106285.782376585 350
0.172795 0.5547313000304673 0.01242432757600136 287036.1506126161 450
0.201594 0.630582879555188 0.01574653445152902 234013.077436409 602
0.230393 0.09031358153375994 0.06093595383466133 35022.52600566918 762
0.259192 0.438118668046957 0.02521406569434103 97575.46973977155 1142
0.287991 0.4984081721511697 0.01916554749193543 88696.20188158035 1250
0.31679 0.1914841090829043 0.03956467411100953 29437.42275871726 1458
0.345589 0.331963460233713 0.02678675839487459 40846.40594134382 1814
0.374388 0.2594184220661614 0.02775590205811082 27257.01342436658 2178
0.403187 0.2800116039757683 0.02398211474012767 25149.25237418541 2498
0.431986 0.329589843631393 0.0200911606808996 25521.99255582645 2622
0.460786 0.2385510246204929 0.0198720966430027 16233.04929163818 3191
0.489585 0.2005452408051007 0.01714871818646053 12075.20340123757 3044
0.518384 0.1518944344087435 0.01335998563774288 8151.747313505702 2736
0.547183 0.1517177921377161 0.008969150977369486 7262.80066193011 2276
0.575982 0.1132172017035934 0.009401105859669703 4893.157901694739 2016
0.604781 0.07854751784149808 0.009694416376374134 3088.579607804557 1640
0.63358 0.07755519706260483 0.008020937564815303 2769.603389899559 1056
0.662379 0.07818376856389121 0.004368036845616583 2541.266374337453 683
0.691178 0.03522059566712136 0.006465133902194543 1061.773967155258 350
0.719978 0.0242886765726583 0.008030583490999209 681.1983682851617 192
0.748777 0.04179781384206763 0.004879192327559415 1065.275490636805 44
0.777576 0.05029024103654718 0.001910888847037255 1173.655963257736 25


0.0287991 0.006780592800052579 0.0001349840177153335 362735.1870607209 18
0.0575982 0.03150199030489025 0.002275618734485597 315613.7324850468 62
0.0863973 0.02532893745482222 0.01069814008501634 165560.6574989981 98
0.115196 0.01530611137502936 0.02669168562358492 105755.4654121312 210
0.143995 0.3072564507793447 0.01732441414978522 284975.9373596957 350
0.172795 0.5322712679317236 0.004044644520150097 311250.8150323059 450
0.201594 0.1698260719212291 0.04214789118599969 86092.56192846005 602
0.230393 0.2260900004841538 0.03713057360720248 79113.66742273707 762
0.259192 0.5012505277803331 0.009034011808216705 125312.9911346231 1142
0.287991 0.1736043175354839 0.0356875148916139 37937.95564036127 1250
0.31679 0.2540300912920616 0.02422573754545988 43235.97143880967 1458
0.345589 0.2833769888609221 0.02119998853072151 39839.91816110464 1814
0.374388 0.2569090375846048 0.0190995192154508 30638.71256791513 2178
0.403187 0.2778399251248931 0.01569428923803887 28343.53061230158 2498
0.431986 0.2354043695594877 0.01959733791882259 20916.97825401675 2622
0.460786 0.1818925515479971 0.01753444295020458 14174.99869772567 3191
0.489585 0.1676610671232959 0.0138622755033431 11525.91025338026 3044
0.518384 0.1332467950459991 0.01026648901485454 8153.677068371389 2736
0.547183 0.09513598396894341 0.009962096948439029 5227.712147230675 2276
0.575982 0.08049743800900502 0.00880152443150429 3983.249996760838 2016
0.604781 0.0746004878463654 0.007064238052090269 3339.455607528374 1640
0.63358 0.08011416564965801 0.0051911008109493 3253.32162837178 1056
0.662379 0.03671206582740166 0.006009686129399323 1374.059881713956 683
0.691178 0.05892313172750062 0.002650910286095891 2005.997988139148 350
0.719978 0.0762324842740016 0.001634427667761784 2389.064908257999 192
0.748777 0.04973282892627372 0.002689521456969931 1439.87102508529 44
0.777576 0.0210756058236323 0.003403457482062429 565.2853667082267 25


0.0287991 0.002194420106664699 0.0004046928293450465 307755.7667125165 18
0.0575982 0.004162169470468398 0.003761250300720124 212114.2411447955 62
0.0863973 0.003570388427014607 0.01043661750003714 129429.795221197 98
0.115196 0.1103250498459492 0.01428853614336025 228695.28114777 210
0.143995 0.4059707627882249 0.002362122200655082 395045.5689905854 350
0.172795 0.2329494096430445 0.02140097587628692 170097.7233737152 450
0.201594 0.06495635643873562 0.04179759816436693 49618.38474844502 602
0.230393 0.4602170929312009 0.008624826233829649 165243.9421187029 762
0.259192 0.2457662586376002 0.02246079247358268 72297.1300464611 1142
0.287991 0.1597424492149565 0.02872236750898732 39201.23999416253 1250
0.31679 0.3107057805869133 0.01223532585305184 58363.25272804074 1458
0.345589 0.2190531762271492 0.01947225281765944 34885.16250094448 1814
0.374388 0.2293221311157779 0.01494631655415411 30725.76411218887 2178
0.403187 0.1759253623815734 0.01812334401055988 20440.79024286586 2498
0.431986 0.1679239670576099 0.01899914662731084 16911.74796480209 2622
0.460786 0.1668974849013239 0.01354979489753803 14597.37684699928 3191
0.489585 0.1338175240372333 0.01227417771866365 10366.47410252342 3044
0.518384 0.09879575076802836 0.00977686921781098 6822.897031602549 2736
0.547183 0.08310481904322632 0.008087528574541716 5131.736770242775 2276
0.575982 0.08573480414868533 0.005848762116179746 4746.330421199754 2016
0.604781 0.08118586039386257 0.004368297383459571 4066.408571680324 1640
0.63358 0.04870307245175771 0.005984364783983685 2236.470796780456 1056
0.662379 0.06137065734660065 0.002388497203762987 2552.161118439373 683
0.691178 0.02958518483381125 0.003995677306895699 1140.653214247938 350
0.719978 0.01406793382136919 0.005771063536830332 511.2147840576181 192
0.748777 0.01688840637855015 0.004428524253818202 558.1316519422769 44
0.777576 0.02402085154420776 0.002280598626503364 720.832010003091 25


0.0287991 3.088595004645952e-05 0.0004986850779198595 279963.1136757172 18
0.0575982 0.002823674523055415 0.0032720858238753 212272.1243633217 62
0.0863973 0.04473046126918621 0.005456875267923878 228994.1275554415 98
0.115196 0.2070248415828969 0.00289341232492401 376196.8066763288 210
0.143995 0.2738265258407547 0.008248404945070752 311631.9125163711 350
0.172795 0.0317686814038943 0.03224643329481954 55777.14161671544 450
0.201594 0.2554631713811111 0.01901708234143058 144356.7902954181 602
0.230393 0.3818280362388183 0.00853472886792524 153231.9307687799 762
0.259192 0.08334554785593823 0.02982444547116663 32061.01422062363 1142
0.287991 0.2851261044536537 0.01210780623129459 73049.60863181052 1250
0.31679 0.2073922422220884 0.0154768977706223 44049.2180976603 1458
0.345589 0.1910943392649416 0.01634863741008259 33871.19650533492 1814
0.374388 0.1539192095264174 0.01639256729280832 23260.68036708408 2178
0.403187 0.1380039022075614 0.01655774249053675 17939.59593901104 2498
0.431986 0.169081427902001 0.01411047397429515 18816.74895036922 2622
0.460786 0.142993985184928 0.01160507339742679 13907.09564552896 3191
0.489585 0.1193297261975864 0.01010326832480467 10264.14333758036 3044
0.518384 0.09228301165477035 0.007706828877430577 7065.952121597741 2736
0.547183 0.08744402151923512 0.005533982565493824 5969.033308345453 2276
0.575982 0.06527702593421321 0.005714108234538562 4025.124301256582 2016
0.604781 0.04427995008591216 0.005909982714271854 2488.353211376634 1640
0.63358 0.05691784599703367 0.003797652801113382 2884.919352018372 1056
0.662379 0.02510335337776423 0.004438388337680155 1176.28703642138 683
0.691178 0.03198074338474616 0.002829039644000766 1363.496871658206 350
0.719978 0.05317919018478659 0.001337357265269844 2077.615336370806 192
0.748777 0.05078664295590163 0.0006277354292622716 1826.670717132743 44
0.777576 0.03282102469474802 0.000900009527471865 1087.486963285377 25


0.0287991 0.001047654706650283 0.0003475849380699585 299640.9335251998 18
0.0575982 0.01834704709008731 0.001519825707418742 297755.3756158274 62
0.0863973 0.0848598671355927 0.0009276266148980588 340987.0418116213 98
0.115196 0.192572097007862 0.001500960506602742 382702.6283830457 210
0.143995 0.08346373745477331 0.02002132787776991 148443.7534560709 350
0.172795 0.08288331255895523 0.02332595945979751 95155.23640736242 450
0.201594 0.3746058780283445 0.003831909158883398 218831.6257114365 602
0.230393 0.1406180123424601 0.02342655127673889 70419.82398287831 762
0.259192 0.1545492389230744 0.01895710869716765 57517.42042689067 1142
0.287991 0.26314662302768 0.009291504094746928 74053.596531781 1250
0.31679 0.1176593585253609 0.01868097269940048 28714.11856241472 1458
0.345589 0.1683190496956745 0.01400610909570956 32888.91237219766 1814
0.374388 0.1295442010324679 0.0145826251312241 21648.81098653494 2178
0.403187 0.1619137256855023 0.0108263166968147 22841.63842778439 2498
0.431986 0.1630271740480509 0.01091265655350691 19897.10991417485 2622
0.460786 0.1183651306250521 0.01058078853651434 12702.30263716521 3191
0.489585 0.1084831309104372 0.008368324238489806 10256.73685617913 3044
0.518384 0.08491641732724935 0.006293151808310769 7143.500524951894 2736
0.547183 0.06085330790846263 0.006108743922095883 4599.205740550722 2276
0.575982 0.05159769828551369 0.005394634007370135 3510.139998836992 2016
0.604781 0.04745874534943937 0.00435289027967716 2918.370350992003 1640
0.63358 0.04225681604538244 0.003931498954910187 2363.451433778678 1056
0.662379 0.0364849939139413 0.002574302250425858 1858.409047974848 683
0.691178 0.03618315852195207 0.00173602014049035 1688.933862214683 350
0.719978 0.02336153950410405 0.003164158870812667 1014.252827433641 192
0.748777 0.005812717464834818 0.003880708975794952 243.9738970523843 44
0.777576 0.001362751487060495 0.003136908183580785 59.6743282287899 25


0.0287991 0.003218770175290757 0.0001149700755883271 340819.6849320125 18
0.0575982 0.03010068081504525 0.0001804192165017222 372598.1790258177 62
0.0863973 0.08027442985124053 0.0003623165427637667 347803.9294710419 98
0.115196 0.09491502207395296 0.007524303353141124 253628.4864684814 210
0.143995 0.02123383835377966 0.02189535423565861 90993.6779133502 350
0.172795 0.2302271363214354 0.007392511984777805 213993.4383141024 450
0.201594 0.2662922352813891 0.008706886680094549 175096.6543028988 602
0.230393 0.04866651141415903 0.02680276092162366 35810.63359104776 762
0.259192 0.2524885080653764 0.00692449788712239 96199.97606545505 1142
0.287991 0.134911412685105 0.01628421012173433 43786.77713342124 1250
0.31679 0.1322642234334789 0.013970784763928 34509.59853936518 1458
0.345589 0.1424338234590066 0.01279491246362343 30551.40882320498 1814
0.374388 0.1493775685163626 0.009829320104356337 26840.76938081132 2178
0.403187 0.1478022383236491 0.009080453999089955 22743.16356278364 2498
0.431986 0.1293335881556515 0.01078489557497264 17327.50037296501 2622
0.460786 0.1069726738532397 0.009053654895221775 12526.87152164399 3191
0.489585 0.08892187980197684 0.007907444517438593 9205.920592440154 3044
0.518384 0.06546210391777128 0.006319720328134075 6039.938961443947 2736
0.547183 0.05399591706095636 0.005320859566264598 4454.462836473102 2276
0.575982 0.0536885578517439 0.004033790670431093 3967.48433252189 2016
0.604781 0.05322597212982449 0.002852385476970543 3550.901973757712 1640
0.63358 0.03675512636097947 0.003485388458146106 2243.848615852153 1056
0.662379 0.03616965371243885 0.001919897020723368 2005.06168003176 683
0.691178 0.01405518908446944 0.003061617802965628 729.9867392255628 350
0.719978 0.01921567638056911 0.002882733034615708 911.8686689775714 192
0.748777 0.03040226952068915 0.001209073050363518 1313.434535331692 44
0.777576 0.03117984713619664 0.0001564497468686194 1234.950056649428 25


0.0287991 0.004081147895652428 1.343938325706326e-06 361738.3259184497 18
0.0575982 0.02632210568042293 0.000199809477829352 364257.9932046795 62
0.0863973 0.0403422479627091 0.002900823637452783 251838.55501653 98
0.115196 0.01654241439181757 0.01230120370224723 134606.4910637958 210
0.143995 0.09869094206994777 0.01277487425451764 183705.6334645515 350
0.172795 0.2644792735638396 0.001617846687125879 256904.8475569898 450
0.201594 0.08704327877724125 0.02020606562158152 78440.44736747471 602
0.230393 0.1478784086100995 0.01502211791572801 84535.10351420548 762
0.259192 0.2113423929913583 0.007282133349624747 88027.94993785166 1142
0.287991 0.08134680526584051 0.0176566504118118 30594.73167627843 1250
0.31679 0.1642616635226105 0.008491505163998058 45265.12497600949 1458
0.345589 0.1304306315996304 0.01103855890111425 30343.61505335771 1814
0.374388 0.1380683867685439 0.008288152268800636 26872.37102639793 2178
0.403187 0.1022628503652163 0.01051607733952117 17334.32002593252 2498
0.431986 0.1027258738788311 0.01059627696266087 15032.582955715 2622
0.460786 0.09695881935721712 0.007878779574373067 12308.47371636626 3191
0.489585 0.0761722511267634 0.007262289781492443 8568.8963657924 3044
0.518384 0.0594602134873536 0.005499392502928583 5945.481020254073 2736
0.547183 0.0575337082194395 0.003912248598296438 5115.455885346004 2276
0.575982 0.04771930263142138 0.003584501785073302 3822.300900583217 2016
0.604781 0.03452806628164598 0.003623679759636862 2517.352777707443 1640
0.63358 0.03768600300676819 0.002663131254544561 2484.424372360769 1056
0.662379 0.01608854007904498 0.00308341882881884 985.0238040965638 683
0.691178 0.02755630461681391 0.001416167775866332 1519.909563783478 350
0.719978 0.03730306167804515 0.0008197231945711166 1889.926822155982 192
0.748777 0.02609287258860179 0.001165274996427958 1221.348634052541 44
0.777576 0.01127116045245892 0.001567460497206443 490.0682274684295 25


0.0287991 0.002913044935789467 6.343598178044162e-05 345204.5126639982 18
0.0575982 0.01215264077013167 0.001129650441120378 289188.3996666278 62
0.0863973 0.005835743827105181 0.005111116608581465 157811.0165237208 98
0.115196 0.01914716901155166 0.01063944659479991 143864.7171102569 210
0.143995 0.1874947204261681 0.003217108582654096 302312.1985167579 350
0.172795 0.1557906769464848 0.008244231868620621 177776.5537890635 450
0.201594 0.03639283112549715 0.02152873935718152 49977.52662149126 602
0.230393 0.2434783056289227 0.004214229874260405 138150.4222477349 762
0.259192 0.09803664612265801 0.01417050680050331 48472.51718072861 1142
0.287991 0.1290480396183993 0.01109403238595868 48353.6345614725 1250
0.31679 0.1398460258915298 0.008246644632093287 41812.59681175205 1458
0.345589 0.1245609318596728 0.009240934435972792 31151.28728706894 1814
0.374388 0.09558807269920694 0.009795318242874952 20463.74143318094 2178
0.403187 0.08539737549666913 0.009935655479381715 15716.60337228957 2498
0.431986 0.09874977189822741 0.008925871781554524 15534.03077632813 2622
0.460786 0.08395165199634284 0.007309360104272444 11516.70794731631 3191
0.489585 0.07513519137162114 0.005925226222557254 9077.109738799461 3044
0.518384 0.06030629207123054 0.004331418823148671 6470.264078152493 2736
0.547183 0.0466271891752422 0.003929210190401208 4483.907887328901 2276
0.575982 0.0369348796345953 0.003705349298186189 3204.212748848042 2016
0.604781 0.028451591671081 0.003453131056998797 2242.565137838619 1640
0.63358 0.02871422674184975 0.002822456639621889 2048.624945591352 1056
0.662379 0.02654897573589381 0.001717116445932728 1720.10984905807 683
0.691178 0.02338772006725548 0.001386222572635619 1390.692390913771 350
0.719978 0.0121007820603143 0.002574087834781424 676.1828272289291 192
0.748777 0.004052260364786492 0.002703573099801875 219.4036893425624 44
0.777576 0.004475424624823724 0.001880767551521769 216.2369293100098 25


