0.04 1.055802129031047e-05 1.703831030554914e-07 2.108652169436076 18
0.08 6.290177163186513e-05 1.990652487093997e-06 2.726538777133086 62
0.12 0.0003020017871483637 6.220160085317261e-06 5.422001951311993 98
0.16 0.0005884932698925724 2.048304534975712e-05 5.772984168751729 210
0.2 0.0008466447190370459 4.744146948846715e-05 5.337620810332368 350
0.24 0.001291304307203534 8.749157204273648e-05 5.655383345648302 450
0.28 0.001745811868220551 0.0001620824429807596 5.561935006732642 602
0.32 0.002205495853925883 0.0002644018784579923 5.341555670209075 762
0.36 0.003232668768341464 0.000426165553606377 6.204357934338995 1142
0.4 0.003720697512593257 0.0006551671211089072 5.801827734944947 1250
0.44 0.005134144136261186 0.0008823631476308736 6.589501645862164 1458
0.48 0.005770479426644977 0.001370902268552223 6.205250802061063 1814
0.52 0.006752989307333717 0.0019296408174723 6.194005687437251 2178
0.56 0.007875587780699156 0.00253014792996084 6.230666306417478 2498
0.6 0.008892336489259399 0.00319773852095797 6.111408468718108 2622
0.64 0.01016904940351471 0.004076311415284356 6.13312807568841 3191
0.68 0.01118757278065361 0.005137683501400204 5.982129869076873 3044
0.72 0.01323749084289352 0.006288367201958708 6.318368293646658 2736
0.76 0.01430674254253577 0.008162288086590695 6.121506813210385 2276
0.8 0.01609732443876081 0.009750423565574587 6.209648578011151 2016
0.84 0.01791933546895903 0.01221584690691721 6.273323411356264 1640
0.88 0.01822424540749833 0.01364414422336413 5.811778334134027 1056
0.92 0.02091875222303217 0.0155991583046247 6.099763980419621 683
0.96 0.02466220337112565 0.01762123339650185 6.612851426119861 350
1 0.02470277609839831 0.01665978848213373 6.110616618751404 192
1.04 0.03461164659570416 0.02029653094928779 7.892787164137133 44
1.08 0.03511176368805506 0.02441580176516287 7.36982538591846 25


0.04 7.271008486381258e-06 1.137948897158969e-07 1.878591750442448 18
0.08 4.673490985868072e-05 1.268201879164197e-06 2.61352747379945 62
0.12 0.00014533004834732 6.089528452091246e-06 3.374543265819527 98
0.16 0.0003695104330431701 1.538188477399895e-05 4.677230466883177 210
0.2 0.0006126565271099906 3.06043019286176e-05 4.979530642535688 350
0.24 0.0009326782655527698 5.677269881955299e-05 5.265781278678253 450
0.28 0.001281420627270513 0.0001024527501959696 5.262302800089935 602
0.32 0.001708182541832314 0.000160004724153611 5.331675994652374 762
0.36 0.002378238189373278 0.0002684114768344553 5.88331654209308 1142
0.4 0.003080120335460577 0.0003736326979233715 6.188428195856244 1250
0.44 0.004075060364239701 0.0005183601214058386 6.739776111151327 1458
0.48 0.00492688335749158 0.0007579182441720625 6.825829703297938 1814
0.52 0.006064801227045046 0.001029587721861422 7.165953849306529 2178
0.56 0.007156798897821022 0.001340360224782524 7.293678811291356 2498
0.6 0.008485745254752644 0.001634853175322238 7.51194960924028 2622
0.64 0.009507474122066957 0.00212671703821183 7.386294029718624 3191
0.68 0.01099192579441504 0.002564437617711297 7.570178162974479 3044
0.72 0.01215155686228797 0.003320120174042332 7.471657048287555 2736
0.76 0.01419635795240172 0.004073990293170794 7.823533571394444 2276
0.8 0.01609916071339301 0.004822959572278076 7.998844288078109 2016
0.84 0.01875841968884757 0.005905039923739802 8.45764322766996 1640
0.88 0.01904885482760451 0.006630113022197824 7.823621812341124 1056
0.92 0.02267501070308491 0.007080134867962616 8.515127821680601 683
0.96 0.02210464828109324 0.009495689459150598 7.636029554916627 350
1 0.02245112267650846 0.008755964099603317 7.154955246136601 192
1.04 0.02580797753758929 0.01263665861689306 7.584715452372785 44
1.08 0.04851239437067036 0.006237891247117906 13.11243922770551 25


0.04 4.758020673255088e-06 9.447854433772901e-08 1.516777157379273 18
0.08 3.540876096758001e-05 9.059484139014472e-07 2.427443222190942 62
0.12 0.0001214885834465023 4.017848171917831e-06 3.453179494233164 98
0.16 0.000289782169432787 1.067220929697957e-05 4.491613721590057 210
0.2 0.0004992789141273292 2.060197305021387e-05 4.967708204142621 350
0.24 0.0007605898473919908 3.790316245723484e-05 5.256555050142351 450
0.28 0.001109205665805349 6.442951401964815e-05 5.574541883852754 602
0.32 0.001514989067329336 9.820100717655001e-05 5.786581839114923 762
0.36 0.002073130329976589 0.0001686833513601138 6.276344130394826 1142
0.4 0.002414065096726007 0.0002597646865742622 5.937725826134652 1250
0.44 0.003161849454823932 0.0003640905492046259 6.401987986222017 1458
0.48 0.004031537106626059 0.0005059433536871103 6.836776477697561 1814
0.52 0.005040253851417363 0.0006738395735353998 7.28932054683112 2178
0.56 0.006077413111019939 0.000856277601821839 7.580555576941198 2498
0.6 0.006698857861075228 0.001129926456910889 7.259275918523671 2622
0.64 0.008098261966955671 0.001359033959414358 7.700316721225323 3191
0.68 0.009099871128258899 0.001698583070666279 7.67101864095795 3044
0.72 0.0102486107783997 0.002144916471702674 7.712853139431996 2736
0.76 0.01199511293239245 0.002623048185035825 8.090854512405192 2276
0.8 0.01281438530729164 0.003288887909644382 7.793562070233285 2016
0.84 0.01485955093802141 0.00403931822987552 8.201157309598468 1640
0.88 0.01592277925297245 0.00430062948376433 8.004440676957291 1056
0.92 0.01676875703242262 0.005256578022920852 7.709271842019625 683
0.96 0.02219403516648167 0.00503666517644724 9.381370220077072 350
1 0.01687971856825421 0.006308321704061182 6.585473136433102 192
1.04 0.01851256472353302 0.00925853271669423 6.661105461245052 44
1.08 0.02776834554524487 0.008047011657670515 9.190722706495063 25


0.04 2.568588206461036e-06 9.35907857039893e-08 0.991139432818362 18
0.08 3.558219815857659e-05 5.356629157693672e-07 2.880181256053771 62
0.12 0.0001125850652739152 2.646778477677578e-06 3.783545241663407 98
0.16 0.0002519725846058414 7.451946776491886e-06 4.620267472743809 210
0.2 0.0004148384398388197 1.496083321955838e-05 4.883887830571711 350
0.24 0.0005856107758135372 2.97434756026684e-05 4.790393397934892 450
0.28 0.0009114783996951082 4.755601411799381e-05 5.420142164415116 602
0.32 0.001176053106991887 7.658767134545688e-05 5.315963733922897 762
0.36 0.001644335279056124 0.000128671670697023 5.890789661216091 1142
0.4 0.001978898011092084 0.0001908905326430358 5.758977594927282 1250
0.44 0.00270450164115585 0.0002560745715850996 6.4781209959975 1458
0.48 0.003461575697328168 0.0003546436922388819 6.944458755570158 1814
0.52 0.004229615716729838 0.0004843304115819603 7.236786035067189 2178
0.56 0.004830688404390983 0.0006559578247415793 7.129546311453811 2498
0.6 0.00571648371478992 0.0007937826835580144 7.328410302212145 2622
0.64 0.006776287233715575 0.0009811819549496248 7.622876815426554 3191
0.68 0.007485475971522814 0.001241732631316469 7.465526805324775 3044
0.72 0.008745776404629264 0.001520266314124051 7.786474441628365 2736
0.76 0.01003423686913033 0.001896598265715011 8.007254491653306 2276
0.8 0.01099186234259083 0.002327826277072946 7.908579459014596 2016
0.84 0.01314725548178945 0.002771093640760231 8.58358932280388 1640
0.88 0.01255578638651449 0.003302789100458467 7.468156777856911 1056
0.92 0.01402020182050437 0.003799782146887221 7.625616499408566 683
0.96 0.01685754481632004 0.004096654610535959 8.431307938723545 350
1 0.01758765491917528 0.003601321946753982 8.114924980468665 192
1.04 0.02507645456466551 0.00402373515928275 10.66667516758302 44
1.08 0.02498946830218877 0.005298444934239022 9.784055162169185 25


0.04 3.022504776191328e-06 5.843322136564841e-08 1.328112490184764 18
0.08 2.190242656626424e-05 5.689833243632759e-07 2.059458593428042 62
0.12 9.101321542700987e-05 2.131886365801263e-06 3.535013427176078 98
0.16 0.0002003367478665417 6.07460880986259e-06 4.245006754324216 210
0.2 0.000351150932666057 1.14391027334386e-05 4.774693684038792 350
0.24 0.0005060428644373537 2.238116547838329e-05 4.780350959610089 450
0.28 0.0007751074297740268 3.641537425111265e-05 5.323003511379021 602
0.32 0.001054763756215054 5.526581364005781e-05 5.504851629126422 762
0.36 0.001402592418304241 9.775726783310901e-05 5.802648093929583 1142
0.4 0.001863985288157636 0.0001310252568807385 6.262245112881732 1250
0.44 0.002380918133494685 0.0001891271686309111 6.585244627883918 1458
0.48 0.002811289741891999 0.0002850877344831614 6.513829802597355 1814
0.52 0.003629490309537684 0.0003666432242593273 7.171067513243165 2178
0.56 0.00428668772556758 0.0004799104324932666 7.305170172981314 2498
0.6 0.004752075157235256 0.0006240621138532149 7.035445755751755 2622
0.64 0.005714060268337424 0.0007538794928530489 7.422959176883684 3191
0.68 0.006683331707532406 0.0009000453823015236 7.696367397922733 3044
0.72 0.007522914357807835 0.00114831583640447 7.73419361165428 2736
0.76 0.009054080833398159 0.00136380601844542 8.342378532065094 2276
0.8 0.009304801721403128 0.001781363261963522 7.730951666270427 2016
0.84 0.01065070624832961 0.002209882852604834 8.03054051094351 1640
0.88 0.01147975627836156 0.002357292754796312 7.883843030725425 1056
0.92 0.0126544829412343 0.002727863854302014 7.947129733963533 683
0.96 0.01489422473735243 0.00300879244741403 8.601690901257131 350
1 0.01419363697131065 0.002955490816890455 7.563018529462899 192
1.04 0.01679389128430522 0.00420705808406711 8.251779001489453 44
1.08 0.02777825762922826 0.002470635735990369 12.55512925831081 25


0.04 3.633266345477559e-06 2.881801555304705e-08 1.78912499891065 18
0.08 2.201068276830394e-05 3.941047432651216e-07 2.342395966681636 62
0.12 7.941433056376634e-05 1.680453229707978e-06 3.499071191402682 98
0.16 0.0001778332464069225 4.692490363704455e-06 4.273487880767572 210
0.2 0.0002766618784466832 9.915810102431452e-06 4.269137155957166 350
0.24 0.0004687649350416023 1.645182728393495e-05 5.020603615997304 450
0.28 0.0006562666704543132 2.946485696501329e-05 5.11187668438937 602
0.32 0.0008637826862952435 4.633125359543587e-05 5.113803707715895 762
0.36 0.001236797886188512 7.615840230434439e-05 5.802542247016917 1142
0.4 0.001604420453619877 0.0001045138740397974 6.113075986141304 1250
0.44 0.001982362063153991 0.0001565739940098646 6.218809825020802 1458
0.48 0.002506124346082477 0.000219949899273775 6.584749542006126 1814
0.52 0.003300046952162823 0.0002757242466634928 7.393344497998683 2178
0.56 0.003751370262205435 0.0003741594047786154 7.24970186469843 2498
0.6 0.004162275146656743 0.0004887621377557901 6.988152081018821 2622
0.64 0.005088735642309918 0.0005825170009600145 7.496342055502959 3191
0.68 0.005412648527888782 0.000763854790071771 7.069668409507569 3044
0.72 0.006262262372731309 0.0009455555703586651 7.301764209256684 2736
0.76 0.007164588623371322 0.001181609194754387 7.487637612077252 2276
0.8 0.008757977243217207 0.001297734685924354 8.250654913964789 2016
0.84 0.009045019033238283 0.001779006029925415 7.734320823727712 1640
0.88 0.01019011195113029 0.001814808796708984 7.935803396842892 1056
0.92 0.010356380725888 0.002275078351357725 7.376430505328661 683
0.96 0.01295552289729654 0.00237678727468976 8.484836892681706 350
1 0.01185483946710797 0.002438069233491532 7.163861865861575 192
1.04 0.01303043619660813 0.003654453042913057 7.262089956771451 44
1.08 0.007833399856419433 0.005551221504364033 4.02356575328512 25


0.04 2.925184350446474e-06 2.724526023553601e-08 1.618543776690165 18
0.08 1.841016752228594e-05 3.384181142326377e-07 2.194540720932897 62
0.12 6.736188396868018e-05 1.423709899286067e-06 3.321569664440675 98
0.16 0.0001650978133905387 3.57183357206524e-06 4.435439715652407 210
0.2 0.0002505561725814424 7.892778033295637e-06 4.323303027351468 350
0.24 0.0003871388590585453 1.43438636079806e-05 4.638516285649612 450
0.28 0.0005687466786160505 2.428491703245501e-05 4.954563682811729 602
0.32 0.000727247512218369 3.937782383104949e-05 4.815673889303457 762
0.36 0.001081879120477353 6.223785657171218e-05 5.676131781661791 1142
0.4 0.001381321674332577 8.726921667250791e-05 5.885854536413288 1250
0.44 0.001722935216851736 0.0001283745865808572 6.044288903292901 1458
0.48 0.002335713542350825 0.0001662832036260297 6.861349008331281 1814
0.52 0.002824552432821599 0.0002307502152209046 7.076702870297273 2178
0.56 0.00319302201097395 0.0003162165959757768 6.900845513914671 2498
0.6 0.003936954591674138 0.000369290254457207 7.389983348077453 2622
0.64 0.004272853618722842 0.0004975477651405556 7.039351409601449 3191
0.68 0.0050729760827751 0.000586796708470095 7.408296639217706 3044
0.72 0.005819637327131168 0.0007247195595897233 7.586880735435253 2736
0.76 0.006818916066953289 0.000886774879087737 7.967471345960415 2276
0.8 0.007334342912113412 0.001110380834028405 7.726991157985374 2016
0.84 0.008800637100243033 0.001314150592892372 8.413246037330079 1640
0.88 0.008420857515568203 0.001571888137624747 7.334044857977688 1056
0.92 0.0100916906501544 0.001681233852740644 8.03605693791323 683
0.96 0.01153967715474834 0.001908405088338764 8.450698911071507 350
1 0.01095276129540449 0.001878367717222192 7.400469011022562 192
1.04 0.01610529886971997 0.002054618076550809 10.03141247949463 44
1.08 0.02262571005841011 0.001365261811794504 12.96648760910193 25


0.04 1.749040201786188e-06 3.671599306018241e-08 1.095344320682595 18
0.08 1.450208163128731e-05 3.154403304793192e-07 1.918093193982795 62
0.12 5.011366943400107e-05 1.384683454090114e-06 2.739924865840556 98
0.16 0.0001365391553226778 3.226260252478881e-06 4.059418343060483 210
0.2 0.0002273265381785734 6.408592340210598e-06 4.33724727914399 350
0.24 0.0003367300779400333 1.219429357108306e-05 4.462165007722334 450
0.28 0.0004768324583298457 2.137358921972644e-05 4.594780323302623 602
0.32 0.0006440795815373143 3.2866267082314e-05 4.716302984774067 762
0.36 0.0009895292043531744 5.0436984316652e-05 5.740207664015292 1142
0.4 0.001242573195653638 7.147675628507023e-05 5.854385674571974 1250
0.44 0.001548339182848919 0.0001057891488616294 6.00606855626099 1458
0.48 0.002105902804714552 0.0001367183800320266 6.840216424919254 1814
0.52 0.002473167112046258 0.0001963734116165291 6.851931235273305 2178
0.56 0.002955114449576863 0.0002533643174969864 7.061290423194303 2498
0.6 0.00336852900574435 0.0003198288686927046 6.992239936345533 2622
0.64 0.003868300261867424 0.0004058048518629867 7.046384542710692 3191
0.68 0.004355988003790574 0.0005018419237861882 7.034340742451367 3044
0.72 0.005111401767908585 0.0006136206886867857 7.368349368009064 2736
0.76 0.005725759726781279 0.0007815408059286384 7.398425206329223 2276
0.8 0.006685164172105135 0.0009002927438104454 7.787286418400205 2016
0.84 0.007561884073766877 0.001131142695631472 7.993825510372203 1640
0.88 0.007754342178447515 0.001264481385573004 7.467037143147576 1056
0.92 0.009468783703575142 0.001321727684620474 8.336377917401602 683
0.96 0.00896390338753841 0.001809450125752626 7.260164963310446 350
1 0.009419253608604449 0.001619084575995163 7.03750091319493 192
1.04 0.01219245977915253 0.002091864071214312 8.398954453529468 44
1.08 0.01346724238791573 0.002363562769765355 8.537910252517829 25


0.04 1.127621831596075e-06 3.866632941903894e-08 0.7969493372202081 18
0.08 1.404892352442151e-05 2.489308806664816e-07 2.033888607269024 62
0.12 6.103155581129657e-05 8.465663045081692e-07 3.642872385018892 98
0.16 0.0001214225254203021 2.768198616579074e-06 3.956567397980499 210
0.2 0.0001887662925213708 5.857503238470616e-06 3.948794253377566 350
0.24 0.0003029678154308681 1.02852389285865e-05 4.39912570430927 450
0.28 0.0004548130078866057 1.70606114506087e-05 4.800647700033538 602
0.32 0.0006129239696135055 2.637365286317135e-05 4.91643853025339 762
0.36 0.0009207593674946437 4.105511002165197e-05 5.851518897019751 1142
0.4 0.00114128100252698 5.922736718259822e-05 5.891126005836933 1250
0.44 0.00138757342215399 8.982061566968845e-05 5.897407767082616 1458
0.48 0.001753015671313428 0.0001255349071422803 6.240103404788864 1814
0.52 0.002339356682722818 0.0001563358297123959 7.100014801609118 2178
0.56 0.002583673302377183 0.0002188492882853382 6.76463453817538 2498
0.6 0.003056329562293984 0.0002671022852245499 6.950728756589108 2622
0.64 0.003660783756337468 0.0003257502825165678 7.305183265525797 3191
0.68 0.00403612283439255 0.0004120002238244067 7.140592253582901 3044
0.72 0.004745205834164711 0.0005036333647939404 7.494073860223588 2736
0.76 0.00527514494812203 0.000647449879803905 7.467598682416556 2276
0.8 0.005891287077288468 0.0007781184238493528 7.519077082162154 2016
0.84 0.007006663431848382 0.0009302027584885896 8.114669793344195 1640
0.88 0.007349323019974444 0.001009036535181378 7.752886044110473 1056
0.92 0.007703238410878005 0.001240398039320784 7.431812411295773 683
0.96 0.008699118728929039 0.001429013740924174 7.718294666449994 350
1 0.008971725670612994 0.001288775860316055 7.343347656115003 192
1.04 0.01162603585276915 0.001659704643005521 8.77369017301462 44
1.08 0.01878927742164254 0.0008940201776252882 13.04376675565339 25


0.04 1.147114876805134e-06 3.132597978250243e-08 0.875153473521798 18
0.08 1.259946936983382e-05 2.156678712868917e-07 1.985223052164732 62
0.12 3.517945019606211e-05 1.13235659170725e-06 2.299646224728302 98
0.16 0.0001158859171333758 2.244327678343691e-06 4.104773365762956 210
0.2 0.0001794492476388034 4.802915652056695e-06 4.080770028298041 350
0.24 0.0002900980202982432 8.35147229685778e-06 4.578975376455475 450
0.28 0.0004008638218960304 1.509300051397141e-05 4.601608496215572 602
0.32 0.0005262790105356913 2.382614872571771e-05 4.591356664187004 762
0.36 0.0008217935209558165 3.581947654675906e-05 5.6790283027909 1142
0.4 0.0009955121277153767 5.287226038170522e-05 5.588199559010393 1250
0.44 0.001255056830135549 7.719434133613395e-05 5.80001969418579 1458
0.48 0.001566883010963592 0.0001092466275444802 6.064827562464634 1814
0.52 0.001933445550946271 0.0001472334746885436 6.382086660070906 2178
0.56 0.002423987729477381 0.0001814509368078292 6.899944120821793 2498
0.6 0.002736076365200181 0.0002314245842520493 6.765802842421053 2622
0.64 0.003294178923323588 0.0002810360461543089 7.147544417319765 3191
0.68 0.003821318648272621 0.0003397724906326314 7.349997335453295 3044
0.72 0.004268628147830605 0.0004345630764152252 7.329965729566256 2736
0.76 0.00496060842346812 0.0005356939837898583 7.634673312769221 2276
0.8 0.005498787148636814 0.0006478216490494134 7.63021804735269 2016
0.84 0.006607260282623042 0.0007641710575735905 8.319319957290697 1640
0.88 0.006908937859932586 0.0008351708927697005 7.923908703810471 1056
0.92 0.006797544015917098 0.001085717289783602 7.13078316821555 683
0.96 0.007785011025642682 0.001237615732184431 7.510278576884859 350
1 0.007418812415522499 0.001213186375071337 6.603281981180287 192
1.04 0.01105644290056948 0.001357086388931614 9.071420378028582 44
1.08 0.0094264893805145 0.001954804050795481 7.120801391983966 25


