0.0256672 1.100157171773725e-06 1.260513737663608e-07 0.6632359879257187 18
0.0513344 7.282732008111708e-06 1.198724357966378e-06 1.129361311623694 62
0.0770016 2.44135153536622e-05 3.28221693912529e-06 1.60890393835199 98
0.102669 5.938915817702518e-05 1.130545718819618e-05 2.171620325424669 210
0.128336 0.0001226125160795275 2.476028643414942e-05 2.896475262173725 350
0.154003 0.000184609939093332 4.005960683047295e-05 3.039232578449174 450
0.17967 0.0003071814371923695 6.053846545593567e-05 3.681648366649719 602
0.205338 0.0004342228644358534 9.476502182545706e-05 3.96134335998991 762
0.231005 0.0005887733699453939 0.0001585652738492331 4.262820232156926 1142
0.256672 0.0007937996568106163 0.0002128970102912324 4.670414337592566 1250
0.282339 0.000997700189582658 0.0002940675212832519 4.835289280314382 1458
0.308006 0.001381942470749891 0.0003819711587043328 5.610208389633474 1814
0.333674 0.001631592468920391 0.0005065202884157627 5.65143968865869 2178
0.359341 0.002074360973359106 0.0006509428831768844 6.19827252825901 2498
0.385008 0.002494399697064068 0.0008648011342807466 6.476325125069682 2622
0.410675 0.002859937950449346 0.001041598994133063 6.521482712820532 3338
0.436342 0.003292682848275327 0.001260075801750014 6.66199669360932 3722
0.46201 0.003881721586379116 0.001558504052351943 7.013138489573119 4170
0.487677 0.004385673940041851 0.001878668530795021 7.104922990906526 4358
0.513344 0.004845400109769356 0.002306555178683405 7.078176487616249 5034
0.539011 0.005637567422817 0.002720608406698371 7.474192182724022 5714
0.564678 0.006243873868847389 0.003187710391373767 7.543694002331041 5982
0.590346 0.007174310024074241 0.003818631155424216 7.925172738079928 6602
0.616013 0.007696136691660767 0.004290510410004641 7.80367475262932 7130
0.64168 0.008557755240799578 0.005136785981635493 7.999112372801507 8034
0.667347 0.009249959483624778 0.006067619015118821 7.998295603732351 8606
0.693014 0.01012964470174209 0.006902615013200511 8.121915670348402 9066
0.718682 0.01105544534550551 0.008028988645123594 8.241959190158438 9962
0.744349 0.01194538601827339 0.008949014324908642 8.302246274588445 10550
0.770016 0.01280463674222629 0.010078340848443 8.314451178052577 11226
0.795683 0.01416485666684796 0.01137693668766975 8.612394242529666 12146
0.82135 0.01509298855535015 0.01277634755861822 8.60842945173842 12303
0.847018 0.01585085079175539 0.01428160374474607 8.498753903519781 12584
0.872685 0.01693046862716198 0.01619340226511061 8.554217779229756 12120
0.898352 0.0182101593785927 0.01846462446209753 8.682130694383698 11180
0.924019 0.01857423851085105 0.01991035074065908 8.370097848824274 11096
0.949686 0.01975282339526142 0.02207345050110113 8.427542007943286 10056
0.975354 0.02164194366687907 0.02481127908421805 8.753769615560833 9716
1.00102 0.01093520601554287 0.01215293480988224 4.198525313371981 8604
1.02669 2.427896274753237e-33 2.006814054990007e-33 8.857933000558318e-31 8060
1.05236 2.613805087307951e-33 2.044053069301295e-33 9.076949399251598e-31 7320
1.07802 2.704730635073197e-33 2.11769480166054e-33 8.954215256131056e-31 6356
1.10369 2.673593751315453e-33 2.227092098075478e-33 8.442965197646277e-31 5348
1.12936 2.871935289678604e-33 2.132488374571015e-33 8.65807458332609e-31 4308
1.15502 2.906503016037075e-33 2.328791620155301e-33 8.377681006132729e-31 3563
1.18069 2.918467747900766e-33 2.221264446852158e-33 8.053597545697599e-31 2448
1.20636 2.870992103854735e-33 2.361321890256149e-33 7.585040114219987e-31 1868
1.23203 2.707149291380538e-33 2.240296369215901e-33 6.852190214941332e-31 1358
1.25769 2.735444059877501e-33 2.368711161681207e-33 6.642024499019422e-31 1062
1.28336 2.656051271998772e-33 2.031025351201611e-33 6.202225258660948e-31 776
1.30903 2.495908310901905e-33 1.969514558523588e-33 5.60963546236699e-31 432
1.33469 3.279226664919301e-33 1.66600154512919e-33 7.065785722351453e-31 200
1.36036 2.495010309633134e-33 1.986492998128603e-33 5.166472944024527e-31 168
1.38603 2.3485046235635e-33 1.988749143930762e-33 4.692997720115137e-31 56
1.4117 4.198835587860709e-33 4.508609265919621e-34 8.091678984242142e-31 7


0.0256672 0.0009374247947469095 4.119769720220808e-06 5754.408120022017 18
0.0513344 0.008047403882101045 6.750330192739703e-06 8996.91000652482 62
0.0770016 0.02172545813060739 1.787732538126033e-05 9590.549755286158 98
0.102669 0.05423702660167588 0.0005204451487574237 12819.14961812729 210
0.128336 0.08297953639043723 0.00390399325563155 12531.48934511699 350
0.154003 0.07759320286464258 0.01188590376733989 8194.995517740741 450
0.17967 0.05233577732045998 0.02592114985619301 4140.865178986576 602
0.205338 0.01238137622901715 0.04056494026994768 915.5106807030617 762
0.231005 0.00958046253709364 0.04316094331856941 572.4136731681623 1142
0.256672 0.07697378744183744 0.03320554691264774 2871.696384439084 1250
0.282339 0.17460365813014 0.01233413756151622 5241.14599760229 1458
0.308006 0.2375165590890684 0.001304740646654378 5947.418315585815 1814
0.333674 0.1755419770398045 0.01192683179559791 3754.694065022974 2178
0.359341 0.06284928911878619 0.03412212318632452 1175.427399478087 2498
0.385008 0.008226801293079249 0.04299631454970551 150.0128229897265 2622
0.410675 0.04964938227335406 0.02633836639176503 705.2455998205165 3338
0.436342 0.1175355503326703 0.007916661468163567 1464.270004466766 3722
0.46201 0.1168501082473464 0.004191554356825868 1298.5003432692 4170
0.487677 0.06272677316020103 0.01380947226174108 626.7400497399466 4358
0.513344 0.02488340568568698 0.0198080123152862 226.0119856646819 5034
0.539011 0.0289850102497715 0.01556218264932907 237.8007036198906 5714
0.564678 0.0478525469961401 0.009421058435906406 355.9472026339822 5982
0.590346 0.0492503115654442 0.007493294957333392 334.6659375308901 6602
0.616013 0.03545066433187804 0.008906274186484641 221.2919802707666 7130
0.64168 0.0320142334906146 0.008496208321500555 184.1860814940354 8034
0.667347 0.03376019084677798 0.007033011254306023 179.525898352444 8606
0.693014 0.03482042539443996 0.005873877395558988 171.6029312323928 9066
0.718682 0.03149552121872459 0.00655426485127209 144.3373385544283 9962
0.744349 0.02624188918722543 0.007406964621782955 112.1577369487551 10550
0.770016 0.02441449586712083 0.007540419111326772 97.4871528937599 11226
0.795683 0.02512090819673265 0.007315485881286392 93.89887523664339 12146
0.82135 0.02294074846738315 0.006897137548297121 80.43075013873941 12303
0.847018 0.02212637073173957 0.005499560726262214 72.89202556744922 12584
0.872685 0.0193953916019287 0.004795082224489064 60.20237567918914 12120
0.898352 0.01682228349821531 0.004621387081393531 49.27282442701378 11180
0.924019 0.0153097135063442 0.003967438911429925 42.37521204677277 11096
0.949686 0.01253383147256885 0.004338005192748856 32.85544780090589 10056
0.975354 0.01021720046717026 0.004792752221456377 25.40201755388991 9716
1.00102 0.004833423075752269 0.002093902775656724 11.40430287334163 8604
1.02669 1.297766265646315e-30 3.961006881402565e-31 2.908483997396761e-27 8060
1.05236 1.398580346849415e-30 4.366789211049988e-31 2.983348774350765e-27 7320
1.07802 1.543128678075857e-30 4.613282884145813e-31 3.137679720972884e-27 6356
1.10369 1.620533804742928e-30 5.049452701430362e-31 3.143002193754006e-27 5348
1.12936 1.726451983124159e-30 5.390861347813861e-31 3.196577283909717e-27 4308
1.15502 1.868752644907819e-30 5.761577321794666e-31 3.307911958219129e-27 3563
1.18069 2.073546857882071e-30 6.297553967939241e-31 3.513719108533675e-27 2448
1.20636 2.016492881513909e-30 7.068344437644659e-31 3.27180375126512e-27 1868
1.23203 2.279743802042253e-30 7.59840209347678e-31 3.543345896971085e-27 1358
1.25769 2.279158803975023e-30 7.981944545517946e-31 3.398392673862634e-27 1062
1.28336 2.642540367225568e-30 7.806179000315962e-31 3.788727318229818e-27 776
1.30903 2.784856924233486e-30 8.822324074502564e-31 3.84300501164655e-27 432
1.33469 2.822163227744869e-30 7.374758024270359e-31 3.733275690679028e-27 200
1.36036 2.38313232684282e-30 9.733873946343177e-31 3.030205656290628e-27 168
1.38603 3.180602051491609e-30 8.697269099826978e-31 3.901329418196728e-27 56
1.4117 2.061665743821271e-30 1.354847817994997e-30 2.441336777051054e-27 7


0.0256672 0.0001013794464146835 5.865231971573089e-05 3502.726579681035 18
0.0513344 0.0005511518951539456 0.0005556993783937222 3123.219445763437 62
0.0770016 0.0006120946497430181 0.001673311816020655 1835.40883742594 98
0.102669 0.000229332767878562 0.004613746746836213 1334.504157636324 210
0.128336 0.002912292234535707 0.007715960069075688 1677.976721445762 350
0.154003 0.01821975167507107 0.007220602573462912 3895.672595044265 450
0.17967 0.05021889713664211 0.004056585985327549 7089.463835898418 602
0.205338 0.08028194661391602 0.0004137871298140545 8432.31975854033 762
0.231005 0.0685113446444157 0.003879130745838897 5720.021198563611 1142
0.256672 0.02625452643962981 0.0146197786612501 1868.494274805814 1250
0.282339 0.003307973413020221 0.01937513661531711 279.2818532109734 1458
0.308006 0.04316391959561128 0.01175365442277243 2034.307669976131 1814
0.333674 0.08559085537402066 0.00148517213535421 3369.654821065039 2178
0.359341 0.05996276448008198 0.005995528236749631 2043.390505125391 2498
0.385008 0.01117819645153989 0.01527359889808426 351.0336279575638 2622
0.410675 0.01897841028166489 0.01072605643489759 502.1580707548329 3338
0.436342 0.05024591545266863 0.002783253840577757 1152.917386066893 3722
0.46201 0.03650303750031429 0.00424670094324429 748.9085683281457 4170
0.487677 0.01303179162507095 0.008153120783155098 243.2980769546316 4358
0.513344 0.01856191271232339 0.005764429285816965 309.106264686198 5034
0.539011 0.02416620878128594 0.003348301177769491 363.2605405474643 5714
0.564678 0.01756600829919687 0.004271687151710003 241.0619212976791 5982
0.590346 0.01630880659080652 0.003880738808640883 204.4724415432453 6602
0.616013 0.01787012719811093 0.002705412247993141 205.1852648965188 7130
0.64168 0.01325309743985962 0.003297829944851711 140.4610001949709 8034
0.667347 0.01062330966816341 0.003520381780081052 104.2404085573532 8606
0.693014 0.01119967185721256 0.003036211480061114 101.7562816771678 9066
0.718682 0.01191741864755995 0.002794553071802798 100.5806047663427 9962
0.744349 0.01133741495684579 0.002737802087486665 89.18398441621515 10550
0.770016 0.01098955243537101 0.002705416128422957 80.74460715506214 11226
0.795683 0.01107256788616928 0.002677220191665491 76.15372852702083 12146
0.82135 0.01120098875278351 0.002283996938108528 72.21758914023168 12303
0.847018 0.00952000041608473 0.002063537050022209 57.69493925371238 12584
0.872685 0.007999758329154323 0.001874818829787524 45.68430488541021 12120
0.898352 0.006490362780360061 0.001922701923076851 34.98796436520228 11180
0.924019 0.006013620987912346 0.001623872040563275 30.62675742661123 11096
0.949686 0.006054072375498224 0.001448970054999769 29.17952531903157 10056
0.975354 0.006181369824957742 0.001346644241585498 28.23644674432999 9716
1.00102 0.002758241889811405 0.0006166153340357621 11.95949790677447 8604
1.02669 1.191378188631842e-30 2.992839948277298e-31 4.909994275658314e-27 8060
1.05236 1.278234069220747e-30 3.246318345343182e-31 5.01381276973023e-27 7320
1.07802 1.410813746785221e-30 3.583093489905011e-31 5.274911132726707e-27 6356
1.10369 1.44965215344475e-30 3.970782754116399e-31 5.170156295841445e-27 5348
1.12936 1.57859069369271e-30 4.150813638779407e-31 5.374135717222005e-27 4308
1.15502 1.699140400206358e-30 4.35805025192997e-31 5.529873217117231e-27 3563
1.18069 1.85188507239406e-30 4.808890345218747e-31 5.769741577569552e-27 2448
1.20636 1.932819249734833e-30 5.137577839644121e-31 5.765129626524751e-27 1868
1.23203 2.005141578873946e-30 5.67003810281988e-31 5.729897842102603e-27 1358
1.25769 2.073508926801181e-30 5.841125205186839e-31 5.683844333205969e-27 1062
1.28336 2.260335321045957e-30 6.216824047451083e-31 5.958142170576778e-27 776
1.30903 2.398249542100712e-30 7.318723633938442e-31 6.084996950096585e-27 432
1.33469 2.590875305798247e-30 6.998096921801427e-31 6.301319976496676e-27 200
1.36036 2.49904757902395e-30 6.405960152662702e-31 5.839863535684764e-27 168
1.38603 2.464287338635946e-30 8.893127427897949e-31 5.558931614789421e-27 56
1.4117 2.342124348640314e-30 1.286664351363482e-30 5.100243372790628e-27 7


0.0256672 8.63185361967442e-05 2.701994352328388e-05 3757.990430033141 18
0.0513344 0.0009706266377903472 0.0001779022767240508 4572.915933007447 62
0.0770016 0.003494288043357008 0.0002996842183393811 4984.351241142484 98
0.102669 0.01136612640121452 0.0003112953133902572 7750.479303320326 210
0.128336 0.02279858834633615 6.663173528938495e-05 9476.045941339355 350
0.154003 0.02457168681368464 0.001255743207370878 7102.36871137972 450
0.17967 0.01542267153728871 0.005127914353069797 3465.493390825161 602
0.205338 0.001788867857023483 0.009366905912844612 624.3784140898643 762
0.231005 0.0125983829090088 0.007605809745088357 1707.400046555467 1142
0.256672 0.04509322471067464 0.001915608127697936 4459.647048470971 1250
0.282339 0.0476183862682937 0.001467561173449079 3856.627677264246 1458
0.308006 0.01524318445081224 0.008771384845594152 1093.240476781142 1814
0.333674 0.007689467298532393 0.009545110046561174 493.4530346852582 2178
0.359341 0.03867843805522846 0.002380369582696463 1922.865007097546 2498
0.385008 0.03611692451750941 0.002312701326882818 1557.413031155614 2622
0.410675 0.007777641338553532 0.006779300016328609 309.0575253418353 3338
0.436342 0.0152528699344116 0.004491924414632835 517.7224807765298 3722
0.46201 0.02431905683865702 0.001647613786101574 727.061301392925 4170
0.487677 0.01194373999318946 0.003627141851094182 323.2553655437004 4358
0.513344 0.01070864277263929 0.003252676517765672 260.875694384001 5034
0.539011 0.01265034897104813 0.002168611554717308 277.9195627545479 5714
0.564678 0.009105190463891806 0.002618606825661472 182.8262585399413 5982
0.590346 0.01039678005890662 0.001958458156997192 190.0873463559525 6602
0.616013 0.01035078896003593 0.001518178346725261 173.3766386321672 7130
0.64168 0.006914521424864191 0.002011934613490171 107.1025069856979 8034
0.667347 0.006639571349592025 0.001857356066537323 95.03372782757883 8606
0.693014 0.006709175389168317 0.00165327118299586 88.92021896295681 9066
0.718682 0.006649723574164314 0.001624760867510943 81.89506902219526 9962
0.744349 0.006577243228374842 0.001531124678045404 75.46274805425165 10550
0.770016 0.006971076325659367 0.001378382680211866 74.64400300831493 11226
0.795683 0.006965760225386339 0.001373929224449853 69.81700894446379 12146
0.82135 0.006236929080881666 0.001338239145678542 58.63794012124834 12303
0.847018 0.005193542149658773 0.001231341754887819 45.90213414203575 12584
0.872685 0.004622768959075645 0.001049389903398859 38.48400081110903 12120
0.898352 0.004472288025224605 0.0009069470375162391 35.11127557264805 11180
0.924019 0.003612014596801218 0.0008790452685860452 26.80963298564988 11096
0.949686 0.003448088997405033 0.0008264373494313238 24.22425973011593 10056
0.975354 0.003040737814938941 0.0008830640862050461 20.25993658704598 9716
1.00102 0.001400719550525589 0.0003914207364499238 8.856341524608652 8604
1.02669 1.052940565147454e-30 2.610128746825047e-31 6.324072733335433e-27 8060
1.05236 1.159900421029036e-30 2.754909263292263e-31 6.629251272949849e-27 7320
1.07802 1.269277744694209e-30 3.004268327983284e-31 6.914546485605179e-27 6356
1.10369 1.332997034670372e-30 3.306838586683581e-31 6.926446215439523e-27 5348
1.12936 1.354209190306006e-30 3.467401294432705e-31 6.717442921527799e-27 4308
1.15502 1.542873917225093e-30 3.602030763522354e-31 7.315081958500748e-27 3563
1.18069 1.608076755682098e-30 3.901180938807521e-31 7.298804731290522e-27 2448
1.20636 1.800422032590092e-30 4.232380314919162e-31 7.822590181145334e-27 1868
1.23203 1.923037434405308e-30 4.313542952165901e-31 8.003261763044484e-27 1358
1.25769 1.976453255664178e-30 4.755886932912765e-31 7.891221221909802e-27 1062
1.28336 2.003657356247675e-30 5.289216602730981e-31 7.69405869322902e-27 776
1.30903 2.388234619510313e-30 5.515356197529547e-31 8.824165154156816e-27 432
1.33469 2.603286101334175e-30 5.706269126564751e-31 9.2205473490934e-27 200
1.36036 2.369043478378113e-30 4.702856439413928e-31 8.061614312554798e-27 168
1.38603 2.942203927310555e-30 4.281667576688658e-31 9.658093460034234e-27 56
1.4117 2.614465525361623e-30 1.125173493511869e-30 8.291367111314305e-27 7


0.0256672 0.0001310353136435774 3.127370725771334e-06 4386.152386071688 18
0.0513344 0.0009753095959704099 5.282980707172289e-05 5273.195379486716 62
0.0770016 0.002023979169468924 0.0002660762722390375 4258.607328974 98
0.102669 0.003113343516584071 0.001128995481446874 3837.611215617115 210
0.128336 0.001055048943451478 0.002941415417943857 1740.211297408319 350
0.154003 0.00133640532938827 0.003892403111234689 1258.859737237897 450
0.17967 0.01204729645833647 0.002988901365790865 3579.545619515417 602
0.205338 0.02872250618897811 0.0005203539244875954 5885.235325594706 762
0.231005 0.02575331075124149 0.00150451025767905 4189.850511729668 1142
0.256672 0.006173525810997101 0.00626011922573049 964.5292904361081 1250
0.282339 0.006564630244896403 0.00616072792876277 809.8893309102865 1458
0.308006 0.03141176157917337 0.001332733919663559 2808.547737531488 1814
0.333674 0.02475789932194803 0.002259896065988283 1893.282218901743 2178
0.359341 0.003645229431888293 0.006253455774167751 280.8066996567359 2498
0.385008 0.01670699248771208 0.003044490508584649 960.0508631763182 2622
0.410675 0.02097510495507089 0.001146188050470267 1044.130890888783 3338
0.436342 0.006701657548813013 0.003736556858717069 306.3545529660536 3722
0.46201 0.01021990405620488 0.002361497123791613 406.5427551116639 4170
0.487677 0.01240847472897244 0.001442486866363144 438.66181406389 4358
0.513344 0.007463817265701705 0.002090946414610116 239.6687593914375 5034
0.539011 0.008180380788394073 0.001493531951827898 236.8493318908845 5714
0.564678 0.00594035217473599 0.001759873241873897 157.3145918375428 5982
0.590346 0.006093261212417188 0.001479574826090581 147.0106896633083 6602
0.616013 0.006897473742826151 0.001007681078985298 152.035876943303 7130
0.64168 0.005335933862225349 0.001172952058640244 108.6112129067024 8034
0.667347 0.00480330184570861 0.00114840273392374 90.41841869172551 8606
0.693014 0.004494893679402211 0.001090862660844606 78.40585682158937 9066
0.718682 0.004265640868366257 0.00111247075509192 69.16699911591181 9962
0.744349 0.0041531528343175 0.001064593090009455 62.73317710298956 10550
0.770016 0.004575345570089315 0.0009289854697034496 64.44718754674471 11226
0.795683 0.004311601429778576 0.0009845179862435233 56.87405484022928 12146
0.82135 0.004049903746114659 0.0009100766067107401 50.0869132253984 12303
0.847018 0.003773949028677348 0.0007447987483689304 43.8340132230374 12584
0.872685 0.003139442168507825 0.0006831316522442441 34.36211616188818 12120
0.898352 0.002816316638683699 0.0006393677385966327 29.08227477705074 11180
0.924019 0.002372967259919821 0.000589124175863553 23.16085757460526 11096
0.949686 0.002325218966293016 0.0005416387606134474 21.47527148963559 10056
0.975354 0.002405696034965246 0.0004964705804666775 21.05025544255586 9716
1.00102 0.001089823221451766 0.0002228097989602832 9.050078048346329 8604
1.02669 9.843614376501227e-31 2.244580457408313e-31 7.769874770898032e-27 8060
1.05236 1.045021949072839e-30 2.457104782574223e-31 7.850519868442642e-27 7320
1.07802 1.151655625278647e-30 2.645303241366709e-31 8.245530831154531e-27 6356
1.10369 1.228106236886764e-30 2.885659485558138e-31 8.386215613090627e-27 5348
1.12936 1.317967036912069e-30 2.892040853490824e-31 8.589266701537399e-27 4308
1.15502 1.332248731733375e-30 3.244998086881153e-31 8.301967830176655e-27 3563
1.18069 1.471637923009234e-30 3.33177640587613e-31 8.776710803379165e-27 2448
1.20636 1.524256219360046e-30 3.79576912912089e-31 8.704281544617098e-27 1868
1.23203 1.653516974530986e-30 4.013317576561195e-31 9.044332782551834e-27 1358
1.25769 1.749985544204503e-30 4.350635631208009e-31 9.18199715075364e-27 1062
1.28336 1.863981006182077e-30 4.375279850231562e-31 9.403312162181055e-27 776
1.30903 1.884361607857817e-30 5.150486799135626e-31 9.151500649448585e-27 432
1.33469 2.446589836218196e-30 4.568466675211999e-31 1.138264526815257e-26 200
1.36036 2.449193488945978e-30 4.187207812019728e-31 1.094766529834162e-26 168
1.38603 2.197619648145247e-30 4.659163863096637e-31 9.480943939497738e-27 56
1.4117 1.630087560401288e-30 1.337649631361242e-30 6.811971543741795e-27 7


0.0256672 9.33223990405971e-08 2.162663085320341e-05 3381.043173927454 18
0.0513344 1.646993719731089e-05 0.000178877981426844 2982.509459687763 62
0.0770016 0.0002815834672781916 0.0004329207635825631 2342.251413576507 98
0.102669 0.002124825977941909 0.0008379322749518384 3586.910962442209 210
0.128336 0.008348253320560033 0.0005696953619270163 6171.902139958257 350
0.154003 0.01448598677871248 5.470583492855555e-05 6859.423025944045 450
0.17967 0.01423542605370458 0.001065314899797757 4985.717617120075 602
0.205338 0.004097643685610271 0.003845361632694709 1414.486299239667 762
0.231005 0.003560886043827812 0.004190325522130672 967.2567550498884 1142
0.256672 0.02063923219142478 0.001171463638765715 3377.298706805823 1250
0.282339 0.02164319240083173 0.0009939750485079661 2890.163031344829 1458
0.308006 0.004211314998938951 0.004853612813258636 560.2261647965746 1814
0.333674 0.01011466247088039 0.003246967607887855 996.6347081629496 2178
0.359341 0.02143148837432475 0.0006057700773425988 1739.299126160042 2498
0.385008 0.006706286448594416 0.003369277513048138 497.5334016951151 2622
0.410675 0.006879285859261246 0.00257499830477867 439.2351743573581 3338
0.436342 0.01326249034522629 0.0009327320272730516 727.3154198768547 3722
0.46201 0.005515183094756569 0.002125819519362905 276.4022067009136 4170
0.487677 0.007071308352946306 0.001452766480757124 312.5295465931276 4358
0.513344 0.006480577123923199 0.001288146454779685 257.5828016638591 5034
0.539011 0.005475563543185229 0.001184284852607849 197.3661565976211 5714
0.564678 0.005824841689915078 0.0009518547137847054 190.4598998311167 5982
0.590346 0.00393542125624338 0.001178383348480809 118.3022887774108 6602
0.616013 0.004096992610608868 0.0009264093803437213 112.4936616601074 7130
0.64168 0.004183701137454868 0.0007825989604760008 105.5934509618971 8034
0.667347 0.003891085008528189 0.0007459064599384655 90.77667748528559 8606
0.693014 0.003635030566181653 0.0007111439866301087 78.58095632208729 9066
0.718682 0.003341170192487141 0.0007537991062027937 67.17298667539802 9962
0.744349 0.002967524576225892 0.0007821590112476808 55.64485661825685 10550
0.770016 0.003160036366830518 0.0007090213106325659 55.25456132871555 11226
0.795683 0.002927929265344431 0.0007576455214102289 47.95498990267227 12146
0.82135 0.00288359358930708 0.0006715340228142575 44.24748517936105 12303
0.847018 0.00271703630208849 0.0005453731331022427 39.14113936575549 12584
0.872685 0.002242282251676685 0.0005036447923082134 30.44231738593236 12120
0.898352 0.002057383672017414 0.0004606303495486731 26.34548156713442 11180
0.924019 0.00175173376699249 0.0004204664147377037 21.19997320425261 11096
0.949686 0.001722122685767812 0.0003849914340613077 19.71883407276538 10056
0.975354 0.001848542973277388 0.0003377251172028869 20.04516107190657 9716
1.00102 0.0007796703607179256 0.0001645246817256686 8.027544096889443 8604
1.02669 9.150311277552204e-31 2.044553456528154e-31 8.953647299751691e-27 8060
1.05236 9.753979855065784e-31 2.166402591419634e-31 9.082230882098295e-27 7320
1.07802 1.036277966884173e-30 2.469393217038047e-31 9.19861763618758e-27 6356
1.10369 1.131061680015146e-30 2.625936248340046e-31 9.573749100616891e-27 5348
1.12936 1.126399249397222e-30 2.690364080666991e-31 9.101304779981153e-27 4308
1.15502 1.287699010738721e-30 2.912002483375346e-31 9.944274355117273e-27 3563
1.18069 1.36056975723531e-30 3.14507781933383e-31 1.005790671954064e-26 2448
1.20636 1.497717890414051e-30 3.219592491057609e-31 1.059624865482471e-26 1868
1.23203 1.606654358593558e-30 3.557929767393206e-31 1.088907605627307e-26 1358
1.25769 1.683584940896946e-30 3.753115063487246e-31 1.094505571812625e-26 1062
1.28336 1.689999734899423e-30 3.984294195338394e-31 1.056616290398204e-26 776
1.30903 1.940782297234833e-30 3.772294286908776e-31 1.167242332018133e-26 432
1.33469 1.782723367065348e-30 5.349596276221144e-31 1.028889093190365e-26 200
1.36036 1.709271449781148e-30 5.171264627669155e-31 9.47838286330267e-27 168
1.38603 1.684871476332973e-30 4.762486049334594e-31 9.013180575557843e-27 56
1.4117 5.796344220330581e-30 8.603967784325626e-31 2.987294444671326e-26 7


0.0256672 7.035162073008658e-05 2.215329281825459e-06 4188.818139405636 18
0.0513344 0.0006539886303222257 6.243399127280028e-06 5282.051776301722 62
0.0770016 0.001840235443609036 1.153006789139929e-06 5120.510274302524 98
0.102669 0.004313584346911069 9.90793724118989e-05 6190.888014648673 210
0.128336 0.004457821549492122 0.0008467731112639615 4475.061281907076 350
0.154003 0.00106269716099334 0.002108743163430475 1475.106433000051 450
0.17967 0.001616698105269945 0.002718017582189914 1281.683594933713 602
0.205338 0.01154748803663232 0.00120795798164782 3693.474272907206 762
0.231005 0.01678662490014599 0.0003324573958485107 4052.587316486348 1142
0.256672 0.006202740888543319 0.00290995321958812 1364.147370737674 1250
0.282339 0.002950265116810308 0.003575952126575536 607.331170935139 1458
0.308006 0.01759075527617788 0.0007372077998850776 2345.433133519596 1814
0.333674 0.01150661363387092 0.001736145391106923 1327.927675452566 2178
0.359341 0.002742183702615873 0.003317547413612229 315.1494307201037 2498
0.385008 0.01356339028192298 0.0008177024745483664 1146.300571736104 2622
0.410675 0.007704830460527548 0.001481551881884115 579.3522893605847 3338
0.436342 0.004368698196293212 0.001933519259865831 297.9286909810608 3722
0.46201 0.008010174765614005 0.0008344792081061621 469.713140963414 4170
0.487677 0.004440144501456563 0.001328922735109431 236.8743724512971 4358
0.513344 0.005164236538692793 0.0009477451551116775 245.4139244304314 5034
0.539011 0.003720462757092265 0.001012120482219514 161.1228068051765 5714
0.564678 0.004413339241756251 0.0007428160432203597 172.6220524587758 5982
0.590346 0.003971373823816617 0.0007028828046113607 141.8882970055187 6602
0.616013 0.002875301177729491 0.000770285026370321 94.63139658049192 7130
0.64168 0.002906114888172905 0.0006655300598629203 87.8584680761022 8034
0.667347 0.002820384680509299 0.0006080337013731976 78.72581142438098 8606
0.693014 0.002788625335718694 0.0005465335337307224 72.04062570678313 9066
0.718682 0.002920400931572601 0.0005027019180342973 70.01723717919569 9962
0.744349 0.00261009642923638 0.0005296043253030852 58.3627228519998 10550
0.770016 0.002530275721507388 0.0005228328727933715 52.82599509944454 11226
0.795683 0.002518641153290817 0.0005237011117918295 49.20615601828685 12146
0.82135 0.002202850532730876 0.000517983205582836 40.37991456426257 12303
0.847018 0.001981630667446159 0.0004415490707216498 34.11359325013473 12584
0.872685 0.001737406132876293 0.0003832700898500285 28.16701058721381 12120
0.898352 0.001649241892087738 0.0003385149098556531 25.2075694253307 11180
0.924019 0.001339785946469298 0.0003239059145967751 19.3633273417185 11096
0.949686 0.001337001059678087 0.0002923054815231658 18.2768646655227 10056
0.975354 0.001405154222260594 0.0002629929655594813 18.19110898682359 9716
1.00102 0.0005877778634199318 0.0001287985960310132 7.225867505874947 8604
1.02669 8.447167866274457e-31 1.896874213980601e-31 9.867699399409133e-27 8060
1.05236 9.203036555799379e-31 2.015114955574681e-31 1.022865602242569e-26 7320
1.07802 9.776307571600635e-31 2.252928843760601e-31 1.035771655958835e-26 6356
1.10369 1.058984244415232e-30 2.40378511753154e-31 1.069858330153569e-26 5348
1.12936 1.039165038666912e-30 2.465932781341598e-31 1.002194969104865e-26 4308
1.15502 1.212316642028048e-30 2.72751775305376e-31 1.117377771043376e-26 3563
1.18069 1.220963105158877e-30 2.963384987262672e-31 1.077428773099275e-26 2448
1.20636 1.278287157020953e-30 3.079509029315026e-31 1.079723836294376e-26 1868
1.23203 1.359917084490574e-30 3.356042182964926e-31 1.100326412914628e-26 1358
1.25769 1.469108275448912e-30 3.820463060412979e-31 1.140328199420522e-26 1062
1.28336 1.562929707092351e-30 3.561375539436411e-31 1.166002470468868e-26 776
1.30903 1.527425721540283e-30 4.089668360364054e-31 1.097114310795728e-26 432
1.33469 1.868613904050359e-30 4.710764977406244e-31 1.286393884586154e-26 200
1.36036 1.947353618734445e-30 4.586900089093609e-31 1.287760798887034e-26 168
1.38603 1.92481210236422e-30 3.693243412519551e-31 1.227554758741713e-26 56
1.4117 4.74308560796362e-30 9.180539743163407e-31 2.91756935027065e-26 7


0.0256672 2.86795760302187e-05 7.447212693424098e-06 3828.700275653803 18
0.0513344 0.0001523303604269676 8.097838423954124e-05 3729.520110519436 62
0.0770016 0.0001468152926206921 0.0002718463475171731 2412.759296642192 98
0.102669 5.167855064149973e-05 0.0007723567939091216 2047.635486885083 210
0.128336 0.001463477299185153 0.00109974616607107 2675.574741000222 350
0.154003 0.006430701370434565 0.0005343010604779638 4604.744390315076 450
0.17967 0.01145653803748738 8.969398785986449e-05 5493.771079103935 602
0.205338 0.007548043097542694 0.001322938349681968 2939.64027111584 762
0.231005 0.0009874722105967823 0.002819494491847612 602.323146270609 1142
0.256672 0.009194164336952783 0.001436475260313822 2184.500062825561 1250
0.282339 0.01455425271553161 0.000346288580240537 2706.535088194274 1458
0.308006 0.003594486288820286 0.002762229418865174 656.8393732521074 1814
0.333674 0.006393963397289318 0.001953438184189535 890.1930161910451 2178
0.359341 0.01253853059953019 0.0005056813054403006 1421.731060015665 2498
0.385008 0.0028803548742094 0.002315570316045601 316.8499382340921 2622
0.410675 0.006436712310970822 0.001116768787309463 563.8839250295135 3338
0.436342 0.006639865551100495 0.0008908978689635364 511.3252039398378 3722
0.46201 0.003498739650591663 0.001274006825338743 245.8514338886647 4170
0.487677 0.005093555241902654 0.0007351112592156854 312.5487452474744 4358
0.513344 0.003594272229944672 0.0008701786162991331 200.1252548071993 5034
0.539011 0.003880087925094549 0.0006166932541975151 194.2020141745673 5714
0.564678 0.002439848740535764 0.0008235985732140669 112.5397538176375 5982
0.590346 0.002998716190389142 0.000597305672391467 124.9537727303073 6602
0.616013 0.002856285167182137 0.0004969263383119628 108.8937105171468 7130
0.64168 0.002470821946291136 0.0005005605757845429 86.85724402701547 8034
0.667347 0.002173189452788207 0.0005028397978008852 70.68036559590699 8606
0.693014 0.001921801247229531 0.0005015552710909531 57.96827232268515 9066
0.718682 0.002065934896858693 0.0004582947174151217 57.76289472864401 9962
0.744349 0.002094089391595918 0.0004206960124067408 54.48005577376777 10550
0.770016 0.001983446929601517 0.0004260310916107345 48.19498981259999 11226
0.795683 0.002182163055991972 0.0003818302914032171 49.5352634857492 12146
0.82135 0.001854629328698224 0.0003935079549235287 39.5195931070047 12303
0.847018 0.001605553040414796 0.0003482249604210535 32.14442408792429 12584
0.872685 0.001432340806441593 0.000296676849044464 26.99741988766796 12120
0.898352 0.001366241595963932 0.000259888451649294 24.27390112286263 11180
0.924019 0.001068965866574526 0.0002589682420257242 17.96823582085123 11096
0.949686 0.00105232740771155 0.0002369559107130683 16.73093134521688 10056
0.975354 0.001101831037026917 0.0002147897730546283 16.58766603802693 9716
1.00102 0.000470723617878248 0.0001026233807860025 6.728285581523064 8604
1.02669 7.830971359494929e-31 1.771390642229526e-31 1.063634217071536e-26 8060
1.05236 8.604447262711018e-31 1.896380824628431e-31 1.111857296121533e-26 7320
1.07802 9.244515689853335e-31 2.028646227962845e-31 1.138404413862287e-26 6356
1.10369 1.011353667855591e-30 2.194983708749862e-31 1.187559496302924e-26 5348
1.12936 9.998984417832765e-31 2.261122177230342e-31 1.120801455641927e-26 4308
1.15502 1.160923410742713e-30 2.592541091955268e-31 1.243769735923437e-26 3563
1.18069 1.176290929301292e-30 2.714328280126412e-31 1.206351311139424e-26 2448
1.20636 1.200472616454864e-30 2.916479164553713e-31 1.178688615527854e-26 1868
1.23203 1.313547070279106e-30 3.063112213657845e-31 1.235126158672456e-26 1358
1.25769 1.444861994861099e-30 3.278380114233368e-31 1.30293494815389e-26 1062
1.28336 1.330443794121955e-30 3.542472751284376e-31 1.154239220911653e-26 776
1.30903 1.381335713768496e-30 4.029227039137289e-31 1.15362818138541e-26 432
1.33469 1.932432707717457e-30 3.882550116834458e-31 1.545105204793234e-26 200
1.36036 2.112278155869573e-30 4.132170753897874e-31 1.622546820607188e-26 168
1.38603 1.521531275264196e-30 2.980499355625592e-31 1.127679070748077e-26 56
1.4117 3.968165358680409e-30 7.306797306263344e-31 2.836414545958049e-26 7


0.0256672 1.202997998860884e-05 8.444533679497727e-06 3680.307798687321 18
0.0513344 0.0001748578851089753 5.611855269510019e-05 3952.19056276993 62
0.0770016 0.000765209492826669 9.10757338543786e-05 3804.633960277269 98
0.102669 0.002762770587002241 7.818792526904131e-05 5566.708290759347 210
0.128336 0.005368726002230831 5.507091649474002e-05 6282.987852206425 350
0.154003 0.00414468816959376 0.0006802733339613477 3678.87607597299 450
0.17967 0.0008268350796153907 0.001838072334370116 1177.018397904274 602
0.205338 0.002929605385262598 0.001752434467600928 1616.137957740482 762
0.231005 0.01071287020811057 0.0002820590123293474 3479.720169930072 1142
0.256672 0.007791139126183372 0.001145640916542202 2124.521684013934 1250
0.282339 0.00101374810099967 0.002541230268689109 386.7482035461124 1458
0.308006 0.010007381847331 0.000807995708032735 1801.00329103011 1814
0.333674 0.008388707979434789 0.0009690731110470808 1288.387700316573 2178
0.359341 0.002027868991263633 0.00213006317658221 316.6319829387181 2498
0.385008 0.009130402918559306 0.0004971298636801162 1026.995169624987 2622
0.410675 0.004163913576459235 0.001159520498502 424.3900349381269 3338
0.436342 0.003917335316000838 0.001050841742770775 351.3918283212029 3722
0.46201 0.004717011285341544 0.0006654564032747264 369.9082488900648 4170
0.487677 0.003053309491498499 0.0008428064031981101 217.2678890172931 4358
0.513344 0.003263933593236249 0.0006510545798651558 206.9777808112404 5034
0.539011 0.002583934349328111 0.0006349376366000932 148.9203481351728 5714
0.564678 0.00316030169871203 0.0004349534035985443 164.0128663296705 5982
0.590346 0.002198466106525477 0.0005485187411643846 105.0430515250021 6602
0.616013 0.002032418968643016 0.0004750831430909567 88.84396885274846 7130
0.64168 0.001990850168088082 0.0004205062610603631 79.95371428832932 8034
0.667347 0.001990643735023259 0.000370899610924208 73.72426947339353 8606
0.693014 0.001895138098716577 0.0003462234348993201 64.98610707177313 9066
0.718682 0.001628716971059884 0.0003923742384755518 52.02844847161534 9962
0.744349 0.001620755068541734 0.000367597801553815 48.17568746520121 10550
0.770016 0.001502470132580768 0.0003777059049462985 41.7267703425763 11226
0.795683 0.001550526038545462 0.0003659909172852674 40.2541805438967 12146
0.82135 0.001539262833431596 0.0003205931679134282 37.41153254597047 12303
0.847018 0.001335639216679168 0.0002833614837669256 30.4977656908011 12584
0.872685 0.00115743572637597 0.0002485148033276894 24.88924505444943 12120
0.898352 0.001081367881066208 0.0002229185677127731 21.92190928058159 11180
0.924019 0.0009267845117874273 0.0002027233165536613 17.75456287450302 11096
0.949686 0.0008524062676810951 0.0001977997539714856 15.45842949063 10056
0.975354 0.0008572749473145779 0.0001873656188703363 14.72558514560913 9716
1.00102 0.0003933090808108154 8.309284971544769e-05 6.408987270336809 8604
1.02669 7.408944532190228e-31 1.656023277482886e-31 1.147328687252626e-26 8060
1.05236 8.218365809679355e-31 1.807376366736564e-31 1.210790890046748e-26 7320
1.07802 8.866327430739204e-31 1.895708135949807e-31 1.244611760366291e-26 6356
1.10369 9.496996932196161e-31 2.04531709822366e-31 1.271257697834221e-26 5348
1.12936 9.605267111413423e-31 2.145264996302084e-31 1.227332628580738e-26 4308
1.15502 1.095682704140425e-30 2.396537964156456e-31 1.338046373446231e-26 3563
1.18069 1.134842315241148e-30 2.558158692060501e-31 1.326564304558824e-26 2448
1.20636 1.132186669266555e-30 2.709370679522366e-31 1.267116953690385e-26 1868
1.23203 1.257852865511889e-30 2.872775335540227e-31 1.348044125274011e-26 1358
1.25769 1.384177485945163e-30 2.971520604441865e-31 1.422448319870496e-26 1062
1.28336 1.308448123053128e-30 3.282533290014181e-31 1.293620175904964e-26 776
1.30903 1.406764995720391e-30 3.385253271423676e-31 1.338130048969441e-26 432
1.33469 1.938119779138951e-30 3.540773509215143e-31 1.765557879885407e-26 200
1.36036 1.973765259401351e-30 4.114405562162522e-31 1.728193769516587e-26 168
1.38603 1.245830885305279e-30 3.505806902164132e-31 1.053570269762584e-26 56
1.4117 3.744279821780422e-30 7.867665890623946e-31 3.050989796363159e-26 7


0.0256672 4.404078572595192e-05 1.966236916894938e-07 4152.716113884389 18
0.0513344 0.0003390538162576894 8.238033915100339e-06 4816.916703203732 62
0.0770016 0.0007111876646553623 6.360849957660894e-05 3897.272929213741 98
0.102669 0.001025249890144492 0.0003330517543017243 3581.036326507602 210
0.128336 0.0002243984444882112 0.0009245666357940667 1908.396722393419 350
0.154003 0.001202919224888966 0.001035834001687421 1964.685549371585 450
0.17967 0.006158148066325226 0.0004230191143685016 4031.884873571245 602
0.205338 0.008684711450838833 0.0002032349719392064 4083.986906686559 762
0.231005 0.002402803084145103 0.001599480322457025 1168.189065921306 1142
0.256672 0.002949517795468392 0.001697989277211104 1068.37632918293 1250
0.282339 0.01026099211374617 0.0002003405512798236 2459.00865420795 1458
0.308006 0.004463702351855657 0.001502830144653961 975.8047557447744 1814
0.333674 0.003250014192047312 0.001595406294818853 617.4820072186084 2178
0.359341 0.008703888652747719 0.0003462173416778563 1270.063331518211 2498
0.385008 0.002185535475226136 0.001560183300030218 313.0048120462307 2622
0.410675 0.004707252151969243 0.0007217021606564664 530.6419176239472 3338
0.436342 0.004083575429939161 0.0007233722416843067 407.7885588936439 3722
0.46201 0.002874890076050648 0.0007862351577895052 258.5346299893993 4170
0.487677 0.003244605609984217 0.0005684510379847477 257.1413581284725 4358
0.513344 0.002757369140627229 0.0005453583216481976 196.8843713173359 5034
0.539011 0.002376144584324686 0.000492200051911987 153.6420584190021 5714
0.564678 0.001907785703337371 0.0005229058312141167 112.7995396200777 5982
0.590346 0.002209780454809179 0.0003857670965165346 118.0962053655337 6602
0.616013 0.001846873663661993 0.0003714372505575841 90.61373414560155 7130
0.64168 0.001623519820949883 0.0003645824061199599 73.41348364722627 8034
0.667347 0.001469498727205169 0.0003550873131086643 61.42599794797108 8606
0.693014 0.001484638237405483 0.0003142837122342199 57.34022759165337 9066
0.718682 0.001567795528708285 0.000288310038056426 56.13010496635787 9962
0.744349 0.001487622691469538 0.0002833841458472255 49.61403695599589 10550
0.770016 0.001504280179498081 0.0002669440832136525 46.79077444703373 11226
0.795683 0.001376484885676274 0.000293115464188859 40.1238113891436 12146
0.82135 0.001289411085907287 0.0002709561388475707 35.22079322904352 12303
0.847018 0.001084386323323224 0.0002466263562782357 27.84151753421814 12584
0.872685 0.0009416090061075311 0.00021591984127306 22.76437780941004 12120
0.898352 0.0008605348579786754 0.000198184443403603 19.61729061322499 11180
0.924019 0.0008366351716031025 0.000158327456329688 17.98734755510198 11096
0.949686 0.0007362511244313946 0.0001623182777120274 14.99426999323393 10056
0.975354 0.0006905957690332166 0.0001642487562139206 13.33368008242321 9716
1.00102 0.0003342941777522886 6.919003663972094e-05 6.117820377858791 8604
1.02669 6.918359159979509e-31 1.58195418871645e-31 1.203560706430493e-26 8060
1.05236 7.766453564765156e-31 1.713210763012651e-31 1.285140694007164e-26 7320
1.07802 8.219589396258685e-31 1.836530063248821e-31 1.296176255037353e-26 6356
1.10369 8.885781929160127e-31 1.983086225650684e-31 1.336047441872012e-26 5348
1.12936 9.350422941396756e-31 2.029174800437527e-31 1.341553586765628e-26 4308
1.15502 1.029679167034738e-30 2.304031244121297e-31 1.412222324737328e-26 3563
1.18069 1.052821730120069e-30 2.435687165428262e-31 1.3821763226655e-26 2448
1.20636 1.08336635786424e-30 2.521556336977585e-31 1.361355654971033e-26 1868
1.23203 1.203838544815401e-30 2.748760280114248e-31 1.448689052642902e-26 1358
1.25769 1.265288911320551e-30 2.748452523927893e-31 1.460054088899544e-26 1062
1.28336 1.24497758408036e-30 3.223234327753319e-31 1.382291770602081e-26 776
1.30903 1.311800989577222e-30 3.164333529223736e-31 1.401016462357313e-26 432
1.33469 1.908997823344188e-30 3.64865518165051e-31 1.952702302629341e-26 200
1.36036 1.79361795377704e-30 3.709558586394795e-31 1.76314350830926e-26 168
1.38603 1.132140373577402e-30 3.647900924538684e-31 1.075700121358126e-26 56
1.4117 2.822623153324523e-30 5.965822462876488e-31 2.582233780756212e-26 7


