0.137841 0.0001711195488346939 2.577437973871471e-05 0.6546112963990518 18
0.275683 0.0009966609658302377 0.0002230527591102002 1.004848469472711 62
0.413524 0.002902247177870547 0.0007344365206721996 1.244882873187162 98
0.551365 0.00617285229580165 0.002695082674904506 1.477247167806519 210
0.689207 0.01099885033094586 0.006726993761820383 1.702672909629666 350
0.827048 0.01462003335932246 0.01226774533513727 1.579247356439531 450
0.964889 0.01432928576486033 0.01215988363258522 1.122952183507891 602
1.10273 1.477848888168414e-34 9.789897196398539e-35 8.762635139516355e-33 762
1.24057 1.71491530121049e-34 1.172856724582352e-34 8.051918326235457e-33 1142
1.37841 2.406326813760843e-34 1.581745971525918e-34 9.174342252142176e-33 1250
1.51625 2.651874193774022e-34 1.609440455208567e-34 8.322829041167044e-33 1458
1.6541 2.743629314417962e-34 1.846834511695854e-34 7.209320002584159e-33 1814
1.79194 3.063488975993129e-34 2.233964199341899e-34 6.86632460253371e-33 2178
1.92978 3.234467012544466e-34 2.12277283619556e-34 6.250622471404184e-33 2498
2.06762 3.551457161427267e-34 2.162863237064086e-34 5.95888797151744e-33 2622
2.20546 3.319525033454747e-34 2.224401372092378e-34 4.893050734754019e-33 3338
2.3433 4.082994092706825e-34 2.571542620277321e-34 5.336460744318341e-33 3722
2.48114 4.483120103864128e-34 2.933942421084993e-34 5.23372829595391e-33 4170
2.61898 5.01557407312561e-34 3.571381912870624e-34 5.250201385267256e-33 4358
2.75683 5.720120003996542e-34 3.722885540743936e-34 5.398548535864389e-33 5034
2.89467 5.963802535715319e-34 3.99535410282372e-34 5.10717393037263e-33 5714
3.03251 6.42714313225299e-34 3.959138320211232e-34 5.015074245612879e-33 5982
3.17035 5.695707770213094e-34 3.518392872520051e-34 4.063499013658336e-33 6602
3.30819 6.309446208187513e-34 3.971716876081388e-34 4.131339674187487e-33 7130
3.44603 7.068379725249763e-34 4.28629433250996e-34 4.266321525420777e-33 8034
3.58387 8.478076950295699e-34 5.456339199826209e-34 4.733653101921573e-33 8606
3.72172 9.564001296225378e-34 6.917601876919708e-34 4.951384777270831e-33 9066
3.85956 1.220753815888896e-33 8.149256552521574e-34 5.875395781651755e-33 9962
3.9974 1.366184363190746e-33 9.039289042553979e-34 6.130203972775384e-33 10550
4.13524 1.303307994749308e-33 7.378895949864614e-34 5.463194154094444e-33 11226
4.27308 1.3535590289703e-33 8.746702895169768e-34 5.312810710132326e-33 12146
4.41092 1.225608409156152e-33 8.489078767001661e-34 4.512635507603835e-33 12303
4.54876 9.003323596134844e-34 6.232145956203623e-34 3.116354166303876e-33 12584
4.6866 8.714215787156158e-34 5.784342133171958e-34 2.842236604370303e-33 12120
4.82445 9.260779209575318e-34 5.776392533963591e-34 2.850120915487204e-33 11180
4.96229 9.534672947359832e-34 6.400072290590982e-34 2.773468001860884e-33 11096
5.10013 1.002811385085442e-33 6.266611904741453e-34 2.76167436669922e-33 10056
5.23797 1.115871886951922e-33 6.774871661306933e-34 2.913276144113908e-33 9716
5.37581 1.161414572224858e-33 6.85269744222236e-34 2.878261847141035e-33 8604
5.51365 1.241715280583e-33 7.929347809078363e-34 2.92481157859299e-33 8060
5.65149 1.235634387193108e-33 7.97873726144478e-34 2.770471815898087e-33 7320
5.78933 1.448158734956005e-33 8.410198087559257e-34 3.095104553903624e-33 6356
5.92718 1.397307182695918e-33 9.023099071870465e-34 2.848766073441847e-33 5348
6.06502 1.333946293264194e-33 8.297412347143563e-34 2.59639951201741e-33 4308
6.20286 1.258834245581498e-33 7.973684476784517e-34 2.342622410059725e-33 3563
6.3407 1.262881935543915e-33 8.185503994922149e-34 2.249977835299801e-33 2448
6.47854 1.432621135367595e-33 8.840250477044286e-34 2.443613719382163e-33 1868
6.61638 1.518021509593234e-33 8.852629278713941e-34 2.480556970141492e-33 1358
6.75422 1.717381448795121e-33 9.771036071319919e-34 2.692209232359862e-33 1062
6.89206 1.783907569450955e-33 1.103794325197309e-33 2.6894581683074e-33 776
7.02991 1.969802470929235e-33 1.240103817548039e-33 2.858322041929893e-33 432
7.16775 2.22937019419092e-33 1.108477659594004e-33 3.101417698985917e-33 200
7.30559 2.048348218144855e-33 1.227666871944098e-33 2.738386068098147e-33 168
7.44343 2.27914981542146e-33 1.428013793806108e-33 2.94020245072418e-33 56
7.58127 4.904978189422916e-33 9.855257286366818e-34 6.102782381390685e-33 7


0.137841 2.316335489450497e-07 1.502625882714011e-06 1.891435460495804 18
0.275683 4.071417990629389e-05 3.286502603734852e-06 2.130885093960978 62
0.413524 6.80451510813946e-05 7.66399620397444e-06 1.261917551357444 98
0.551365 8.57869956478529e-05 3.050823552630734e-05 0.9862280909322702 210
0.689207 0.0001804887482324992 4.066709255553012e-05 1.043022729406312 350
0.827048 0.0003242147144179484 3.810948342001258e-05 1.134555003103762 450
0.964889 0.0002249585054635063 4.371885711240124e-05 0.5764179316526072 602
1.10273 2.15605362055071e-35 4.332751907825024e-36 4.093996565085429e-32 762
1.24057 2.750054964816124e-35 5.870669185413803e-36 4.047345486148039e-32 1142
1.37841 3.773356962085293e-35 8.21967224674478e-36 4.442924895284905e-32 1250
1.51625 4.710862921411151e-35 1.107282091596394e-35 4.525246243465425e-32 1458
1.6541 5.601148643670675e-35 1.439342257239452e-35 4.479172270805641e-32 1814
1.79194 7.041564390048479e-35 1.763662392205702e-35 4.752418896454422e-32 2178
1.92978 7.596325749332949e-35 2.412980536505101e-35 4.429731496178896e-32 2498
2.06762 9.637580546177272e-35 2.747618529249176e-35 4.835429164253188e-32 2622
2.20546 1.137957587571405e-34 3.537332929151941e-35 4.998428794222133e-32 3338
2.3433 1.306431080497745e-34 4.195637134171991e-35 5.073226585120892e-32 3722
2.48114 1.489463697470078e-34 5.182712818139957e-35 5.153489390576956e-32 4170
2.61898 1.753142530314482e-34 6.494346365962688e-35 5.429080749500863e-32 4358
2.75683 1.93423097890152e-34 7.65098639945636e-35 5.392123420309003e-32 5034
2.89467 2.356377613563239e-34 9.217443877290581e-35 5.940130689859679e-32 5714
3.03251 2.56443486796919e-34 1.082906458486308e-34 5.886873481707229e-32 5982
3.17035 2.857232493586997e-34 1.212753216679158e-34 5.983367620887503e-32 6602
3.30819 3.223125040029208e-34 1.452135982991337e-34 6.189916387493792e-32 7130
3.44603 3.548074205664369e-34 1.679502201541892e-34 6.273718978819537e-32 8034
3.58387 4.005139571937353e-34 1.920164207585979e-34 6.541308479867481e-32 8606
3.72172 4.470199011903755e-34 2.242012867701249e-34 6.76338459058089e-32 9066
3.85956 4.933149661958264e-34 2.568997153388153e-34 6.933792055878473e-32 9962
3.9974 5.469206923133223e-34 2.906799878291757e-34 7.158335995032552e-32 10550
4.13524 5.967361599746711e-34 3.199696169025722e-34 7.288513793579027e-32 11226
4.27308 6.395808650450073e-34 3.650683937727599e-34 7.313141019149176e-32 12146
4.41092 6.939688362022402e-34 4.07307600777442e-34 7.438382376384465e-32 12303
4.54876 7.671469243280607e-34 4.505037795746112e-34 7.721348813503496e-32 12584
4.6866 7.917106094337665e-34 5.055269348325742e-34 7.510963340477841e-32 12120
4.82445 8.816898914984387e-34 5.737769422434024e-34 7.887350867376095e-32 11180
4.96229 9.474058229275705e-34 6.37457328731313e-34 8.006792465661979e-32 11096
5.10013 1.009654068831323e-33 7.15651560421513e-34 8.077512401717618e-32 10056
5.23797 1.081662021529492e-33 7.94723168592493e-34 8.200994487813353e-32 9716
5.37581 1.189138755052876e-33 8.492964009137713e-34 8.548600445100847e-32 8604
5.51365 1.258437569184586e-33 9.765049466493161e-34 8.60155333904114e-32 8060
5.65149 1.348396933741109e-33 1.077420915360093e-33 8.769380517193173e-32 7320
5.78933 1.431154877369967e-33 1.15885322978242e-33 8.868542350249873e-32 6356
5.92718 1.561115567464136e-33 1.269364496417688e-33 9.222304049318689e-32 5348
6.06502 1.617948998045386e-33 1.398840338310519e-33 9.126706417211065e-32 4308
6.20286 1.779974208106149e-33 1.468555485188792e-33 9.588582867751973e-32 3563
6.3407 2.004320413652567e-33 1.709329533197419e-33 1.033477677552167e-31 2448
6.47854 2.014209500385208e-33 1.711827354285829e-33 9.93828151828061e-32 1868
6.61638 2.092505333712468e-33 1.981287211705246e-33 9.897688543292063e-32 1358
6.75422 2.171078097466187e-33 2.182266378872963e-33 9.853649833800296e-32 1062
6.89206 2.193690891774905e-33 2.547704130987948e-33 9.587694735412404e-32 776
7.02991 2.562047035716451e-33 2.518709109868429e-33 1.075149322326689e-31 432
7.16775 2.836118026632807e-33 2.830234206841538e-33 1.140748061432414e-31 200
7.30559 3.825308003630166e-33 2.739179467790932e-33 1.473846918993371e-31 168
7.44343 2.920352060646124e-33 3.599542604955539e-33 1.090510572607198e-31 56
7.58127 4.572516342166777e-33 2.682609021966022e-33 1.637144249056848e-31 7


0.137841 4.271654906853846e-07 4.850263185635123e-07 2.041815481172543 18
0.275683 1.997784893515559e-05 3.627376879076989e-07 2.151458059546443 62
0.413524 7.656096479649608e-06 5.646021108417069e-06 0.8288024081771583 98
0.551365 6.125971534747927e-05 5.875757390348689e-06 1.246780602488229 210
0.689207 7.556711885338454e-05 1.274449060355817e-05 0.9655172539000629 350
0.827048 9.462910032303145e-05 1.801129446194442e-05 0.7803379681494786 450
0.964889 7.109959323450748e-05 1.793619151054728e-05 0.4191158842003643 602
1.10273 1.406545292082655e-35 3.031075710802115e-36 5.82682717075654e-32 762
1.24057 1.967997322240772e-35 3.832590625443262e-36 6.104919357718316e-32 1142
1.37841 2.503966450220759e-35 5.718517656334447e-36 6.214414920542523e-32 1250
1.51625 3.429904667740725e-35 7.438944459922056e-36 6.849396185976222e-32 1458
1.6541 4.111373435793346e-35 9.379421941359772e-36 6.768906582794142e-32 1814
1.79194 5.207233298077772e-35 1.169110685653799e-35 7.196259164199253e-32 2178
1.92978 6.330578110645066e-35 1.401001238720842e-35 7.445588280089738e-32 2498
2.06762 7.219082128478707e-35 1.709050001147112e-35 7.335930578780079e-32 2622
2.20546 8.75095621261935e-35 2.091630562850066e-35 7.740815950967419e-32 3338
2.3433 1.044668505727002e-34 2.506376627654422e-35 8.139721734525781e-32 3722
2.48114 1.247442965274643e-34 3.080843150036654e-35 8.639309464554461e-32 4170
2.61898 1.437853857322529e-34 3.866626277113563e-35 8.907862064175504e-32 4358
2.75683 1.619445203609899e-34 4.504113350434491e-35 9.011418741740268e-32 5034
2.89467 1.849374875508674e-34 5.102868646863918e-35 9.294636458919356e-32 5714
3.03251 2.044210407961037e-34 5.990405095421743e-35 9.344477524317103e-32 5982
3.17035 2.247473529493258e-34 7.002079537911815e-35 9.377044085833411e-32 6602
3.30819 2.536181779528235e-34 8.151688341339536e-35 9.689743574892786e-32 7130
3.44603 2.837350418865171e-34 9.30330234840362e-35 9.970431594743409e-32 8034
3.58387 3.276908760723121e-34 1.039053604108881e-34 1.061395772553925e-31 8606
3.72172 3.578522480760757e-34 1.199999256961117e-34 1.073730026546436e-31 9066
3.85956 4.014528738324841e-34 1.353563065854003e-34 1.117771379385567e-31 9962
3.9974 4.44230310126862e-34 1.551292537358996e-34 1.15155659032123e-31 10550
4.13524 4.873491738637213e-34 1.754133840815008e-34 1.178997191118678e-31 11226
4.27308 5.27442058820335e-34 1.962421155635649e-34 1.19360255859997e-31 12146
4.41092 5.801994684801351e-34 2.120864569488556e-34 1.229222001505016e-31 12303
4.54876 6.095235458456503e-34 2.387222890521088e-34 1.213815384669991e-31 12584
4.6866 6.635847598841573e-34 2.629355743067275e-34 1.243776311684437e-31 12120
4.82445 7.135375365965963e-34 2.973283597152417e-34 1.261538574640044e-31 11180
4.96229 7.636006294004827e-34 3.332144331992649e-34 1.275496677936664e-31 11096
5.10013 8.248212094323326e-34 3.661458572426409e-34 1.303303900089628e-31 10056
5.23797 8.942229214120136e-34 3.993865722649727e-34 1.338257677039724e-31 9716
5.37581 9.644949698097543e-34 4.462922860687573e-34 1.369603279446497e-31 8604
5.51365 1.040609750466734e-33 4.896054129154165e-34 1.403455117729123e-31 8060
5.65149 1.112417587862562e-33 5.44528184328768e-34 1.42762538208325e-31 7320
5.78933 1.189908505141596e-33 5.672365725639035e-34 1.453920457991867e-31 6356
5.92718 1.288523720237926e-33 6.264014431635025e-34 1.501054234249574e-31 5348
6.06502 1.414967375567543e-33 6.806596775675576e-34 1.572295884510752e-31 4308
6.20286 1.475983281384758e-33 7.472448751379874e-34 1.567936160242135e-31 3563
6.3407 1.537568654388878e-33 8.554260236984504e-34 1.564764933777556e-31 2448
6.47854 1.684184469651719e-33 8.577133450240731e-34 1.637900487649185e-31 1868
6.61638 1.697024013076705e-33 9.424992180770098e-34 1.581901259679251e-31 1358
6.75422 1.76358006665836e-33 9.875796429367511e-34 1.57639975643743e-31 1062
6.89206 1.911221221757852e-33 1.059870298729919e-33 1.641731895428973e-31 776
7.02991 2.201317475426079e-33 1.190630893179142e-33 1.818441038234592e-31 432
7.16775 2.069590363729977e-33 1.320418822433518e-33 1.641662442945006e-31 200
7.30559 2.420049585269093e-33 1.773591557055664e-33 1.847131910834251e-31 168
7.44343 2.951616651607948e-33 1.262446731411921e-33 2.160227015705942e-31 56
7.58127 1.707108742435348e-33 1.903264229843643e-33 1.219485388530501e-31 7


0.137841 5.263303083973411e-07 2.170916770957828e-07 2.114252136892717 18
0.275683 1.060423278969719e-05 2.727056691405123e-07 2.031435096402769 62
0.413524 4.736269321566697e-06 2.98213377899652e-06 0.8691927724076285 98
0.551365 3.037780545565378e-05 3.827850413113285e-06 1.114230552858896 210
0.689207 3.835981666513176e-05 7.566708258733497e-06 0.8662565119640164 350
0.827048 5.924159645007683e-05 8.664029295614061e-06 0.7694489214879052 450
0.964889 5.180508594665767e-05 7.57425971630368e-06 0.4546444351752074 602
1.10273 1.191491184043155e-35 2.271135772196434e-36 7.845120451443697e-32 762
1.24057 1.760746258688793e-35 2.960992393816441e-36 8.586409489926742e-32 1142
1.37841 2.097054805580346e-35 4.42184264353654e-36 8.206727934704316e-32 1250
1.51625 2.776137676686749e-35 5.325153605324211e-36 8.603930823064788e-32 1458
1.6541 3.589099433943572e-35 6.930208838785519e-36 9.104525583985931e-32 1814
1.79194 4.581968289793955e-35 9.422976828171104e-36 9.774082387314107e-32 2178
1.92978 5.271216538656317e-35 1.116169414319617e-35 9.571040336597849e-32 2498
2.06762 6.247323015262026e-35 1.324420520234943e-35 9.714918856809532e-32 2622
2.20546 7.375622402372076e-35 1.610850158422601e-35 9.980039274826186e-32 3338
2.3433 8.500293149558355e-35 2.016968758285822e-35 1.014877041385843e-31 3722
2.48114 1.060750992249146e-34 2.401944497398115e-35 1.117717940203232e-31 4170
2.61898 1.253206327615629e-34 2.803086386186217e-35 1.174529950363489e-31 4358
2.75683 1.414238112993623e-34 3.227263503925209e-35 1.189001447950048e-31 5034
2.89467 1.528194152272214e-34 3.92627656925579e-35 1.165332151921578e-31 5714
3.03251 1.75780128665853e-34 4.391712093386847e-35 1.213877486960211e-31 5982
3.17035 1.937711179019126e-34 5.231668045327058e-35 1.221701415382131e-31 6602
3.30819 2.235175148447004e-34 6.010616031010445e-35 1.28771146800574e-31 7130
3.44603 2.51684435181809e-34 6.866321809605861e-35 1.332310761453256e-31 8034
3.58387 2.807606198804087e-34 7.989554686624933e-35 1.371926756923251e-31 8606
3.72172 3.096006699417658e-34 8.668407446482539e-35 1.397744069601359e-31 9066
3.85956 3.502379838503287e-34 1.000694250464686e-34 1.466954643505096e-31 9962
3.9974 3.890681007081858e-34 1.12818396810367e-34 1.516066877588044e-31 10550
4.13524 4.23126918188372e-34 1.26299565021282e-34 1.538049618328579e-31 11226
4.27308 4.591707570274757e-34 1.440434585790761e-34 1.561528877393091e-31 12146
4.41092 5.128862162997781e-34 1.510195991159862e-34 1.630306340335497e-31 12303
4.54876 5.415487727025707e-34 1.706758655894633e-34 1.617773057757349e-31 12584
4.6866 5.893118125456273e-34 1.887338179575005e-34 1.656761548973399e-31 12120
4.82445 6.35256152031693e-34 2.085878483141332e-34 1.683271363006407e-31 11180
4.96229 6.706033659157758e-34 2.346444404810532e-34 1.679380492566007e-31 11096
5.10013 7.404691717904544e-34 2.577777533099734e-34 1.752909780062325e-31 10056
5.23797 7.843325225325143e-34 2.758724777235087e-34 1.758308713074157e-31 9716
5.37581 8.572352176708526e-34 3.114408504815411e-34 1.82311493876739e-31 8604
5.51365 9.273004475993521e-34 3.373543103081888e-34 1.872209945661685e-31 8060
5.65149 9.915907467791495e-34 3.74997946102237e-34 1.90481684915873e-31 7320
5.78933 1.025801000154822e-33 4.018601669698452e-34 1.877735007456213e-31 6356
5.92718 1.110565750346031e-33 4.325446044465636e-34 1.936989355669106e-31 5348
6.06502 1.212504986382345e-33 4.821505315591967e-34 2.017884231573314e-31 4308
6.20286 1.28056625153919e-33 5.268463494305686e-34 2.03690432308158e-31 3563
6.3407 1.391803710054558e-33 5.665603945901959e-34 2.117223521404573e-31 2448
6.47854 1.461466863736218e-33 5.958098986139993e-34 2.127008789939686e-31 1868
6.61638 1.500562901483264e-33 6.449056882378945e-34 2.092347258281528e-31 1358
6.75422 1.617080663149998e-33 6.438389388807811e-34 2.159138372109014e-31 1062
6.89206 1.759190099877401e-33 7.374408087095265e-34 2.259074138677236e-31 776
7.02991 1.685240457588614e-33 8.201226270667742e-34 2.085784003024437e-31 432
7.16775 1.790067761453793e-33 9.114183888974474e-34 2.124276142313958e-31 200
7.30559 2.562688725749762e-33 7.879973238894647e-34 2.903500071755133e-31 168
7.44343 2.567903211733781e-33 1.230890115150938e-33 2.820138385930108e-31 56
7.58127 3.041185178964427e-33 4.116924638908637e-34 3.189569249821767e-31 7


0.137841 5.601165911567343e-07 1.052596925903241e-07 2.157205294127001 18
0.275683 5.717148744978731e-06 3.833182836084028e-07 1.917087544855793 62
0.413524 5.986090495031766e-06 1.448918650449584e-06 0.9681242408991088 98
0.551365 1.705138721267738e-05 2.96825519223754e-06 1.028572904339039 210
0.689207 2.82516597133393e-05 4.373722801416113e-06 0.8790509120872936 350
0.827048 3.449977831481843e-05 6.370918306233668e-06 0.6863723821510989 450
0.964889 2.840633914489374e-05 5.885159034368794e-06 0.3849083054938603 602
1.10273 1.193012169725557e-35 1.909082877969156e-36 1.081885197334421e-31 762
1.24057 1.409923560270596e-35 2.818740374669218e-36 9.953540381764721e-32 1142
1.37841 1.821235892234122e-35 3.890218778726408e-36 1.002664962865147e-31 1250
1.51625 2.554221979980514e-35 4.65584410413983e-36 1.09430817572355e-31 1458
1.6541 3.123657979674295e-35 5.863540305317803e-36 1.093659064322975e-31 1814
1.79194 3.941672275787121e-35 7.826833992660153e-36 1.155125479970636e-31 2178
1.92978 4.888966498618154e-35 9.278494403156594e-36 1.206022338407602e-31 2498
2.06762 5.537687119378186e-35 1.08008240952564e-35 1.172748525646538e-31 2622
2.20546 6.489587177500769e-35 1.371470658265906e-35 1.196977964359626e-31 3338
2.3433 7.673217553619352e-35 1.651033411111509e-35 1.241472759075809e-31 3722
2.48114 9.908984217474326e-35 1.994820423677643e-35 1.409989052987718e-31 4170
2.61898 1.126947390069182e-34 2.340768712097208e-35 1.428090128144211e-31 4358
2.75683 1.194378070528068e-34 2.800157918248886e-35 1.363375976951238e-31 5034
2.89467 1.411298851410957e-34 3.19126842473314e-35 1.448087375615934e-31 5714
3.03251 1.542760446170167e-34 3.64560946916054e-35 1.436748063301728e-31 5982
3.17035 1.826289412331463e-34 4.189414874023876e-35 1.544366579371043e-31 6602
3.30819 2.032659518735634e-34 4.842947992867518e-35 1.572804455007426e-31 7130
3.44603 2.294944802932785e-34 5.475057668724722e-35 1.629641656292407e-31 8034
3.58387 2.554201554854753e-34 6.373531902274493e-35 1.673654068242992e-31 8606
3.72172 2.786172810831517e-34 7.149871346397419e-35 1.688389146415304e-31 9066
3.85956 3.215564914581897e-34 8.084219757791501e-35 1.804318919987488e-31 9962
3.9974 3.495366188146993e-34 9.255055508401823e-35 1.825939759163853e-31 10550
4.13524 3.93370195242812e-34 9.90217662889382e-35 1.911451966804368e-31 11226
4.27308 4.233869476581601e-34 1.124115615904078e-34 1.924785334963568e-31 12146
4.41092 4.545213454299605e-34 1.256156759438725e-34 1.935779814875561e-31 12303
4.54876 4.94217908872391e-34 1.344901089516035e-34 1.973422703589196e-31 12584
4.6866 5.272255169401447e-34 1.54930642618147e-34 1.983783288981277e-31 12120
4.82445 5.635783004507898e-34 1.725257885286094e-34 1.999309290245329e-31 11180
4.96229 6.179611095890232e-34 1.82322063848107e-34 2.06618883301643e-31 11096
5.10013 6.743482756367872e-34 2.019986159563725e-34 2.131997222445015e-31 10056
5.23797 7.270092717494332e-34 2.169526078439665e-34 2.17553418398343e-31 9716
5.37581 7.815244957631346e-34 2.478642072742763e-34 2.219827849800771e-31 8604
5.51365 8.203368822841099e-34 2.723337432681669e-34 2.213636595381122e-31 8060
5.65149 9.159345484984656e-34 2.885743489824003e-34 2.346902367056981e-31 7320
5.78933 9.43737187382492e-34 3.148001738758401e-34 2.305042339764866e-31 6356
5.92718 1.028855663815731e-33 3.365182398520441e-34 2.393365426467353e-31 5348
6.06502 1.120776379816003e-33 3.694086002201827e-34 2.486705990403897e-31 4308
6.20286 1.192960331476868e-33 3.98341187597596e-34 2.528633355864611e-31 3563
6.3407 1.290110965753584e-33 4.402522003074867e-34 2.616557043096261e-31 2448
6.47854 1.310351264238493e-33 4.556348220739132e-34 2.542806523479628e-31 1868
6.61638 1.392915373605738e-33 4.980989598178805e-34 2.588818090694443e-31 1358
6.75422 1.418564207646271e-33 5.099691998350587e-34 2.527452802588776e-31 1062
6.89206 1.450978487574869e-33 6.086296365102882e-34 2.490655214786117e-31 776
7.02991 1.706144782745008e-33 6.342742034020211e-34 2.81056218638199e-31 432
7.16775 1.755817316306618e-33 6.766706633469223e-34 2.772861637698366e-31 200
7.30559 1.500796572608426e-33 8.379176245902245e-34 2.291012578513003e-31 168
7.44343 2.457191749064908e-33 7.132913250590424e-34 3.580819445694786e-31 56
7.58127 3.280473620222401e-34 1.139947199186966e-33 5.136808104658995e-32 7


0.137841 5.539474703250481e-07 5.005628523457174e-08 2.18369661017931 18
0.275683 3.006029499526243e-06 4.600576649095052e-07 1.830836615348224 62
0.413524 6.416376270352221e-06 6.809596886672051e-07 1.036741832499187 98
0.551365 1.145477340813014e-05 2.257855306983014e-06 0.9983398412900908 210
0.689207 2.183612387378179e-05 2.870837588703823e-06 0.8806289462621589 350
0.827048 2.249403414586235e-05 4.956201590148222e-06 0.6395435582529885 450
0.964889 2.198834611518983e-05 3.935839116888907e-06 0.3851211102998935 602
1.10273 1.043702748686539e-35 1.821155380518401e-36 1.277859421040359e-31 762
1.24057 1.378070826560703e-35 2.283443241325551e-36 1.237411305963749e-31 1142
1.37841 1.899760307049232e-35 3.025242789285457e-36 1.311952625250854e-31 1250
1.51625 2.229837775886415e-35 4.233056455096939e-36 1.25166498860786e-31 1458
1.6541 2.793144999434484e-35 5.517099842200938e-36 1.277065426431279e-31 1814
1.79194 3.647563881512032e-35 6.828070302146269e-36 1.372743818971274e-31 2178
1.92978 4.180079291005174e-35 8.16456331050248e-36 1.331402421748522e-31 2498
2.06762 4.934645836772823e-35 9.615920885376112e-36 1.339260270976189e-31 2622
2.20546 6.026226158278468e-35 1.202015094068633e-35 1.416277344590806e-31 3338
2.3433 7.145435710208283e-35 1.397576479928525e-35 1.466231314082991e-31 3722
2.48114 8.382478291239817e-35 1.851411644758914e-35 1.530673626922836e-31 4170
2.61898 9.908170147942568e-35 2.055954158904859e-35 1.596276443295606e-31 4358
2.75683 1.112836802177839e-34 2.37416798979642e-35 1.605818397072521e-31 5034
2.89467 1.292573922377012e-34 2.782091390052932e-35 1.678847221477474e-31 5714
3.03251 1.433472574980517e-34 3.230114274034681e-35 1.688366841213244e-31 5982
3.17035 1.637239036257326e-34 3.663914798172814e-35 1.75082476713337e-31 6602
3.30819 1.819881249951835e-34 4.280047549010971e-35 1.780632232361277e-31 7130
3.44603 2.065818997057578e-34 4.825474907425105e-35 1.85255019112023e-31 8034
3.58387 2.386871864496592e-34 5.389854512331793e-35 1.967084057206456e-31 8606
3.72172 2.631922991128027e-34 5.999611250947617e-35 2.003591896019711e-31 9066
3.85956 2.913896017966791e-34 7.059042616840742e-35 2.059687292646547e-31 9962
3.9974 3.270723569788611e-34 7.830939518140906e-35 2.146520084689928e-31 10550
4.13524 3.582532458564889e-34 8.607180331528378e-35 2.189510967802753e-31 11226
4.27308 3.867994515823494e-34 9.746099483523541e-35 2.210617525786798e-31 12146
4.41092 4.200359465564798e-34 1.061079066983192e-34 2.246043458541731e-31 12303
4.54876 4.52232750021589e-34 1.159972466279162e-34 2.268394392274901e-31 12584
4.6866 4.915353318954957e-34 1.285058007069921e-34 2.31905291268984e-31 12120
4.82445 5.29974366018345e-34 1.4490769474622e-34 2.357239778704031e-31 11180
4.96229 5.691740836416079e-34 1.556755414003501e-34 2.387797850820247e-31 11096
5.10013 6.290558438132889e-34 1.680847535445987e-34 2.492265374611449e-31 10056
5.23797 6.637381351739792e-34 1.837598085859776e-34 2.490735595583711e-31 9716
5.37581 7.365370064971462e-34 2.05921721906623e-34 2.620015328360002e-31 8604
5.51365 7.840136582551552e-34 2.207937482407878e-34 2.646907165237281e-31 8060
5.65149 8.32887139739307e-34 2.428228864930709e-34 2.674745384685493e-31 7320
5.78933 8.716424052815662e-34 2.588126909632545e-34 2.665743885729913e-31 6356
5.92718 9.515079726458683e-34 2.846523146268462e-34 2.772665042581829e-31 5348
6.06502 1.006943517390286e-33 3.136591306924237e-34 2.800327724328869e-31 4308
6.20286 1.061628032859157e-33 3.535790693183533e-34 2.823305560029912e-31 3563
6.3407 1.159826618004957e-33 3.587884181910277e-34 2.944990538469649e-31 2448
6.47854 1.177752657621354e-33 3.79868014177756e-34 2.862568838869362e-31 1868
6.61638 1.232938367185998e-33 4.089378766798847e-34 2.8695675885386e-31 1358
6.75422 1.353614057975164e-33 4.355389110784411e-34 3.018007271738782e-31 1062
6.89206 1.47571802255293e-33 4.717040053653994e-34 3.16057706772192e-31 776
7.02991 1.561382998763755e-33 5.026679235793788e-34 3.216341502767153e-31 432
7.16775 1.50099250160891e-33 5.735335576152831e-34 2.970735913162396e-31 200
7.30559 1.455033802856209e-33 6.465397993898577e-34 2.774198754520333e-31 168
7.44343 2.597996518585183e-33 6.210701105978285e-34 4.72940530164192e-31 56
7.58127 7.783801675306558e-34 3.727939949030076e-34 1.380171010929154e-31 7


0.137841 5.211551279288688e-07 2.160293213095557e-08 2.198934667493812 18
0.275683 1.506637295562637e-06 4.823542048086219e-07 1.774507128253837 62
0.413524 5.920751735963525e-06 3.462661253352039e-07 1.065198172418653 98
0.551365 8.585551481800318e-06 1.743029636866851e-06 0.988606036717893 210
0.689207 1.534680195551415e-05 2.411313404431789e-06 0.8406721551941714 350
0.827048 1.888524231678446e-05 3.475010782739852e-06 0.6521409502101255 450
0.964889 1.782251357061477e-05 2.817909342532568e-06 0.3853777030041033 602
1.10273 9.336855439699775e-36 1.741661721070958e-36 1.473458354621007e-31 762
1.24057 1.164377531267891e-35 2.214333354297927e-36 1.356080446059925e-31 1142
1.37841 1.527379248803762e-35 3.187136763052083e-36 1.383164428820908e-31 1250
1.51625 2.176570033454484e-35 3.763459338153427e-36 1.500245355970903e-31 1458
1.6541 2.665152321871982e-35 4.857801150901435e-36 1.496502561024412e-31 1814
1.79194 3.418742885480233e-35 6.108394624912273e-36 1.581558361669119e-31 2178
1.92978 4.014101211870401e-35 7.225458139728185e-36 1.562913400317912e-31 2498
2.06762 4.54523804164806e-35 8.724273678563149e-36 1.516247327160347e-31 2622
2.20546 5.535042296818798e-35 1.060871962381783e-35 1.591105984237549e-31 3338
2.3433 6.577178438811529e-35 1.268074323420323e-35 1.650361773776139e-31 3722
2.48114 8.08588110141115e-35 1.541127744833464e-35 1.783704628223327e-31 4170
2.61898 9.11277655299109e-35 1.82353308024934e-35 1.788840363825076e-31 4358
2.75683 1.021283072600869e-34 2.135082459294704e-35 1.794417576890206e-31 5034
2.89467 1.17816787234712e-34 2.521926826171454e-35 1.862725295850695e-31 5714
3.03251 1.331365604910834e-34 2.967243495917167e-35 1.90748459158697e-31 5982
3.17035 1.539015237698849e-34 3.267360027728616e-35 1.994805496945649e-31 6602
3.30819 1.678030415994192e-34 3.788686455413802e-35 1.989990982674171e-31 7130
3.44603 1.950371462902202e-34 4.324653331012452e-35 2.116614863985169e-31 8034
3.58387 2.138895634645875e-34 4.88253885266128e-35 2.138688077346034e-31 8606
3.72172 2.351889960082833e-34 5.457456243982795e-35 2.171240054811009e-31 9066
3.85956 2.735245114831282e-34 6.475791625350121e-35 2.338769602300272e-31 9962
3.9974 3.045657705151897e-34 6.997365612277936e-35 2.414836318245076e-31 10550
4.13524 3.321681337477838e-34 7.6690084304494e-35 2.452237115833271e-31 11226
4.27308 3.610296945394172e-34 8.645960860021735e-35 2.49036028321328e-31 12146
4.41092 3.892496477480985e-34 9.473866110350098e-35 2.512418827884112e-31 12303
4.54876 4.131576049737295e-34 1.039033214503295e-34 2.502490965922179e-31 12584
4.6866 4.546327293956706e-34 1.137374806324279e-34 2.587149212450799e-31 12120
4.82445 4.960454665857991e-34 1.269605565263271e-34 2.658756093254864e-31 11180
4.96229 5.381013834541574e-34 1.338186454646158e-34 2.717038523105464e-31 11096
5.10013 5.658664670106545e-34 1.528646216348628e-34 2.705965829420114e-31 10056
5.23797 6.200588133742579e-34 1.600629373645421e-34 2.801714853864482e-31 9716
5.37581 6.804411402352349e-34 1.81896425951697e-34 2.91575022710493e-31 8604
5.51365 7.229223686685434e-34 1.977601344072314e-34 2.940629907243557e-31 8060
5.65149 7.761731800368185e-34 2.121693539188726e-34 3.000111816959039e-31 7320
5.78933 8.22088968237044e-34 2.310524252013539e-34 3.026676092200279e-31 6356
5.92718 8.872529786648858e-34 2.496023314115551e-34 3.111080287827885e-31 5348
6.06502 9.640700666267667e-34 2.661567217203336e-34 3.2215576851862e-31 4308
6.20286 1.062691012967621e-33 2.892147617193183e-34 3.389595906730584e-31 3563
6.3407 1.064130860859888e-33 3.198509564310888e-34 3.252365814815602e-31 2448
6.47854 1.168479575458155e-33 3.289833130675018e-34 3.41050804570666e-31 1868
6.61638 1.164488472242897e-33 3.625170540882589e-34 3.259747358808613e-31 1358
6.75422 1.296660145657841e-33 3.846621015049852e-34 3.474833153945025e-31 1062
6.89206 1.36981604449163e-33 4.175965116617284e-34 3.528263588638593e-31 776
7.02991 1.51681727053398e-33 4.206227944550065e-34 3.750366005130261e-31 432
7.16775 1.461020595950712e-33 4.712888651687165e-34 3.469902912762154e-31 200
7.30559 1.359312260837783e-33 5.448532631557572e-34 3.113929391892329e-31 168
7.44343 2.25433707123091e-33 5.907985696364039e-34 4.940468112219023e-31 56
7.58127 1.318208109703971e-33 3.04610632020597e-34 2.78030207084616e-31 7


0.137841 4.704733098370867e-07 7.768819393159928e-09 2.205741055951629 18
0.275683 7.32397742542086e-07 4.610219192953466e-07 1.74463044391916 62
0.413524 4.925413852499614e-06 2.391378927396493e-07 1.063031887142593 98
0.551365 6.766569115312022e-06 1.393651479740143e-06 0.9837437681438894 210
0.689207 1.058609548739901e-05 2.190023843880553e-06 0.7995436045046962 350
0.827048 1.746087954212043e-05 2.340309090297971e-06 0.6792781520011771 450
0.964889 1.427264079957064e-05 2.220277740328681e-06 0.3779961106669801 602
1.10273 9.072945009583736e-36 1.453549884060133e-36 1.693953809007849e-31 762
1.24057 1.123377821658698e-35 1.935121337158802e-36 1.566392509870369e-31 1142
1.37841 1.646154906315765e-35 2.634334980619108e-36 1.719430427124905e-31 1250
1.51625 1.918188100584613e-35 3.603580066826507e-36 1.622573511533981e-31 1458
1.6541 2.505026518136387e-35 4.571123150317173e-36 1.697802315650396e-31 1814
1.79194 3.138254968353161e-35 5.905010473803428e-36 1.755321998106956e-31 2178
1.92978 3.818162015846761e-35 6.795602088484914e-36 1.77647721633201e-31 2498
2.06762 4.360719369685678e-35 8.148407042432217e-36 1.733695672940992e-31 2622
2.20546 5.115831193678982e-35 9.896926949777671e-36 1.75444216027584e-31 3338
2.3433 6.198761205899148e-35 1.179515223622103e-35 1.848520621728248e-31 3722
2.48114 7.569036878925997e-35 1.430763747000955e-35 1.981917718564811e-31 4170
2.61898 8.612556083147763e-35 1.685126681902376e-35 2.002476342111632e-31 4358
2.75683 9.648352923560705e-35 1.963852912342949e-35 2.004657052885607e-31 5034
2.89467 1.13293141051088e-34 2.207239815620391e-35 2.106451792873568e-31 5714
3.03251 1.289312278625231e-34 2.568229544482598e-35 2.167594578209828e-31 5982
3.17035 1.423989282483858e-34 2.998467100225299e-35 2.178978913913487e-31 6602
3.30819 1.611975610187397e-34 3.420558314898832e-35 2.248805003728759e-31 7130
3.44603 1.837499933275203e-34 3.87860376108013e-35 2.345420268615516e-31 8034
3.58387 2.003404078142565e-34 4.479540997727191e-35 2.358907174401605e-31 8606
3.72172 2.230207226706142e-34 4.956876522248399e-35 2.419978140347893e-31 9066
3.85956 2.574596040409779e-34 5.806769693924411e-35 2.586430635409569e-31 9962
3.9974 2.885153895872953e-34 6.343946234174698e-35 2.686054018842694e-31 10550
4.13524 3.133872149687793e-34 6.945560241082983e-35 2.715562677326909e-31 11226
4.27308 3.392166054291407e-34 7.846420452483881e-35 2.746946285692288e-31 12146
4.41092 3.682999424663268e-34 8.532256243174114e-35 2.788085659747349e-31 12303
4.54876 4.006890166973901e-34 9.199755618927886e-35 2.840782023474314e-31 12584
4.6866 4.368042355626418e-34 1.016421159188123e-34 2.911106705120199e-31 12120
4.82445 4.704074403284433e-34 1.112997844393356e-34 2.951614485504615e-31 11180
4.96229 4.958410521152565e-34 1.232716439931702e-34 2.937991699338822e-31 11096
5.10013 5.404674893174718e-34 1.352162340722172e-34 3.025134859395818e-31 10056
5.23797 5.963983730044487e-34 1.442115958946946e-34 3.154015087142009e-31 9716
5.37581 6.42044143928171e-34 1.613160158224026e-34 3.220230873642433e-31 8604
5.51365 6.934803242471323e-34 1.753786483494656e-34 3.299841526458387e-31 8060
5.65149 7.396599902098517e-34 1.902403972205996e-34 3.345509752089412e-31 7320
5.78933 7.824359706179986e-34 2.08863619595969e-34 3.370815749083336e-31 6356
5.92718 8.573469459474493e-34 2.185826065944024e-34 3.513553513005022e-31 5348
6.06502 8.875042256934836e-34 2.411378460413029e-34 3.472526642640223e-31 4308
6.20286 9.889014139725963e-34 2.566147674041572e-34 3.689795448899225e-31 3563
6.3407 1.0221254895148e-33 2.834477604873845e-34 3.652086977442011e-31 2448
6.47854 1.103772129526611e-33 2.808602301199259e-34 3.763638710947146e-31 1868
6.61638 1.087950291914998e-33 3.228577475362818e-34 3.562017690312705e-31 1358
6.75422 1.214903654376562e-33 3.462750393189461e-34 3.807847159357437e-31 1062
6.89206 1.305361141610356e-33 3.884094620590703e-34 3.933530834822702e-31 776
7.02991 1.433286424913706e-33 3.880179186654406e-34 4.144379873741663e-31 432
7.16775 1.501282385967764e-33 4.034747555864499e-34 4.157863085119884e-31 200
7.30559 1.839359831408147e-33 3.629291265000352e-34 4.867466792784158e-31 168
7.44343 1.744653244853631e-33 5.847577002245965e-34 4.492019044333505e-31 56
7.58127 9.892706616848586e-34 3.338373970813996e-34 2.456543007905838e-31 7


0.137841 4.086506174478378e-07 2.52581539297776e-09 2.206095788983238 18
0.275683 4.013968615149284e-07 4.10684930364692e-07 1.736022468076912 62
0.413524 3.786902406200625e-06 2.386452077064678e-07 1.042914441528955 98
0.551365 5.514149521431901e-06 1.146642528332139e-06 0.9810001020085997 210
0.689207 8.093397439616803e-06 1.891569205531045e-06 0.7831080872343341 350
0.827048 1.469964503466674e-05 1.851269102319065e-06 0.6755100930899725 450
0.964889 1.109784128355826e-05 1.920767195425988e-06 0.3637426267314128 602
1.10273 8.525942780486136e-36 1.43545543554982e-36 1.921112721319177e-31 762
1.24057 1.084197950892929e-35 1.865194080957733e-36 1.790495077097593e-31 1142
1.37841 1.415424952036989e-35 2.728158495247237e-36 1.824115805317571e-31 1250
1.51625 1.867625827036939e-35 3.189362572851816e-36 1.832798674840561e-31 1458
1.6541 2.331521478863902e-35 4.297240387785288e-36 1.86342984011385e-31 1814
1.79194 3.088994223228904e-35 5.246252263038618e-36 1.99996445686786e-31 2178
1.92978 3.489862025564612e-35 6.661277777211016e-36 1.922094491211981e-31 2498
2.06762 4.076481644499392e-35 7.603821956103496e-36 1.895078730109054e-31 2622
2.20546 4.796116433460099e-35 9.481725285962165e-36 1.92795235911655e-31 3338
2.3433 6.030292983763876e-35 1.095672202951574e-35 2.0853024451544e-31 3722
2.48114 7.186068363061031e-35 1.324905801060707e-35 2.183861777003395e-31 4170
2.61898 8.022276476201673e-35 1.566729223626281e-35 2.166505636438119e-31 4358
2.75683 9.029348242521239e-35 1.798283078243955e-35 2.172896387138052e-31 5034
2.89467 1.056829868180235e-34 2.079561295861177e-35 2.278620050462434e-31 5714
3.03251 1.212355612736778e-34 2.390137981629408e-35 2.358606744744809e-31 5982
3.17035 1.372671098962182e-34 2.704413458307993e-35 2.418223388634452e-31 6602
3.30819 1.548539656680499e-34 3.082793078360402e-35 2.48618255791008e-31 7130
3.44603 1.705993290075932e-34 3.615182262458312e-35 2.51632184476396e-31 8034
3.58387 1.924319949842049e-34 4.025888739314205e-35 2.605428312886906e-31 8606
3.72172 2.187277738889698e-34 4.479375808219778e-35 2.725906935326191e-31 9066
3.85956 2.450592279672385e-34 5.284076311276359e-35 2.831898646241203e-31 9962
3.9974 2.705384836908488e-34 5.829990639399869e-35 2.899273796074814e-31 10550
4.13524 2.948002677943137e-34 6.4716968843494e-35 2.941402060921208e-31 11226
4.27308 3.244628124815617e-34 7.159122348164642e-35 3.019105258558177e-31 12146
4.41092 3.51910496029587e-34 7.824690384512565e-35 3.060843755178489e-31 12303
4.54876 3.844356263317684e-34 8.505237860850793e-35 3.13112974833462e-31 12584
4.6866 4.116904467601697e-34 9.4064886734467e-35 3.153187135088108e-31 12120
4.82445 4.458022812461937e-34 1.014755052356841e-34 3.211550831265904e-31 11180
4.96229 4.753817269193868e-34 1.116952463270313e-34 3.231305614087825e-31 11096
5.10013 5.158379961634866e-34 1.217111068972517e-34 3.311260553083345e-31 10056
5.23797 5.634527271798572e-34 1.344935312421618e-34 3.42177182075414e-31 9716
5.37581 6.086759242066767e-34 1.47032546001584e-34 3.502314762806377e-31 8604
5.51365 6.56269171402746e-34 1.604369352630481e-34 3.582223098308518e-31 8060
5.65149 7.130066451914417e-34 1.681677897573393e-34 3.692830350606205e-31 7320
5.78933 7.551172493248204e-34 1.88250159137888e-34 3.7274035625222e-31 6356
5.92718 7.887769598067184e-34 2.046584875868282e-34 3.711793925847373e-31 5348
6.06502 8.105021719838588e-34 2.237679164085879e-34 3.641522754833848e-31 4308
6.20286 9.302836350874044e-34 2.363261804023527e-34 3.980015736337965e-31 3563
6.3407 1.002735583425309e-33 2.469940935996696e-34 4.097783642347791e-31 2448
6.47854 9.784070602303899e-34 2.673659181944944e-34 3.832651507951337e-31 1868
6.61638 1.101162532808323e-33 2.79954839940622e-34 4.119400633831504e-31 1358
6.75422 1.167468493100245e-33 3.103845676527525e-34 4.189115227822174e-31 1062
6.89206 1.130801361801286e-33 3.667529653432045e-34 3.916558360478287e-31 776
7.02991 1.422184286178696e-33 3.327200459674857e-34 4.699263634210609e-31 432
7.16775 1.382541686520528e-33 3.49222027778945e-34 4.38293132111175e-31 200
7.30559 1.42884802341119e-33 3.636051374033863e-34 4.349294650171795e-31 168
7.44343 1.705385515705607e-33 4.679887193697401e-34 5.01181723867035e-31 56
7.58127 6.168784633531295e-34 3.453098096368835e-34 1.781131134926767e-31 7


0.137841 3.413331156932378e-07 2.396679202215868e-09 2.201657597862891 18
0.275683 3.34215855615708e-07 3.444888011358903e-07 1.743004842130051 62
0.413524 2.729906984241162e-06 2.757704735389546e-07 1.015810628698887 98
0.551365 4.672995397353076e-06 9.534879451438332e-07 0.981449724521724 210
0.689207 7.159391828289831e-06 1.522174773276751e-06 0.7900443732776168 350
0.827048 1.098799735184979e-05 1.782289945292304e-06 0.642960981653276 450
0.964889 8.655786962071525e-06 1.722231697465254e-06 0.350137965578215 602
1.10273 7.851316265351623e-36 1.376490814299644e-36 2.101896005330723e-31 762
1.24057 1.003572908280245e-35 1.837798553892103e-36 1.968623427968147e-31 1142
1.37841 1.452027498584369e-35 2.435185597523545e-36 2.11161721970206e-31 1250
1.51625 1.675925362052488e-35 3.122754894618725e-36 1.944860347285616e-31 1458
1.6541 2.265891447937822e-35 3.905777224279877e-36 2.071899722996068e-31 1814
1.79194 2.764400544281618e-35 5.157215023662097e-36 2.102388284715374e-31 2178
1.92978 3.430490546141642e-35 5.92228770478903e-36 2.144807642718775e-31 2498
2.06762 3.857810812655454e-35 7.208690307346585e-36 2.061019063035398e-31 2622
2.20546 4.676668585550059e-35 8.845603150191898e-36 2.145901180734901e-31 3338
2.3433 5.816654921338644e-35 1.025859841190764e-35 2.29620525263294e-31 3722
2.48114 6.803562137472082e-35 1.230295478031927e-35 2.361432127847252e-31 4170
2.61898 7.664782263967553e-35 1.442943151176335e-35 2.357126507235934e-31 4358
2.75683 8.699625121322493e-35 1.66464158230117e-35 2.382978524481914e-31 5034
2.89467 9.903252077959805e-35 1.978914043509129e-35 2.439335657194669e-31 5714
3.03251 1.174987316174986e-34 2.217182112560721e-35 2.594503747542136e-31 5982
3.17035 1.299407524752792e-34 2.577470343435233e-35 2.607723995087343e-31 6602
3.30819 1.457916241532852e-34 2.924471236515866e-35 2.664153644162034e-31 7130
3.44603 1.642512191172662e-34 3.404300641730155e-35 2.7500641803321e-31 8034
3.58387 1.862680207361633e-34 3.743874659499385e-35 2.857750401731674e-31 8606
3.72172 2.088260139255778e-34 4.203682490258069e-35 2.95179837834628e-31 9066
3.85956 2.342696269020298e-34 4.903220132060518e-35 3.067671792453084e-31 9962
3.9974 2.57351168166465e-34 5.415013297885499e-35 3.124805378640523e-31 10550
4.13524 2.839618165109413e-34 5.913406098204085e-35 3.203075631467653e-31 11226
4.27308 3.136137274014448e-34 6.517723987556128e-35 3.296890846363648e-31 12146
4.41092 3.353303119946113e-34 7.310786351617852e-35 3.300990400668866e-31 12303
4.54876 3.550840830011629e-34 8.157513109876495e-35 3.280755714244353e-31 12584
4.6866 3.906973560076346e-34 8.87929921523332e-35 3.387500388516161e-31 12120
4.82445 4.185346651571359e-34 9.501577636236686e-35 3.411804107066742e-31 11180
4.96229 4.533715011430991e-34 1.043915304322881e-34 3.484101450579671e-31 11096
5.10013 4.859517327031515e-34 1.135573708320467e-34 3.52737876837468e-31 10056
5.23797 5.379842617740697e-34 1.252571247558245e-34 3.691277010541395e-31 9716
5.37581 5.808349211572655e-34 1.359358259767662e-34 3.774067784786647e-31 8604
5.51365 6.398200810861097e-34 1.474499097131243e-34 3.940156156327636e-31 8060
5.65149 6.589394586293701e-34 1.60731413925097e-34 3.860852838480079e-31 7320
5.78933 7.160462292415912e-34 1.757200789127819e-34 3.991740023099399e-31 6356
5.92718 7.714413684092745e-34 1.801713817847703e-34 4.088232185444316e-31 5348
6.06502 8.011023119752266e-34 2.004352245095117e-34 4.054014879034572e-31 4308
6.20286 8.981648871501891e-34 2.194755925987565e-34 4.334788173962962e-31 3563
6.3407 9.773717409729253e-34 2.258929632425911e-34 4.501823202611095e-31 2448
6.47854 1.007796186713067e-33 2.33701420306287e-34 4.43811528470219e-31 1868
6.61638 1.066166641444777e-33 2.681066580255633e-34 4.501034269000913e-31 1358
6.75422 1.07396239755789e-33 2.805950412119968e-34 4.347915596318991e-31 1062
6.89206 1.215356779443304e-33 2.946602108766458e-34 4.71659850369047e-31 776
7.02991 1.285447822965998e-33 3.33245491453819e-34 4.802501926422241e-31 432
7.16775 1.276580545172967e-33 3.221777595354955e-34 4.565360622793906e-31 200
7.30559 1.351234423935952e-33 3.759121476948263e-34 4.649719757101609e-31 168
7.44343 1.565731562720791e-33 4.827616839836489e-34 5.206277992847041e-31 56
7.58127 1.90665076136109e-33 1.083412086738675e-34 5.985301472488541e-31 7


0.137841 2.733282082678316e-07 5.149553852083329e-09 2.193937077105553 18
0.275683 4.103474217271566e-07 2.730611860965116e-07 1.760014860537142 62
0.413524 1.871207111897926e-06 3.13411651981142e-07 0.9896712809039037 98
0.551365 4.142129167688329e-06 7.892782155965663e-07 0.9856688110693993 210
0.689207 6.850332175763247e-06 1.175426133707979e-06 0.8066086754122646 350
0.827048 7.948663252001166e-06 1.767655219389226e-06 0.6102054540595891 450
0.964889 7.358641426230716e-06 1.477247076295801e-06 0.3468173518758058 602
1.10273 7.782804158426342e-36 1.314813719085111e-36 2.370582981218451e-31 762
1.24057 9.691765294110029e-36 1.761694479473421e-36 2.184026634958311e-31 1142
1.37841 1.364720822484875e-35 2.306872015859055e-36 2.28483961692937e-31 1250
1.51625 1.676612756215469e-35 2.801173593968815e-36 2.180533128361648e-31 1458
1.6541 2.125118027165145e-35 3.730212486196529e-36 2.226352126772274e-31 1814
1.79194 2.755381776789953e-35 4.655633391185582e-36 2.345452116081771e-31 2178
1.92978 3.091824921219062e-35 5.834888102959502e-36 2.228462925273488e-31 2498
2.06762 3.667887034290215e-35 6.707143487429912e-36 2.218168844802771e-31 2622
2.20546 4.564201824139e-35 8.193908605957794e-36 2.356069651244916e-31 3338
2.3433 5.305678048816431e-35 1.028164253243853e-35 2.396906895505136e-31 3722
2.48114 6.348561987672373e-35 1.155566971157474e-35 2.490105058991027e-31 4170
2.61898 7.42914477316546e-35 1.358041960617334e-35 2.569831480743918e-31 4358
2.75683 8.336802511706123e-35 1.552180509663306e-35 2.565524959947118e-31 5034
2.89467 9.556431065353614e-35 1.871063576487263e-35 2.646307825010649e-31 5714
3.03251 1.111359021196713e-34 2.077414388659022e-35 2.758429368902293e-31 5982
3.17035 1.243756380161799e-34 2.478949516318306e-35 2.807474821948587e-31 6602
3.30819 1.40597872702829e-34 2.722924508856443e-35 2.878682575023932e-31 7130
3.44603 1.597269467011043e-34 3.162066506055067e-35 2.992424184208559e-31 8034
3.58387 1.763025789926002e-34 3.656632170338144e-35 3.041081823038184e-31 8606
3.72172 1.958420567529549e-34 4.054513086729632e-35 3.109647430858303e-31 9066
3.85956 2.249850001870643e-34 4.570359856224598e-35 3.294954190957584e-31 9962
3.9974 2.471291309904432e-34 5.035637320288991e-35 3.354657566860259e-31 10550
4.13524 2.705630939638876e-34 5.596191963431772e-35 3.415353869374355e-31 11226
4.27308 3.008512173106146e-34 6.147757539804436e-35 3.536156709606274e-31 12146
4.41092 3.236797357853448e-34 6.78564048804945e-35 3.557685581319729e-31 12303
4.54876 3.437152174872905e-34 7.494342944438261e-35 3.543177099313237e-31 12584
4.6866 3.799665119987118e-34 8.14260277650207e-35 3.672942148359739e-31 12120
4.82445 4.038772593798116e-34 8.885769822680329e-35 3.67491221952946e-31 11180
4.96229 4.353302790518244e-34 9.76269754223648e-35 3.733953770242724e-31 11096
5.10013 4.75841791063415e-34 1.052814171288879e-34 3.849896077673689e-31 10056
5.23797 5.263122175997815e-34 1.15658473523615e-34 4.024105656719208e-31 9716
5.37581 5.617781682059057e-34 1.281238475970379e-34 4.072326056554276e-31 8604
5.51365 6.090025566100883e-34 1.40798248846475e-34 4.186909403390051e-31 8060
5.65149 6.426798428832802e-34 1.466219685272817e-34 4.193200702723277e-31 7320
5.78933 7.048555297140708e-34 1.59509806782459e-34 4.373037104013786e-31 6356
5.92718 7.206380809249278e-34 1.721380909202566e-34 4.263610316831698e-31 5348
6.06502 7.802841860595526e-34 1.839227391851092e-34 4.396688816736753e-31 4308
6.20286 8.31055018648463e-34 2.112333581253012e-34 4.479726933348136e-31 3563
6.3407 9.230547755893528e-34 2.135786477646957e-34 4.740780275172215e-31 2448
6.47854 9.564964977338262e-34 2.177786268015608e-34 4.693962778250473e-31 1868
6.61638 1.047091295823786e-33 2.533788113322e-34 4.923452779450679e-31 1358
6.75422 1.070779422514648e-33 2.66085082867951e-34 4.826833674251265e-31 1062
6.89206 1.195300216410628e-33 2.673145373794243e-34 5.160487814191479e-31 776
7.02991 1.168801995330083e-33 3.253427391163151e-34 4.87716320576273e-31 432
7.16775 1.362735443103678e-33 2.883657674179637e-34 5.408673836131507e-31 200
7.30559 9.958960742537102e-34 4.004982800550806e-34 3.862851029660904e-31 168
7.44343 1.757012274377173e-33 4.018411466610739e-34 6.463978022046892e-31 56
7.58127 1.875969103882967e-33 2.009042721101726e-34 6.57669868121275e-31 7


0.137841 2.086402302342825e-07 9.254950851005455e-09 2.184332950374889 18
0.275683 5.474773211745788e-07 2.044182181646791e-07 1.782001487796405 62
0.413524 1.251680333696071e-06 3.342435909878967e-07 0.9693732587257828 98
0.551365 3.816281068315283e-06 6.466071013445303e-07 0.9926828370142187 210
0.689207 6.543198726532715e-06 9.172517505773464e-07 0.8200462989319306 350
0.827048 6.423719356871955e-06 1.612020737302272e-06 0.5986002620751306 450
0.964889 6.921666378784177e-06 1.188622476009956e-06 0.3535169555561058 602
1.10273 7.507715839724266e-36 1.28090761621629e-36 2.613683762311903e-31 762
1.24057 9.514029450809499e-36 1.591677284590877e-36 2.394015561656142e-31 1142
1.37841 1.245556363505887e-35 2.21288910408177e-36 2.397420695986772e-31 1250
1.51625 1.584599407198049e-35 2.746140660847312e-36 2.352967654470688e-31 1458
1.6541 1.994525997725045e-35 3.589141496522245e-36 2.37635207186774e-31 1814
1.79194 2.553070178883844e-35 4.679805050192758e-36 2.487058031662276e-31 2178
1.92978 3.117018308346822e-35 5.309883557325192e-36 2.485506178546715e-31 2498
2.06762 3.556575466191728e-35 6.232134977743968e-36 2.39869709902511e-31 2622
2.20546 4.324958696324426e-35 8.006361847470992e-36 2.515238094850859e-31 3338
2.3433 5.101023894546792e-35 9.736966755218168e-36 2.575653594840081e-31 3722
2.48114 5.890387284355572e-35 1.154029626707305e-35 2.608032574607712e-31 4170
2.61898 6.963378955225804e-35 1.320315816694111e-35 2.701714964304928e-31 4358
2.75683 8.104369873561892e-35 1.462173979372942e-35 2.773064576059647e-31 5034
2.89467 9.131617464100484e-35 1.781571090181775e-35 2.816298949239128e-31 5714
3.03251 1.077468821321046e-34 1.971599315822415e-35 2.971460694572984e-31 5982
3.17035 1.19601030384601e-34 2.320101876104387e-35 2.996376885117135e-31 6602
3.30819 1.352436216693951e-34 2.577717797668301e-35 3.073688426591947e-31 7130
3.44603 1.536146316971146e-34 3.010494079652205e-35 3.195617823635999e-31 8034
3.58387 1.68321994496545e-34 3.429833079383104e-35 3.221176981675184e-31 8606
3.72172 1.900829281723282e-34 3.789243960935398e-35 3.340036529607081e-31 9066
3.85956 2.186503009195055e-34 4.274679962474766e-35 3.542982061049503e-31 9962
3.9974 2.368031248051698e-34 4.795907519953975e-35 3.563314021350296e-31 10550
4.13524 2.587258077395413e-34 5.287342410273089e-35 3.617125913612256e-31 11226
4.27308 2.823513819069098e-34 5.955079071765839e-35 3.683064204204486e-31 12146
4.41092 3.103110979899191e-34 6.445723367441492e-35 3.774611987280629e-31 12303
4.54876 3.368789136728785e-34 7.016461474042123e-35 3.835412137479602e-31 12584
4.6866 3.695313294599001e-34 7.660247658205181e-35 3.946770250274908e-31 12120
4.82445 3.972261686524477e-34 8.256445878314555e-35 3.988284499066852e-31 11180
4.96229 4.315721274289032e-34 9.079268386772316e-35 4.083176367147548e-31 11096
5.10013 4.586055360096897e-34 9.816919159662062e-35 4.09733687867477e-31 10056
5.23797 5.077966670374245e-34 1.097352369409334e-34 4.289064709525654e-31 9716
5.37581 5.323168868792652e-34 1.212568336633191e-34 4.265115493253316e-31 8604
5.51365 5.869488295729379e-34 1.342444374729903e-34 4.457581963723707e-31 8060
5.65149 6.083724892464897e-34 1.397029338790834e-34 4.387000750769249e-31 7320
5.78933 6.661628872853187e-34 1.545867169753086e-34 4.569681740779424e-31 6356
5.92718 7.12122075785228e-34 1.625954222460062e-34 4.646599384202879e-31 5348
6.06502 7.608697006861113e-34 1.699439278463805e-34 4.72610626240499e-31 4308
6.20286 8.498791750992192e-34 1.896345195460923e-34 5.036898955035354e-31 3563
6.3407 8.515245396577558e-34 2.083912816369549e-34 4.837005752212901e-31 2448
6.47854 8.564649339694746e-34 2.181240266865941e-34 4.6552396463378e-31 1868
6.61638 1.035723578103078e-33 2.292116272206291e-34 5.361371684569689e-31 1358
6.75422 1.069080367899862e-33 2.411772462466499e-34 5.302838022419944e-31 1062
6.89206 1.106317609235279e-33 2.702669220677717e-34 5.281389109365938e-31 776
7.02991 1.288666328563007e-33 2.951798760132154e-34 5.902084632563649e-31 432
7.16775 1.31093123937137e-33 3.041204204550874e-34 5.750788419411976e-31 200
7.30559 1.194385661368535e-33 3.396311943168444e-34 5.0571729129084e-31 168
7.44343 1.380583577120176e-33 4.665908864913205e-34 5.662769660220893e-31 56
7.58127 1.512148283468863e-33 1.567027004385449e-34 5.841242513586109e-31 7


0.137841 1.504329951331821e-07 1.363842533907641e-08 2.174111575648672 18
0.275683 6.904969118583296e-07 1.44117271354803e-07 1.804702460707183 62
0.413524 8.631256490389955e-07 3.330402299721336e-07 0.9571397310570493 98
0.551365 3.592443894801203e-06 5.269114377140319e-07 1.00042072720963 210
0.689207 6.003157079574645e-06 7.619083448594648e-07 0.8241619660205 350
0.827048 6.165321638179502e-06 1.325292282512647e-06 0.6094477539307078 450
0.964889 6.649536682080124e-06 9.459805134062281e-07 0.3612197942974403 602
1.10273 7.05287919739118e-36 1.25825807851744e-36 2.829258511075641e-31 762
1.24057 9.01177642805964e-36 1.518158144318667e-36 2.552796615779305e-31 1142
1.37841 1.204556360703984e-35 2.096860502038419e-36 2.582967626262744e-31 1250
1.51625 1.564645183463121e-35 2.774487673427191e-36 2.608960832096204e-31 1458
1.6541 1.996364034083965e-35 3.296556836252635e-36 2.607045122711018e-31 1814
1.79194 2.511044830405191e-35 4.356152974907866e-36 2.700196107188252e-31 2178
1.92978 2.809639337300743e-35 5.424106641291705e-36 2.554403606409841e-31 2498
2.06762 3.357395753292423e-35 6.272859522983112e-36 2.550339491412092e-31 2622
2.20546 4.174604568199469e-35 7.501789031720885e-36 2.685939310211479e-31 3338
2.3433 5.175716932194199e-35 8.822471309337293e-36 2.854891592515264e-31 3722
2.48114 5.957623197226189e-35 1.062955352616901e-35 2.88727234568038e-31 4170
2.61898 6.768916553628762e-35 1.259286583656406e-35 2.900473296083896e-31 4358
2.75683 7.638997545891685e-35 1.430792228203421e-35 2.902558678373203e-31 5034
2.89467 8.86014535979943e-35 1.690124309190675e-35 3.014043716464254e-31 5714
3.03251 1.00241569607136e-34 1.898391782140823e-35 3.060705078492677e-31 5982
3.17035 1.147335149034291e-34 2.218715076300984e-35 3.170736097038123e-31 6602
3.30819 1.288662341303856e-34 2.495626609501648e-35 3.232707130659228e-31 7130
3.44603 1.464346382836261e-34 2.903806356762537e-35 3.35924662840076e-31 8034
3.58387 1.643222072284336e-34 3.225884335468862e-35 3.451330637002014e-31 8606
3.72172 1.871526284310036e-34 3.563941252937613e-35 3.606797640575754e-31 9066
3.85956 2.066829182941594e-34 4.142678780830718e-35 3.689966072387577e-31 9962
3.9974 2.30664908511892e-34 4.498829769604831e-35 3.804993732023187e-31 10550
4.13524 2.497015299243567e-34 5.038604116553141e-35 3.833378175848382e-31 11226
4.27308 2.79661459132145e-34 5.478940468227505e-35 3.989987525531949e-31 12146
4.41092 3.018652680492882e-34 6.054274016883395e-35 4.024123514353264e-31 12303
4.54876 3.210854900336738e-34 6.747226795463823e-35 4.015278632830649e-31 12584
4.6866 3.531198905248731e-34 7.364647930311234e-35 4.140246697599044e-31 12120
4.82445 3.810154419360299e-34 7.903362340669374e-35 4.196562373089954e-31 11180
4.96229 4.109192116251873e-34 8.816522505326374e-35 4.268155377444988e-31 11096
5.10013 4.437303679723765e-34 9.302242936948997e-35 4.342881586916171e-31 10056
5.23797 4.876767309767029e-34 1.045628844765449e-34 4.514456251829211e-31 9716
5.37581 5.148065402119338e-34 1.15266451516766e-34 4.518200069660351e-31 8604
5.51365 5.722392387506154e-34 1.248946617385457e-34 4.754227261756904e-31 8060
5.65149 5.869392946826064e-34 1.3281425815183e-34 4.635291568568391e-31 7320
5.78933 6.393708415094102e-34 1.443942142460558e-34 4.800184716086509e-31 6356
5.92718 6.976918552823089e-34 1.527682414529791e-34 4.978473766112174e-31 5348
6.06502 7.394830388577374e-34 1.586349984888358e-34 5.023016638694293e-31 4308
6.20286 8.167974713667288e-34 1.845855471225052e-34 5.302755247494868e-31 3563
6.3407 8.441906272498733e-34 1.884911223210612e-34 5.233696475561751e-31 2448
6.47854 8.706519263890934e-34 1.916359800927493e-34 5.156292709543636e-31 1868
6.61638 9.039966083505748e-34 2.325789224666214e-34 5.146718897298723e-31 1358
6.75422 9.644915394851175e-34 2.415152028485267e-34 5.25271825644222e-31 1062
6.89206 1.027507864880951e-33 2.498062340511571e-34 5.366980010014634e-31 776
7.02991 1.203135302994048e-33 2.739555617128387e-34 6.028141243076821e-31 432
7.16775 1.094516778021512e-33 3.136442771401706e-34 5.287369866590723e-31 200
7.30559 1.539164118020851e-33 2.488584576014079e-34 7.032850090504459e-31 168
7.44343 1.641277615320721e-33 4.277310909899658e-34 7.30699945381918e-31 56
7.58127 9.367358467683751e-34 2.948817422639038e-34 4.045885245176906e-31 7


0.137841 1.009883014505748e-07 1.755774827774624e-08 2.164366132195316 18
0.275683 8.048759451338957e-07 9.550169746137881e-08 1.824822457681471 62
0.413524 6.6881014256977e-07 3.116114978566826e-07 0.9531402797175919 98
0.551365 3.387193649431509e-06 4.337069150353461e-07 1.006589252030143 210
0.689207 5.259614543792374e-06 6.874554551781277e-07 0.8190923506632295 350
0.827048 6.405454780207193e-06 1.016476425537157e-06 0.6300753676924526 450
0.964889 6.058290925109295e-06 8.122806342656991e-07 0.361674567410936 602
1.10273 7.094924433307275e-36 1.196061730057563e-36 3.115309579506732e-31 762
1.24057 8.831986377757135e-36 1.485837735424811e-36 2.796501437836742e-31 1142
1.37841 1.184339150140192e-35 1.972036900872441e-36 2.800664258370555e-31 1250
1.51625 1.563184715535564e-35 2.59871341162313e-36 2.854334508965045e-31 1458
1.6541 1.829221496967077e-35 3.374247228502161e-36 2.725891496343127e-31 1814
1.79194 2.353428320256297e-35 4.180290340650894e-36 2.820855073121482e-31 2178
1.92978 2.902233479384318e-35 4.85693765014904e-36 2.843281951388196e-31 2498
2.06762 3.4055816808254e-35 5.846868579117072e-36 2.813920054789543e-31 2622
2.20546 4.018052984009891e-35 7.255635107125523e-36 2.85226756306993e-31 3338
2.3433 4.656508045075487e-35 8.950279188964627e-36 2.88120449669414e-31 3722
2.48114 5.650262534047497e-35 1.020635485143427e-35 3.017504673677845e-31 4170
2.61898 6.509463483122151e-35 1.196425226156542e-35 3.062547622369377e-31 4358
2.75683 7.19760272210648e-35 1.409711779377756e-35 3.021278996536702e-31 5034
2.89467 8.710652784995852e-35 1.591548935639372e-35 3.234744578755479e-31 5714
3.03251 9.309093446404073e-35 1.859764322203253e-35 3.135346050062516e-31 5982
3.17035 1.090688468151017e-34 2.158840178603834e-35 3.309914116519458e-31 6602
3.30819 1.237342607547811e-34 2.384728949346644e-35 3.396741233994879e-31 7130
3.44603 1.415070827539437e-34 2.761017321893013e-35 3.546106507386353e-31 8034
3.58387 1.600239152338069e-34 3.099018843738867e-35 3.670563307740586e-31 8606
3.72172 1.783740424710072e-34 3.467507088517078e-35 3.761745731005419e-31 9066
3.85956 1.988797098112396e-34 3.982761401186182e-35 3.877435422472798e-31 9962
3.9974 2.230083313773102e-34 4.30282259257405e-35 4.012556487369307e-31 10550
4.13524 2.476893429525922e-34 4.704949374637026e-35 4.132161132370369e-31 11226
4.27308 2.597646999719181e-34 5.462997111909207e-35 4.061376129252535e-31 12146
4.41092 2.875816548044827e-34 5.886289109166965e-35 4.186344342709745e-31 12303
4.54876 3.169220163610443e-34 6.379472854260389e-35 4.309213325620994e-31 12584
4.6866 3.416527983402621e-34 7.020466157386301e-35 4.361866594458923e-31 12120
4.82445 3.584452396546697e-34 7.742369887596032e-35 4.310890065897359e-31 11180
4.96229 4.027605641979729e-34 8.386715211407387e-35 4.549622232670884e-31 11096
5.10013 4.215421984985294e-34 8.992500004434757e-35 4.496403232922696e-31 10056
5.23797 4.654857020508051e-34 1.006407346833359e-34 4.693256824688682e-31 9716
5.37581 5.125200725958375e-34 1.07160778366474e-34 4.88111536879305e-31 8604
5.51365 5.586008520402798e-34 1.185171803236204e-34 5.043690198307166e-31 8060
5.65149 5.808600146374092e-34 1.248077487586645e-34 4.980341939626399e-31 7320
5.78933 6.247442928957298e-34 1.332412305767979e-34 5.090685576436493e-31 6356
5.92718 6.681598684556146e-34 1.47314181727013e-34 5.186897528203553e-31 5348
6.06502 7.003271256249267e-34 1.537212403362511e-34 5.176942816165713e-31 4308
6.20286 8.08442790236999e-34 1.729770419383684e-34 5.695226255613861e-31 3563
6.3407 8.025594358555575e-34 1.848490563426435e-34 5.415465561813312e-31 2448
6.47854 8.364869983637483e-34 1.854625343038564e-34 5.386467937637703e-31 1868
6.61638 9.584666300767859e-34 1.986174167073579e-34 5.888591282965669e-31 1358
6.75422 1.005355394729148e-33 2.191464634490718e-34 5.924719713960243e-31 1062
6.89206 1.018667115281884e-33 2.293156072697121e-34 5.769126786064869e-31 776
7.02991 1.183246881209183e-33 2.575890090060098e-34 6.432270315488736e-31 432
7.16775 1.218841463252944e-33 2.530579431172274e-34 6.336434262440593e-31 200
7.30559 9.891270920589119e-34 3.353385378766228e-34 5.014119885841379e-31 168
7.44343 1.518215789677148e-33 4.346659897212021e-34 7.368177664239008e-31 56
7.58127 1.06224630674365e-33 2.07434078976053e-34 4.910384644395087e-31 7


0.137841 6.169273366244833e-08 2.05342740034319e-08 2.155974628662713 18
0.275683 8.72041842035476e-07 6.000200481796533e-08 1.840116183608671 62
0.413524 6.186655586573628e-07 2.753777329275967e-07 0.9561306939060654 98
0.551365 3.14778904739687e-06 3.686383895207664e-07 1.009427828591878 210
0.689207 4.452613521418887e-06 6.586425133867374e-07 0.8086159249755709 350
0.827048 6.463043255941351e-06 7.860286673818987e-07 0.6457859407770995 450
0.964889 5.1296287847637e-06 7.7701812256982e-07 0.3536920267605798 602
1.10273 6.876094201917269e-36 1.163871290035077e-36 3.346810719703062e-31 762
1.24057 8.602987173341375e-36 1.465228252518691e-36 3.031802899610742e-31 1142
1.37841 1.103894798484552e-35 1.983382753957612e-36 2.949002333592506e-31 1250
1.51625 1.511106933441474e-35 2.56320780336285e-36 3.063647116291751e-31 1458
1.6541 1.79386265578941e-35 3.245547677728654e-36 2.928812010694914e-31 1814
1.79194 2.250047169015538e-35 4.083871115576996e-36 2.977231491762168e-31 2178
1.92978 2.698722577872815e-35 4.820951506821018e-36 2.941214682844408e-31 2498
2.06762 3.168192006749593e-35 5.81650848224362e-36 2.908323571435837e-31 2622
2.20546 3.924775134107605e-35 6.8440416837394e-36 3.034292275153653e-31 3338
2.3433 4.867783987994604e-35 8.037308614696975e-36 3.216184955765749e-31 3722
2.48114 5.311967763173329e-35 1.006142211572207e-35 3.12329737591667e-31 4170
2.61898 6.240431603508823e-35 1.161822122469898e-35 3.210376165393806e-31 4358
2.75683 7.169024312612397e-35 1.305080375134412e-35 3.251446681981502e-31 5034
2.89467 8.368097586464578e-35 1.536587390185513e-35 3.389039499534248e-31 5714
3.03251 9.222968750035342e-35 1.773415326855581e-35 3.368254128780737e-31 5982
3.17035 1.072197951424763e-34 2.023539839902708e-35 3.525312140378257e-31 6602
3.30819 1.188402677524743e-34 2.30037110663525e-35 3.550674901269654e-31 7130
3.44603 1.38190991179707e-34 2.657670719014986e-35 3.759923938758441e-31 8034
3.58387 1.547843752007102e-34 2.987688417475316e-35 3.857219208446484e-31 8606
3.72172 1.715139085003473e-34 3.333845665091953e-35 3.928136528233312e-31 9066
3.85956 1.923003527263912e-34 3.780515265729409e-35 4.064357113106712e-31 9962
3.9974 2.13012168531774e-34 4.162931683414697e-35 4.163209348848983e-31 10550
4.13524 2.381023988362815e-34 4.608766029068233e-35 4.313698013857941e-31 11226
4.27308 2.563186590868939e-34 5.145024502615499e-35 4.331400104429263e-31 12146
4.41092 2.817788278437889e-34 5.554434697112217e-35 4.434620239627895e-31 12303
4.54876 3.008259470424609e-34 6.173719890163876e-35 4.437771600860098e-31 12584
4.6866 3.304685701800513e-34 6.784649875325371e-35 4.569985418748604e-31 12120
4.82445 3.629969529689943e-34 7.156561226646005e-35 4.7034640208389e-31 11180
4.96229 3.937710357916908e-34 8.033512389132906e-35 4.810541713998419e-31 11096
5.10013 4.191920374271785e-34 8.509883451858284e-35 4.827481561255205e-31 10056
5.23797 4.594253668135882e-34 9.467908243518929e-35 5.001171402221871e-31 9716
5.37581 4.904936518189069e-34 1.046526224850147e-34 5.059181793294851e-31 8604
5.51365 5.411232854494575e-34 1.115697840913098e-34 5.278644690673754e-31 8060
5.65149 5.631671978200678e-34 1.193770727012875e-34 5.219280477416278e-31 7320
5.78933 6.048889628269128e-34 1.271767319955476e-34 5.326289063733489e-31 6356
5.92718 6.385902561482389e-34 1.420953182822404e-34 5.362222327693698e-31 5348
6.06502 6.802710507018426e-34 1.464039315437654e-34 5.431859663480374e-31 4308
6.20286 7.840707932860645e-34 1.662531774139853e-34 5.967999050111695e-31 3563
6.3407 7.638594645432085e-34 1.766127278681034e-34 5.571946287345178e-31 2448
6.47854 8.177697610772398e-34 1.807336937804608e-34 5.688858740117559e-31 1868
6.61638 9.645012183506666e-34 1.825824142493982e-34 6.383332300047828e-31 1358
6.75422 9.616600137368446e-34 2.109440137129379e-34 6.123316597679179e-31 1062
6.89206 9.71630581181337e-34 2.146887569012337e-34 5.939680878102241e-31 776
7.02991 1.046283964140201e-33 2.671375887676069e-34 6.174001128360112e-31 432
7.16775 1.126077091918814e-33 2.451914364415005e-34 6.329463815020287e-31 200
7.30559 1.160789641956629e-33 2.623113300714963e-34 6.269511752660002e-31 168
7.44343 2.080910410256553e-33 2.759587581428654e-34 1.069805869906522e-30 56
7.58127 9.502884588796937e-34 2.489849640225091e-34 4.782241992625567e-31 7


0.137841 3.306671661856027e-08 2.230728859271175e-08 2.149567648504511 18
0.275683 8.857060889633567e-07 3.747909129774191e-08 1.849380892933743 62
0.413524 6.601326162045903e-07 2.310500325254029e-07 0.9640555796476238 98
0.551365 2.854135548041731e-06 3.29964311325092e-07 1.00813853618376 210
0.689207 3.722361087923107e-06 6.437037897211071e-07 0.7973233620874887 350
0.827048 6.036967836361174e-06 6.739843113087031e-07 0.6482905014238698 450
0.964889 4.154035702102015e-06 7.811703323517087e-07 0.3423719050109288 602
1.10273 6.649422099002518e-36 1.154440526280438e-36 3.611344305715343e-31 762
1.24057 8.371091501950311e-36 1.516122429302692e-36 3.300800351375945e-31 1142
1.37841 1.107192033479782e-35 1.905085221463221e-36 3.211153867485063e-31 1250
1.51625 1.421070633042056e-35 2.506150195710007e-36 3.196460505658626e-31 1458
1.6541 1.846954664077786e-35 2.994618846624601e-36 3.215430308840188e-31 1814
1.79194 2.24078824347591e-35 3.809108069194502e-36 3.198871587913813e-31 2178
1.92978 2.59338062306348e-35 4.783047326571205e-36 3.107470464200964e-31 2498
2.06762 3.126812726115725e-35 5.583756302874414e-36 3.113594473003254e-31 2622
2.20546 3.741854432490555e-35 6.782688863430076e-36 3.177414812305063e-31 3338
2.3433 4.276262750344159e-35 8.4731952900832e-36 3.173057766694085e-31 3722
2.48114 5.470317038227233e-35 9.103454276857733e-36 3.426883210945709e-31 4170
2.61898 6.232433132664675e-35 1.087322450777096e-35 3.448665185318108e-31 4358
2.75683 6.92570320059256e-35 1.259801830846942e-35 3.409012868298593e-31 5034
2.89467 7.978613919788183e-35 1.497034710331322e-35 3.512420932511242e-31 5714
3.03251 9.597886812376187e-35 1.615528422677764e-35 3.739931791632158e-31 5982
3.17035 1.038680683809603e-34 1.949250453368387e-35 3.694257955402172e-31 6602
3.30819 1.163676641148697e-34 2.199091056673022e-35 3.752803081120325e-31 7130
3.44603 1.34466684595554e-34 2.554149569092018e-35 3.952118546551774e-31 8034
3.58387 1.497495463707209e-34 2.859545753892259e-35 4.029497299164772e-31 8606
3.72172 1.656923488309949e-34 3.206586719133728e-35 4.098901890660528e-31 9066
3.85956 1.898652090062703e-34 3.61851730959762e-35 4.321051118543306e-31 9962
3.9974 2.062137981969158e-34 4.032989988591035e-35 4.349630334771379e-31 10550
4.13524 2.298958709513133e-34 4.444779774762517e-35 4.493213981768952e-31 11226
4.27308 2.553844617618881e-34 4.813271617206942e-35 4.634012408974037e-31 12146
4.41092 2.776561983392726e-34 5.337044738847493e-35 4.70340934164742e-31 12303
4.54876 2.987747096960709e-34 5.850967865431575e-35 4.736428118435361e-31 12584
4.6866 3.187485835860846e-34 6.550356557825972e-35 4.750514740334103e-31 12120
4.82445 3.427138598720217e-34 7.060126669927899e-35 4.796490096705771e-31 11180
4.96229 3.799557513911468e-34 7.712274263953034e-35 4.998051931139311e-31 11096
5.10013 4.081851434396306e-34 8.196240691404454e-35 5.058635048738059e-31 10056
5.23797 4.431470299842826e-34 9.147951502921041e-35 5.193599936589612e-31 9716
5.37581 4.823452689469708e-34 9.974988453252024e-35 5.346716345171923e-31 8604
5.51365 5.124588562420393e-34 1.099911445294485e-34 5.390031361925204e-31 8060
5.65149 5.332409680137906e-34 1.172596025988431e-34 5.327093419394859e-31 7320
5.78933 5.8343992811697e-34 1.251071279376141e-34 5.531881810682437e-31 6356
5.92718 6.372316551066854e-34 1.324487578221853e-34 5.738701640176547e-31 5348
6.06502 6.588126067753117e-34 1.420052251019552e-34 5.657750804142463e-31 4308
6.20286 7.441174898318325e-34 1.629984209629308e-34 6.098466898789714e-31 3563
6.3407 7.631083478704397e-34 1.633255968508464e-34 5.966779966448266e-31 2448
6.47854 8.00026453486556e-34 1.729810442791638e-34 5.978116662720673e-31 1868
6.61638 9.298335249210055e-34 1.705892741027286e-34 6.606373792068142e-31 1358
6.75422 9.329752726519515e-34 2.047200030836815e-34 6.384646660335506e-31 1062
6.89206 9.395704379721869e-34 2.068600875456467e-34 6.171189307116374e-31 776
7.02991 1.041282276426282e-33 2.624729225096787e-34 6.602017425799258e-31 432
7.16775 1.11972340539925e-33 2.5128921867626e-34 6.768772643667089e-31 200
7.30559 1.20077524100699e-33 2.192756574926505e-34 6.921650834129039e-31 168
7.44343 1.845130227943849e-33 3.212625748571331e-34 1.023706335548532e-30 56
7.58127 7.675859872630777e-34 1.822826559470233e-34 4.136106266656822e-31 7


0.137841 1.483901489788062e-08 2.279697581487873e-08 2.145511953162354 18
0.275683 8.486781117771439e-07 2.659439403719472e-08 1.852368063949333 62
0.413524 7.454532397902498e-07 1.85108544501159e-07 0.9745676988677694 98
0.551365 2.513566397857551e-06 3.127288807075057e-07 1.002972015885792 210
0.689207 3.155251283825059e-06 6.222848815039865e-07 0.7887213356237395 350
0.827048 5.194823095432903e-06 6.607680648575417e-07 0.6378531161209671 450
0.964889 3.438898241576418e-06 7.656842406676446e-07 0.3343158297825066 602
1.10273 6.608151144619434e-36 1.1281208151833e-36 3.92821053562918e-31 762
1.24057 8.082581692088868e-36 1.452812276265424e-36 3.497149070542672e-31 1142
1.37841 1.090094084649997e-35 1.828341767433221e-36 3.431616471588679e-31 1250
1.51625 1.41637700341523e-35 2.44914956875293e-36 3.456693531999442e-31 1458
1.6541 1.761023633191274e-35 3.081432060526594e-36 3.403742686551387e-31 1814
1.79194 2.159871994315792e-35 3.630257945810841e-36 3.348161815610457e-31 2178
1.92978 2.669823409400293e-35 4.350256540593474e-36 3.384878643075731e-31 2498
2.06762 3.091835024789569e-35 5.227949215921697e-36 3.305566909688508e-31 2622
2.20546 3.628765855978865e-35 6.375676100045189e-36 3.317814525080723e-31 3338
2.3433 4.53426540085197e-35 7.48661025508418e-36 3.527089672441502e-31 3722
2.48114 4.881551602791095e-35 9.618655985012072e-36 3.403721634434564e-31 4170
2.61898 5.755207373466936e-35 1.08732305049847e-35 3.48597107099312e-31 4358
2.75683 6.620539625505487e-35 1.225295515460079e-35 3.528853262962838e-31 5034
2.89467 7.931925044524741e-35 1.404719923131761e-35 3.740369494662172e-31 5714
3.03251 8.794468159546294e-35 1.672799494052603e-35 3.750006335158693e-31 5982
3.17035 1.015914827386298e-34 1.88314934689608e-35 3.888863587653171e-31 6602
3.30819 1.135802969220213e-34 2.098195941222387e-35 3.935410958216888e-31 7130
3.44603 1.30884688247223e-34 2.449866784317921e-35 4.134976559643951e-31 8034
3.58387 1.461943014832005e-34 2.737728329024717e-35 4.223672244976064e-31 8606
3.72172 1.586773845020136e-34 3.098992726084467e-35 4.225700940253626e-31 9066
3.85956 1.837656253605693e-34 3.476126967326062e-35 4.494049024800122e-31 9962
3.9974 1.991915115267018e-34 3.921293479917984e-35 4.517699401054018e-31 10550
4.13524 2.217286655846667e-34 4.336420857881905e-35 4.658646190909441e-31 11226
4.27308 2.479377474189726e-34 4.625015229927187e-35 4.826644572946394e-31 12146
4.41092 2.690462974962506e-34 5.151656255575028e-35 4.890580758899748e-31 12303
4.54876 2.905928372699457e-34 5.606785699213593e-35 4.938764358031286e-31 12584
4.6866 3.135819271310997e-34 6.187226351722084e-35 5.000592238788832e-31 12120
4.82445 3.359636058202661e-34 6.773518467850821e-35 5.035559905149196e-31 11180
4.96229 3.66628730163835e-34 7.532585833360506e-35 5.175214394829097e-31 11096
5.10013 3.904641470441304e-34 8.02199717464195e-35 5.1939318496869e-31 10056
5.23797 4.269818025108728e-34 8.93410516100301e-35 5.367125642254126e-31 9716
5.37581 4.689000842189789e-34 9.697070735842465e-35 5.569553494813775e-31 8604
5.51365 5.096060108646107e-34 1.040475884604757e-34 5.727618288052936e-31 8060
5.65149 5.367624947446508e-34 1.0934230820065e-34 5.722086990972245e-31 7320
5.78933 5.665103976982155e-34 1.216223396830375e-34 5.753171655828912e-31 6356
5.92718 6.140490649863271e-34 1.290997000530557e-34 5.924237223791308e-31 5348
6.06502 6.4785144289893e-34 1.367998698743111e-34 5.951494707753712e-31 4308
6.20286 7.353766625611469e-34 1.573193925506865e-34 6.445717888338451e-31 3563
6.3407 7.504018340468144e-34 1.584655280826086e-34 6.276931775358459e-31 2448
6.47854 7.726285456868853e-34 1.709841379117234e-34 6.184777328901377e-31 1868
6.61638 8.864310234406439e-34 1.677146347422608e-34 6.744318377685669e-31 1358
6.75422 9.307760107661404e-34 1.952938833186878e-34 6.804132760754436e-31 1062
6.89206 9.173875956586098e-34 2.00264058741985e-34 6.444882190993158e-31 776
7.02991 1.019731287211457e-33 2.469269866374545e-34 6.907952267704308e-31 432
7.16775 1.098347433172892e-33 2.539392158764281e-34 7.108438282813899e-31 200
7.30559 1.218744958694384e-33 2.202043521201511e-34 7.51014528845475e-31 168
7.44343 1.703930408252641e-33 3.138194365079399e-34 1.012330872554571e-30 56
7.58127 5.414922185130096e-34 1.111243153483377e-34 3.10849789238779e-31 7


0.137841 6.062831946003998e-09 2.206960886153023e-08 2.143912702806435 18
0.275683 7.699984867806917e-07 2.518810443355941e-08 1.84962947465793 62
0.413524 8.360580063200085e-07 1.428819834977608e-07 0.9854373818672145 98
0.551365 2.151602163066311e-06 3.098783229267737e-07 0.9950425575984816 210
0.689207 2.773798170434665e-06 5.863700995513556e-07 0.7844657488656932 350
0.827048 4.204409081182009e-06 6.950528338762661e-07 0.6207191589708944 450
0.964889 3.113676957710033e-06 7.036790402047792e-07 0.3332691719954923 602
1.10273 6.54531663108955e-36 1.085347774202647e-36 4.18651932097958e-31 762
1.24057 7.981144876374251e-36 1.414437620664153e-36 3.741443117014941e-31 1142
1.37841 1.034949027390552e-35 1.822962604194443e-36 3.600964242528683e-31 1250
1.51625 1.41917837390446e-35 2.392885088520641e-36 3.732972886419617e-31 1458
1.6541 1.669920821299434e-35 3.120216742199343e-36 3.569357691873168e-31 1814
1.79194 2.034693711416143e-35 3.742939031434902e-36 3.487636698096388e-31 2178
1.92978 2.479285910487203e-35 4.471875467692974e-36 3.479630622029785e-31 2498
2.06762 2.832100017060307e-35 5.329264320125213e-36 3.349820822367189e-31 2622
2.20546 3.461198548697745e-35 6.199331717579266e-36 3.432922761435671e-31 3338
2.3433 4.048634129934138e-35 7.889966731686223e-36 3.50302388769122e-31 3722
2.48114 5.092376693810331e-35 8.499989559829889e-36 3.717266695558588e-31 4170
2.61898 5.750723160132107e-35 1.012372522684232e-35 3.706563974840389e-31 4358
2.75683 6.593887217092471e-35 1.160279696582545e-35 3.751534188036567e-31 5034
2.89467 7.371565238415118e-35 1.436047616352105e-35 3.787495503648838e-31 5714
3.03251 8.464434441223322e-35 1.631036803849432e-35 3.883652489346635e-31 5982
3.17035 1.020484027530674e-34 1.783008748469837e-35 4.163378304526046e-31 6602
3.30819 1.104877107340123e-34 2.042822340948814e-35 4.107641066626912e-31 7130
3.44603 1.274904186717505e-34 2.380142480663534e-35 4.316914625410401e-31 8034
3.58387 1.411274163925944e-34 2.675037693251345e-35 4.375150329782967e-31 8606
3.72172 1.535213294198532e-34 3.011086898623302e-35 4.381260415552909e-31 9066
3.85956 1.779437230508713e-34 3.371118903174398e-35 4.65888349082485e-31 9962
3.9974 1.977988921335269e-34 3.733580614959704e-35 4.782814814510936e-31 10550
4.13524 2.13683904794785e-34 4.229697472527287e-35 4.808573797389815e-31 11226
4.27308 2.39662141392883e-34 4.513652795819541e-35 4.991578211815167e-31 12146
4.41092 2.57775353625275e-34 5.043316074284298e-35 5.017046762261124e-31 12303
4.54876 2.823301158197142e-34 5.433686228690478e-35 5.126726986697596e-31 12584
4.6866 3.077191463202307e-34 5.917018801316391e-35 5.233613089891119e-31 12120
4.82445 3.322321218580862e-34 6.411306795208798e-35 5.304666901557535e-31 11180
4.96229 3.59388808631323e-34 7.222071481789387e-35 5.410474547202956e-31 11096
5.10013 3.779005611389407e-34 7.865116731835933e-35 5.37184512440641e-31 10056
5.23797 4.275272095565405e-34 8.357017475985044e-35 5.71475068257163e-31 9716
5.37581 4.602778037121469e-34 9.333790244778319e-35 5.828454262158394e-31 8604
5.51365 4.901606684755791e-34 1.010411677987124e-34 5.881597305447004e-31 8060
5.65149 5.15543347212242e-34 1.081126416222215e-34 5.872699238285443e-31 7320
5.78933 5.63064609220242e-34 1.132776854396608e-34 6.080567788756805e-31 6356
5.92718 6.083404413187248e-34 1.235418626374143e-34 6.249771053252099e-31 5348
6.06502 6.332889685461466e-34 1.325884488811385e-34 6.20157131821146e-31 4308
6.20286 7.150236867521294e-34 1.510482235350186e-34 6.678549793808208e-31 3563
6.3407 7.043947722764593e-34 1.567556905057041e-34 6.296372961255912e-31 2448
6.47854 7.67506934620739e-34 1.631673350158493e-34 6.538267249221125e-31 1868
6.61638 7.799966585467884e-34 1.828938261243184e-34 6.378292518701284e-31 1358
6.75422 9.400063181246079e-34 1.814330541211316e-34 7.300752599755062e-31 1062
6.89206 9.032868889307852e-34 1.891935790523124e-34 6.752262462426051e-31 776
7.02991 9.849627041227997e-34 2.305055210109391e-34 7.102555661245479e-31 432
7.16775 1.102951599635496e-33 2.333385081053823e-34 7.583833648485561e-31 200
7.30559 1.176697593226144e-33 2.268387431031077e-34 7.73790043923016e-31 168
7.44343 1.784466009553346e-33 2.613279183454796e-34 1.122448233197925e-30 56
7.58127 6.272313859698873e-34 7.417757988391737e-35 3.78596714279862e-31 7


0.137841 5.264905524045642e-09 2.030264231461686e-08 2.144634424210079 18
0.275683 6.623651960240834e-07 3.064459868328336e-08 1.84231719713679 62
0.413524 9.046116147178295e-07 1.08086878809551e-07 0.9948402942330231 98
0.551365 1.801622109806523e-06 3.137156176312463e-07 0.9859810692209456 210
0.689207 2.551518167585047e-06 5.372676506201466e-07 0.7844690596573347 350
0.827048 3.348562655428158e-06 7.245756307582633e-07 0.6047823045888601 450
0.964889 3.101780179587407e-06 6.045255568719148e-07 0.3385949560634598 602
1.10273 6.46527545395403e-36 1.065767148425433e-36 4.467129121729118e-31 762
1.24057 8.503867377819478e-36 1.348930507192599e-36 4.173609994395031e-31 1142
1.37841 9.921690473433922e-36 1.80313258128539e-36 3.770911227008314e-31 1250
1.51625 1.367664985531951e-35 2.313118680362816e-36 3.902069651262204e-31 1458
1.6541 1.701974207037277e-35 2.821870222585048e-36 3.800292884568484e-31 1814
1.79194 2.075875050891233e-35 3.510854867620036e-36 3.763814047327077e-31 2178
1.92978 2.432298081573661e-35 4.448883822889944e-36 3.696505956878007e-31 2498
2.06762 2.888647155231281e-35 4.99688737738261e-36 3.607888027874501e-31 2622
2.20546 3.35903803387873e-35 5.972095424392481e-36 3.573591082360835e-31 3338
2.3433 4.304897342605905e-35 7.185173904942557e-36 3.883333880860935e-31 3722
2.48114 4.605173684269188e-35 8.725923902929846e-36 3.688569962149963e-31 4170
2.61898 5.522529634081651e-35 9.892272285846817e-36 3.828746423801551e-31 4358
2.75683 6.218392065423018e-35 1.161537574834224e-35 3.826696438669784e-31 5034
2.89467 7.742581792952832e-35 1.318605934113714e-35 4.176807154034099e-31 5714
3.03251 8.770926152721799e-35 1.508163546625273e-35 4.243130977298292e-31 5982
3.17035 9.365717217619862e-35 1.833092058906835e-35 4.146485674429472e-31 6602
3.30819 1.079151503571055e-34 1.977998860099753e-35 4.283059729410442e-31 7130
3.44603 1.230602307211304e-34 2.311247369239036e-35 4.454827388608004e-31 8034
3.58387 1.377665989212625e-34 2.575995896893384e-35 4.55336005787888e-31 8606
3.72172 1.535607861362718e-34 2.850014444856271e-35 4.650482315863869e-31 9066
3.85956 1.736090719649948e-34 3.29120057400813e-35 4.849876395406895e-31 9962
3.9974 1.94977275730199e-34 3.547623548394926e-35 5.011906874337423e-31 10550
4.13524 2.1123121202206e-34 4.103633852998726e-35 5.059530579396155e-31 11226
4.27308 2.319470514767885e-34 4.409662125826185e-35 5.152274203024738e-31 12146
4.41092 2.511979251711531e-34 4.865720887006435e-35 5.204938332982296e-31 12303
4.54876 2.748431589048875e-34 5.316341116093326e-35 5.316855935715833e-31 12584
4.6866 3.006332756817689e-34 5.70914051585832e-35 5.439497096676701e-31 12120
4.82445 3.202161685462382e-34 6.242734849462353e-35 5.445787783678677e-31 11180
4.96229 3.550652052411144e-34 6.856788949228685e-35 5.67396811318313e-31 11096
5.10013 3.796225143362917e-34 7.415470206656722e-35 5.719405972406126e-31 10056
5.23797 4.072774548303906e-34 8.294471422503744e-35 5.805339520745761e-31 9716
5.37581 4.543060651432369e-34 8.953431236499854e-35 6.108663084434364e-31 8604
5.51365 4.806048295302454e-34 9.793279641605798e-35 6.129127102499896e-31 8060
5.65149 5.135908893374134e-34 1.024278983669437e-34 6.203771107941046e-31 7320
5.78933 5.423813796862815e-34 1.104107618917434e-34 6.229786433001083e-31 6356
5.92718 5.759341866491403e-34 1.229116875432796e-34 6.30394827914989e-31 5348
6.06502 6.217044303047613e-34 1.270799849661569e-34 6.462794588713752e-31 4308
6.20286 7.134282521563548e-34 1.429145971611852e-34 7.063007333464906e-31 3563
6.3407 7.09138391018143e-34 1.473272563125943e-34 6.71310726658663e-31 2448
6.47854 7.745963031010661e-34 1.559340507171201e-34 6.993870190901185e-31 1868
6.61638 7.697117620332863e-34 1.765362137741886e-34 6.679562630777684e-31 1358
6.75422 8.767082097297503e-34 1.842027332704156e-34 7.252943614877948e-31 1062
6.89206 8.774785049268488e-34 1.842977522616141e-34 6.964777802087419e-31 776
7.02991 9.348580232097054e-34 2.165553379627908e-34 7.155732353122524e-31 432
7.16775 1.065065678587138e-33 2.190677497812771e-34 7.765468284976584e-31 200
7.30559 1.0939789484008e-33 2.36605240119732e-34 7.663915932564419e-31 168
7.44343 1.925278090787646e-33 2.211518266229836e-34 1.277963953774155e-30 56
7.58127 5.521043485841648e-34 1.574543202321283e-34 3.628010394593236e-31 7


0.137841 1.061596488381136e-08 1.774954744795869e-08 2.147338736609749 18
0.275683 5.398895138464734e-07 4.022478617190085e-08 1.83195936857928 62
0.413524 9.352357218355931e-07 8.271313758384115e-08 1.001524236799509 98
0.551365 1.495639030369234e-06 3.172632844273001e-07 0.9775353712913266 210
0.689207 2.436513503762115e-06 4.813038884297e-07 0.7874861433983232 350
0.827048 2.80350314919521e-06 7.162752183681049e-07 0.5959183117408773 450
0.964889 3.209365051994666e-06 4.983008564799548e-07 0.3464935004950639 602
1.10273 6.408010769530867e-36 1.073168618014887e-36 4.809273156372486e-31 762
1.24057 8.574117328998057e-36 1.333101831088865e-36 4.498410495576589e-31 1142
1.37841 1.021316593821867e-35 1.725542144358634e-36 4.092578313939524e-31 1250
1.51625 1.332270975571451e-35 2.37765139691557e-36 4.161462428200985e-31 1458
1.6541 1.674558222357666e-35 2.754243205250693e-36 4.011660137061149e-31 1814
1.79194 2.047801287430419e-35 3.41949816425541e-36 3.976492138459788e-31 2178
1.92978 2.522322725617386e-35 4.210425009797336e-36 4.023265340040234e-31 2498
2.06762 2.871973488572932e-35 4.829041065844217e-36 3.828265946921389e-31 2622
2.20546 3.306894795159595e-35 5.77718580137856e-36 3.75613507809899e-31 3338
2.3433 3.983796812861301e-35 7.493983474444218e-36 3.940475572146453e-31 3722
2.48114 4.755941782665482e-35 8.040093398948902e-36 3.990690115301662e-31 4170
2.61898 5.410978334494972e-35 9.682816792721916e-36 4.010504375602799e-31 4358
2.75683 6.323767463903394e-35 1.095579904833843e-35 4.107725846511895e-31 5034
2.89467 7.173268130046608e-35 1.352014750947701e-35 4.192464548171247e-31 5714
3.03251 8.271301733142692e-35 1.544762210122388e-35 4.313937911619745e-31 5982
3.17035 9.577642200469223e-35 1.710423816317474e-35 4.464940477039224e-31 6602
3.30819 1.03350587785651e-34 1.963727084859364e-35 4.390063228943602e-31 7130
3.44603 1.224545017339908e-34 2.231304607806185e-35 4.703306625405013e-31 8034
3.58387 1.344677658934461e-34 2.504388927162835e-35 4.72725794392989e-31 8606
3.72172 1.522062416510185e-34 2.74671948619313e-35 4.889534355127854e-31 9066
3.85956 1.704769844803113e-34 3.181499868017384e-35 5.056007341008076e-31 9962
3.9974 1.903228832996285e-34 3.478760921103265e-35 5.202218918125165e-31 10550
4.13524 2.093324359913963e-34 3.946790488540416e-35 5.313744385434802e-31 11226
4.27308 2.270781029484494e-34 4.289728632666201e-35 5.355433342834413e-31 12146
4.41092 2.457915701675622e-34 4.734301079979167e-35 5.405311998500848e-31 12303
4.54876 2.644093702041212e-34 5.234137694626243e-35 5.440450877565479e-31 12584
4.6866 2.965811397536186e-34 5.507327658856082e-35 5.685572405280637e-31 12120
4.82445 3.11811099066619e-34 6.130489882370315e-35 5.630313947583732e-31 11180
4.96229 3.455143510022898e-34 6.657730022880723e-35 5.855990335759843e-31 11096
5.10013 3.721040617980139e-34 7.144857053322684e-35 5.938610676158815e-31 10056
5.23797 3.978304692629414e-34 8.014850908240817e-35 6.009449279555433e-31 9716
5.37581 4.406677984715193e-34 8.679207010551125e-35 6.281559281816806e-31 8604
5.51365 4.765113716925749e-34 9.354992436140455e-35 6.42762804347161e-31 8060
5.65149 4.961070185935094e-34 9.941137031401217e-35 6.352211113562412e-31 7320
5.78933 5.284504882892228e-34 1.071461515608423e-34 6.430578599739878e-31 6356
5.92718 5.736683668153247e-34 1.161416089602149e-34 6.634989814280175e-31 5348
6.06502 6.054560558698116e-34 1.229457981031306e-34 6.665125052420399e-31 4308
6.20286 6.714212448731972e-34 1.438502566733807e-34 7.063855306179055e-31 3563
6.3407 7.098055635495869e-34 1.433505184386631e-34 7.107401998471134e-31 2448
6.47854 7.240616946564976e-34 1.547770024362913e-34 6.941309009636311e-31 1868
6.61638 8.23863982534772e-34 1.591296147266304e-34 7.513565571247881e-31 1358
6.75422 8.102178076241741e-34 1.872970841107868e-34 7.127658900426383e-31 1062
6.89206 8.404096379654921e-34 1.844158884923974e-34 7.075486659332884e-31 776
7.02991 1.013879274812122e-33 1.889548417225015e-34 8.14586899315392e-31 432
7.16775 1.003457938556903e-33 2.166517823735202e-34 7.75876405149238e-31 200
7.30559 9.965607592549032e-34 2.518284086977928e-34 7.437980239263567e-31 168
7.44343 1.287422100491987e-33 3.134614401204997e-34 9.231273486295568e-31 56
7.58127 3.798396406496536e-34 2.462053685229507e-34 2.800613885569902e-31 7


