0.0323131 9.730203786811185e-07 5.559868651110975e-07 0.4910506990510661 18
0.0646262 6.464499483129407e-06 5.379506230277326e-06 0.6177176763926742 62
0.0969393 2.178392252249987e-05 1.452913915106097e-05 0.7910950931314824 98
0.129252 5.335139926131134e-05 5.008633312139522e-05 1.047914416617622 210
0.161565 0.000111233137633115 0.0001086448007070612 1.377959681302207 350
0.193879 0.0001693373725674628 0.00017395600585755 1.443337110489738 450
0.226192 0.0002850582618906429 0.0002592807300152421 1.751229928313058 602
0.258505 0.0004083451234347137 0.0004008430539910849 1.901449302848313 762
0.290818 0.0005617904231653236 0.0006589178487187819 2.071408326699311 1142
0.323131 0.0007692195193546748 0.0008729831674282008 2.296925976882759 1250
0.355444 0.0009814598717353934 0.001187886771788029 2.409956117576919 1458
0.387757 0.001381074239466798 0.001520224231731876 2.834165291651053 1814
0.42007 0.001656998215334778 0.001984568480180862 2.898635609252616 2178
0.452383 0.002140416440548706 0.002508759437806306 3.226155924917748 2498
0.484696 0.002614055279157246 0.003281280252941475 3.421579760061105 2622
0.51701 0.003045269743089236 0.003826810309240536 3.495720649771167 3191
0.549323 0.00355464197782999 0.004491129646439527 3.615631637397926 3044
0.581636 0.004274924870460125 0.005253851980204859 3.879665761646945 2736
0.613949 0.004841994710884825 0.006499466775353762 3.938459769159939 2276
0.646262 0.005737538751093621 0.007480495262435099 4.205846336285767 2016
0.678575 0.006162840677517652 0.008530815918621744 4.099222886184057 1640
0.710888 0.00750154357445306 0.009837872410976048 4.543278583491803 1056
0.743201 0.007520605357096775 0.0118103645634354 4.166405019046439 683
0.775514 0.0088951650770588 0.01265355468186146 4.529975013002415 350
0.807827 0.0110379004070911 0.0152748951338955 5.185273872530204 192
0.840141 0.01378217244548849 0.01499007740283788 5.966164078880604 44
0.872454 0.008007298131236453 0.01336523363306712 3.192491321376926 25


0.0323131 5.016888285551194e-08 2.786840306304523e-08 0.4835910154833398 18
0.0646262 4.743917210052066e-07 3.143951785173355e-07 0.6407106205934157 62
0.0969393 1.180922319960995e-06 9.30054379159143e-07 0.5339009832756413 98
0.129252 3.519245803436288e-06 3.516890503799389e-06 0.77234662985586 210
0.161565 6.126668770919072e-06 8.85105277158905e-06 0.8196557383240143 350
0.193879 6.929848991648042e-06 1.681561270782006e-05 0.659308443847035 450
0.226192 8.020179611710304e-06 2.740789057840417e-05 0.5591525187076165 602
0.258505 9.626931508497027e-06 4.3604919293107e-05 0.5121029176555602 762
0.290818 1.358893182378314e-05 6.75281548157562e-05 0.5451452445357599 1142
0.323131 2.395145224740111e-05 8.40825800345502e-05 0.6788425236863529 1250
0.355444 4.502610661620227e-05 9.727456798517138e-05 0.9474934736233159 1458
0.387757 8.389220614997891e-05 9.820206123294113e-05 1.384501991770662 1814
0.42007 0.0001327001836093161 9.752372583976456e-05 1.814007612040259 2178
0.452383 0.0001902593173191707 9.646202939406321e-05 2.209587809532739 2498
0.484696 0.0002581437165660551 0.0001069731583766793 2.584994608741759 2622
0.51701 0.0003018579529326299 0.0001143793394819113 2.64072931056785 3191
0.549323 0.0003459248386284304 0.000143899395618723 2.677530704961373 3044
0.581636 0.0003456705421314683 0.0002248666084331177 2.3948966065221 2736
0.613949 0.0003426285224807332 0.0003451145465830229 2.137315856305665 2276
0.646262 0.0003035529860470864 0.0004900145497653771 1.720955832971119 2016
0.678575 0.0002727200849365532 0.0006103815606533452 1.41233721396454 1640
0.710888 0.000267436987437497 0.0007608165463438276 1.267974789845038 1056
0.743201 0.0002867037998534406 0.0008851952037184652 1.242102121305519 683
0.775514 0.0003951987767420522 0.0008646951180904154 1.551000570556263 350
0.807827 0.0006479900714531711 0.0008786183825204742 2.317808990850915 192
0.840141 0.0006697036410049491 0.0008651040670139392 2.203837667158082 44
0.872454 0.0005812501757567869 0.0006698022827249608 1.755913073591208 25


0.0323131 1.136750351562897e-08 1.947953626958877e-08 0.4616953420366799 18
0.0646262 1.369470951895289e-07 1.725320099050337e-07 0.5861187040088409 62
0.0969393 4.019498095951493e-07 4.241143152595275e-07 0.4805999492537566 98
0.129252 1.590522439751068e-06 1.141322535214608e-06 0.7466198650135289 210
0.161565 3.972497502808034e-06 1.795872091474845e-06 0.9531674114139376 350
0.193879 7.278952142541658e-06 1.781478246009381e-06 1.055696592785862 450
0.226192 1.101316660339732e-05 2.479460153981725e-06 1.102407278822285 602
0.258505 1.581678729147142e-05 4.477437903435241e-06 1.174297287494494 762
0.290818 2.112150411377678e-05 9.968051357153832e-06 1.23906290405871 1142
0.323131 2.067376240982926e-05 2.128373531101224e-05 1.02071326056604 1250
0.355444 1.819922592713574e-05 3.783527991550266e-05 0.7896383885065733 1458
0.387757 1.632732407196246e-05 5.62640188222017e-05 0.6322913655370028 1814
0.42007 2.046746376678334e-05 7.184205898914112e-05 0.6525979815764277 2178
0.452383 3.287864545601849e-05 8.214375935638065e-05 0.8278735955153431 2498
0.484696 5.465251790280967e-05 9.138901413655555e-05 1.121793951682746 2622
0.51701 8.461376190212109e-05 8.065063926947412e-05 1.452290622367958 3191
0.549323 0.0001213023808084681 7.154143123297554e-05 1.801297393632463 3044
0.581636 0.0001583471214357848 6.377586926516691e-05 2.07219031632454 2736
0.613949 0.0001828900186552178 8.339878367770508e-05 2.141379068416736 2276
0.646262 0.000173877395302404 0.0001332224191844689 1.84811928079432 2016
0.678575 0.00015098768182051 0.0001916169819930772 1.472474532209713 1640
0.710888 0.0001300730810588554 0.000270405199099796 1.175369107622118 1056
0.743201 0.0001098338671304826 0.0003486769459501331 0.9265877646232684 683
0.775514 0.0001446399309094627 0.0003493806831843361 1.09553808426111 350
0.807827 0.0002481293469741884 0.0003513394023784647 1.689438163522256 192
0.840141 0.0002670222851700777 0.0003348729356066997 1.666238088952152 44
0.872454 0.0002346294394365793 0.0002563012858126358 1.340698385465483 25


0.0323131 9.834734264086688e-09 7.473849762014498e-09 0.4706708008470217 18
0.0646262 8.079560459313647e-08 9.441404235113941e-08 0.5885928741515813 62
0.0969393 1.982695395013823e-07 2.707065656239793e-07 0.4628732206356427 98
0.129252 4.812794727837087e-07 1.084263020401035e-06 0.6108408474544684 210
0.161565 7.202695935058685e-07 2.610966556575807e-06 0.6058771373908213 350
0.193879 7.766759566322212e-07 4.490619541459659e-06 0.4945322451697544 450
0.226192 1.584818328756143e-06 6.233469956244826e-06 0.4949138713015586 602
0.258505 3.675283848928236e-06 7.9929865306032e-06 0.6020371560187792 762
0.290818 8.566108098534598e-06 9.079897037863109e-06 0.8621857572676448 1142
0.323131 1.611856026474809e-05 7.275774318613364e-06 1.147444708970088 1250
0.355444 2.462761345806821e-05 6.24024813579114e-06 1.37096980125686 1458
0.387757 3.001950011325556e-05 9.921041917645374e-06 1.389744337451193 1814
0.42007 3.183892168045757e-05 1.930980068505876e-05 1.273725800675268 2178
0.452383 3.071987593259112e-05 3.37110377451362e-05 1.089106242768063 2498
0.484696 3.19285373894959e-05 5.061880252913732e-05 1.002924265717538 2622
0.51701 3.026386329562957e-05 6.408312503404656e-05 0.8482817992999019 3191
0.549323 3.580660000273433e-05 7.485222713463049e-05 0.8716577594946985 3044
0.581636 5.547219536493777e-05 7.165081570834216e-05 1.136452880278555 2736
0.613949 8.678023424872196e-05 6.421860880221901e-05 1.534520102404772 2276
0.646262 0.0001149201498175704 5.72311772197705e-05 1.800291718035673 2016
0.678575 0.0001235542396511638 6.743742560669738e-05 1.752201567186152 1640
0.710888 0.0001251781517970596 9.77685713709398e-05 1.625534319434593 1056
0.743201 9.571595751718547e-05 0.0001611375082581215 1.168671965415199 683
0.775514 7.527281359935594e-05 0.0002040420511494678 0.8677299268438733 350
0.807827 7.493078246796037e-05 0.000267515322645314 0.8103623682196931 192
0.840141 9.425831166532512e-05 0.0002490019786296322 0.909391980582446 44
0.872454 6.404395055685187e-05 0.0002173564239690979 0.5768176432060622 25


0.0323131 5.295795926486125e-09 6.184298996626973e-09 0.4666732678943527 18
0.0646262 6.850005160551131e-08 4.646297198507088e-08 0.6005237959650968 62
0.0969393 1.914982128217736e-07 1.155376235616191e-07 0.4900872234293944 98
0.129252 7.618769636144575e-07 2.526801041317539e-07 0.7495775007278963 210
0.161565 1.752318371556774e-06 3.940129175402272e-07 0.9005334551615994 350
0.193879 2.801689673622986e-06 5.845405037977526e-07 0.8956799629174502 450
0.226192 3.555890109193136e-06 1.514324006884989e-06 0.8251479586742414 602
0.258505 4.058832447901188e-06 3.606620883301558e-06 0.7534836720138059 762
0.290818 3.962429608835347e-06 7.817765727634754e-06 0.6637898404333749 1142
0.323131 3.106176122645866e-06 1.273910789596458e-05 0.5141618718367171 1250
0.355444 4.253578638644557e-06 1.672368524794751e-05 0.5244120608165853 1458
0.387757 9.83224787959764e-06 1.702248822206653e-05 0.7461466262454317 1814
0.42007 1.822970922116364e-05 1.567709889934122e-05 1.025250224444507 2178
0.452383 2.761279709758212e-05 1.459165518489251e-05 1.262587983248153 2498
0.484696 3.585341180430878e-05 1.798697514915594e-05 1.400091645774207 2622
0.51701 3.745833887297561e-05 2.410772958148054e-05 1.284597452061967 3191
0.549323 3.730340158513607e-05 3.530422096379216e-05 1.148063062468964 3044
0.581636 2.964273330583186e-05 5.49366003983503e-05 0.8562434258292715 2736
0.613949 2.9200027553061e-05 7.223739266244383e-05 0.772672137581675 2276
0.646262 4.131596249607668e-05 7.43733140483754e-05 0.9339978112867559 2016
0.678575 6.217204029008494e-05 6.512016423375999e-05 1.210830800576119 1640
0.710888 9.119024042034523e-05 5.570740647730675e-05 1.570926993461822 1056
0.743201 0.0001182874609021622 4.8552254663948e-05 1.837035898741697 683
0.775514 0.00011378228547137 6.750541122145086e-05 1.63210640888917 350
0.807827 0.0001024644049950116 0.000121312623595248 1.3828347701358 192
0.840141 9.707538278002567e-05 0.0001282124122301728 1.20842780004467 44
0.872454 6.750570144992054e-05 0.000117416830218575 0.7814955883188965 25


0.0323131 3.869662596039834e-09 4.447897298077083e-09 0.467081250153715 18
0.0646262 2.640473413603443e-08 5.791597324542444e-08 0.575783210438185 62
0.0969393 6.774731505464197e-08 1.577271889165051e-07 0.4475270832416942 98
0.129252 1.366366810340717e-07 6.159599150147319e-07 0.5857407882119889 210
0.161565 2.51954960410559e-07 1.344873364621483e-06 0.6017828802784168 350
0.193879 5.301903394268e-07 1.98192737681801e-06 0.5544682204072631 450
0.226192 1.42192741972022e-06 2.29007705321728e-06 0.6081570680954315 602
0.258505 3.195494941628352e-06 2.32843447559023e-06 0.7547910814763437 762
0.290818 6.285994401222278e-06 2.073537730921811e-06 0.9945220944860488 1142
0.323131 8.912943410711036e-06 2.252084763563182e-06 1.07866689528545 1250
0.355444 1.006031310119413e-05 4.819510926432157e-06 1.017711094066219 1458
0.387757 8.738513035904149e-06 1.065151499485525e-05 0.8100768588268413 1814
0.42007 7.758937116773298e-06 1.705949924614107e-05 0.6692444875189206 2178
0.452383 8.793973716516946e-06 2.228220907715049e-05 0.6494847450636173 2498
0.484696 1.386853862637559e-05 2.564909935297872e-05 0.7996260072061377 2622
0.51701 2.143511350095575e-05 2.334066342974549e-05 0.9786152377962245 3191
0.549323 3.04280346621565e-05 2.188468472882075e-05 1.167651029138317 3044
0.581636 4.043942731868443e-05 1.980852726928e-05 1.340523416986662 2736
0.613949 4.42589361927299e-05 2.803306556448803e-05 1.318552852031906 2276
0.646262 3.844324209805721e-05 4.492378565664891e-05 1.063789837221847 2016
0.678575 3.450859962203521e-05 5.819929292866443e-05 0.8859249428406429 1640
0.710888 3.78266392077692e-05 6.991759679271434e-05 0.8823035324264208 1056
0.743201 5.798377014694884e-05 6.405732184042025e-05 1.174428119080335 683
0.775514 8.187898149471469e-05 4.917456098459073e-05 1.474577566231593 350
0.807827 0.0001207106822716839 3.8625926585742e-05 1.968936548242548 192
0.840141 0.0001147439065127828 4.582938178849296e-05 1.727024409494228 44
0.872454 0.0001021577157687515 2.875636238885215e-05 1.404354626396738 25


0.0323131 3.598379923161557e-09 2.74216648610047e-09 0.4688757046723113 18
0.0646262 4.652979140382291e-08 1.69041533333917e-08 0.6057272629535556 62
0.0969393 1.235959023494153e-07 4.603604451972875e-08 0.4923906373300749 98
0.129252 4.699264002670772e-07 9.113177441684454e-08 0.7380322865239419 210
0.161565 9.709472163105715e-07 2.202155877760106e-07 0.8425455432544324 350
0.193879 1.310511999567754e-06 5.786483914965261e-07 0.7674677336430442 450
0.226192 1.376796784639601e-06 1.460514712841157e-06 0.6532351571258989 602
0.258505 1.269865120288114e-06 3.021180606306393e-06 0.5627683308955904 762
0.290818 1.212097146535683e-06 5.356769935400237e-06 0.5214997057733248 1142
0.323131 2.145528270920252e-06 6.61279647097898e-06 0.5551713366201751 1250
0.355444 5.103763737519796e-06 6.399563288977582e-06 0.74579837763115 1458
0.387757 9.706800301892722e-06 4.999210604113266e-06 0.9909645450416886 1814
0.42007 1.345778834819313e-05 5.21252824827273e-06 1.113366135117861 2178
0.452383 1.538617251615834e-05 8.043035582312429e-06 1.097255485327375 2498
0.484696 1.627852508902876e-05 1.377067945054602e-05 1.033392953809742 2622
0.51701 1.413739173533193e-05 2.031508914910589e-05 0.8262421775434836 3191
0.549323 1.433907232522853e-05 2.619512274806553e-05 0.7539284793072013 3044
0.581636 1.766960340373304e-05 2.911561443265879e-05 0.7961796936848875 2736
0.613949 2.817938702850618e-05 2.744705637392752e-05 1.05226118845946 2276
0.646262 3.946608476112935e-05 2.389727875865495e-05 1.271915010437153 2016
0.678575 4.222767647499781e-05 2.804919813913124e-05 1.229705198230298 1640
0.710888 4.145761986090699e-05 4.055364387841669e-05 1.11561345072245 1056
0.743201 2.928067225628687e-05 6.509438155747664e-05 0.7724641929303713 683
0.775514 2.591842466039847e-05 7.641552904722234e-05 0.6456870714757603 350
0.807827 3.844144126972976e-05 8.636540935077953e-05 0.839696294436313 192
0.840141 4.662960782410922e-05 7.84800794117019e-05 0.9038591995541742 44
0.872454 3.979005369199659e-05 6.242725813969574e-05 0.7014021048994354 25


0.0323131 1.856304359957148e-09 3.249426914065721e-09 0.4654207949908039 18
0.0646262 1.047753700449679e-08 4.129218490342174e-08 0.5721145435360552 62
0.0969393 3.117588793695465e-08 1.070599009050725e-07 0.4448221877090414 98
0.129252 6.708003556353814e-08 3.935315052654029e-07 0.5926269437362093 210
0.161565 2.071776494159933e-07 7.665100706167158e-07 0.6390793989157116 350
0.193879 5.851069922671627e-07 9.3956349736418e-07 0.6339601441062566 450
0.226192 1.350165681774423e-06 8.99518598943684e-07 0.6941415139852118 602
0.258505 2.557275340555178e-06 7.965224990685186e-07 0.8096192833480637 762
0.290818 4.079057207980153e-06 1.026685534090806e-06 0.9419208584738702 1142
0.323131 4.382893791823989e-06 2.494990548390673e-06 0.8544145518482792 1250
0.355444 3.655975316654209e-06 5.552274266056809e-06 0.6855643594474877 1458
0.387757 2.930867320585704e-06 9.024176374757473e-06 0.554333524152324 1814
0.42007 4.232247202095244e-06 1.095234868231311e-05 0.5966753449046772 2178
0.452383 7.722342845819244e-06 1.116121058351034e-05 0.7597933271548172 2498
0.484696 1.254278705590246e-05 1.143166700284084e-05 0.9606391664880731 2622
0.51701 1.653822714541453e-05 1.069535644849858e-05 1.046855060183136 3191
0.549323 1.928818223087041e-05 1.269186193811959e-05 1.064396038686438 3044
0.581636 1.821777670309123e-05 1.894533073665784e-05 0.9220688738358988 2736
0.613949 1.620316901761243e-05 2.85037210497636e-05 0.7755347545531633 2276
0.646262 1.757780488576289e-05 3.363727950953825e-05 0.7536653413721371 2016
0.678575 2.542156476156395e-05 3.101598177269395e-05 0.9164644002894611 1640
0.710888 3.806885979324274e-05 2.707831396885698e-05 1.18492203753039 1056
0.743201 5.150813461494257e-05 2.240649224853453e-05 1.423383999964034 683
0.775514 4.969973153031342e-05 3.056357411104756e-05 1.271565992153612 350
0.807827 4.266448967596566e-05 5.64124256045489e-05 1.047286194341984 192
0.840141 3.954027035713402e-05 6.023557985033138e-05 0.8983679796844786 44
0.872454 2.631731616544085e-05 5.558183617349914e-05 0.5643663634894022 25


0.0323131 2.737927545595045e-09 1.404340981402762e-09 0.4699053646736955 18
0.0646262 3.391986878441351e-08 7.544252256958829e-09 0.6059743328723204 62
0.0969393 8.595902065387301e-08 2.509090861806006e-08 0.4895421614393182 98
0.129252 3.037340271082966e-07 6.445303287807756e-08 0.7161547030024056 210
0.161565 5.561480911915153e-07 2.284283025586813e-07 0.7829599690161135 350
0.193879 6.147325356620107e-07 6.34194484688205e-07 0.6705232796757943 450
0.226192 5.45357075302795e-07 1.32943273301632e-06 0.5589739309257247 602
0.258505 5.237102467163446e-07 2.301175785261842e-06 0.5070383407249553 762
0.290818 1.004223283496269e-06 3.290814138168296e-06 0.5626249210022607 1142
0.323131 2.61858012132447e-06 3.06970500100644e-06 0.7056250417536933 1250
0.355444 5.1894121434971e-06 2.274532439065804e-06 0.9056985225409231 1458
0.387757 7.278201757861545e-06 2.330194864200332e-06 0.9960656547971635 1814
0.42007 7.83334554463057e-06 4.458793696161929e-06 0.9355170087315443 2178
0.452383 7.329547830801662e-06 8.157244261751843e-06 0.8070663433737086 2498
0.484696 7.810091061624554e-06 1.2015425034442e-05 0.7709168588116804 2622
0.51701 8.602223714407212e-06 1.400432816257982e-05 0.7290703467811303 3191
0.549323 1.146309464171527e-05 1.500577094225781e-05 0.8019186094694647 3044
0.581636 1.769764355299957e-05 1.26968455017741e-05 1.003470664806542 2736
0.613949 2.380836874847736e-05 1.243690431818294e-05 1.164694834031226 2276
0.646262 2.411189294256924e-05 1.754121275517715e-05 1.074790080144135 2016
0.678575 2.081440800469185e-05 2.559276975648035e-05 0.8729789735795477 1640
0.710888 1.92401172092134e-05 3.488025923550063e-05 0.761719923817168 1056
0.743201 2.416500103570351e-05 3.741127818555248e-05 0.8434187284330904 683
0.775514 3.602999156353455e-05 3.01055801815636e-05 1.080935763754322 350
0.807827 5.845000694722286e-05 2.178829950338045e-05 1.550514510319142 192
0.840141 5.721049823563412e-05 2.3554448434628e-05 1.396624194812235 44
0.872454 5.149191568875675e-05 1.434071101876531e-05 1.142300456879522 25


0.0323131 1.017942959270548e-09 2.519543813768687e-09 0.4647591987388495 18
0.0646262 5.608360918978926e-09 3.021195291136471e-08 0.5730889108144206 62
0.0969393 2.060417114190591e-08 7.49066529560366e-08 0.4480308641923443 98
0.129252 6.452914642783636e-08 2.52823116627139e-07 0.612458001360046 210
0.161565 2.351968589669854e-07 4.334993044934911e-07 0.6851164041889861 350
0.193879 6.15618315159631e-07 4.289075741781156e-07 0.6964487935451171 450
0.226192 1.175217928534642e-06 3.692814931343898e-07 0.732062895146339 602
0.258505 1.859146807776202e-06 4.550621069086624e-07 0.787704485276886 762
0.290818 2.376326048877119e-06 1.171309662251001e-06 0.814441537247023 1142
0.323131 1.931622128472781e-06 2.867035739642377e-06 0.6577376516377309 1250
0.355444 1.398564887434038e-06 5.008762041806458e-06 0.5313099348227655 1458
0.387757 2.141777850526287e-06 6.107402049992127e-06 0.5607738147525525 1814
0.42007 4.502038374259563e-06 5.91566628039885e-06 0.7219583001325089 2178
0.452383 7.602174058915237e-06 5.344668712969681e-06 0.8968328084012154 2498
0.484696 1.010628581544181e-05 6.398018849436013e-06 0.9938410161036141 2622
0.51701 1.052272651181629e-05 8.338990112829088e-06 0.9101350320627368 3191
0.549323 1.067026254109567e-05 1.154608692431642e-05 0.8334346261937199 3044
0.581636 8.943168337571447e-06 1.688679606991438e-05 0.6732806738686298 2736
0.613949 1.076406485643365e-05 2.012292504412563e-05 0.7052654634728776 2276
0.646262 1.694982310616595e-05 1.82003607304131e-05 0.896658475206363 2016
0.678575 2.22711346502785e-05 1.6507966698493e-05 1.015214422023984 1640
0.710888 2.64421453447322e-05 1.858280843744614e-05 1.080901665482113 1056
0.743201 2.23694832349618e-05 2.933547110139793e-05 0.8750117757616007 683
0.775514 1.664580706725018e-05 3.962785936680059e-05 0.64319555389941 350
0.807827 1.598906839604062e-05 5.30372567956825e-05 0.5977716397901794 192
0.840141 2.021194628461927e-05 4.90004348134225e-05 0.6457996570056683 44
0.872454 1.535637107249162e-05 4.129634438457084e-05 0.4541002532899706 25


0.0323131 2.136166605835843e-09 8.382320649494711e-10 0.4701528734164147 18
0.0646262 2.464647253569721e-08 5.189135996408641e-09 0.6030436361656158 62
0.0969393 5.986654729570244e-08 2.01440817207244e-08 0.4834747844540093 98
0.129252 1.918508380019155e-07 7.426191257739396e-08 0.6897954576968808 210
0.161565 3.071918444004567e-07 2.612992922477872e-07 0.7302103343902835 350
0.193879 2.720842630777583e-07 6.335960774846946e-07 0.6085114043663241 450
0.226192 2.506815088180747e-07 1.103860054769525e-06 0.5257922593579657 602
0.258505 4.361673232234419e-07 1.593226381872382e-06 0.5293106943094272 762
0.290818 1.255454245396294e-06 1.811783809928315e-06 0.6617328428342298 1142
0.323131 2.748860511203372e-06 1.308033763013091e-06 0.8160344332556934 1250
0.355444 4.236760069829522e-06 1.115138902828441e-06 0.9215620900005201 1458
0.387757 4.523019770832649e-06 2.424790928963803e-06 0.8556010934445112 1814
0.42007 4.041834080436615e-06 4.873440312275425e-06 0.7272281293544918 2178
0.452383 3.81183010835769e-06 7.393299540489653e-06 0.643762589410699 2498
0.484696 5.327900103394685e-06 8.946112923692341e-06 0.715176036640307 2622
0.51701 7.682443810827924e-06 8.51534357839914e-06 0.7946972845047653 3191
0.549323 1.042795458479133e-05 8.522408562994601e-06 0.8871474283528866 3044
0.581636 1.387666249424172e-05 7.952550030907426e-06 0.9935132003847605 2736
0.613949 1.475908837800302e-05 1.143953524673018e-05 0.9583813019265872 2276
0.646262 1.274439409442811e-05 1.743677188696509e-05 0.7891344314427478 2016
0.678575 1.343225491293028e-05 2.002111679515972e-05 0.7497148543401196 1640
0.710888 1.808517063974926e-05 2.064972161778985e-05 0.8708133768004154 1056
0.743201 2.884475201702288e-05 1.494038061851782e-05 1.175771120857643 683
0.775514 3.383894710853047e-05 1.341180892901358e-05 1.242502634842569 350
0.807827 3.677332637976366e-05 2.125954260878156e-05 1.257447985381773 192
0.840141 3.282258893873528e-05 2.572200408558128e-05 1.045634574699109 44
0.872454 2.502671809766921e-05 2.294305297846892e-05 0.7368613041690804 25


0.0323131 6.745609810349292e-10 1.958292748904202e-09 0.4647955557795924 18
0.0646262 4.990729378459997e-09 2.159922320974807e-08 0.5768178303976447 62
0.0969393 1.935903705657087e-08 5.146718165941927e-08 0.4542503289596044 98
0.129252 7.918364590851903e-08 1.554167654847287e-07 0.6362695570070439 210
0.161565 2.617115860641696e-07 2.318058345193875e-07 0.7254940983483525 350
0.193879 5.846695443002499e-07 1.867377686612512e-07 0.7308129028207598 450
0.226192 9.322153920757706e-07 2.139697541105564e-07 0.7270264600823713 602
0.258505 1.225619971422317e-06 5.020050302177332e-07 0.7234231747338415 762
0.290818 1.237610581308833e-06 1.422494383782016e-06 0.686207123184545 1142
0.323131 8.426098155154857e-07 2.74923574194986e-06 0.5511506593313148 1250
0.355444 1.022188473996784e-06 3.739971944004307e-06 0.5322405996903604 1458
0.387757 2.572050141365433e-06 3.517095318617488e-06 0.6749986814811433 1814
0.42007 4.6610956779526e-06 3.027693307289682e-06 0.8355542850027726 2178
0.452383 6.328402284670286e-06 3.27038370409106e-06 0.9138704633607976 2498
0.484696 7.078532151163327e-06 5.213824964403844e-06 0.9033546031590021 2622
0.51701 6.390387445268761e-06 7.695860505540496e-06 0.7563774599536723 3191
0.549323 6.615955142080779e-06 9.955963128259539e-06 0.7042683196565505 3044
0.581636 7.306341180744419e-06 1.186087000633933e-05 0.6837677132893476 2736
0.613949 1.131262179569852e-05 1.14985760663574e-05 0.8493613165711954 2276
0.646262 1.559620395322421e-05 1.04067976255656e-05 0.987271852977707 2016
0.678575 1.5801662104586e-05 1.307089095487086e-05 0.9125816791016954 1640
0.710888 1.462818654397246e-05 1.90774395958003e-05 0.8007212570969011 1056
0.743201 1.121176275438944e-05 2.745888634756493e-05 0.617547034030718 683
0.775514 1.401380017220862e-05 2.772154867948068e-05 0.6657992099811763 350
0.807827 2.638593636580131e-05 2.424117224636927e-05 1.033594231527895 192
0.840141 2.906308142071083e-05 2.173195555820856e-05 1.024306179509864 44
0.872454 2.689617915459435e-05 1.450017635878975e-05 0.8513267280819886 25


0.0323131 1.643952364116819e-09 6.270841788484619e-10 0.4698229959631748 18
0.0646262 1.723115903875054e-08 5.621055549182323e-09 0.5982510483726101 62
0.0969393 4.035439679960649e-08 2.09709223522253e-08 0.4759302670226813 98
0.129252 1.139422075261746e-07 9.062573141562793e-08 0.664214777199697 210
0.161565 1.585852195597448e-07 2.786401204712695e-07 0.6908510424161597 350
0.193879 1.228586993611452e-07 5.720777708823967e-07 0.5809043736971207 450
0.226192 1.985247496610744e-07 8.351725182346775e-07 0.5360651002344839 602
0.258505 5.435259834338414e-07 9.969018459026019e-07 0.5864517592508398 762
0.290818 1.425631919897089e-06 8.968035418606716e-07 0.7498925504596377 1142
0.323131 2.430836921669347e-06 6.538213889418551e-07 0.8454178557141911 1250
0.355444 2.919919459371495e-06 1.181615397175997e-06 0.8335697329579602 1458
0.387757 2.448294225566675e-06 2.900493109913028e-06 0.6921450363631089 1814
0.42007 2.180904264409626e-06 4.664335161494142e-06 0.6042376532830436 2178
0.452383 2.867013188124613e-06 5.6884232705862e-06 0.6259582836867598 2498
0.484696 4.858957911191783e-06 6.004166447095773e-06 0.7641107757583738 2622
0.51701 6.923154935970533e-06 5.399790813894546e-06 0.8442048995761289 3191
0.549323 8.451582188923055e-06 6.000152878236572e-06 0.8769596847024002 3044
0.581636 9.002937080311347e-06 7.739458731953324e-06 0.8350958681349306 2736
0.613949 8.286667157612543e-06 1.184971036928092e-05 0.7332302070508808 2276
0.646262 8.597172996400375e-06 1.449291902586695e-05 0.6915139317671982 2016
0.678575 1.209480294805392e-05 1.336276360089107e-05 0.8008068788337862 1640
0.710888 1.748217651058772e-05 1.193264136445535e-05 0.9830674634233406 1056
0.743201 2.155036557572786e-05 1.192086711518275e-05 1.077646560848498 683
0.775514 1.876439983961425e-05 1.765146827033848e-05 0.8909330665907289 350
0.807827 1.366693262964764e-05 3.13025957042235e-05 0.6715958398820012 192
0.840141 1.333999148400155e-05 3.189311580027044e-05 0.5993326355934683 44
0.872454 8.073196989411755e-06 2.904884829994989e-05 0.3609576449187623 25


0.0323131 5.695198865054006e-10 1.484154887614297e-09 0.4653275777549247 18
0.0646262 5.997227600239243e-09 1.467421536548486e-08 0.5819139453169114 62
0.0969393 2.118032184726768e-08 3.386437130032073e-08 0.4614519109293346 98
0.129252 9.331948930473566e-08 8.854514593143815e-08 0.6581330657462281 210
0.161565 2.666764505814892e-07 1.161120069968832e-07 0.7527315940311546 350
0.193879 5.030305628727503e-07 9.749885488313823e-08 0.7365667010178466 450
0.226192 6.725670966426043e-07 2.249172440140483e-07 0.692894936547275 602
0.258505 7.271436312296631e-07 6.316006288744058e-07 0.6485360677277436 762
0.290818 5.949888963703658e-07 1.497423625898355e-06 0.5982664149510617 1142
0.323131 5.538060427267934e-07 2.254243932657017e-06 0.5360799218903457 1250
0.355444 1.30901307521943e-06 2.386617288323185e-06 0.6171367056627985 1458
0.387757 2.888081898081743e-06 1.828911914140392e-06 0.782482341448162 1814
0.42007 4.125357949008124e-06 1.858630235414147e-06 0.8635139186110716 2178
0.452383 4.557626831136291e-06 2.955413462046807e-06 0.8343439249978828 2498
0.484696 4.668139368568281e-06 4.967635217919e-06 0.7861763263433311 2622
0.51701 4.411976153234076e-06 6.610287136653591e-06 0.6818259079850526 3191
0.549323 5.306839860074272e-06 7.623877457250098e-06 0.6918111732009974 3044
0.581636 7.536294298610578e-06 7.347840536054336e-06 0.7854260291948648 2736
0.613949 1.088043852058668e-05 6.84313330477046e-06 0.9370767135750474 2276
0.646262 1.185293875307294e-05 8.469599172076485e-06 0.9162070263434854 2016
0.678575 1.043766537349842e-05 1.219169216492522e-05 0.76665471307944 1640
0.710888 9.877135245409072e-06 1.650374172477056e-05 0.68951419613858 1056
0.743201 1.297673453647236e-05 1.70170204358439e-05 0.7785174643620193 683
0.775514 1.910898536882935e-05 1.310639237683085e-05 0.9652320954171029 350
0.807827 2.957519678474645e-05 9.561732373430239e-06 1.308796479318416 192
0.840141 2.835593818625513e-05 1.106260457549583e-05 1.157571368544844 44
0.872454 2.477556908947866e-05 7.392955052549057e-06 0.9170242063536015 25


0.0323131 1.222947169999187e-09 5.878126956422612e-10 0.4691039891266359 18
0.0646262 1.132245820019911e-08 6.961377944790694e-09 0.592796185759505 62
0.0969393 2.585148046221467e-08 2.320578886145116e-08 0.4684779644091634 98
0.129252 6.203752213491538e-08 1.019165677768526e-07 0.643561690797925 210
0.161565 7.887590698356119e-08 2.709332582687408e-07 0.6682851218810709 350
0.193879 8.452564273439678e-08 4.688411431377943e-07 0.5823197311788494 450
0.226192 2.455710517441633e-07 5.731039249296355e-07 0.5710170128101696 602
0.258505 6.558656444927139e-07 5.604133360912817e-07 0.6462666800118146 762
0.290818 1.396307861153376e-06 4.409259294010405e-07 0.7950480803878202 1142
0.323131 1.858539837904889e-06 5.997752422934459e-07 0.8041147952727884 1250
0.355444 1.73332447663414e-06 1.555719753084232e-06 0.7089793197364114 1458
0.387757 1.279263032172079e-06 3.004629009369491e-06 0.5823747600141097 1814
0.42007 1.618224906835806e-06 3.832123075253067e-06 0.58397942565517 2178
0.452383 2.898752595458269e-06 3.881067490565638e-06 0.6870136754226261 2498
0.484696 4.613740597423838e-06 3.997673647136494e-06 0.8181945968420234 2622
0.51701 5.649759133224291e-06 4.150742439301179e-06 0.8250684970667909 3191
0.549323 6.20902176695672e-06 5.314052288680589e-06 0.7992140476263727 3044
0.581636 5.572269002735073e-06 7.818472100870097e-06 0.6850317772138064 2736
0.613949 5.640675232467091e-06 1.041989891513677e-05 0.6449875396676692 2276
0.646262 8.040028488419307e-06 1.027644521341394e-05 0.7403863628099309 2016
0.678575 1.101449898002134e-05 9.18113606101854e-06 0.8426183721654433 1640
0.710888 1.355823579737602e-05 9.86764065670174e-06 0.9149954993880973 1056
0.743201 1.17186384270285e-05 1.516029896870921e-05 0.7664050569605345 683
0.775514 8.713413349282009e-06 2.053632860258981e-05 0.578110047881592 350
0.807827 8.781625478754395e-06 2.707767326902739e-05 0.5627020345806816 192
0.840141 1.120611572947894e-05 2.474401851739187e-05 0.5982524567448054 44
0.872454 9.070958643061622e-06 2.033219878024084e-05 0.4406184609404229 25


0.0323131 5.75451367573773e-10 1.080419546047814e-09 0.466156332905703 18
0.0646262 7.333770682966992e-09 9.279149468813414e-09 0.5871781368966884 62
0.0969393 2.316597986095889e-08 2.109716526498518e-08 0.4680469728075556 98
0.129252 9.996375639406269e-08 4.610191344730711e-08 0.6741284927901983 210
0.161565 2.477728560626157e-07 6.049970381172726e-08 0.7640703905130587 350
0.193879 3.928059555944295e-07 9.352497870026916e-08 0.7195276294384212 450
0.226192 4.383035456130753e-07 2.919865431517533e-07 0.6460712788187991 602
0.258505 3.897479830696595e-07 7.173161742984296e-07 0.5867676647675266 762
0.290818 3.291032756070744e-07 1.369031007078997e-06 0.5645239538199528 1142
0.323131 6.519340499880719e-07 1.609755213553664e-06 0.5838615881071201 1250
0.355444 1.638629148513832e-06 1.325260277210233e-06 0.7159945904309725 1458
0.387757 2.762373718451444e-06 1.034742505752713e-06 0.8276343391873409 1814
0.42007 3.170207554973329e-06 1.677064014444145e-06 0.8130304223623089 2178
0.452383 2.998676805007989e-06 3.106903275009176e-06 0.7264102955050782 2498
0.484696 3.236157526091702e-06 4.578810231760749e-06 0.7084658176334702 2622
0.51701 3.75811744178373e-06 5.145988703856833e-06 0.6845374761522885 3191
0.549323 4.960101781525701e-06 5.466949805931443e-06 0.7309881674509586 3044
0.581636 7.202880037429492e-06 4.786755492146229e-06 0.8436617881034697 2736
0.613949 8.801198758774341e-06 5.534460100313755e-06 0.8974165148232925 2276
0.646262 8.079589312895124e-06 8.422203702732892e-06 0.7807328545902952 2016
0.678575 7.769221718283251e-06 1.055838820529761e-05 0.6980938410475513 1640
0.710888 9.563916126214293e-06 1.169639089575864e-05 0.7509313527229373 1056
0.743201 1.518506219097742e-05 8.863080569627829e-06 0.9799664272590985 683
0.775514 1.841073698326683e-05 7.5171442482513e-06 1.053565147580945 350
0.807827 2.043194225245512e-05 1.138626075101443e-05 1.088371032712611 192
0.840141 1.803591036836692e-05 1.407017805746924e-05 0.9007757725294525 44
0.872454 1.364689451969764e-05 1.266206474360792e-05 0.6320365690493521 25


0.0323131 8.699787943074208e-10 6.206706399125832e-10 0.4681943399568692 18
0.0646262 6.867584426264905e-09 8.227767718408787e-09 0.5877442241414264 62
0.0969393 1.57093799422237e-08 2.475030331987029e-08 0.4623899221473572 98
0.129252 3.13090284696e-08 1.039511395053402e-07 0.6304552305357609 210
0.161565 4.705798522709728e-08 2.405118692979407e-07 0.6625322529601443 350
0.193879 1.041397045033857e-07 3.481560837778815e-07 0.603765212758426 450
0.226192 3.128639453011563e-07 3.538504040021085e-07 0.613054541799175 602
0.258505 6.991515989886289e-07 2.916903106622097e-07 0.6880602281767951 762
0.290818 1.196947620286869e-06 3.079775423539927e-07 0.7915033220706552 1142
0.323131 1.242276346152799e-06 7.860800298450552e-07 0.724382495051732 1250
0.355444 9.155508209227818e-07 1.803172579654142e-06 0.6042787472754945 1458
0.387757 8.591635627882534e-07 2.661507804384704e-06 0.550956116708302 1814
0.42007 1.682108964057425e-06 2.772021325792123e-06 0.6323302386355021 2178
0.452383 3.015108941800061e-06 2.517911096351702e-06 0.7555736666610533 2498
0.484696 4.087660720381858e-06 2.962447292208949e-06 0.8305210731856938 2622
0.51701 4.244278745237445e-06 3.810965953127401e-06 0.7606370771937467 3191
0.549323 4.444058103580518e-06 5.03452148356308e-06 0.7158693704049142 3044
0.581636 4.017511962149338e-06 6.986940446779607e-06 0.6223744529378965 2736
0.613949 5.301544118287858e-06 7.83860881624989e-06 0.6806745599330912 2276
0.646262 7.992860848896025e-06 6.967964368760394e-06 0.8120083833586761 2016
0.678575 9.053858813216827e-06 7.510238453616999e-06 0.8111644266246372 1640
0.710888 9.096397972183439e-06 1.020667878534177e-05 0.7614021934233822 1056
0.743201 6.748826098538856e-06 1.541792267048926e-05 0.5882899161907251 683
0.775514 7.405723667175966e-06 1.656367889755729e-05 0.5749347787035011 350
0.807827 1.377970263113298e-05 1.532967638378169e-05 0.8468760452807792 192
0.840141 1.581070926656909e-05 1.337408121634796e-05 0.8565216219928458 44
0.872454 1.466745543114301e-05 9.122656644699065e-06 0.7059933533294197 25


0.0323131 6.184093535897027e-10 7.505667129517241e-10 0.4670793866013195 18
0.0646262 8.312278388280611e-09 5.389498296071325e-09 0.5916241001491317 62
0.0969393 2.394341651725142e-08 1.261452728270648e-08 0.4728951488173421 98
0.129252 9.726027978044199e-08 2.344067478431677e-08 0.6822588289720665 210
0.161565 2.102948649368219e-07 4.551466325132259e-08 0.7605283151951711 350
0.193879 2.769280133932794e-07 1.289748430174363e-07 0.6889541612496222 450
0.226192 2.565498529694965e-07 3.542896606612865e-07 0.6015005479359283 602
0.258505 2.058893227039991e-07 7.180945499137208e-07 0.5514975459213654 762
0.290818 3.061192518910433e-07 1.102146883863155e-06 0.5789117580777038 1142
0.323131 8.563641425420235e-07 1.008031795433048e-06 0.6563445162663389 1250
0.355444 1.753325862961915e-06 6.912184539065711e-07 0.7812295448266129 1458
0.387757 2.278184314715974e-06 8.758034956144906e-07 0.8038990722026382 1814
0.42007 2.179700222640341e-06 1.864578067656598e-06 0.725389311471533 2178
0.452383 1.979277433510616e-06 3.111604379782608e-06 0.6452092254562621 2498
0.484696 2.602317555946112e-06 3.889248431469895e-06 0.6871118798741229 2622
0.51701 3.588340898723498e-06 3.784040451821389e-06 0.7208698165803025 3191
0.549323 4.640448082711331e-06 3.994701632116139e-06 0.7626438904344051 3044
0.581636 6.031664633241864e-06 3.922434529268457e-06 0.8201967106760926 2736
0.613949 6.268803304791012e-06 5.680144210436783e-06 0.7844526082155127 2276
0.646262 5.670322716358676e-06 8.075108611289094e-06 0.6823802985371858 2016
0.678575 6.888554343469192e-06 8.307843426093759e-06 0.7065747905882926 1640
0.710888 9.788367264744563e-06 7.782547248232156e-06 0.8380188155285437 1056
0.743201 1.338499279438676e-05 6.552359040791254e-06 0.9824273957983884 683
0.775514 1.270700741099934e-05 8.939979092633935e-06 0.8735329838613902 350
0.807827 9.871021482366248e-06 1.686275794875072e-05 0.701475835484116 192
0.840141 8.914093058262622e-06 1.80109361178736e-05 0.5940786349027019 44
0.872454 5.513627721900772e-06 1.658560063418789e-05 0.3675145830383463 25


0.0323131 5.911672660348719e-10 6.657840138631533e-10 0.4672899346301953 18
0.0646262 3.835296819172101e-09 8.914181621087535e-09 0.5839230268675081 62
0.0969393 9.418356856711116e-09 2.469511068805086e-08 0.4585039823233753 98
0.129252 1.735764760835589e-08 9.652702913497192e-08 0.6257738684067015 210
0.161565 4.607888862969793e-08 1.949821599785702e-07 0.670659854059395 350
0.193879 1.449568308669968e-07 2.322457994296818e-07 0.6346432446421504 450
0.226192 3.58294678680198e-07 1.973419949721938e-07 0.6482377896817804 602
0.258505 6.593079693719322e-07 1.694595777806692e-07 0.7026364934233686 762
0.290818 9.065769014919735e-07 3.609315735850894e-07 0.7507434073053126 1142
0.323131 7.323007168465322e-07 9.833221561909861e-07 0.6416353811239127 1250
0.355444 5.078206922952996e-07 1.784808348395894e-06 0.5507727287717397 1458
0.387757 8.968592604382914e-07 2.050277417000705e-06 0.5843328916172772 1814
0.42007 1.884615760271487e-06 1.833744900680204e-06 0.701081989416256 2178
0.452383 2.876182117322806e-06 1.753699929960061e-06 0.7883922062863161 2498
0.484696 3.341913324984079e-06 2.580041780901383e-06 0.7999757730049919 2622
0.51701 3.114892779512218e-06 3.665639479361095e-06 0.6937984059616785 3191
0.549323 3.387472688358755e-06 4.58268974896723e-06 0.6661360396309409 3044
0.581636 3.704179866219207e-06 5.516964275960232e-06 0.641999406741345 2736
0.613949 5.577022884703195e-06 5.403090649337942e-06 0.7588236750351476 2276
0.646262 7.29148775144704e-06 5.241961866106637e-06 0.8310037045391487 2016
0.678575 6.94248786884676e-06 6.990270042069415e-06 0.7394992350206198 1640
0.710888 6.361345910853679e-06 9.895505207984494e-06 0.6575212573231581 1056
0.743201 6.658505604412297e-06 1.189946384823305e-05 0.6341955409314132 683
0.775514 9.92172018929495e-06 1.003120624988963e-05 0.7626033641561929 350
0.807827 1.723941593082694e-05 6.946137743501564e-06 1.103159031790479 192
0.840141 1.731714707797491e-05 7.00451973746986e-06 1.012474905644122 44
0.872454 1.55152093492463e-05 4.316870706810218e-06 0.8148850081398531 25


0.0323131 6.539090579296954e-10 5.009538035911858e-10 0.4679099594533518 18
0.0646262 8.611282690756049e-09 2.937225522498734e-09 0.5945671930654378 62
0.0969393 2.30352789850233e-08 7.837215962986075e-09 0.4753738507440147 98
0.129252 8.628224757521375e-08 1.586882778606676e-08 0.6823790092311136 210
0.161565 1.62735094972495e-07 5.474029863693785e-08 0.7459036389215041 350
0.193879 1.743366202022336e-07 1.722012232258444e-07 0.6549841432668397 450
0.226192 1.387983853802923e-07 3.821343572982927e-07 0.5699777475950301 602
0.258505 1.4534183883231e-07 6.388343986281254e-07 0.5457972870880762 762
0.290818 4.02208004873881e-07 7.851625455177984e-07 0.623525360727733 1142
0.323131 1.002721460666516e-06 5.657739568354335e-07 0.719857473097701 1250
0.355444 1.613152434219604e-06 4.536208813459611e-07 0.7934703222999078 1458
0.387757 1.646679933906369e-06 1.038731528494095e-06 0.73485963083758 1814
0.42007 1.415328623125744e-06 2.03051477714961e-06 0.6439303282268118 2178
0.452383 1.505288854017756e-06 2.816119910776241e-06 0.6144357616917341 2498
0.484696 2.412939814475797e-06 3.079417995769806e-06 0.7057210176981612 2622
0.51701 3.402462261658778e-06 2.830332934023334e-06 0.7490585116861663 3191
0.549323 4.090089159879979e-06 3.222069004442827e-06 0.7613647961707261 3044
0.581636 4.545114658880235e-06 3.916223656141524e-06 0.7435432297125538 2736
0.613949 4.310435237695384e-06 5.859418876093077e-06 0.67766544163761 2276
0.646262 4.665865250923801e-06 6.98826986728123e-06 0.656686801628378 2016
0.678575 6.510396408217464e-06 6.339096938052517e-06 0.7371210813327488 1640
0.710888 8.84850461535469e-06 6.020405974346435e-06 0.8481732520980989 1056
0.743201 9.21835021298917e-06 7.774559487294812e-06 0.8159158514062087 683
0.775514 7.06924028547657e-06 1.143939341789164e-05 0.6322721703422051 350
0.807827 5.181729620037689e-06 1.761039222221839e-05 0.5146219947547688 192
0.840141 6.093746038469128e-06 1.678462173549534e-05 0.5075597587404651 44
0.872454 4.311524775362564e-06 1.442791670021467e-05 0.3441084762942965 25


