0.0211858 9.771917578567966e-06 1.100123435882371e-08 8.046933306357985 18
0.0423716 3.907835602735189e-05 8.534877926435522e-08 10.11493412199313 62
0.0635574 9.425730031479497e-05 3.220380321250381e-07 10.76616671587771 98
0.0847432 0.0001815943091983292 1.236819518602129e-06 11.59503050405059 210
0.105929 0.0003012851817020344 3.263216061134016e-06 12.51003830191492 350
0.127115 0.0003843502783301769 6.178263930596758e-06 11.15947627283468 450
0.148301 0.0005637748059920993 1.065927894210919e-05 11.94762365444106 602
0.169486 0.0007126210119526852 1.844040168818822e-05 11.50746912187605 762
0.190672 0.0008778073945067411 3.423618584430974e-05 11.25591104394672 1142
0.211858 0.001088760943317215 4.953928258204505e-05 11.35494234479702 1250
0.233044 0.00127907252072177 7.308705611132473e-05 10.99276586158564 1458
0.25423 0.001667830968798278 0.0001004494614597062 12.0138616501718 1814
0.275415 0.001866987435808089 0.0001403154677310672 11.47691323730566 2178
0.296601 0.002266591416870806 0.0001889887222256827 12.02339868534941 2498
0.317787 0.002618437688611283 0.0002612892535480659 12.07069340406317 2622
0.338973 0.002897716929848077 0.0003264320576552775 11.73402617173459 3338
0.360159 0.003227031131470139 0.0004070426189976313 11.59633052640669 3722
0.381344 0.003694904229238382 0.0005188917676240479 11.85790192714929 4170
0.40253 0.004071887960821485 0.0006409914968563541 11.71850518592485 4358
0.423716 0.004397174212349975 0.0008046013334642369 11.41136516814454 5034
0.444902 0.005008650510974415 0.0009694461473052175 11.79804569300044 5714
0.466088 0.005446247796302473 0.001156280860976476 11.69148495407416 5982
0.487273 0.006154951511472358 0.001408403104234321 12.0815149909681 6602
0.508459 0.006503050748435301 0.001605940601356346 11.71745068479193 7130
0.529645 0.00713003116713128 0.00195048724673946 11.84340489269829 8034
0.550831 0.007609092554675795 0.002333941736433963 11.6923595784622 8606
0.572017 0.008237160143454582 0.002685702154399704 11.73736744432764 9066
0.593202 0.008895255834022698 0.003156418621995516 11.78559946672977 9962
0.614388 0.009518357243706791 0.003552206099596355 11.75741747385603 10550
0.635574 0.01011362386397739 0.004035792367686003 11.67179863542904 11226
0.65676 0.01109692339955524 0.004593447712516932 11.99205109623518 12146
0.677946 0.01173627496949697 0.005197755361309509 11.89777146310709 12303
0.699131 0.01224118425142608 0.005849591275269196 11.66588246421307 12584
0.720317 0.01298922939123901 0.006675483557401045 11.66517109979033 12120
0.741503 0.01388838230271161 0.007657711909009894 11.76969023037678 11180
0.762689 0.01408760604935706 0.008302408477991973 11.28396463686865 11096
0.783875 0.01490355551490552 0.009253089066816633 11.30245529093859 10056
0.80506 0.01625058693691446 0.01045068605302757 11.68387378578794 9716
0.826246 0.0171525779472312 0.01126924613279185 11.70687983237315 8604
0.847432 0.01842035834730823 0.01279460564903695 11.94909964913064 8060
0.868618 0.01888111803933724 0.01382224534215674 11.65845763109262 7320
0.889804 0.02018934981242081 0.01547453193703265 11.88441883527961 6356
0.910989 0.02106709228788118 0.01684790785617999 11.8291870892873 5348
0.932175 0.02186446694934359 0.01808160763470552 11.72090490110898 4308
0.953361 0.02350441714139435 0.0186314854454722 12.04662759470906 3563
0.974547 0.02313958596395599 0.02165567341032748 11.3548024211795 2448
0.995733 0.01941812297499439 0.0167741594463957 9.122490576697025 1868
1.01692 3.706170818469712e-33 2.060953327766102e-33 1.667861110873956e-30 1358
1.0381 3.852853432059861e-33 2.178143933439263e-33 1.66337406824909e-30 1062
1.05929 3.968698048354828e-33 2.417414966723111e-33 1.647820367051263e-30 776
1.08048 4.282667636619608e-33 2.450599904237755e-33 1.711408597698155e-30 432
1.10166 4.263247925804525e-33 2.165163164139403e-33 1.633324070713776e-30 200
1.12285 4.040990916660664e-33 2.137264965173561e-33 1.487707401006459e-30 168
1.14403 4.066837514325095e-33 1.475726489070644e-33 1.444887819419691e-30 56
1.16522 3.929208725656594e-33 1.172932609249531e-33 1.346400472930389e-30 7


0.0211858 153458033110.9901 206509709.0197102 1.068158505397343e+18 18
0.0423716 425870265171.5922 482154885.5456829 6.461734079067656e+17 62
0.0635574 563319745852.2484 465223382.2837029 3.555998237454828e+17 98
0.0847432 520336467584.4061 262056548.4799682 1.794945970242541e+17 210
0.105929 241061351291.6451 28612250.54738586 5.344370142203342e+16 350
0.127115 55277521405.07108 10353047.64425853 8517326718992249 450
0.148301 8329226376.847113 26970229.38583311 933876902125312 602
0.169486 188403680.9424418 14450356.31676323 16154840586026.11 762
0.190672 558152013.986793 1962596.00282095 37711419676835.77 1142
0.211858 263658352.9776059 287654.0805407496 14468939887445.6 1250
0.233044 20522566.61853164 666045.1511618063 928497585842.5891 1458
0.25423 9783281.59432881 250906.0906549552 370627909127.251 1814
0.275415 11465159.38084856 14267.0814977128 370125365333.0491 2178
0.296601 2299535.085410444 41819.4245672237 64061007920.43615 2498
0.317787 317707.4056688776 28272.30980528104 7701599098.033716 2622
0.338973 646036.9662510923 4009.745631390209 13726167355.90648 3338
0.360159 270748.0464189652 2934.683959051256 5103975299.613673 3722
0.381344 47931.32727404141 3197.910919817478 807516695.565652 4170
0.40253 44792.81020061699 1191.662017776219 676162571.9110467 4358
0.423716 32249.45146888309 502.3847520018828 438837873.4514725 5034
0.444902 15783.40007396034 379.841572229713 194939409.0652909 5714
0.466088 9086.441163560743 255.5009142177067 102267998.8653442 5982
0.487273 4682.49109908397 187.8729966033353 48189575.67905834 6602
0.508459 2465.219290701933 148.0016828725011 23290861.09725885 7130
0.529645 2312.739779796246 82.57917057529575 20136651.79921417 8034
0.550831 2050.233475688679 47.20560292666276 16510555.16044109 8606
0.572017 1566.317039293175 34.91208785031952 11695871.66729913 9066
0.593202 1190.761752040341 31.18673430675005 8267240.192469729 9962
0.614388 973.115220065172 28.34848353330292 6298606.742116008 10550
0.635574 721.1230014238495 25.37371827564063 4360777.119702174 11226
0.65676 700.391584726982 24.04591913430702 3965867.358074179 12146
0.677946 424.1594631233721 20.87776801643487 2253123.160932993 12303
0.699131 214.8371047113565 11.59924334260393 1072784.693529502 12584
0.720317 103.1832225960884 5.34045946817677 485513.0209826026 12120
0.741503 56.83689535800692 3.047827063576315 252355.6150657319 11180
0.762689 31.43119959712319 1.703195145745212 131897.9592597632 11096
0.783875 20.35307650502636 1.188614306362267 80864.80748024135 10056
0.80506 15.59836241914345 0.8498116134573844 58752.57780459104 9716
0.826246 9.570821768472239 0.7835111076745397 34223.58600790527 8604
0.847432 5.956431883791846 0.7797387153607259 20246.22762962678 8060
0.868618 4.57856335420422 0.5915460049412785 14813.09394496885 7320
0.889804 4.310677502276619 0.44201885090602 13294.02941305463 6356
0.910989 4.44940677774871 0.3962314935004865 13088.21372641271 5348
0.932175 3.517205427996111 0.2664253696530814 9876.979324771008 4308
0.953361 2.138770033604277 0.2364286935374945 5742.88297552044 3563
0.974547 1.424869868333133 0.1117850541330529 3662.545257673162 2448
0.995733 0.9510335998024271 0.0614488020605516 2340.375891915525 1868
1.01692 7.386073267134975e-19 6.00512520526477e-20 1.741384203762196e-15 1358
1.0381 7.339819335250908e-19 6.576481831598788e-20 1.660141187992775e-15 1062
1.05929 8.551673036135803e-19 6.917644272287043e-20 1.860150067555575e-15 776
1.08048 8.627322217646568e-19 7.665789084505322e-20 1.806245704186945e-15 432
1.10166 1.030506902534679e-18 8.792559418759938e-20 2.068447114539415e-15 200
1.12285 1.2537855144253e-18 8.64746758462463e-20 2.418205507792701e-15 168
1.14403 1.223764127741111e-18 1.022042843553612e-19 2.277723796555376e-15 56
1.16522 1.021306950007444e-18 1.87710831439339e-20 1.833573196220175e-15 7


0.0211858 7212148942784.582 634477914.2763762 9.057631582723514e+19 18
0.0423716 8679898658511.593 171556396.2063381 2.380853942816928e+19 62
0.0635574 2218437343236.055 252323405.1209398 2.533215398775347e+18 98
0.0847432 143779421825.3416 404905709.1806116 8.987088557003416e+16 210
0.105929 99743490751.39693 32214719.81794042 4.001738368103979e+16 350
0.127115 6061447457.121572 32139710.50368474 1692094258785660 450
0.148301 4776773363.382359 4808521.442224616 968976871944822.8 602
0.169486 589472734.8824487 3813820.32975684 90970565129575.77 762
0.190672 344810159.2522086 523793.1093084479 42149672178529.95 1142
0.211858 34409708.94427537 524647.5819915577 3421242184753.395 1250
0.233044 40020995.38622848 48515.83991070645 3272015174942.196 1458
0.25423 4252324.811649483 91804.3124558487 291600264509.4695 1814
0.275415 5204034.540512485 11331.37516855044 303989565638.8373 2178
0.296601 693563.1716366879 16436.21987012229 34982342094.7614 2498
0.317787 835759.1254845524 3026.933850939706 36585125667.89555 2622
0.338973 157609.239492638 3334.883403097565 6062723842.314483 3338
0.360159 132062.8522110564 1008.974628345196 4504665495.741434 3722
0.381344 46601.5930722825 722.8138039269552 1419635510.603563 4170
0.40253 25028.18586946115 383.7765797394342 683576289.4666753 4358
0.423716 16741.99701065929 169.7124688617767 412206751.9324791 5034
0.444902 6288.935488276178 147.4096527365737 140566207.0366618 5714
0.466088 4829.923838982526 78.97137594148735 98357036.37019151 5982
0.487273 3550.092967588226 42.90626610505479 66091886.07518582 6602
0.508459 1806.350599607477 38.11641928548883 30871250.13531613 7130
0.529645 1046.055549081033 29.78000719508395 16480884.64520222 8034
0.550831 909.2121816509709 18.77056179952115 13248930.41421237 8606
0.572017 807.3386642842402 11.55273130989077 10907602.00019062 9066
0.593202 618.1056898135673 10.08897975269538 7764568.948699784 9962
0.614388 477.7090245158136 9.686319213313595 5594653.6160411 10550
0.635574 343.4966966664861 8.755664291126545 3758494.629635911 11226
0.65676 316.9604541124137 8.715925044236579 3247490.640268992 12146
0.677946 239.9361304156586 6.187212798876124 2305977.317779968 12303
0.699131 131.3801385499538 3.277076487237076 1186925.496828584 12584
0.720317 54.51594828778737 1.6722887959328 464121.192622377 12120
0.741503 27.69549584049168 1.051995453831217 222498.903462943 11180
0.762689 16.59637659227509 0.5444892665630767 126010.8864239794 11096
0.783875 11.21306437406678 0.3687543065715856 80605.34863531451 10056
0.80506 7.870670413598335 0.2819733042764075 53639.47112938009 9716
0.826246 5.627045969970621 0.225496933643655 36404.20414032649 8604
0.847432 3.721768659796215 0.2223410755367402 22886.71119048547 8060
0.868618 3.203473688291834 0.1551507386413149 18749.49901383882 7320
0.889804 2.96142814420041 0.1140573406297316 16522.57593201326 6356
0.910989 3.2376356007031 0.09214492354779957 17229.30007239752 5348
0.932175 2.123929551902828 0.07380253479970526 10790.93526930343 4308
0.953361 1.665181218085444 0.05129668725001693 8088.600207437556 3563
0.974547 0.7558527634427765 0.0363643269214644 3515.293730890698 2448
0.995733 0.4099586157584442 0.0254204317045465 1825.518144720405 1868
1.01692 3.752688366897866e-17 1.979081129971267e-18 1.600831751631885e-13 1358
1.0381 4.042442805836257e-17 2.19465930159381e-18 1.654319902441116e-13 1062
1.05929 4.801527044513366e-17 2.56492040917546e-18 1.889727527080622e-13 776
1.08048 5.718543050072639e-17 2.405002961071221e-18 2.166123818036561e-13 432
1.10166 3.910741467752185e-17 2.57138155887918e-18 1.420329701004379e-13 200
1.12285 4.70533378778933e-17 3.373288558483881e-18 1.642167882339914e-13 168
1.14403 6.680110401585617e-17 2.459707258348643e-18 2.249474536074779e-13 56
1.16522 3.956813287353878e-17 3.220075313589695e-18 1.285535703385664e-13 7


0.0211858 20417995630668.02 116712188.4534904 3.709854370573295e+20 18
0.0423716 5994717105978.346 507605665.7574506 2.380340951930304e+19 62
0.0635574 515510479426.7106 272917964.4714255 8.526669692247412e+17 98
0.0847432 378437225184.5639 77109687.70162742 3.418996491253427e+17 210
0.105929 49500549062.29472 29037091.89158763 2.874992703157858e+16 350
0.127115 3460557854.071615 15188282.78896066 1398659626288980 450
0.148301 3275254247.900602 3004875.679561827 961646859833328.2 602
0.169486 827630595.9746577 836626.1315029055 184733221710659.7 762
0.190672 113428769.0329385 564483.8835339807 20081435386304.68 1142
0.211858 41111004.88140692 200788.9986903007 5911646572460.483 1250
0.233044 24606805.15037439 36173.82998243118 2911963582749.191 1458
0.25423 6069852.226234692 29046.77599812569 601869563780.7278 1814
0.275415 1604136.601340515 15321.75572516545 135710758147.2686 2178
0.296601 1126810.110932959 4418.742113191698 82188218507.08522 2498
0.317787 436337.2694176427 2238.186280174134 27649730988.41064 2622
0.338973 144205.0744756338 1358.577442316601 8026356019.387913 3338
0.360159 78705.70751188899 580.3593348898219 3886019459.019324 3722
0.381344 32629.66716842482 340.7436014834461 1438656507.972761 4170
0.40253 20617.50345680251 152.3570131155737 814919489.1171659 4358
0.423716 7880.35170524012 117.6428884500518 280894940.518962 5034
0.444902 6188.921385868953 50.69345044669595 200163694.2463979 5714
0.466088 3024.09488182463 41.91194551960621 89138129.57475074 5982
0.487273 1922.236955817267 26.23789924904312 51802303.60179313 6602
0.508459 1570.626211595703 14.23963942659432 38845614.03425778 7130
0.529645 743.416576481998 14.10634530391998 16952117.65509245 8034
0.550831 579.0396228318066 9.564021580005909 12212841.19006751 8606
0.572017 533.3674733340331 5.858675322885343 10429948.71147422 9066
0.593202 419.3697646053951 4.868972127944841 7624781.975166602 9962
0.614388 294.9781122502819 5.119446665303298 5000304.753281299 10550
0.635574 229.66793428151 4.291564893079619 3637243.61598567 11226
0.65676 217.4920014849642 4.16101726886307 3225228.371866773 12146
0.677946 180.2865045675121 2.733221105684509 2507727.238684954 12303
0.699131 106.0962861090911 1.33620021358924 1387206.913574979 12584
0.720317 40.42345651532899 0.7550671320505831 498082.3503282719 12120
0.741503 21.53670885955106 0.4538167615531375 250406.6929452112 11180
0.762689 11.53645056045651 0.2596737777545505 126776.5984679167 11096
0.783875 7.253950437248478 0.1877243897966952 75474.62371987881 10056
0.80506 5.282121489317388 0.1383017740413833 52102.73192077118 9716
0.826246 4.040397965388923 0.1025520853654492 37832.01416362641 8604
0.847432 3.617400505742077 0.079254032948504 32190.76616475594 8060
0.868618 2.267729285448935 0.07379180098627532 19210.06236966522 7320
0.889804 1.597741635603309 0.06667983643395399 12903.47240712945 6356
0.910989 1.440395418845205 0.06547774374576167 11096.2835168847 5348
0.932175 1.24155893051778 0.04151152204564665 9130.369744320542 4308
0.953361 0.8664886927648892 0.03243273309454749 6092.498698452532 3563
0.974547 0.5406298052165176 0.01660360913197959 3639.06911201065 2448
0.995733 0.3257799770330347 0.01048288350139397 2099.494301775601 1868
1.01692 1.57367754939649e-16 5.772851891015446e-18 9.716111962635848e-13 1358
1.0381 1.742288809671335e-16 6.363226494611268e-18 1.031968931949895e-12 1062
1.05929 2.02381639876691e-16 7.698644579926018e-18 1.152833674983613e-12 776
1.08048 2.20370717819373e-16 8.565028309296054e-18 1.208223861058705e-12 432
1.10166 2.768075649087314e-16 7.94959870332125e-18 1.454935847325433e-12 200
1.12285 2.210844735708351e-16 8.700421941343091e-18 1.116700706033432e-12 168
1.14403 2.447158515517996e-16 8.561999814743271e-18 1.192756189218221e-12 56
1.16522 2.316330071400822e-16 3.324186420557928e-18 1.08901221992723e-12 7


0.0211858 21405554628878.6 111496359.6098848 5.091408594489586e+20 18
0.0423716 1627942703901.256 484698922.5983461 8.470028340556954e+18 62
0.0635574 764439999805.1237 129059612.5309456 1.654338454006177e+18 98
0.0847432 158044375655.2402 71646604.83019908 1.869902568754717e+17 210
0.105929 27659763548.16394 23859745.06937417 2.10363536574151e+16 350
0.127115 3567271086.510712 8123570.564482635 1886477090004958 450
0.148301 2020472937.371548 2245827.204474514 776719202205251.6 602
0.169486 538230797.8079146 709202.2159041701 157294578540999.8 762
0.190672 159679568.5185075 206635.5925779257 36987672425922.16 1142
0.211858 48407972.66343883 72720.28118284441 9109112984974.951 1250
0.233044 13768364.43091542 33304.52369830967 2133405170040.893 1458
0.25423 4192997.312549401 18680.01010390824 544333442064.6544 1814
0.275415 1409685.943332197 8128.705606620138 156099542036.0629 2178
0.296601 691206.6719342832 3251.81957207417 66009913430.53664 2498
0.317787 318558.904370241 1444.027242319544 26427285235.32589 2622
0.338973 132289.5801628536 665.9019819542368 9637697176.966984 3338
0.360159 53246.81578364044 376.2514770122954 3441955108.465163 3722
0.381344 30243.72760479118 166.0900103860611 1745401217.178635 4170
0.40253 13756.45701007561 102.2240124600161 711866460.8736541 4358
0.423716 6882.152673461183 62.1485172543058 321108057.7698503 5034
0.444902 4447.331679686488 31.93176776514301 188304576.6753666 5714
0.466088 2210.774666318142 25.28461407215957 85310226.52978776 5982
0.487273 1754.085514957081 12.82503422116212 61875879.5012368 6602
0.508459 973.3785666137998 10.40777741425236 31519267.84588645 7130
0.529645 657.0439443219052 7.293145682680882 19611890.75427473 8034
0.550831 558.8850320969035 4.474656711518877 15429499.0169438 8606
0.572017 312.4077523890285 4.426610284484798 7998586.451076116 9066
0.593202 257.125137315766 3.489874458386701 6120638.479703126 9962
0.614388 258.1204836069855 2.570368314290852 5727615.145261968 10550
0.635574 193.3298340591967 2.307073994885612 4007977.803067782 11226
0.65676 184.7262107128146 2.228532762413329 3585915.176564852 12146
0.677946 127.5510843529353 1.719874820055959 2322686.086792021 12303
0.699131 68.18629294004052 0.9191839896068913 1167187.760141518 12584
0.720317 32.03087782347156 0.4232601110736584 516659.1987966737 12120
0.741503 15.91811928985415 0.2737320173893816 242292.5318163229 11180
0.762689 8.141348692908469 0.1619276238119838 117126.2825699139 11096
0.783875 5.746805277603007 0.1056811829112536 78274.37432664522 10056
0.80506 3.733795253928704 0.08675680810341441 48216.3685040499 9716
0.826246 3.062057048540256 0.06050739570764316 37534.02838619159 8604
0.847432 2.725950883266854 0.04686646191093802 31756.30017844641 8060
0.868618 1.995362339221569 0.03748945780299974 22126.15365420124 7320
0.889804 1.406957022720069 0.0353679503654563 14873.92727444472 6356
0.910989 1.061730074907898 0.03916203366247215 10707.62904891029 5348
0.932175 0.9549488234567451 0.0238162024021947 9193.337939621282 4308
0.953361 0.5502621803879149 0.02168875693439369 5065.453810006524 3563
0.974547 0.4331143514525335 0.009089269647761623 3816.441360857847 2448
0.995733 0.2472746054991344 0.006106472730327875 2086.148151089544 1868
1.01692 3.113643115431424e-16 8.266381136798535e-18 2.516606617927714e-12 1358
1.0381 3.027967021088542e-16 9.336169912019545e-18 2.347911502347048e-12 1062
1.05929 3.549326261106174e-16 1.06614729860899e-17 2.646788429320182e-12 776
1.08048 3.774524918919796e-16 1.13644089571048e-17 2.709140257824944e-12 432
1.10166 4.625265126668857e-16 1.067716075403952e-17 3.182587747491903e-12 200
1.12285 3.805828379512467e-16 9.92506161778249e-18 2.516465760990544e-12 168
1.14403 4.886673164893933e-16 1.259786621053901e-17 3.117990960352542e-12 56
1.16522 5.503348702450104e-16 5.053365735877221e-18 3.387098578053178e-12 7


0.0211858 12563070040631.04 337046872.8190402 3.694806164667305e+20 18
0.0423716 2742706615482.001 133364779.5291731 1.762479032468614e+19 62
0.0635574 302227073549.2762 115590560.4215536 8.090252165900174e+17 98
0.0847432 167514134052.0511 44186407.31629448 2.449520215116493e+17 210
0.105929 31948029278.29735 12798070.29427699 3.002754677793685e+16 350
0.127115 4299408456.966073 4505705.326744545 2809196862968176 450
0.148301 1774734769.812084 1306777.607823776 843296834530022.4 602
0.169486 394076455.952478 500691.6183988444 142371644215324 762
0.190672 121347383.9103534 146877.8030251802 34747301323104.67 1142
0.211858 28872039.78443549 67678.88149618919 6717514449366.036 1250
0.233044 9567830.674192768 26240.42881815456 1832855791880.44 1458
0.25423 4041562.87887898 10898.35765080651 648474439024.9823 1814
0.275415 1320422.133380264 4839.713045422216 180717483072.4127 2178
0.296601 608396.9015778952 1946.357118059552 71816535660.00647 2498
0.317787 245936.4932490294 982.8604337690233 25221196536.07116 2622
0.338973 105613.2519439102 444.4902072664625 9511222672.833124 3338
0.360159 45147.57264424536 235.1556779178647 3607407858.366126 3722
0.381344 19422.58598080364 134.1094263987397 1385815682.06121 4170
0.40253 11433.14863462547 66.4253797240124 731336128.1662544 4358
0.423716 6383.085917935095 35.59885427297034 368113951.6797041 5034
0.444902 3055.012727754037 24.22643843602452 159913842.2156434 5714
0.466088 2207.007995059374 13.7850976602554 105260733.1031239 5982
0.487273 1204.218420051194 9.890987640708435 52514988.76128854 6602
0.508459 881.0613616296155 6.11194742158426 35264483.52649346 7130
0.529645 501.9093348070109 5.032089103446721 18519606.97611786 8034
0.550831 439.2411716040209 3.018709362855843 14990061.37035477 8606
0.572017 255.4837730301342 2.862904992030797 8085690.10563928 9066
0.593202 234.5367417742729 2.042255850634954 6900817.184376531 9962
0.614388 189.4272363147314 1.879663650071903 5196134.142309872 10550
0.635574 150.4285561956503 1.565904263920096 3855054.163037377 11226
0.65676 164.5862150590509 1.307453291410178 3949227.347240163 12146
0.677946 113.4587076659446 1.027462740659975 2553830.984474893 12303
0.699131 56.04932256269903 0.6049012747086518 1185982.525289962 12584
0.720317 23.44637644550665 0.3031033060118776 467514.6186066534 12120
0.741503 13.61779205350953 0.1699872572090223 256217.8262295981 11180
0.762689 6.773525262848589 0.1037283656962391 120457.0651639882 11096
0.783875 4.595032562538209 0.07016441329980527 77365.96958481432 10056
0.80506 3.225675497700494 0.05344883200891837 51489.11036183551 9716
0.826246 2.547974034978136 0.03848910415345304 38607.056435721 8604
0.847432 2.103789861525032 0.03230032732932891 30296.19509337278 8060
0.868618 1.427532155890234 0.02748672881816093 19568.56261327332 7320
0.889804 0.9868386051825174 0.02558975231542877 12896.957859533 6356
0.910989 1.307767323482755 0.01789668101262528 16300.12874790751 5348
0.932175 0.8321831425452875 0.01466736424965161 9902.959419549612 4308
0.953361 0.6515633924654148 0.01063980847506278 7413.046510246689 3563
0.974547 0.3458317056314384 0.005997831109952176 3766.933023736379 2448
0.995733 0.1939100516651382 0.004161948734043073 2022.263762520086 1868
1.01692 4.066332699808648e-16 8.83181234769808e-18 4.062709475642825e-12 1358
1.0381 3.976820138325799e-16 9.882042462684391e-18 3.811812575721177e-12 1062
1.05929 4.327947063337477e-16 1.034192162359922e-17 3.989504841173703e-12 776
1.08048 5.032065936759435e-16 1.055948801581201e-17 4.464455434303612e-12 432
1.10166 4.818143304862891e-16 1.608110083103802e-17 4.098653906889547e-12 200
1.12285 5.991250013055963e-16 1.224922424060149e-17 4.896913158612711e-12 168
1.14403 5.558323567504572e-16 1.856673521442183e-17 4.384426854845297e-12 56
1.16522 4.814952648019486e-16 1.13887342917012e-17 3.66361276687322e-12 7


0.0211858 5407566616278.22 366368241.9736522 1.895598200062332e+20 18
0.0423716 1998117612977.904 169165750.0510013 1.529607110897421e+19 62
0.0635574 602486049877.7509 38479140.25717613 1.91943695052991e+18 98
0.0847432 105550350865.695 36212668.75634716 1.838711665557557e+17 210
0.105929 21603720675.13555 10587287.62664557 2.418805651045909e+16 350
0.127115 5526311782.088935 2101526.355196182 4299161194388018 450
0.148301 1637051705.418138 798592.6762741953 926415952407215.9 602
0.169486 358562168.7951807 317813.0140009071 154276781211393.6 762
0.190672 85363195.32191311 122621.0378934401 29116831155454.12 1142
0.211858 26415058.86155286 43298.86760757293 7319324880828.565 1250
0.233044 8122799.832138502 18027.83615474608 1853276988480.515 1458
0.25423 3382683.602038614 7622.461426195579 646443507939.4109 1814
0.275415 1302909.799349535 2881.277540556839 212357947004.3547 2178
0.296601 557636.5094624062 1225.207076051177 78394529692.59764 2498
0.317787 210846.9933325001 675.0886482937306 25752960023.80572 2622
0.338973 85700.33111746942 324.0264935772255 9192552989.787617 3338
0.360159 39350.1684435221 159.9463854718556 3744723048.334037 3722
0.381344 17154.9271581811 90.93372396288754 1457789933.826839 4170
0.40253 8951.182477820357 49.28327404885249 681987227.2229935 4358
0.423716 5200.678433019591 25.95548588086451 357227127.2261369 5034
0.444902 2933.920785205039 15.21969041501822 182897532.7651293 5714
0.466088 1589.133091278049 11.07290049321423 90279394.63538252 5982
0.487273 1026.448419365173 6.967678908704612 53313431.37072019 6602
0.508459 713.3880560760509 4.416777266436032 34008681.96138477 7130
0.529645 420.0084976284159 3.594526669577792 18458277.41047797 8034
0.550831 355.9893632948098 2.187508397648807 14470002.0623722 8606
0.572017 220.8739730855394 1.987587034517723 8325616.345110297 9066
0.593202 198.4905820722345 1.438769829461115 6955897.314369043 9962
0.614388 162.120403779631 1.303303115220436 5296588.468461487 10550
0.635574 125.3919093209667 1.102243414296268 3827320.516251274 11226
0.65676 124.1006315221111 1.025968290027321 3546796.64046859 12146
0.677946 84.69235375000018 0.8078363510701717 2270621.861183363 12303
0.699131 45.94051631073655 0.4314086146456981 1157795.61818879 12584
0.720317 20.39864077886415 0.2061986879659892 484437.6043499029 12120
0.741503 11.04686636981312 0.1241583665486289 247555.8991255302 11180
0.762689 6.121933418104451 0.06801940943432226 129662.7923971644 11096
0.783875 3.72366211669264 0.05090984726609757 74672.95975773127 10056
0.80506 2.596203775094786 0.03921201217095088 49359.13041271225 9716
0.826246 2.085723519669967 0.02785463011342773 37640.74102314126 8604
0.847432 1.841877703878126 0.02176353825632885 31591.0080470797 8060
0.868618 1.263038035342746 0.01851923772163801 20620.71246326428 7320
0.889804 0.821908053743753 0.01803279755814264 12793.51752290256 6356
0.910989 0.988084076365071 0.01429973179912244 14668.90113463381 5348
0.932175 0.6577885693615345 0.01101807733275427 9323.276824990951 4308
0.953361 0.5714673369809841 0.00690673586907934 7743.669317486784 3563
0.974547 0.2468685034468125 0.005093513603137869 3202.922453157806 2448
0.995733 0.1646155754169797 0.00288862911438506 2044.704145850698 1868
1.01692 4.058408977381806e-16 7.840622740846111e-18 4.829461424850252e-12 1358
1.0381 4.393909345475912e-16 8.048683270373083e-18 5.016017943818764e-12 1062
1.05929 4.430989730062331e-16 9.111695583786392e-18 4.864796023165415e-12 776
1.08048 4.647216281361879e-16 9.728064817133044e-18 4.910824104805929e-12 432
1.10166 5.899609092006845e-16 9.882873784718402e-18 5.976701961437194e-12 200
1.12285 6.377131892869773e-16 1.172946223537717e-17 6.208119651876294e-12 168
1.14403 6.662828185219796e-16 1.336661206399004e-17 6.259228193993984e-12 56
1.16522 8.19252703984939e-16 7.365728922065179e-18 7.423681551809486e-12 7


0.0211858 3860871997148.066 233717879.9360789 1.570765662033441e+20 18
0.0423716 1539407343735.816 140739170.7517893 1.367683060269078e+19 62
0.0635574 184115830071.3817 73087271.69883622 6.813840877348979e+17 98
0.0847432 142831239176.2616 17757665.99569541 2.886258680053794e+17 210
0.105929 20598585286.11774 7189819.154416158 2.675930523829042e+16 350
0.127115 4146147384.214033 1773332.782558342 3743184706791584 450
0.148301 1239100777.259106 693459.8436784822 813762700806051.8 602
0.169486 331158945.902104 215873.6928929864 165332358929387 762
0.190672 64995813.46307232 100699.4276867194 25728688577185 1142
0.211858 23058220.24920361 32201.8453977462 7413973739374.881 1250
0.233044 9334285.70304532 9836.106816345648 2470751149708.97 1458
0.25423 3146751.044396048 5267.622376744894 697771703590.1758 1814
0.275415 991132.7273486425 2429.685910981677 187472298674.994 2178
0.296601 373433.1954688064 1179.518527054038 60931418942.39598 2498
0.317787 177486.558602431 510.8565280793513 25155932099.39906 2622
0.338973 73642.10803870406 240.7342313158401 9166179601.627111 3338
0.360159 32959.42631381015 122.0952531085487 3639736047.10008 3722
0.381344 15317.49165388127 65.40468570168207 1510391567.242014 4170
0.40253 7509.555578100546 37.50910863801057 663937629.4069654 4358
0.423716 4030.82156578509 21.24732150720997 321305618.4144493 5034
0.444902 2526.710931498541 11.26483577185289 182777366.4469608 5714
0.466088 1554.762337720075 7.410289334546689 102486432.2348455 5982
0.487273 834.1482494170669 5.385212788739173 50276663.36340614 6602
0.508459 593.8208226243128 3.437157731535399 32850146.48833249 7130
0.529645 421.2195565608415 2.292558527100844 21478737.9545595 8034
0.550831 272.3092426857453 1.855026114545608 12844931.12548263 8606
0.572017 217.6818478907721 1.289282972366619 9520694.465844903 9066
0.593202 158.9075652429885 1.148009569544631 6462230.17331991 9962
0.614388 142.6451408253608 0.9459366901808449 5407779.939923774 10550
0.635574 117.493833511268 0.7671744635902785 4161336.973139073 11226
0.65676 110.0392498790372 0.749037967660828 3649331.8599779 12146
0.677946 77.64127967680474 0.5706694811720714 2415403.780050162 12303
0.699131 37.88963317735108 0.3329169672993371 1108084.144861471 12584
0.720317 18.13835399397816 0.1488978805356234 499846.4417418487 12120
0.741503 9.47005018761997 0.09241308955369396 246260.8201591119 11180
0.762689 4.974189400881779 0.05392827817708874 122255.953118391 11096
0.783875 3.443133453284956 0.03537628695423092 80119.88819480396 10056
0.80506 2.465694761094844 0.02655210744007681 54394.52418378235 9716
0.826246 1.696870344586262 0.02186060844942235 35536.1173010907 8604
0.847432 1.388339246690692 0.01842406212111252 27633.26498609013 8060
0.868618 1.141216258631925 0.01313322729030576 21619.93374607155 7320
0.889804 1.024148019564218 0.00958442903445318 18495.46402921505 6356
0.910989 0.7372225042418751 0.01202999611225779 12700.99523003612 5348
0.932175 0.4739488000203667 0.009369346685259284 7795.753532759628 4308
0.953361 0.4091558314261988 0.006197987277806273 6434.030613087721 3563
0.974547 0.2488478571306605 0.003192040668133501 3746.204305455196 2448
0.995733 0.1303416293163885 0.002337662296626243 1878.743932106664 1868
1.01692 3.855459659820498e-16 6.488989958050974e-18 5.323877426777733e-12 1358
1.0381 4.045389297518531e-16 6.830606890681794e-18 5.358983653651103e-12 1062
1.05929 4.311142406616463e-16 7.695489711346101e-18 5.492436726937795e-12 776
1.08048 4.716844915442159e-16 7.73241216742807e-18 5.783789209144672e-12 432
1.10166 4.043952573871668e-16 1.068667654887661e-17 4.754573868326551e-12 200
1.12285 4.930943753855069e-16 1.091737626071541e-17 5.570608757076537e-12 168
1.14403 5.734397918139255e-16 1.139044296499033e-17 6.251288172982246e-12 56
1.16522 4.210633746836755e-16 1.346335961698238e-17 4.428579120864498e-12 7


0.0211858 5015531913001.859 107617682.0598802 2.321071781440525e+20 18
0.0423716 1894207805533.302 60308263.36085814 1.914879359471292e+19 62
0.0635574 360747899509.0591 27621096.98051366 1.518188362240509e+18 98
0.0847432 51218212226.03323 26336231.41733987 1.179100075781919e+17 210
0.105929 19263139970.0806 5179521.17300258 2.84826482194576e+16 350
0.127115 2300972617.436995 1953084.71355093 2365522795905444 450
0.148301 673039297.3006723 769427.4793035734 503338751326345 602
0.169486 290925910.4694816 166157.3118252941 165323909935051.8 762
0.190672 56739532.16545381 78367.24854657816 25565447350141.1 1142
0.211858 20410797.66502284 24682.62753710445 7469887772100.475 1250
0.233044 7108296.509347305 9100.49447752189 2141841688786.375 1458
0.25423 2166067.877963178 5039.064653980321 546820537151.6866 1814
0.275415 931037.2490899962 1754.712802461795 200437641993.0334 2178
0.296601 376375.7364455801 808.8533840779525 69892746967.33337 2498
0.317787 152469.9861455903 404.0674517825046 24597940344.29707 2622
0.338973 67994.69803987407 176.7736650140872 9632800984.767284 3338
0.360159 29259.0295395726 93.51455290966129 3677717159.075035 3722
0.381344 13088.65495861969 51.7839442331695 1469053730.816169 4170
0.40253 6611.482674455317 29.00751729047086 665339312.1670092 4358
0.423716 3581.017073176378 16.23803529392853 324906923.7974347 5034
0.444902 2117.404681342252 9.127636467350813 174347411.2423181 5714
0.466088 1440.883055693077 5.359930841902663 108105475.0339527 5982
0.487273 816.7906186754832 3.79152127586746 56031972.68521409 6602
0.508459 477.425907850702 2.852437978986793 30063730.07908262 7130
0.529645 350.6453744505324 1.88844600459126 20352337.09081553 8034
0.550831 255.3979756938522 1.34489480035132 13712036.20685194 8606
0.572017 174.7887535446421 1.080870478534392 8701855.370503796 9066
0.593202 146.3496833332644 0.8542960112058708 6774092.077865926 9962
0.614388 130.4279829428324 0.7004737325898343 5628022.951048408 10550
0.635574 92.88647979388402 0.6449755127385727 3744741.762088018 11226
0.65676 89.04330060651689 0.6181261899931252 3361348.892054291 12146
0.677946 66.39766944693135 0.4488375287084809 2351180.400443672 12303
0.699131 36.80246078584454 0.2365598038502445 1225018.546019428 12584
0.720317 16.88526591511518 0.1086072640752072 529624.3063203595 12120
0.741503 8.248194867978293 0.07186545720629606 244137.8244174573 11180
0.762689 4.334814848983361 0.04187786493328099 121269.416090786 11096
0.783875 3.06628803939034 0.02698234577654218 81213.50016613471 10056
0.80506 2.037300334066873 0.02176208265677798 51158.18610765725 9716
0.826246 1.523656826079646 0.01646192151208727 36319.078429872 8604
0.847432 1.374315141465738 0.01267436058852027 31133.72424953918 8060
0.868618 0.9750362153677081 0.01041218789986299 21025.36495914513 7320
0.889804 0.6136177706759751 0.01046266485197125 12615.59719860361 6356
0.910989 0.7279451321427156 0.008442639286209086 14274.03791135058 5348
0.932175 0.5462102170062189 0.005764156171064721 10225.03071920395 4308
0.953361 0.4121952791716769 0.004220454322993572 7377.444527769988 3563
0.974547 0.185872178320332 0.002887756011834323 3185.178800946011 2448
0.995733 0.1203599259998179 0.001728378002696688 1974.640904048038 1868
1.01692 3.757570180467805e-16 5.897479217081653e-18 5.906039717861084e-12 1358
1.0381 4.03978279774077e-16 6.029604270959432e-18 6.091328528379254e-12 1062
1.05929 4.232297272963466e-16 6.521509715437935e-18 6.137316917831924e-12 776
1.08048 4.510044364688628e-16 7.636839888274166e-18 6.294884319525414e-12 432
1.10166 4.290788324366346e-16 8.521890533667309e-18 5.741895214436835e-12 200
1.12285 4.440337912308444e-16 9.561712146332477e-18 5.709938041091785e-12 168
1.14403 5.959948145420412e-16 9.79728873426616e-18 7.395207821309615e-12 56
1.16522 8.732623307060606e-16 9.85776413569839e-18 1.045223234065916e-11 7


0.0211858 5492129303325.388 63693023.30108172 2.84970274893252e+20 18
0.0423716 1396479934268.35 64018537.85267687 1.583349213313583e+19 62
0.0635574 310134040103.1757 28574590.26794889 1.463799898368314e+18 98
0.0847432 131555096886.3168 7251376.408949193 3.393069324177853e+17 210
0.105929 14531084334.01341 4878734.860830856 2.409836500044524e+16 350
0.127115 3698142644.977306 935871.3609657144 4261377699742372 450
0.148301 706442594.1420438 563554.3889693447 592373037557557.9 602
0.169486 220939077.4521202 157316.418694425 140818565667290 762
0.190672 55485987.25994841 58443.12689998602 28034565714556.71 1142
0.211858 18335848.68589446 19426.35689569271 7525435578014.865 1250
0.233044 4848180.978901537 9122.439385522996 1638638514332.953 1458
0.25423 2312627.390643932 3409.887635433151 654618486707.9976 1814
0.275415 772178.456281542 1507.098680718463 186439156055.1371 2178
0.296601 316659.5341710988 674.7523875634046 65948113403.12225 2498
0.317787 140371.3876120099 310.7583375148487 25395771349.50723 2622
0.338973 56747.70469152072 150.1738432884529 9016282292.512074 3338
0.360159 27428.47056231005 71.06447291399438 3866202996.459462 3722
0.381344 11724.80208240747 41.39831983900547 1475800808.902855 4170
0.40253 6351.906190574313 21.69048973823413 716811035.454428 4358
0.423716 3396.403050265578 12.23468003844262 345567415.8484623 5034
0.444902 1872.747686071902 7.343425918968043 172931293.5491903 5714
0.466088 1263.176014837435 4.359049340735348 106283808.4211501 5982
0.487273 770.8341187487493 2.822667950192133 59299405.65144486 6602
0.508459 450.8020400841616 2.157900268302917 31833661.75925728 7130
0.529645 312.550130763158 1.493996124579137 20344400.09969113 8034
0.550831 216.115396014935 1.122809185790219 13012550.85865048 8606
0.572017 161.5175743752569 0.8369586271254853 9017580.299359784 9066
0.593202 136.5963778761935 0.6434611177295978 7090346.358078091 9962
0.614388 99.55870026240072 0.6407389020119674 4818114.656139947 10550
0.635574 85.76127223911746 0.5001530373442392 3877338.744447995 11226
0.65676 89.69398089830383 0.4405534473943906 3796931.8852235 12146
0.677946 67.46655718438784 0.3141816032525321 2679035.49746816 12303
0.699131 31.74210751828576 0.1926859373118849 1184912.760110297 12584
0.720317 12.80277172922078 0.1003273378381175 450375.299914235 12120
0.741503 7.198462210025947 0.05809406305488939 238945.9411475238 11180
0.762689 3.795168298321302 0.03373157307900102 119067.9872312636 11096
0.783875 2.68956871871947 0.02176768940486666 79887.83897379726 10056
0.80506 1.844745963916635 0.01703706730310339 51948.48992078577 9716
0.826246 1.364445729575062 0.0130671035229452 36473.96029918094 8604
0.847432 1.182667129467063 0.01048890112444367 30046.48984730542 8060
0.868618 0.7837058805201511 0.009133413721467405 18952.96396240724 7320
0.889804 0.6433834743241398 0.007383727328242231 14832.81782153419 6356
0.910989 0.723264020754113 0.005941132169051143 15903.95295472392 5348
0.932175 0.5218858181851831 0.004239008229210104 10955.91335841865 4308
0.953361 0.3624627912433995 0.003465612470439794 7275.277058062995 3563
0.974547 0.1838738311613546 0.002109777332753049 3533.456740062904 2448
0.995733 0.1152733531489466 0.001264258448593364 2120.80507869315 1868
1.01692 3.923418294731371e-16 5.166858957608709e-18 6.915560566663917e-12 1358
1.0381 4.301397297527779e-16 5.396207728356787e-18 7.273406401840612e-12 1062
1.05929 4.440808655495378e-16 5.835383983363699e-18 7.221709032629301e-12 776
1.08048 5.046986246320022e-16 6.172957481223734e-18 7.899507506377171e-12 432
1.10166 4.61204188131783e-16 7.837256765268588e-18 6.921282058204152e-12 200
1.12285 5.257175473391757e-16 8.634245996761768e-18 7.581066997345291e-12 168
1.14403 5.51887995442437e-16 9.160283691433036e-18 7.679799993804563e-12 56
1.16522 3.973163089152703e-16 1.01932541947543e-17 5.334179812656718e-12 7


0.0211858 4523378729801.311 77030078.48056048 2.601621192212121e+20 18
0.0423716 671048514383.749 84195590.18030305 8.438677471072636e+18 62
0.0635574 174659087038.6744 31445620.03375265 9.140564279184342e+17 98
0.0847432 45079737785.57901 17038490.54435921 1.289702672201768e+17 210
0.105929 15236036908.45438 3402662.774552387 2.80006125095942e+16 350
0.127115 2498486688.774917 1028483.006357554 3191520006405284 450
0.148301 1095919066.881649 241950.2206384879 1018050358663028 602
0.169486 154817717.6826206 155662.2944368254 109388206860032.3 762
0.190672 58021959.96291494 41687.61859340532 32486831192286.62 1142
0.211858 16501161.43739705 15831.69758771117 7505903667496.154 1250
0.233044 3891383.703479123 7970.844901264429 1457876030781.622 1458
0.25423 2285349.941461586 2529.811449372312 716907160710.3992 1814
0.275415 784269.9106135815 1078.830353659308 209845402870.9332 2178
0.296601 314402.4071966017 498.8219924413571 72563786033.7597 2498
0.317787 122233.8349911972 262.3813986856661 24510038155.54871 2622
0.338973 52464.07797070098 120.0467204783439 9238274351.659502 3338
0.360159 22256.17201505422 63.96488663448422 3477167539.395545 3722
0.381344 10970.61639649058 32.63929195486005 1530376206.76709 4170
0.40253 6037.029922811324 16.71592565161977 755031656.6266671 4358
0.423716 3166.019451745728 9.651561697812257 357005624.5463937 5034
0.444902 1719.911286618279 5.878024261746492 176016173.1623351 5714
0.466088 1107.95296849458 3.666666818090218 103321213.0824059 5982
0.487273 690.924473329598 2.306874718267897 58908555.02714566 6602
0.508459 431.2389529823581 1.651878431570703 33748923.04957391 7130
0.529645 273.8861555078287 1.259351743934387 19758826.87595818 8034
0.550831 192.7584839995076 0.9206769239174486 12863226.29687239 8606
0.572017 146.9654357842506 0.6790778535810965 9093715.190753957 9066
0.593202 117.8060201372692 0.5500965114663575 6777396.633338214 9962
0.614388 89.14574987189228 0.5230571936651911 4781425.143361743 10550
0.635574 88.83578654009125 0.3540445841277962 4451034.09307675 11226
0.65676 83.57075524535517 0.347615644561423 3920808.097630141 12146
0.677946 55.24576866995613 0.2838380519901209 2431438.466454516 12303
0.699131 26.54091503877556 0.1676473861257988 1098091.179988286 12584
0.720317 12.82898154653203 0.07502307755174012 500149.7378420797 12120
0.741503 7.050267715039707 0.04387410397741615 259362.115700515 11180
0.762689 3.510770904755915 0.02690957543530977 122072.6718426567 11096
0.783875 2.296358697642086 0.01862288435734247 75597.26155335183 10056
0.80506 1.67549692666473 0.01378193240668776 52292.0676540922 9716
0.826246 1.202726566770304 0.0108867059870827 35633.28467324888 8604
0.847432 1.077234870097586 0.00844876100158517 30331.716687561 8060
0.868618 0.7019274660441374 0.007480669177670869 18813.73945414668 7320
0.889804 0.5815656605926279 0.006017576281135782 14859.68689973902 6356
0.910989 0.627797637145267 0.005089427139283433 15300.02615313339 5348
0.932175 0.4674706960981257 0.003491679584448217 10876.42103619908 4308
0.953361 0.3426620809685497 0.002659529602383793 7622.568449985134 3563
0.974547 0.1535371106389939 0.001841963430931412 3270.130421903545 2448
0.995733 0.0945223083752036 0.001145102398623795 1927.446540200234 1868
1.01692 4.10199535082639e-16 4.556492625304705e-18 8.013253244209444e-12 1358
1.0381 3.980212965389678e-16 5.291606417453648e-18 7.459459175695158e-12 1062
1.05929 4.219086665305491e-16 5.605304805580285e-18 7.604389821523405e-12 776
1.08048 4.959573292502956e-16 5.712944826481177e-18 8.603458470121197e-12 432
1.10166 5.677429265658317e-16 5.639901953682493e-18 9.442008897333533e-12 200
1.12285 6.860539949963613e-16 5.96078526553802e-18 1.096357218208834e-11 168
1.14403 6.293369269628505e-16 8.773862359531498e-18 9.705825767664158e-12 56
1.16522 3.157728802591836e-16 1.050604923147177e-17 4.699219301209633e-12 7


0.0211858 3232042405092.887 94617108.53442432 2.041392878054026e+20 18
0.0423716 808288028103.3695 59918274.07248934 1.115407082547307e+19 62
0.0635574 236604252178.4795 17919989.71554913 1.358667275719054e+18 98
0.0847432 72321243620.87775 9276629.149786413 2.269921285933034e+17 210
0.105929 13580764989.90902 2949468.72559353 2.739784785797868e+16 350
0.127115 2176974983.424772 917335.1515780031 3052706417864170 450
0.148301 644731217.0036346 343551.2502669268 657660672318754.9 602
0.169486 163033039.4643637 118496.6115594436 126431069489336 762
0.190672 57880985.81045507 30957.61883282643 35572385493499.45 1142
0.211858 14966574.55672736 13186.76263903334 7473148885059.51 1250
0.233044 3543132.945683405 6606.267668364045 1457121444970.016 1458
0.25423 2014288.94495013 2201.238942171931 693641529120.8649 1814
0.275415 677338.8455437608 951.5154689009545 198952428595.3633 2178
0.296601 236004.3000996646 501.0445616215825 59802140305.37002 2498
0.317787 116701.4507080023 207.7915804825768 25686451970.70447 2622
0.338973 47163.55173985196 100.1107519776866 9116538152.038328 3338
0.360159 22695.12590893153 47.5258180809915 3891898493.095561 3722
0.381344 10653.69649616802 25.04293599513396 1631308044.022284 4170
0.40253 5108.956865925748 14.74143089834834 701432918.8546315 4358
0.423716 2618.260540639628 8.708179861572773 324111196.9060556 5034
0.444902 1532.343851385727 4.945565453114521 172147014.5445969 5714
0.466088 931.0864529306706 3.283027209894596 95317225.04222721 5982
0.487273 611.3255068153964 1.973723476094606 57216189.32112584 6602
0.508459 404.0027250315483 1.328056136852012 34706455.05706826 7130
0.529645 252.7006848211651 1.031058879043367 20011762.01274214 8034
0.550831 171.4452209786213 0.7854471428208282 12559147.44613273 8606
0.572017 138.6321768031301 0.5401495880365487 9416134.367464066 9066
0.593202 105.2771792126875 0.4652094042578014 6648526.152817544 9962
0.614388 82.8133308034031 0.4281682517000979 4875779.115665957 10550
0.635574 82.10737500752167 0.2889539640306481 4515894.960530416 11226
0.65676 73.28220155546778 0.301222724909779 3774139.6888306 12146
0.677946 48.35589365353074 0.2443000870209475 2336213.861473267 12303
0.699131 26.77980185224978 0.1262203530989753 1216190.030570844 12584
0.720317 11.46284550250332 0.06323507533379218 490563.1587156354 12120
0.741503 5.900827881333383 0.03944198942149074 238299.0394387975 11180
0.762689 3.297040998493163 0.02164331872720199 125841.8247158797 11096
0.783875 2.192724556307191 0.01482549017972475 79237.7689600259 10056
0.80506 1.51617772488292 0.01149703519157723 51943.94015382639 9716
0.826246 1.097275853821875 0.009032051598715497 35685.83574834053 8604
0.847432 0.9800343597111959 0.007010190264399124 30291.4036344632 8060
0.868618 0.6729300564873512 0.00594334080330767 19798.5473293478 7320
0.889804 0.4771458151215121 0.005407082835323909 13383.68220379343 6356
0.910989 0.5545156686826859 0.004352468653449814 14834.84082531968 5348
0.932175 0.415638088565404 0.002982721332502516 10615.54615038454 4308
0.953361 0.3212370950420086 0.002117449248966904 7844.178062356732 3563
0.974547 0.1411833894446158 0.001515100584474561 3300.842492810709 2448
0.995733 0.09386473019136808 0.0008647984909666799 2100.993230789448 1868
1.01692 3.908704929200071e-16 4.308118480277519e-18 8.381967261687648e-12 1358
1.0381 4.239386447697322e-16 4.445861023378871e-18 8.721303232305955e-12 1062
1.05929 4.60764875917286e-16 4.798387253474171e-18 9.115964321335688e-12 776
1.08048 4.502494066054497e-16 5.715594284746536e-18 8.574140134536894e-12 432
1.10166 4.41663088298406e-16 6.887107052112723e-18 8.063905305715671e-12 200
1.12285 4.36684662853816e-16 7.453479918125195e-18 7.661629495507554e-12 168
1.14403 6.93938088601959e-16 7.563744094609816e-18 1.174758931167341e-11 56
1.16522 6.487949964775705e-16 5.436401187825514e-18 1.059498984161764e-11 7


0.0211858 2759481318187.325 87582519.07222337 1.898464385241098e+20 18
0.0423716 1335647889996.275 26007636.43079343 2.006181048841226e+19 62
0.0635574 231052373097.6598 15767477.46457659 1.444874566322688e+18 98
0.0847432 89863663984.64676 5500955.763904165 3.070988630536926e+17 210
0.105929 10041173060.11081 2904237.873222197 2.206467532599937e+16 350
0.127115 2662660581.018328 547773.4373244633 4065180687009801 450
0.148301 511545607.1684294 331461.6060586363 568342033626416.9 602
0.169486 201517692.2005656 72802.55299205253 170146204862695.3 762
0.190672 48277544.88007198 28747.44340925742 32313845218823.34 1142
0.211858 13815459.07567162 11066.45209356034 7512449328423.864 1250
0.233044 3287149.731121111 5536.109514446003 1472175362422.514 1458
0.25423 1780468.809079431 1936.402579542799 667724906768.2374 1814
0.275415 563255.3188687849 882.1600118980267 180186431387.5832 2178
0.296601 258023.8255855508 355.8305699038611 71191596881.19098 2498
0.317787 103243.2389861153 181.4970931443349 24747904181.5266 2622
0.338973 44076.96269119123 83.6642892505584 9278277678.646309 3338
0.360159 18754.0115247341 44.4781658243451 3502636258.590464 3722
0.381344 9453.499607868012 22.14044968040236 1576442566.055191 4170
0.40253 5092.994009835664 11.59983200242978 761448949.7048817 4358
0.423716 2592.815829984633 6.855796262002903 349515428.221464 5034
0.444902 1445.755577795617 4.03829612284716 176874897.9626183 5714
0.466088 804.5957323982304 2.912437568950005 89704333.96018735 5982
0.487273 553.7228665202143 1.689272552031316 56439002.84943158 6602
0.508459 371.7473951406164 1.118161865151741 34778456.80392618 7130
0.529645 231.1129826054292 0.8687754538943528 19931524.59424967 8034
0.550831 161.0350468639337 0.6514281158032933 12846553.60119637 8606
0.572017 120.8420219754151 0.4808035739697021 8938728.613494547 9066
0.593202 101.733773518774 0.3716645874293243 6996510.496792989 9962
0.614388 73.88222999801889 0.3701347001625995 4737263.931762737 10550
0.635574 73.67748454705878 0.2502452496730018 4413034.612345113 11226
0.65676 67.14090719494267 0.2548154842058565 3765685.216080446 12146
0.677946 46.00168262237677 0.1984082503509416 2420285.225987191 12303
0.699131 24.40510956213912 0.1075673925168109 1207016.460463987 12584
0.720317 9.93920377733374 0.05608618254856335 463235.8588212092 12120
0.741503 5.579974234018284 0.0323033912954355 245398.5436169086 11180
0.762689 3.005473349203039 0.01839555988786567 124925.7416258116 11096
0.783875 1.949999590442612 0.01285024553693209 76740.70904703895 10056
0.80506 1.435100637094902 0.009417030589889923 53542.3811715659 9716
0.826246 1.060690445767102 0.007246203000485287 37565.98143008655 8604
0.847432 0.8100471095850894 0.006542838492358497 27267.56963460523 8060
0.868618 0.672862638327436 0.004617015981896676 21558.07135358809 7320
0.889804 0.4733887152857775 0.00432579682502564 14459.81682430965 6356
0.910989 0.4692144891997992 0.003953332001078819 13670.7426882434 5348
0.932175 0.3296812436492592 0.002878996293509079 9170.289308743555 4308
0.953361 0.2557131467107976 0.002069827593286454 6800.398711761504 3563
0.974547 0.1320998528642376 0.001247578995001278 3363.380013568866 2448
0.995733 0.08089049190229793 0.0007839069345062092 1971.827957692526 1868
1.01692 3.78863795722137e-16 4.181667939290611e-18 8.847936713214777e-12 1358
1.0381 4.269095641938872e-16 4.247797397674235e-18 9.564317878166022e-12 1062
1.05929 4.279535940059348e-16 4.623522435405511e-18 9.220785474215028e-12 776
1.08048 4.456699141532339e-16 5.114894071326057e-18 9.242428524820339e-12 432
1.10166 5.753590706215943e-16 4.668601497254685e-18 1.143874266110482e-11 200
1.12285 5.647162518867436e-16 4.981521112041042e-18 1.078859469849031e-11 168
1.14403 7.095616246843645e-16 6.105750153984266e-18 1.308108092061981e-11 56
1.16522 5.851908751054159e-16 6.828750954160902e-18 1.040772858981487e-11 7


0.0211858 3232024995202.707 59954789.78809943 2.40451820150517e+20 18
0.0423716 1338735561988.269 20451820.15279807 2.175085479988523e+19 62
0.0635574 166142222955.3699 16885546.79591932 1.124143381365247e+18 98
0.0847432 26773395587.80549 11041706.03803184 9.909463745829306e+16 210
0.105929 14584743856.19102 1577144.97711508 3.465644600957444e+16 350
0.127115 1600547348.366554 726166.6842158678 2644396575453854 450
0.148301 823923970.709474 152297.5568214575 989782531434012.2 602
0.169486 158187596.8358861 73579.13649248467 144496884215418.5 762
0.190672 35925756.07979371 29377.33159550892 26016812374677.81 1142
0.211858 12986192.6038557 9318.670546843201 7638680049311.671 1250
0.233044 3045084.479807803 4732.112110057626 1475245068811.87 1458
0.25423 1627762.244385384 1670.476987108171 660364049876.9423 1814
0.275415 516573.9294334176 756.8230110123214 178763043842.156 2178
0.296601 254465.6045346472 281.6086892423075 75945560349.31244 2498
0.317787 92282.72570717025 160.3435078489448 23929588147.16621 2622
0.338973 41046.12968810678 70.67245582457457 9346530463.287046 3338
0.360159 19429.32865276806 33.88654382766054 3925061009.433422 3722
0.381344 8523.820798988099 19.28362223764362 1537631324.404087 4170
0.40253 3972.199051874576 11.56489165426278 642507883.3950897 4358
0.423716 2386.030316948253 5.910305214315198 347935445.502615 5034
0.444902 1376.031277149968 3.38599608202093 182103734.7269253 5714
0.466088 852.2711953372705 2.198264624225009 102778112.8085623 5982
0.487273 508.3886530163672 1.460378345554583 56054546.27771536 6602
0.508459 326.8723690919477 1.007803280949733 33081034.51815297 7130
0.529645 207.5069877680887 0.7616302198893664 19358963.74354375 8034
0.550831 154.2185503628017 0.5394126571983616 13308216.20977494 8606
0.572017 102.8302227757132 0.4403285828636506 8228568.767257018 9066
0.593202 97.86178956402358 0.3069505863760846 7280274.225521335 9962
0.614388 68.09350611655645 0.3151209567156521 4723008.337158681 10550
0.635574 65.03249423536126 0.2259810888981784 4213739.907927924 11226
0.65676 62.80519454665868 0.2133304369238807 3810440.912394329 12146
0.677946 43.04267702828966 0.1676416893223179 2449715.004514718 12303
0.699131 21.61136208753897 0.096096521455137 1156241.403669421 12584
0.720317 9.49449472482693 0.04655848578594836 478675.8875848735 12120
0.741503 5.231389251111287 0.02717900419444478 248873.8819179961 11180
0.762689 2.710402589170128 0.01612574109592434 121872.014575236 11096
0.783875 1.840160243387549 0.01084975257345499 78337.38653201904 10056
0.80506 1.28791146079599 0.008266726918508847 51979.60027023406 9716
0.826246 0.9658708536200578 0.006260467549002115 37004.41061007012 8604
0.847432 0.7769541510021711 0.005419604996539172 28291.08412164907 8060
0.868618 0.5813126914578606 0.004208386786101047 20148.00279680592 7320
0.889804 0.53460339145864 0.003044681458568726 17662.9964061039 6356
0.910989 0.4515491782720233 0.003265993899677378 14231.28127340203 5348
0.932175 0.3081182101384281 0.002435568064829949 9271.062772960102 4308
0.953361 0.2235727341963649 0.001863134682300714 6431.849980291123 3563
0.974547 0.1205538333674889 0.001080378601001554 3320.342452167331 2448
0.995733 0.07383572539950049 0.0006798901260642904 1947.002601508073 1868
1.01692 3.82833946723607e-16 3.806958131456835e-18 9.671465679905969e-12 1358
1.0381 4.179975318324455e-16 4.070024892650017e-18 1.013031580043722e-11 1062
1.05929 4.297330788963839e-16 4.239243075708576e-18 1.001600330776508e-11 776
1.08048 4.972473954142628e-16 4.296924372894047e-18 1.115456359685333e-11 432
1.10166 5.690802927955691e-16 4.298461215485898e-18 1.223879979160278e-11 200
1.12285 6.094180352876573e-16 4.318478000094162e-18 1.259406848432402e-11 168
1.14403 4.704410483499234e-16 7.922103513098585e-18 9.383376257519488e-12 56
1.16522 2.086853741451422e-16 7.479206118615185e-18 4.016793310430875e-12 7


0.0211858 3932685121451.637 31513154.45058819 3.14579168302708e+20 18
0.0423716 812234539235.7863 33664190.23477229 1.419834534184702e+19 62
0.0635574 159435759065.9004 13410071.55406465 1.160225467375101e+18 98
0.0847432 65543070241.93494 4842407.287032227 2.606323361315218e+17 210
0.105929 6185719277.089687 2560232.768796326 1.582090831972563e+16 350
0.127115 2318308077.308382 401096.5626147288 4118096782021417 450
0.148301 381330054.352885 258167.8480352164 493012793475484.2 602
0.169486 122452958.099849 75836.27466421828 120328606913513.8 762
0.190672 37271762.42403433 23399.10193061356 29028429561957.11 1142
0.211858 12130359.34801709 8037.428571675371 7674465458980.579 1250
0.233044 2947557.256076712 4006.063266391502 1535844116913.873 1458
0.25423 1522367.065092644 1432.428390450749 664275910232.5837 1814
0.275415 497525.1078933327 632.6355130815685 185176318569.8296 2178
0.296601 211852.3329796781 277.2112237333989 68011498882.98569 2498
0.317787 91299.8123461346 130.64182206295 25462576222.38784 2622
0.338973 36689.14555907528 63.29365522390233 8986021727.981379 3338
0.360159 15917.96928937505 33.32335987097702 3459059074.135952 3722
0.381344 8017.925693412776 16.49404932096387 1555664161.171818 4170
0.40253 4697.236413365104 7.834338334655984 817059510.906917 4358
0.423716 2104.464467782526 5.331766380552924 330079005.1422635 5034
0.444902 1060.323906125121 3.455601185676378 150947319.1096949 5714
0.466088 749.0673431167307 2.005530960873796 97162355.34822923 5982
0.487273 443.7705259720059 1.347684148416282 52629658.86459342 6602
0.508459 288.129927395963 0.9222056300382189 31364860.25557769 7130
0.529645 195.9930104840729 0.6516662565259814 19666414.50672707 8034
0.550831 138.016069969316 0.4806492140951666 12810344.78472146 8606
0.572017 99.005184875925 0.3695050642138206 8521015.33013368 9066
0.593202 86.99207707174303 0.2787121133704806 6960861.999848611 9962
0.614388 67.914106629358 0.2593236711587968 5066368.608622608 10550
0.635574 58.14117035170121 0.2010030589491151 4051974.351872681 11226
0.65676 55.27690681228385 0.1949542494633853 3607218.598640355 12146
0.677946 40.04071715762914 0.1443816955125324 2451075.642116928 12303
0.699131 20.36805229728347 0.08224923037703753 1172067.34261482 12584
0.720317 9.191111308025706 0.03864754913119336 498389.2192946302 12120
0.741503 4.677576340560436 0.02456510931477271 239348.7822964444 11180
0.762689 2.618623488211192 0.01336732371248982 126640.7861496599 11096
0.783875 1.699736470275776 0.009403563973032075 77827.8327776083 10056
0.80506 1.207180436615632 0.007118704017489248 52403.08257550619 9716
0.826246 0.893512885136783 0.005466397261849274 36819.32426304361 8604
0.847432 0.756128980736104 0.004454878425695718 29612.79751020496 8060
0.868618 0.5516869343870032 0.003575847535264735 20566.00340475113 7320
0.889804 0.3994833220128022 0.003220110853413125 14197.48296593802 6356
0.910989 0.4286985507519169 0.002757417064980241 14532.01590833708 5348
0.932175 0.3279567417200585 0.001846079948785478 10613.15639039749 4308
0.953361 0.2349370474285872 0.001448497649173196 7269.209357120597 3563
0.974547 0.1183147506575524 0.0008915278767688912 3504.853259323128 2448
0.995733 0.06726194651188304 0.0005979353380673247 1907.70987697465 1868
1.01692 3.99875103500501e-16 3.583079841173588e-18 1.086530586078965e-11 1358
1.0381 4.225582414963515e-16 3.7958409339356e-18 1.101473517290879e-11 1062
1.05929 4.367775971808719e-16 4.136260178068576e-18 1.094959777926704e-11 776
1.08048 4.978160601515512e-16 3.972262727544412e-18 1.201122407174954e-11 432
1.10166 5.411865932954563e-16 4.377798578091083e-18 1.251876788082595e-11 200
1.12285 6.118348360130979e-16 4.757467883399995e-18 1.359987965214135e-11 168
1.14403 4.936081340961159e-16 6.78015969897125e-18 1.058907457983224e-11 56
1.16522 2.237059682841939e-16 6.594152198367806e-18 4.630942698260146e-12 7


0.0211858 4056597664198.583 18127129.70440296 3.472415146333349e+20 18
0.0423716 384854595070.377 39824745.77368295 7.206297273541992e+18 62
0.0635574 171932441722.6197 10512446.200774 1.338919207124932e+18 98
0.0847432 69332018402.55281 3841695.362206211 2.950492275858256e+17 210
0.105929 13092010589.69304 1110153.615048864 3.581081948871988e+16 350
0.127115 1460731981.905312 528159.4265853169 2778013539507296 450
0.148301 655327611.8337287 137460.0411628518 906288611321577 602
0.169486 150298948.5874483 52152.31927666573 158031975534969.6 762
0.190672 43881100.77745793 15974.88381639819 36570945889246.96 1142
0.211858 10912257.9758555 7292.844752283011 7389125287976.852 1250
0.233044 3147840.663956934 3203.088793947807 1755212154211.65 1458
0.25423 1438752.938363215 1233.906000312051 671895122981.3223 1814
0.275415 475863.2442650407 540.028782868077 189554489117.5356 2178
0.296601 176959.7087776758 267.9560305270874 60807238066.39212 2498
0.317787 88748.15861028146 109.3275919173121 26489199223.7705 2622
0.338973 33635.11930965549 56.46511416314393 8816994697.116337 3338
0.360159 16469.0016750299 26.20654652379384 3829946477.561797 3722
0.381344 8177.44251451192 13.14986985046829 1697985499.506581 4170
0.40253 3269.874015054376 9.096134127702614 608873614.1373875 4358
0.423716 2103.457665031637 4.387370867923439 353086549.4337913 5034
0.444902 1297.134939853737 2.303684006030604 197597658.7218567 5714
0.466088 668.0071397137131 1.831177999573758 92738922.71516007 5982
0.487273 415.4448700039207 1.178012667238979 52732151.49129803 6602
0.508459 271.8335655740942 0.8014278050426152 31669861.44789551 7130
0.529645 189.794478250325 0.5493912390058664 20382098.98857753 8034
0.550831 129.1419511776619 0.415949479116389 12828835.07065719 8606
0.572017 108.1775921642629 0.2777397551227184 9963816.110526714 9066
0.593202 69.45834101172036 0.2776405103878554 5948860.442090919 9962
0.614388 71.14990210001005 0.2045525420635282 5680392.407774294 10550
0.635574 53.27074596676119 0.1782946503783366 3973429.467027461 11226
0.65676 48.89518698736559 0.1786958621950536 3415037.74710463 12146
0.677946 37.73126741004189 0.1255669167163022 2471982.312531278 12303
0.699131 20.42659990523721 0.0668563903464863 1257988.056682371 12584
0.720317 8.613854952122427 0.03389072133015462 499906.232003491 12120
0.741503 4.558497055293559 0.02052340943448619 249639.3261025893 11180
0.762689 2.387289464810418 0.01200229645677219 123566.692134193 11096
0.783875 1.535425786527153 0.008461222977931025 75245.30783991108 10056
0.80506 1.155669860329361 0.006060279481787543 53691.24405583936 9716
0.826246 0.8468383239632551 0.004687625116570365 37347.57086524671 8604
0.847432 0.6739626371580074 0.004092612709572525 28250.06737882111 8060
0.868618 0.5134140627652002 0.003119834760591247 20484.03960580414 7320
0.889804 0.4538740997846844 0.002354038388393711 17262.39727370222 6356
0.910989 0.395200845896783 0.002448791949745216 14337.8731669627 5348
0.932175 0.2534189054263857 0.001934565563568024 8777.918057581934 4308
0.953361 0.1897741657854994 0.001436789490420853 6284.749186365716 3563
0.974547 0.1125305091051286 0.000759638249198058 3567.694389873192 2448
0.995733 0.06063128850484276 0.0005370159761186986 1840.504491091365 1868
1.01692 4.218943773346218e-16 3.401768346363901e-18 1.22689605495682e-11 1358
1.0381 4.314179083947234e-16 3.644986061788438e-18 1.203584399859584e-11 1062
1.05929 4.415330986350783e-16 4.02467558836504e-18 1.18466151390366e-11 776
1.08048 4.831693739987708e-16 3.909844496325902e-18 1.247713648725809e-11 432
1.10166 5.84477812206036e-16 3.942166370323997e-18 1.446986099334254e-11 200
1.12285 6.584629810108574e-16 4.852036384071216e-18 1.566474912399694e-11 168
1.14403 5.960156653192314e-16 6.453423018355512e-18 1.368371995184673e-11 56
1.16522 2.208053967496155e-16 6.446355334554238e-18 4.892231796820726e-12 7


0.0211858 3318122963598.301 22472249.42153099 3.027001473140435e+20 18
0.0423716 419665255928.2581 31342460.46881085 8.371821457358761e+18 62
0.0635574 158055985285.3497 9808855.87165058 1.311703371758373e+18 98
0.0847432 24527605473.80058 7127546.522982637 1.113430859634191e+17 210
0.105929 7860601830.746056 1623943.459268398 2.292020308296849e+16 350
0.127115 1908533603.629338 337437.1253365012 3866789587022446 450
0.148301 416871651.9716886 173317.9656213289 614553077937454.9 602
0.169486 121811054.2738428 51670.09695558214 136501475247008.5 762
0.190672 32936500.84418104 18008.80162903533 29256809621231.12 1142
0.211858 9754222.847575704 6712.440868477368 7038882601689.895 1250
0.233044 3600678.48423409 2351.149701706743 2139156319754.273 1458
0.25423 1360667.018420717 1076.119195378478 677141182172.8768 1814
0.275415 447199.6239726861 474.9931339327297 189831250190.5787 2178
0.296601 160330.1403911089 242.087521859755 58711705163.82788 2498
0.317787 81493.05649065824 98.66807450598267 25921020176.99918 2622
0.338973 33742.96409313084 46.65627538011653 9425476416.445539 3338
0.360159 15303.83757676179 23.38911414119936 3792660945.266764 3722
0.381344 6224.954014338305 14.10064079967678 1377644251.152307 4170
0.40253 4011.582982814172 6.21151474059032 795865196.2207481 4358
0.423716 1945.591890258294 3.914804460321502 348030663.9911805 5034
0.444902 905.0526948949883 2.712610669886081 146951978.0018552 5714
0.466088 696.7118537754559 1.447279357804391 103066797.3821318 5982
0.487273 415.1492525161928 0.9652169296451515 56151623.71919315 6602
0.508459 267.4753257054522 0.6669448904235303 33206835.26644576 7130
0.529645 179.6995244643674 0.4759381339933211 20564772.17256099 8034
0.550831 139.5413468378838 0.3173516261339679 14770824.78824437 8606
0.572017 91.46085388232244 0.2711026531740605 8977624.255879166 9066
0.593202 70.85474312333227 0.2295290853003157 6466562.7199331 9962
0.614388 62.69773359407063 0.1906372207897626 5334368.820857778 10550
0.635574 52.03572514116328 0.1518094007538456 4136050.116103035 11226
0.65676 47.17131643028307 0.1540231802361018 3510888.93897558 12146
0.677946 35.60514342880455 0.1103478254846816 2485827.174980232 12303
0.699131 19.21101497390742 0.05893135465944638 1260798.250607108 12584
0.720317 8.10946735565034 0.02971929090309568 501530.7138981935 12120
0.741503 4.272832028842987 0.01817839021555858 249357.6840636957 11180
0.762689 2.230654424964627 0.01056642838816538 123039.3249448463 11096
0.783875 1.450449774781861 0.007397333217673304 75747.20610779023 10056
0.80506 1.051658979172994 0.005499038195722818 52067.39569350243 9716
0.826246 0.7502727913005537 0.004368922530149012 35262.11048458566 8604
0.847432 0.6399613890538428 0.003550752205439816 28585.74815157786 8060
0.868618 0.4932655787283536 0.002696009472146274 20971.97264681786 7320
0.889804 0.3824848513134782 0.002309146818401604 15502.95637405217 6356
0.910989 0.3583410596666582 0.002217162060543611 13854.29217352492 5348
0.932175 0.2547207795420273 0.001608398413761081 9401.968292045753 4308
0.953361 0.1905625878396142 0.001196431548989408 6724.985226467236 3563
0.974547 0.1055263276119025 0.0006719994881173024 3565.279345235817 2448
0.995733 0.06284343707111281 0.0004313612285872481 2032.802839550707 1868
1.01692 4.159006877790045e-16 3.267547760043332e-18 1.288879480848114e-11 1358
1.0381 4.575330913716995e-16 3.458369046929529e-18 1.360226207315024e-11 1062
1.05929 4.749050317289311e-16 3.656355654663875e-18 1.357820667222635e-11 776
1.08048 4.856936642282455e-16 4.041660425786187e-18 1.33659897957658e-11 432
1.10166 6.832219500438701e-16 3.720604980896387e-18 1.802450092907503e-11 200
1.12285 7.598465410697101e-16 4.508373507769077e-18 1.926293530683132e-11 168
1.14403 5.333564431843634e-16 7.911734415705868e-18 1.305049285575076e-11 56
1.16522 2.12239779277782e-16 8.069475194189615e-18 5.012415359583429e-12 7


0.0211858 2060156154519.343 36098068.55517162 1.996120014876392e+20 18
0.0423716 728950838503.7939 18253869.45249446 1.542724983268662e+19 62
0.0635574 135951027674.1988 9266452.661499131 1.197851451633997e+18 98
0.0847432 45738186416.60541 4049976.632049095 2.202437036852943e+17 210
0.105929 6698626035.895141 1542825.995444552 2.073793431156319e+16 350
0.127115 1442571543.363858 380912.8089575666 3103366429716054 450
0.148301 514315160.055854 124938.5215585232 804733990933822.1 602
0.169486 117605741.8686499 46044.29059709035 139906572301661.7 762
0.190672 25954055.22550529 18303.99999973798 24478810890369.17 1142
0.211858 9487250.745684508 5791.208669050972 7267804849278.697 1250
0.233044 3888809.486620577 1733.627106394757 2452423410974.201 1458
0.25423 1274132.533455543 959.5515931073955 673143592704.0381 1814
0.275415 415207.4544680128 427.3224085035956 187111539524.3147 2178
0.296601 152877.1419607245 212.3262392248738 59430685041.28841 2498
0.317787 73840.07738920843 91.13889690220758 24934499038.19274 2622
0.338973 33215.42966741739 39.43123411799431 9849390938.174313 3338
0.360159 13253.46434498677 22.54420265422383 3487109706.175942 3722
0.381344 6957.164017645317 10.65855020509564 1634325934.001784 4170
0.40253 3470.879824339708 6.106013499412211 731059877.5248901 4358
0.423716 1632.518231005341 3.844625707980347 310044928.2511129 5034
0.444902 1141.108795445117 1.81215852079272 196654431.9104088 5714
0.466088 575.771574909264 1.471965513771993 90431280.81013386 5982
0.487273 377.4256232624164 0.8971448690557382 54195670.52371902 6602
0.508459 252.5858931220179 0.5950710589117905 33290264.92681279 7130
0.529645 171.5187480256407 0.4190507726241937 20837704.04305875 8034
0.550831 111.6909473974907 0.3321502901352572 12552284.09731328 8606
0.572017 80.33945625990394 0.2567247212786333 8372133.923170771 9066
0.593202 73.85325666928824 0.1846044701438883 7155103.763881529 9962
0.614388 55.44197013976836 0.1787972787633066 5007802.115721513 10550
0.635574 48.11237213917163 0.1377603756711649 4059839.910766425 11226
0.65676 46.55656245087684 0.1299850785272507 3678531.534977653 12146
0.677946 31.05602199870826 0.1045264818785809 2301874.629631894 12303
0.699131 15.95139514688623 0.05860749221574781 1111426.367165231 12584
0.720317 7.0460489614722 0.02846515554651627 462626.8892571363 12120
0.741503 4.002666745426257 0.01609426800857042 247982.2314604993 11180
0.762689 2.04025223786484 0.00967517616358032 119472.020319072 11096
0.783875 1.36296116828806 0.006582452591425873 75563.45952094688 10056
0.80506 0.9833250197533284 0.004899555704955972 51683.64153719965 9716
0.826246 0.7485378389313415 0.00366575714384303 37346.89242322645 8604
0.847432 0.6146502849581467 0.003100785203902026 29146.34379818085 8060
0.868618 0.45243288848637 0.002449191579663484 20421.20993271645 7320
0.889804 0.3365904878551731 0.002165097337815856 14483.69848909189 6356
0.910989 0.3510227419201508 0.001903987166727257 14407.21266169375 5348
0.932175 0.2747742206439302 0.001239488310972661 10766.40100356773 4308
0.953361 0.1955620093608828 0.0009823011620123145 7326.354295130424 3563
0.974547 0.08827300214260066 0.0006702098587480274 3166.272948140627 2448
0.995733 0.06012016364036799 0.0003732238389865464 2064.503712500736 1868
1.01692 4.194696563763506e-16 3.054756304014216e-18 1.380019989626545e-11 1358
1.0381 4.660282932044413e-16 3.198496075211607e-18 1.470826137354249e-11 1062
1.05929 5.081625877486475e-16 3.200295529037771e-18 1.542375417121345e-11 776
1.08048 5.040693762950606e-16 3.648447625980153e-18 1.472602476632699e-11 432
1.10166 6.472052630528293e-16 3.638009516984642e-18 1.812647012182983e-11 200
1.12285 7.114917286097266e-16 4.13258818837748e-18 1.914841507239493e-11 168
1.14403 7.491754066031663e-16 5.778891146773278e-18 1.94575451632927e-11 56
1.16522 2.882760870592258e-16 5.750708944915316e-18 7.224739164479188e-12 7


0.0211858 942481734106.7965 47260187.74694502 9.676936813449945e+19 18
0.0423716 930088877372.6005 11267674.24726281 2.082236439835213e+19 62
0.0635574 126409730918.8909 8246251.003265626 1.178431354932995e+18 98
0.0847432 62167287656.51284 2219296.256968642 3.166516446569732e+17 210
0.105929 11944722960.61593 617011.2285376645 3.910522154314744e+16 350
0.127115 1519214643.576679 302364.9223191967 3457566280965056 450
0.148301 408527172.3091625 128329.34098602 676399600265898.5 602
0.169486 115513510.2326996 39294.23378981083 145387383356712.4 762
0.190672 36848396.37471216 10996.77528865163 36758054043357.08 1142
0.211858 9584283.427664336 4836.870336879395 7767799810066.914 1250
0.233044 3485588.575822964 1658.137944640135 2325786189870.271 1458
0.25423 1171777.051433882 880.9660109405477 655008033878.7733 1814
0.275415 384298.5963642991 389.0523883742393 183236135917.3176 2178
0.296601 147237.7938546936 186.571547500474 60559035145.94183 2498
0.317787 68268.16609054782 83.08871553943905 24391215884.39817 2622
0.338973 30745.27662429102 36.04980614024987 9646139224.132872 3338
0.360159 12938.8911554911 19.51063504519654 3601811946.275359 3722
0.381344 6867.936972739293 9.133860880446678 1706944424.425337 4170
0.40253 2815.478774503966 6.186266631943936 627501392.937523 4358
0.423716 1944.576072459569 2.716628033022645 390679771.0142607 5034
0.444902 845.8321808595775 2.077369205492522 154252588.6614216 5714
0.466088 618.1107328072236 1.143180280584518 102705753.7900328 5982
0.487273 342.1456535469853 0.8285441285834577 51982151.25436036 6602
0.508459 217.5850480426326 0.5801559948521192 30343226.49270942 7130
0.529645 149.075824490218 0.4073808467265206 19163167.92826665 8034
0.550831 111.9535769901201 0.284145243711122 13311534.62300543 8606
0.572017 87.78312072298183 0.2017058691302824 9677972.187347531 9066
0.593202 59.17383410115981 0.1906676950504724 6066131.462789046 9962
0.614388 59.28280682082815 0.1420425311538427 5665137.517828737 10550
0.635574 42.07960066956549 0.1325276310519278 3756983.985311482 11226
0.65676 44.77141666470615 0.1142814088949503 3742748.098404594 12146
0.677946 31.55779009273558 0.08744208422494676 2474731.169086149 12303
0.699131 14.9440638051895 0.05285411867792394 1101670.481881918 12584
0.720317 5.789510074842784 0.02820634317919297 402213.5460580706 12120
0.741503 3.60031464873961 0.01497417132093306 236004.6281316857 11180
0.762689 1.923714198520622 0.00865835460067717 119185.2580189233 11096
0.783875 1.275939476026 0.005934504498131453 74844.46413499193 10056
0.80506 0.912355503024445 0.004454854091704512 50736.82436150554 9716
0.826246 0.7259405649941255 0.003191754150400459 38320.90446936365 8604
0.847432 0.5825943710711572 0.002759857882947853 29229.45833359512 8060
0.868618 0.4216779701424552 0.002220864560871559 20137.72361363197 7320
0.889804 0.3583243133952024 0.001739177560558921 16312.84641963683 6356
0.910989 0.348477920052769 0.001616192011933357 15132.48288880604 5348
0.932175 0.2192117370123686 0.001316678716110711 9088.406013651218 4308
0.953361 0.1639805578094793 0.0009780084531618059 6500.026149592107 3563
0.974547 0.09763783130296828 0.0005107882956826487 3705.158836688705 2448
0.995733 0.05307950925860421 0.0003610314778341399 1928.571658753164 1868
1.01692 4.28627667702916e-16 2.660401956151789e-18 1.491950129934921e-11 1358
1.0381 4.458363997175884e-16 3.04630633476035e-18 1.488773383733086e-11 1062
1.05929 4.559073439907997e-16 3.256401725823586e-18 1.464128254781627e-11 776
1.08048 5.061669779753517e-16 3.3682634269411e-18 1.564536658942364e-11 432
1.10166 4.80709092628102e-16 4.434918817755811e-18 1.424627727772201e-11 200
1.12285 5.455364014657486e-16 4.857519816905523e-18 1.553556200352232e-11 168
1.14403 9.091074781932533e-16 3.691982947670674e-18 2.497938807543979e-11 56
1.16522 6.477846791714585e-16 1.962470736948719e-18 1.716994355525538e-11 7


0.0211858 504527167604.5097 48208868.34194671 5.478126826602053e+19 18
0.0423716 843410284653.3866 12327131.89346074 1.991831602988496e+19 62
0.0635574 127088591483.3183 7112002.005465413 1.249685636934829e+18 98
0.0847432 29748871319.22081 4440501.155919594 1.599282735673629e+17 210
0.105929 4031635226.636844 1517955.412617062 1.393717231380328e+16 350
0.127115 1480367732.810593 271391.9464379039 3553902226712896 450
0.148301 445981097.9523723 103410.0387618751 778824794490220 602
0.169486 102897120.8192623 37128.99613024532 136618218764384.1 762
0.190672 28616719.59515682 12372.60802898165 30116937399595.46 1142
0.211858 8772599.794437079 4491.057361503181 7500143211294.758 1250
0.233044 2540214.495148235 1960.983143582668 1788332256100.895 1458
0.25423 1064638.319659512 825.2806510627616 627783554649.8523 1814
0.275415 359865.6761789548 353.4470991113226 180999849799.3031 2178
0.296601 141122.3734705839 166.0606676604015 61226863496.1646 2498
0.317787 64545.89141156188 74.74501808088471 24326264855.06011 2622
0.338973 27743.29326372437 34.1193172364198 9182064795.12759 3338
0.360159 13089.41808411414 16.42854316570068 3843385146.618759 3722
0.381344 5776.194944574933 9.304030317911982 1514480885.899213 4170
0.40253 3200.711758601683 4.710465388714529 752385257.8951826 4358
0.423716 1494.357969847624 3.05772065849458 316741654.4772354 5034
0.444902 922.718942999397 1.626417798482174 177485762.6899963 5714
0.466088 518.4262326700119 1.181325818303385 90875054.2491609 5982
0.487273 360.4417005469712 0.6708088178764611 57761754.87197986 6602
0.508459 236.7757066523455 0.4517134292476158 34827541.5346726 7130
0.529645 155.5412307319939 0.3316849001839436 21089706.78035713 8034
0.550831 104.4525365978753 0.2577770013815864 13100971.07403602 8606
0.572017 69.04358670699133 0.2132776788433896 8030297.636589206 9066
0.593202 66.25374973135308 0.1476370154252881 7163845.19179212 9962
0.614388 50.99955979354873 0.1401158257309877 5141136.160337389 10550
0.635574 43.55016573359661 0.109434626153919 4101378.142345764 11226
0.65676 38.4666092274167 0.1131409904711676 3392218.097388082 12146
0.677946 30.40180372064302 0.07720745264871656 2514830.948265273 12303
0.699131 16.09306484631492 0.04198673092608465 1251377.906082598 12584
0.720317 5.921892885475527 0.02399754046484383 433959.1018841825 12120
0.741503 3.299182743728206 0.0138814374525119 228131.3171616893 11180
0.762689 1.851909898957921 0.00765951522856524 121028.9237666162 11096
0.783875 1.196109934019883 0.005382879360187921 74010.60636497107 10056
0.80506 0.8482410297520955 0.004083391048658706 49759.26064585404 9716
0.826246 0.6720853841009831 0.002948493078938804 37424.42449559786 8604
0.847432 0.5497990074566669 0.002482506063756166 29097.1097263211 8060
0.868618 0.4151102558095027 0.001920816877726748 20911.06416981669 7320
0.889804 0.3526691976748799 0.001511074272007896 16935.79175708552 6356
0.910989 0.3137334327693438 0.00152758219954915 14371.28627583566 5348
0.932175 0.2027969836134245 0.001194333438598505 8869.107764676233 4308
0.953361 0.1504001134468966 0.0009012672970705787 6288.799759189313 3563
0.974547 0.0812992415704188 0.0005239353521612906 3254.550303495481 2448
0.995733 0.05310794460350896 0.0003052621212609489 2035.391511500603 1868
1.01692 3.903630112248485e-16 2.597503020713469e-18 1.433327865885287e-11 1358
1.0381 4.237547898230938e-16 2.821542189887312e-18 1.492661117449751e-11 1062
1.05929 4.38514016305939e-16 3.106332717240899e-18 1.485529489276618e-11 776
1.08048 4.657228953178307e-16 3.332649833331681e-18 1.518524954054047e-11 432
1.10166 5.498963493935685e-16 3.600066905716512e-18 1.718944220272565e-11 200
1.12285 5.681771772405828e-16 3.786095890143954e-18 1.706692002043057e-11 168
1.14403 5.493642050118214e-16 5.158575459540011e-18 1.592522968912802e-11 56
1.16522 5.298361152665865e-16 2.077846108327997e-18 1.481437710709874e-11 7


0.0211858 878381874122.2509 38320649.90668681 1.000966931256803e+20 18
0.0423716 574472982553.6985 16708040.97648997 1.427607122601141e+19 62
0.0635574 125583038156.6832 6246390.225393659 1.299054222780246e+18 98
0.0847432 26215109916.73635 3976874.796920522 1.482703594450768e+17 210
0.105929 8112241946.424225 795268.5705861954 2.947708457779175e+16 350
0.127115 1197046025.764399 275832.3254531001 3023563163449030 450
0.148301 364028706.5431302 105549.1121623553 668851105958929.8 602
0.169486 105838697.0006876 31709.14900160837 147822583574965.7 762
0.190672 22824468.84924472 13097.72238778942 25274295868219.34 1142
0.211858 7878105.119715033 4295.020834509933 7085974987765.224 1250
0.233044 2103555.127454353 1966.731491854354 1558142497739.318 1458
0.25423 984663.2642619758 765.6894222178389 610831313078.6136 1814
0.275415 348309.4951634951 314.4617690154697 184294154965.213 2178
0.296601 135073.4773497254 149.2340903763022 61649408119.68246 2498
0.317787 61862.50530613909 66.92750399567524 24527120625.57893 2622
0.338973 25379.57920818619 31.98604293275024 8836808024.799923 3338
0.360159 12698.41681269098 14.54251074707646 3922403253.174947 3722
0.381344 5273.117303006683 8.673367935336882 1454514087.503273 4170
0.40253 3164.381814328135 4.110920677774942 782505533.1570113 4358
0.423716 1462.1251727207 2.660735959135915 326016160.8643809 5034
0.444902 882.3928035266589 1.485248614381366 178554936.1745781 5714
0.466088 568.9781716586258 0.9067006289895388 104911893.5435521 5982
0.487273 305.2533697372155 0.6805975190497475 51465144.92088969 6602
0.508459 199.774234050815 0.4639057533162563 30915285.83048089 7130
0.529645 139.8844523308198 0.3158072262110984 19953708.0406483 8034
0.550831 103.2727009820859 0.222930682240579 13626203.09158037 8606
0.572017 82.13673342217218 0.15410800783006 10048634.30300489 9066
0.593202 55.98088886995172 0.1481954290134007 6368190.039591187 9962
0.614388 50.40229413644484 0.1227352802477316 5345033.419556969 10550
0.635574 40.64749266225543 0.1006982063182637 4027104.344851016 11226
0.65676 40.30737155617233 0.09323653333766727 3739219.088762142 12146
0.677946 27.19453029164335 0.0740076063051735 2366559.59631039 12303
0.699131 15.04573393848315 0.03834497492559683 1230781.209596171 12584
0.720317 7.11232249427699 0.01729547129994201 548238.2684001692 12120
0.741503 3.391274278066547 0.01180321282213095 246683.9868794272 11180
0.762689 1.795182364802512 0.006802048499826675 123421.0173201484 11096
0.783875 1.123345301522825 0.004918093490607305 73123.03060913955 10056
0.80506 0.8023434138526174 0.003710777392003199 49514.40372603005 9716
0.826246 0.6350726286534142 0.002678836766990671 37202.36895945015 8604
0.847432 0.4999020374742617 0.002347801338329173 27832.71397399345 8060
0.868618 0.399864213377547 0.001710041589357348 21190.33453245095 7320
0.889804 0.3362645027282661 0.001362732834148247 16987.67290925121 6356
0.910989 0.2766722483098583 0.001477620340565631 13333.0691136986 5348
0.932175 0.1916511913812249 0.001092095686393276 8817.536730665071 4308
0.953361 0.1475701863409329 0.0007891732774021428 6491.232559237975 3563
0.974547 0.08236220600203073 0.0004427036693484965 3468.442979002158 2448
0.995733 0.04609193887140822 0.0003014952752216814 1858.433681533236 1868
1.01692 4.029375281657875e-16 2.262965365047202e-18 1.556390012733663e-11 1358
1.0381 4.313460010393993e-16 2.503703907823171e-18 1.598378443557719e-11 1062
1.05929 4.599229301498414e-16 2.590850557590623e-18 1.639011051826091e-11 776
1.08048 4.850737794719564e-16 2.918745092710393e-18 1.663819687971254e-11 432
1.10166 5.405889526311727e-16 3.240821448022977e-18 1.777708252907587e-11 200
1.12285 6.125158312848169e-16 3.261883099123839e-18 1.935488869478029e-11 168
1.14403 6.340284461320157e-16 3.989773411766278e-18 1.933371397643318e-11 56
1.16522 2.347214049826293e-16 3.54376107858348e-18 6.906374304818352e-12 7


0.0211858 1770961877517.881 22797313.03602327 2.114457959161883e+20 18
0.0423716 345007097962.6311 19093047.30483038 9.002005210013346e+18 62
0.0635574 115408582143.317 5855692.580594875 1.252854709187042e+18 98
0.0847432 49778828059.45164 1771302.923887026 2.952835424823865e+17 210
0.105929 9080674718.150114 612803.0281130299 3.462344117068753e+16 350
0.127115 1445191157.544617 204661.976194689 3830056935032702 450
0.148301 421255673.4152008 80710.21240068028 812126345496216.9 602
0.169486 90351857.11936133 31199.96102475745 132440950991735.6 762
0.190672 31795753.07286099 8028.562936464574 36936969489728.48 1142
0.211858 7936488.768532629 3712.22935834843 7490994810502.953 1250
0.233044 2674353.968878651 1414.199593255467 2078304764432.706 1458
0.25423 958674.4997231668 682.8457599756779 624094077794.6525 1814
0.275415 352637.5410756097 269.8255252390284 195797029508.64 2178
0.296601 130601.1631887862 134.0531603054737 62553814212.98553 2498
0.317787 59815.56436391604 59.88455461932542 24887503292.20547 2622
0.338973 23839.16125091816 29.4208737512499 8710846091.150738 3338
0.360159 11929.36674695008 13.41723210933026 3867031513.041677 3722
0.381344 5311.176659460267 7.473423333501084 1537359211.00457 4170
0.40253 2752.080845737712 4.109775039815982 714233830.3407304 4358
0.423716 1543.842409500774 2.192991340814315 361226883.4302495 5034
0.444902 801.9614991784614 1.397219346939139 170305578.6806156 5714
0.466088 455.1790071147881 0.9891906303326615 88088087.81920414 5982
0.487273 301.891411086701 0.5955614517710748 53412869.94231927 6602
0.508459 201.0180174621406 0.3980303040667731 32644221.68891416 7130
0.529645 137.111801044794 0.2823294123483727 20524681.90629588 8034
0.550831 94.57973741834202 0.2107655891880714 13096365.94351557 8606
0.572017 65.73763573740338 0.167853075994908 8440689.722556867 9066
0.593202 57.94850321299489 0.1254240915291756 6917573.820237314 9962
0.614388 47.82647868759744 0.111215647197897 5322578.16681023 10550
0.635574 37.59769976420411 0.09407577608394449 3909125.694275637 11226
0.65676 35.64694348360456 0.09028391050326606 3470446.816150555 12146
0.677946 26.82742443049257 0.06538471961278756 2449978.067427615 12303
0.699131 12.94816590859709 0.03895195166930211 1111603.202287503 12584
0.720317 6.253667545049402 0.01701607162639411 505894.2539395501 12120
0.741503 3.441772450387044 0.01010313151039218 262724.957251925 11180
0.762689 1.743233635019349 0.006077252717623229 125772.4792762876 11096
0.783875 1.078491959373796 0.004450310351764513 73673.23218188534 10056
0.80506 0.7679332827028029 0.00335709832237627 49733.27073277834 9716
0.826246 0.603811958680158 0.002439366831253891 37119.54720003813 8604
0.847432 0.4646875840904329 0.002180482960412869 27151.2769920155 8060
0.868618 0.3722046419401212 0.001593768079252528 20699.74902419362 7320
0.889804 0.3267812035259066 0.001204297799979196 17324.44099345727 6356
0.910989 0.2545865501268293 0.001383445365795937 12875.39450344823 5348
0.932175 0.1948895458938998 0.0009325189420496936 9409.455518379513 4308
0.953361 0.1360240217907074 0.0007379361592366579 6279.191193820732 3563
0.974547 0.07399727766412939 0.0004290966917128265 3270.303746739571 2448
0.995733 0.05150968917033756 0.0002332435471034594 2179.38514921966 1868
1.01692 3.623671635981481e-16 2.321846630322466e-18 1.468928912464724e-11 1358
1.0381 4.091788182391749e-16 2.511541920257435e-18 1.591219343154191e-11 1062
1.05929 4.16449166343508e-16 2.693459421741351e-18 1.557504124952964e-11 776
1.08048 4.553386215446019e-16 2.97705041148753e-18 1.63907307516464e-11 432
1.10166 5.200270875936485e-16 3.259872377665845e-18 1.794652467034664e-11 200
1.12285 5.052521238398471e-16 3.781163320700817e-18 1.675592829949937e-11 168
1.14403 6.050774200790967e-16 3.759205341075602e-18 1.936305118684795e-11 56
1.16522 5.042596625684842e-16 1.338684154222137e-18 1.556512661284358e-11 7


0.0211858 2666047405278.091 8859936.069312122 3.331253132839869e+20 18
0.0423716 295903994771.2074 17382423.54326228 8.085579650961134e+18 62
0.0635574 103474045762.857 5640162.148324185 1.176274874901171e+18 98
0.0847432 40835009036.11644 2254624.177328255 2.536671981126655e+17 210
0.105929 3462613685.488241 1137384.824415316 1.38376687284796e+16 350
0.127115 1091223825.855692 228976.8677853931 3028749618627582 450
0.148301 303485750.7941568 93636.17724172992 612788794885624.8 602
0.169486 99815554.88744006 25259.48216610583 153187865447438.7 762
0.190672 21498072.14961903 10399.01613894658 26157870299821.77 1142
0.211858 7668162.163343675 3322.759335625711 7578550324470.777 1250
0.233044 2997993.936340906 1040.970288239188 2439260043388.7 1458
0.25423 966181.7710080069 590.5594979306878 658577844356.6411 1814
0.275415 364383.2531443416 226.0933319198392 211835355650.7206 2178
0.296601 128842.1767439774 119.1751859676507 64616312486.41628 2498
0.317787 58356.25482583364 53.47968547622485 25423551869.39342 2622
0.338973 22856.53385854368 26.73205335074736 8745149605.335514 3338
0.360159 11116.8215090543 12.54591717708272 3773440390.159044 3722
0.381344 5334.22720092208 6.487342417041162 1616698137.834493 4170
0.40253 2468.296467501765 3.952325794992432 670788070.6887195 4358
0.423716 1429.481664332159 2.085205232626256 350231274.8099229 5034
0.444902 739.2667986971285 1.316946175271025 164390374.832233 5714
0.466088 486.6389837311808 0.810521992526776 98604441.91087066 5982
0.487273 321.5652692638715 0.4859749104392104 59569518.29799309 6602
0.508459 198.573158887326 0.3513345538568277 33765411.99897181 7130
0.529645 127.7243361365393 0.2598975344041114 20020206.32449286 8034
0.550831 92.15992318981739 0.190253907372574 13362250.22282197 8606
0.572017 69.12513071174057 0.1399690705918978 9293204.274732562 9066
0.593202 53.53714620072931 0.116950755631057 6692090.50902988 9962
0.614388 46.52426322493623 0.09936555645176716 5421479.918848835 10550
0.635574 37.12595772648066 0.08281099488898457 4041827.715526638 11226
0.65676 37.63518165253785 0.07520495299487241 3836436.835495817 12146
0.677946 26.17837674135194 0.05763179380488618 2503281.457744413 12303
0.699131 13.25828138566074 0.0329320002386908 1191798.62440253 12584
0.720317 5.042121512903841 0.01824614411744443 427133.0474535609 12120
0.741503 2.950256888012693 0.01013072702732247 235824.5416973391 11180
0.762689 1.641553921031496 0.005617146047832268 124015.7961244044 11096
0.783875 1.06661422849167 0.003952008877406348 76292.53258109826 10056
0.80506 0.734080053034144 0.003061876294328814 49780.09606383961 9716
0.826246 0.5685014994718849 0.002258560592922983 36595.23724296466 8604
0.847432 0.4395421773355561 0.002004784337224836 26891.85008955377 8060
0.868618 0.350077821110779 0.00147600539618553 20386.36869896169 7320
0.889804 0.3148813649767667 0.001085347684681793 17479.79367194903 6356
0.910989 0.2472241236250116 0.001242166013353851 13091.85516592541 5348
0.932175 0.1856613556415871 0.0008555323516945114 9386.142583273024 4308
0.953361 0.11935915962993 0.0007246406959126951 5769.667394854204 3563
0.974547 0.0781015408978108 0.0003530374919144427 3614.108291153662 2448
0.995733 0.04435206358674901 0.0002378639267398165 1965.02008530242 1868
1.01692 4.053892911153125e-16 2.013880432155361e-18 1.720650010040417e-11 1358
1.0381 4.157134771999588e-16 2.437046039260686e-18 1.69277778779072e-11 1062
1.05929 4.408308614217999e-16 2.478491695176254e-18 1.726310878767702e-11 776
1.08048 4.776832228060895e-16 2.550353926296087e-18 1.800439123413178e-11 432
1.10166 5.145432149935283e-16 3.233101960168122e-18 1.859387133837642e-11 200
1.12285 6.344816831387447e-16 3.167174086552236e-18 2.203112578270502e-11 168
1.14403 6.346613474551995e-16 3.296879033628107e-18 2.12658732637641e-11 56
1.16522 1.911813672480615e-16 3.446011304589358e-18 6.182203250299113e-12 7


0.0211858 3101614390458.358 1911057.864912892 4.049102725003799e+20 18
0.0423716 408439713153.0666 12946010.61646372 1.165713808197043e+19 62
0.0635574 99750762817.3931 5133137.063582596 1.184953409326161e+18 98
0.0847432 20495905098.61691 3301545.133526649 1.331345116402527e+17 210
0.105929 7496809167.646555 542708.3127139147 3.127876327829858e+16 350
0.127115 1190146814.009181 190296.1493879954 3451553728351515 450
0.148301 417188174.7884455 60439.31510657534 880000444213360.9 602
0.169486 78822089.27871144 27126.92790860394 126430104755738.4 762
0.190672 24855831.68849603 8298.220471688277 31598904299600.98 1142
0.211858 7020720.410612981 3190.518659227332 7251079689107.864 1250
0.233044 2199538.631825666 1294.693665631445 1870504243329.842 1458
0.25423 943301.4337246348 528.0402730507357 671894287534.6458 1814
0.275415 361222.8357759503 198.5083451204009 219439007287.0639 2178
0.296601 129119.003313556 104.8758706295134 67665598076.15212 2498
0.317787 57442.56008697038 47.59529929719482 26150672926.91627 2622
0.338973 22165.10881650499 24.18431532928742 8861995239.362986 3338
0.360159 10404.36219017418 11.73762137786633 3690530948.259496 3722
0.381344 5167.79351191814 5.876632494654407 1636697609.502851 4170
0.40253 2396.618746973607 3.565170216754395 680598887.395867 4358
0.423716 1333.41294523173 1.950240073410171 341395330.2249026 5034
0.444902 739.0945816660677 1.161673238756161 171740159.5255856 5714
0.466088 504.0487048389139 0.6791202485116976 106720909.9190927 5982
0.487273 251.9742419807333 0.5387972953742752 48783889.30974311 6602
0.508459 170.8771420931417 0.3569882875851689 30365070.66506087 7130
0.529645 122.8631630569938 0.2405719960332424 20124584.9541736 8034
0.550831 87.53968276265256 0.1733373657317289 13263323.28953683 8606
0.572017 63.62002261561391 0.1337294511955435 8938042.608312655 9066
0.593202 50.04000349858256 0.1108578014348665 6536424.059978439 9962
0.614388 42.2151510160487 0.09646125617188611 5140773.228270399 10550
0.635574 37.00239760770673 0.07243661361523997 4209504.110870733 11226
0.65676 30.55295840925294 0.07979961363545719 3254826.557174854 12146
0.677946 23.46277843462884 0.05669049832741464 2344600.863875797 12303
0.699131 12.92794445033663 0.0297056331362776 1214371.693017451 12584
0.720317 5.483681022425328 0.01494533968094498 485404.8426560548 12120
0.741503 2.881840925041356 0.009098146453925003 240715.4609111554 11180
0.762689 1.512237150385452 0.005309691442766635 119387.5310976709 11096
0.783875 1.027407332038746 0.003603912671122732 76793.70034614288 10056
0.80506 0.6942759834450982 0.002836866122287601 49199.04461042039 9716
0.826246 0.5223481089157622 0.002146267347691157 35137.51620866976 8604
0.847432 0.4164654946588105 0.001854126488792716 26626.30527536934 8060
0.868618 0.3339508847899627 0.001354559391543715 20322.06562160783 7320
0.889804 0.3027721210885124 0.0009908351183280488 17563.61966715645 6356
0.910989 0.2391417819818545 0.001126010915011239 13233.4452381172 5348
0.932175 0.1720665662918464 0.0008093513662702727 9090.296725022716 4308
0.953361 0.1147369194832908 0.0006588418538842686 5795.704792134189 3563
0.974547 0.07415773435436328 0.0003263664434130599 3585.988629134521 2448
0.995733 0.04014465094442601 0.0002273454577135271 1858.66276337494 1868
1.01692 3.923765800095634e-16 2.13789719687738e-18 1.740386487881519e-11 1358
1.0381 4.494970063946747e-16 2.275912219296499e-18 1.912635828195328e-11 1062
1.05929 4.38058326013158e-16 2.400256656062998e-18 1.792627467898047e-11 776
1.08048 4.682365223822066e-16 2.63047563217119e-18 1.844257117401159e-11 432
1.10166 6.220248310595277e-16 2.88964062431225e-18 2.348785357592672e-11 200
1.12285 5.461921009865012e-16 3.610481288696511e-18 1.981985455646134e-11 168
1.14403 4.753568700666047e-16 4.191850300962017e-18 1.664666548886734e-11 56
1.16522 4.860902514678938e-16 1.448611132347153e-18 1.641804706524483e-11 7


0.0211858 2876577301080.421 3409547.99611797 3.91703343117968e+20 18
0.0423716 556030072292.4081 8711701.285649884 1.654749058401333e+19 62
0.0635574 101995587343.3245 4431219.036654556 1.263700767747241e+18 98
0.0847432 29071109265.44249 2279965.335338691 1.968744459461936e+17 210
0.105929 7393103564.272272 542434.3485979586 3.217411411719995e+16 350
0.127115 1218856478.589492 160842.7066874791 3686749906142118 450
0.148301 246864581.348626 85545.76424295742 543376661564666.4 602
0.169486 94823552.47304845 20363.90861538443 158614898386960.8 762
0.190672 23761583.19233324 7388.100064395263 31507899916551.71 1142
0.211858 6844480.417930337 2894.479466762348 7373266064573.298 1250
0.233044 1822151.56436896 1342.529572268619 1616506374133.03 1458
0.25423 866572.6447985483 506.4134509391419 643834687262.9458 1814
0.275415 323977.9915789338 197.8252993672118 205296010446.1065 2178
0.296601 128159.5727613075 93.28027161508648 70052157676.79292 2498
0.317787 56699.62827745384 42.41869404751056 26923053570.90424 2622
0.338973 21613.42761821525 21.88854619609264 9013295596.675776 3338
0.360159 9818.166639811901 10.95152487873976 3632562601.948882 3722
0.381344 4899.874751241213 5.475529732485903 1618661648.180293 4170
0.40253 2399.536047676909 3.145735596577699 710737961.7120955 4358
0.423716 1271.093195529662 1.794544536576678 339449744.438123 5034
0.444902 749.1928474770481 1.008281297733264 181573833.0468825 5714
0.466088 404.0798717340712 0.7508820413312322 89248385.43303172 5982
0.487273 260.6489283101272 0.4634415450095137 52632942.28163317 6602
0.508459 183.406673743915 0.2933525908890073 33992136.99042876 7130
0.529645 127.0259686388186 0.2011241511891464 21701046.76840016 8034
0.550831 85.05920041788019 0.1585697612777986 13442202.45608594 8606
0.572017 62.97906674393469 0.1180217258585527 9228694.166018192 9066
0.593202 51.01207039476567 0.09536549470459092 6950009.444431913 9962
0.614388 44.70719193068245 0.07996974835753465 5678324.868970408 10550
0.635574 30.12462998486568 0.07808542667004123 3574887.794708749 11226
0.65676 35.6094062139188 0.06099640599621312 3956460.036812785 12146
0.677946 24.90650192296316 0.04730877963852756 2595900.225616413 12303
0.699131 11.969197188734 0.028341810943752 1172729.519550584 12584
0.720317 5.639999998422108 0.01268128263656758 520716.2924097799 12120
0.741503 3.116420909316728 0.00742125667360528 271500.5864658068 11180
0.762689 1.517305937748605 0.004672811325901775 124941.415677676 11096
0.783875 0.9268851876096559 0.00347579286845821 72264.59650652562 10056
0.80506 0.6512428254847669 0.002655066298378257 48136.71842895368 9716
0.826246 0.4688244599248314 0.002079506852379474 32895.76078581769 8604
0.847432 0.3982116567151119 0.001710994991710634 26555.27068298353 8060
0.868618 0.3192549155464707 0.001248210781220561 20264.10843491612 7320
0.889804 0.2932050032627087 0.000901718189121362 17740.75415932056 6356
0.910989 0.2281593370469691 0.001040121437941139 13169.24476070285 5348
0.932175 0.163411271119932 0.0007474398015517959 9004.698314093241 4308
0.953361 0.1126613962554946 0.0005904047027016066 5935.761538486016 3563
0.974547 0.06540360951577544 0.0003266894060039112 3298.94161962981 2448
0.995733 0.0379962703935548 0.0002113133450325151 1834.934979703253 1868
1.01692 4.01307032149085e-16 2.095642395030997e-18 1.856622015442709e-11 1358
1.0381 4.536941907206158e-16 2.337242211145458e-18 2.013623814198788e-11 1062
1.05929 4.435310025402754e-16 2.409365286914851e-18 1.89316915375769e-11 776
1.08048 4.725694401284841e-16 2.653846569552253e-18 1.941466409681989e-11 432
1.10166 5.639755530789802e-16 3.217840088048092e-18 2.22136907018698e-11 200
1.12285 5.754812140494484e-16 2.957964488035285e-18 2.178067333832908e-11 168
1.14403 6.948880393850889e-16 2.598731450783927e-18 2.537779724907102e-11 56
1.16522 5.875517552894687e-16 2.887228172549319e-18 2.070070150831253e-11 7


