0.0144337 6.087946030420596e-07 7.486974976669619e-09 1.638334662209218 18
0.0288674 3.987223050576913e-06 6.941793570939176e-08 3.284900960616013 62
0.0433011 1.316884138836583e-05 1.955888968201212e-07 4.76842801918003 98
0.0577348 3.145283351071253e-05 6.772490381909341e-07 6.361245886264697 210
0.0721685 6.332309688328468e-05 1.519077371539503e-06 8.322580356033727 350
0.0866022 9.285824607997864e-05 2.521636697683113e-06 8.530937441958853 450
0.101036 0.0001505936680362348 3.921903160612585e-06 10.09581746606034 602
0.11547 0.0002071472965730734 6.295769251425281e-06 10.58048723902079 762
0.129903 0.0002732879742543253 1.086674982834459e-05 11.08320672138245 1142
0.144337 0.0003586904739180227 1.494534652525926e-05 11.83050350792717 1250
0.158771 0.0004401064142808378 2.113959879003345e-05 11.96125339286128 1458
0.173204 0.0005955391487752363 2.806784975543906e-05 13.56547743532408 1814
0.187638 0.0006878066087241195 3.803086831575297e-05 13.36988929753889 2178
0.202072 0.0008569618249953853 4.989592256920283e-05 14.37424423177395 2498
0.216506 0.00101169640518954 6.751879928066105e-05 14.74682455942522 2622
0.230939 0.001141669093869435 8.140639805503292e-05 14.60773417256205 3191
0.245373 0.001290816629266842 9.832818784147427e-05 14.64564508982567 3044
0.259807 0.001506185623004948 0.0001186427270985133 15.25910771002458 2736
0.27424 0.001660415388108983 0.0001509428265400014 15.08013337503302 2276
0.288674 0.001916967277067835 0.0001782259279274828 15.69912811508111 2016
0.303108 0.002007282499878174 0.0002085825356164567 14.92007093673339 1640
0.317541 0.002386981036581765 0.0002458486079834086 16.16322568929605 1056
0.331975 0.002342520834831183 0.0003016919821850732 14.50742568978726 683
0.346409 0.002709691732582337 0.0003300933164691344 15.43483103608821 350
0.360843 0.003290991209886977 0.0004063987262018605 17.29762785019907 192
0.375276 0.004044132254178279 0.0004079886344837407 19.59956160689344 44
0.38971 0.00231565667953091 0.000367673223889216 10.32993528146704 25


0.0144337 13840666792.52446 63677302.96555866 2.319103810821931e+17 18
0.0288674 81744167825.82008 492035267.0459216 2.939303657214668e+17 62
0.0433011 198256916618.7093 1703177161.349576 2.955047450289149e+17 98
0.0577348 341261561272.3832 4464258927.704304 2.775898781698863e+17 210
0.0721685 369058032324.8683 8990830032.257242 1.929324310325421e+17 350
0.0866022 241158259010.3207 12220635303.09281 8.77255502204564e+16 450
0.101036 128427207803.0558 16378713622.04259 3.413336550868714e+16 602
0.11547 25815764076.73926 17001420201.44634 5368770462401625 762
0.129903 9092899915.228788 14752998955.19232 1553168594988322 1142
0.144337 61078677325.48869 12014457660.42933 7928258344959098 1250
0.158771 134328428090.4498 8238393575.096204 1.427569048194881e+16 1458
0.173204 216516465846.2349 5570788211.822797 1.924911721103281e+16 1814
0.187638 245240092394.9492 3143767332.174095 1.858806354549219e+16 2178
0.202072 264660806488.4258 1815226056.752519 1.730018765241001e+16 2498
0.216506 259345073693.0282 1535959621.621882 1.472667687087792e+16 2622
0.230939 216214619525.036 1026743136.536171 1.077407460398908e+16 3191
0.245373 160933634890.027 759623196.4493659 7109527327580005 3044
0.259807 89051863328.59914 1037155183.149865 3512346231190280 2736
0.27424 43653761222.39125 1310664771.335424 1543539840795432 2276
0.288674 19123183718.27268 1422299449.538388 609886648721472 2016
0.303108 11621734749.8731 1245435081.075335 336437038338677.4 1640
0.317541 5752263538.213669 1067124148.014029 151772827096060.9 1056
0.331975 5719222563.940636 582198511.5044845 137895629521248.6 683
0.346409 7355821136.480064 331024027.7820119 163043847633399.4 350
0.360843 10690999338.34991 185958602.6748647 218603381903023.7 192
0.375276 11524436658.28262 122860634.0452508 217267521541583.3 44
0.38971 7296011912.096899 50734241.92978281 126590380611284.3 25


0.0144337 249260645.2159234 128985537.6603135 2.207599708686278e+16 18
0.0288674 3664532111.158075 767389147.5861703 2.948692372422907e+16 62
0.0433011 21186105928.03312 1830282091.938478 5.835518919763237e+16 98
0.0577348 79688205591.58215 2923727829.15722 1.146286204097103e+17 210
0.0721685 208548214550.7745 2426394419.969875 1.902240354152189e+17 350
0.0866022 308258426725.7512 751184012.9361711 1.94737284719986e+17 450
0.101036 384689542900.5006 98982565.43380031 1.766244550877867e+17 602
0.11547 309154051750.5718 1243893606.226643 1.079160442702529e+17 762
0.129903 158961934974.0592 3457331554.254758 4.403373405735706e+16 1142
0.144337 48781935660.07893 5179854593.710336 1.103318353800351e+16 1250
0.158771 11329141017.78212 4969716508.941803 2145701017405082 1458
0.173204 38662839918.40639 3892132505.558807 6016513311130171 1814
0.187638 70819349427.89978 2289222192.579728 9366917850333104 2178
0.202072 93259841637.92508 1343805357.247507 1.063085182053835e+16 2498
0.216506 89081789241.94127 1268425566.391641 8820693748135799 2622
0.230939 72385460490.22313 993038857.0358549 6289407800395513 3191
0.245373 50317584689.25677 822893108.7578137 3875986261810866 3044
0.259807 18396325079.04898 951806337.6304145 1265949526187715 2736
0.27424 7309597873.975368 835918994.9904861 451340262061513.8 2276
0.288674 9064596949.462711 552817989.9851166 504078227841393.1 2016
0.303108 9993535468.170753 371146983.58059 504091370030614.7 1640
0.317541 11834022613.21497 185626315.1814825 543558086865291.4 1056
0.331975 6742987670.314989 133561972.110265 283237563626138.6 683
0.346409 3419828009.166006 147292953.8743753 132148056480735.8 350
0.360843 770457639.0639681 207144714.19118 27535321812060.62 192
0.375276 156648489.2694512 209054579.7923214 5216058161822.567 44
0.38971 11561707.70997366 123063996.1773145 384870925113.8646 25


0.0144337 3210540202.503576 14329960.67416565 1.40812569958518e+17 18
0.0288674 17475718812.24821 147846712.7556589 1.600529527287101e+17 62
0.0433011 35114456370.9882 650383688.3115096 1.328770186003014e+17 98
0.0577348 40596280266.47894 1949309416.881013 8.444484561583885e+16 210
0.0721685 11641921795.74967 3890761928.830729 1.69722707407057e+16 350
0.0866022 8422844443.905363 4178011342.297183 8561316871172773 450
0.101036 73778782750.42061 3293638955.631489 4.87642403414917e+16 602
0.11547 161600418494.1979 1052959945.831868 8.05448645120992e+16 762
0.129903 173728178686.1853 158918194.5950127 6.855285832356237e+16 1142
0.144337 116420816390.5654 1034769293.72434 3.733809504482735e+16 1250
0.158771 42594839678.55344 2104378580.076355 1.128008904488086e+16 1458
0.173204 19107647150.49816 2387721959.201828 4256972514518740 1814
0.187638 27516037857.73872 1692884858.359603 5203208194419901 2178
0.202072 42776003500.45997 1092161696.618205 6961101959618964 2498
0.216506 41884581123.29381 1007883018.705764 5919675473108951 2622
0.230939 34972554270.48779 770493100.0810325 4336615510322146 3191
0.245373 26547574925.82278 553000300.4742736 2917961254827552 3044
0.259807 11191356093.33895 534699462.9789605 1098927712486442 2736
0.27424 6733111292.203238 415725835.6216426 592735984500950 2276
0.288674 9187172571.356676 222838073.2824465 728413744016615.1 2016
0.303108 7753730900.46723 171615155.9714527 557830303342493.1 1640
0.317541 6013514039.472437 140049909.2051352 394080158639958.1 1056
0.331975 2157205760.518031 126637866.7837319 129354737206627.7 683
0.346409 1287866894.4958 101467009.2699007 71042725982855.88 350
0.360843 2505634089.784616 58620315.65850276 127408166479076.9 192
0.375276 3238996489.681377 30117989.40417355 151825373766045.4 44
0.38971 2232908337.930356 7738618.469582158 96319626883908.48 25


0.0144337 1087877415.271091 30862126.06503387 7.337767540647158e+16 18
0.0288674 9375614816.393465 141607679.8420116 1.145722272940304e+17 62
0.0433011 34182107721.50178 196569135.9442395 1.668488997509919e+17 98
0.0577348 83801654020.94955 93774535.87009677 2.209729288199303e+17 210
0.0721685 123421578969.3673 169611254.5475955 2.085295445446562e+17 350
0.0866022 84406703621.45116 1182996089.670958 9.935321553010402e+16 450
0.101036 27688800336.31172 2772735246.960013 2.416593165118486e+16 602
0.11547 7234241760.898474 2963684997.586012 5053981224606307 762
0.129903 54722184371.19152 1466522312.142093 2.817111787978203e+16 1142
0.144337 95139560994.92082 298652672.3259473 3.962831161720732e+16 1250
0.158771 74614085623.46507 376276856.9675602 2.558650306059705e+16 1458
0.173204 38606543130.69307 1033065218.192148 1.110761718132049e+16 1814
0.187638 21332468531.12175 1090826200.316918 5241919287991601 2178
0.202072 23513691064.80948 871472516.851915 4976441212584331 2498
0.216506 26472004188.20422 729348443.1043826 4862750371535256 2622
0.230939 21725070654.11772 565925130.3677044 3501112093717676 3191
0.245373 16991350010.15609 393087027.1278238 2426830521486266 3044
0.259807 9512431193.719608 311265694.5376619 1213188220986816 2736
0.27424 5054586273.369719 266740575.8852631 578125820210195.4 2276
0.288674 6100746054.879273 154265684.5834567 628462296580680.5 2016
0.303108 4828349522.142753 126877704.6712619 451347911371497.2 1640
0.317541 3667878334.31404 104275337.3061411 312316255805688.8 1056
0.331975 1940330140.679518 71515961.22159804 151106818382142.9 683
0.346409 1878741925.837255 41461967.98670554 134508684959133.9 350
0.360843 2932591177.113611 8487755.054725802 193640406685233.3 192
0.375276 2951545162.608855 2532385.926980123 179691464903986.3 44
0.38971 1653173443.230646 3003395.636970128 92629610211662.2 25


0.0144337 559004412.7847089 28411037.28759369 5.534989205938682e+16 18
0.0288674 1827265154.157326 213848966.2159578 3.568256239736773e+16 62
0.0433011 843972614.5178136 660028713.2618582 1.103960289671128e+16 98
0.0577348 2304661563.254232 1315501995.017212 1.141318628293234e+16 210
0.0721685 32797813514.98735 1318506142.687638 6.982655731463801e+16 350
0.0866022 82022046215.67175 398813332.4020973 1.18559659570816e+17 450
0.101036 109415008828.3159 102541573.0424208 1.14724295839877e+17 602
0.11547 59533228327.70761 1022383940.742685 4.759991232611511e+16 762
0.129903 9074721010.591509 1777757782.916628 5934973100194031 1142
0.144337 19741548017.56089 1319295721.39346 1.021694922530243e+16 1250
0.158771 47323134856.06464 424854872.6247662 1.998022544117719e+16 1458
0.173204 47170697095.45715 325416637.7012906 1.667234216557249e+16 1814
0.187638 28547251733.0137 509173120.9411969 8612158967301194 2178
0.202072 20130211794.12045 578034590.3465638 5241001346139406 2498
0.216506 23600959929.04976 443262012.8668941 5332460489312062 2622
0.230939 18293898284.08287 362337106.0309015 3626756510679285 3191
0.245373 12225973508.87068 292701588.3891434 2148875469398094 3044
0.259807 8663767312.65089 187665692.8631668 1359048239701051 2736
0.27424 4362529017.418833 179827662.799743 613805421207839.5 2276
0.288674 3834825431.92652 128536499.8168608 486232457509286.8 2016
0.303108 2910805044.293588 107897759.5738484 334924141467058.7 1640
0.317541 2469245232.674071 81252817.59651354 258737538510996.5 1056
0.331975 1552039697.703714 48878563.41686658 148698968395541.7 683
0.346409 1599004104.456508 25121059.49589059 140825554628021.6 350
0.360843 2247984170.004215 4841713.894039237 182603192223636.3 192
0.375276 2051583335.56813 5777952.104835797 153659532067045.6 44
0.38971 1029822594.691955 7340275.080101313 70993193428955.64 25


0.0144337 1364733786.573833 2122794.697351539 1.181272316158153e+17 18
0.0288674 9173979840.336613 1613924.422829218 1.598021865605803e+17 62
0.0433011 24083063592.17931 19502029.73766179 1.716575225675773e+17 98
0.0577348 37950994249.59664 267028991.7191723 1.476272811942756e+17 210
0.0721685 21566388593.02293 1124155664.79047 5.52173228574629e+16 350
0.0866022 1664103588.894425 1632302139.088356 4206206508468518 450
0.101036 27966792745.27925 1274008240.594382 3.540208631152601e+16 602
0.11547 70982157449.60506 231044086.9408407 6.719510653328286e+16 762
0.129903 56945555073.9706 293738409.3716282 4.271205704802158e+16 1142
0.144337 17174334754.9887 993030173.6497214 1.055605533830832e+16 1250
0.158771 8976169748.800613 940171119.3489662 4565238403738276 1458
0.173204 25118937560.55719 496852447.3579338 1.056017255996694e+16 1814
0.187638 24688483016.03975 329996305.6943544 8841558216274002 2178
0.202072 18519204403.7943 379598275.4382419 5722553398372572 2498
0.216506 18096038500.32249 345996988.7467784 4855572981039064 2622
0.230939 15301914912.04421 254344254.2723573 3601567552197714 3191
0.245373 10185190320.98022 209907222.6444279 2125384400089788 3044
0.259807 7420083483.038622 127803202.5465251 1381771760839357 2736
0.27424 4790992563.723583 106258710.8109313 799762821591671.4 2276
0.288674 2812789121.393759 103131950.1400947 423562870566245.8 2016
0.303108 2005776120.868142 89052114.59501317 274135128467899.5 1640
0.317541 1667332012.541361 68255215.12322155 207512629052722.2 1056
0.331975 1052353939.373656 41246967.97823689 119747293347830.2 683
0.346409 1180759934.28939 20950103.32813201 123470089396074.7 350
0.360843 1729971371.427177 4405292.088735015 166827525980254.1 192
0.375276 1619076256.41318 4074081.361968369 143960127119676.4 44
0.38971 815154706.3220328 5370685.459344943 66711778565081.45 25


0.0144337 1277645.486673841 24618326.59061197 2.541646426132371e+16 18
0.0288674 387688607.282564 146764103.0445082 1.952749156698136e+16 62
0.0433011 4762723482.777779 317048123.2391211 4.480370214761796e+16 98
0.0577348 23078451425.20368 358105061.6903415 1.053634772341377e+17 210
0.0721685 56429277731.79648 65981550.18082909 1.617779840529234e+17 350
0.0866022 51800405524.72601 247549977.9690058 1.031173385063067e+17 450
0.101036 19680882897.54657 1100699606.771291 2.904773635206651e+16 602
0.11547 5197602347.502851 1298517448.961954 6159220903976902 762
0.129903 34473433199.28728 465938654.0889839 3.001430093789631e+16 1142
0.144337 43926498437.18562 138806986.4684521 3.096451865834487e+16 1250
0.158771 19699218841.57579 488664609.7345362 1.147055339411944e+16 1458
0.173204 11205404042.88439 600272735.0594531 5483357941847502 1814
0.187638 14157551056.12972 388977820.746235 5881939988662871 2178
0.202072 14682707610.35944 306688221.0462744 5254725793802579 2498
0.216506 10904010057.07352 357387309.6106744 3392533453967614 2622
0.230939 9931127693.84864 256356583.3666725 2708753403651570 3191
0.245373 8370866458.429727 164210207.0407438 2022572672404314 3044
0.259807 5556908981.711587 111329631.6289288 1198421756878872 2736
0.27424 4823593344.68774 62824171.69065407 931857811306612.6 2276
0.288674 2828167082.567193 69886090.71390545 492855308667118.2 2016
0.303108 2159431219.672112 58881658.29990245 341492304013891.8 1640
0.317541 1389148311.228806 53502396.67945694 200179134796975.2 1056
0.331975 692700564.7982687 36681861.51765533 91320421802135.22 683
0.346409 795074191.8097776 20540696.92074344 96285425204404.77 350
0.360843 1290244125.429322 6086679.283393857 144052649881042.7 192
0.375276 1374503629.297925 1669902.756438001 141478287512231.2 44
0.38971 767362767.1782217 1681598.02034261 72694102114086.81 25


0.0144337 875786301.8189638 2175402.227570304 1.03927628309274e+17 18
0.0288674 4534294367.684003 34288507.70018068 1.084173612774231e+17 62
0.0433011 7500913159.607638 191315464.3402666 7.480933384497138e+16 98
0.0577348 4792722253.843176 602471767.7405682 2.876711516395113e+16 210
0.0721685 3190097828.099075 968588926.2222139 1.326932479534479e+16 350
0.0866022 27817177671.59551 508886057.1278969 6.353468005718674e+16 450
0.101036 55609820414.0695 64349776.44534209 9.122496204583784e+16 602
0.11547 33741214152.48253 451969230.8639051 4.221625970212444e+16 762
0.129903 4981729499.544156 896039449.7935994 5170254775115201 1142
0.144337 16995702563.58344 525609893.6835545 1.370649954164442e+16 1250
0.158771 28029725666.6078 143402144.6586047 1.848796593939307e+16 1458
0.173204 18576885591.30524 294107270.8551274 1.027707216452952e+16 1814
0.187638 12004252678.01182 316840062.3980374 5669087893162603 2178
0.202072 12309907021.92794 249595723.3497986 5007282127517179 2498
0.216506 11027071405.62551 251053360.7143427 3895919369249320 2622
0.230939 7606634687.346873 225261876.6743204 2359016353033042 3191
0.245373 6209508215.152 151161639.3900545 1705804204290842 3044
0.259807 4043710273.804148 104303805.7662982 991508217258611.5 2736
0.27424 3452328580.980618 63618884.84565084 758172354979371.1 2276
0.288674 2894194836.054262 44997211.77398599 572863364187465.4 2016
0.303108 2561532122.31319 30901309.94379732 459966980748182.8 1640
0.317541 1603117661.210198 33671670.88089935 262313985531656.9 1056
0.331975 623805376.7009711 29096051.31108192 93439988248656.03 683
0.346409 496531802.7061636 20751333.31165383 68376297319559.78 350
0.360843 788322350.4006263 11616762.83349469 100043636710706.1 192
0.375276 1042925506.079981 3633676.872079434 121981158674339.2 44
0.38971 691955068.0568488 59155.49982590854 74474286978068.88 25


0.0144337 283181127.4977342 11183834.66094246 5.531238613017592e+16 18
0.0288674 2898532538.735784 47119261.133889 8.159325951671219e+16 62
0.0433011 11644383191.08149 47319435.21411194 1.244732453900685e+17 98
0.0577348 27569885801.1676 12710571.23948492 1.577319282689011e+17 210
0.0721685 29301928727.12657 263760326.1680644 1.079916957953176e+17 350
0.0866022 6407163529.541052 798376400.8547301 1.764068694136831e+16 450
0.101036 6939226190.178648 899935642.6678174 1.36327362426805e+16 602
0.11547 35188692487.29229 229303274.2341557 4.921890446307174e+16 762
0.129903 31882532958.56453 165145783.9804737 3.527877492888062e+16 1142
0.144337 8480857902.752905 575361165.4380641 7741458067097555 1250
0.158771 8493297309.45886 447573887.6039816 6341350196517738 1458
0.173204 16545440522.3825 226226617.6807875 1.025156575749805e+16 1814
0.187638 12379251672.63252 217988116.6922079 6541820169225998 2178
0.202072 9972448417.351456 220355228.5343669 4545774838760160 2498
0.216506 11703110634.43311 159210234.9109445 4627214810650013 2622
0.230939 8443192954.232026 145716292.938905 2929770808901904 3191
0.245373 5219356245.857793 128182917.312996 1606215646278164 3044
0.259807 3506886006.121204 86104005.3504784 963138654111477.1 2736
0.27424 2011908918.210044 73916710.99098438 495579218397668.2 2276
0.288674 2228292558.919516 42657955.9032029 494128836285661.2 2016
0.303108 2081198715.46147 27814112.73395486 418598161594369 1640
0.317541 1732447280.761992 19740354.01821318 317338502554286.6 1056
0.331975 781881805.7955934 18662067.09356336 131042467700988.1 683
0.346409 368737450.0721191 18692986.98382987 56901669898557.05 350
0.360843 309965802.6971145 18091366.25940309 44138966643224.88 192
0.375276 550844821.6011571 10764733.34525393 72199107720336.95 44
0.38971 471086355.2251087 2702571.18822737 56793409426083.67 25


0.0144337 255550727.7151611 9491666.335470293 5.606281853316018e+16 18
0.0288674 741880816.3710302 77762161.17218086 3.353132452693631e+16 62
0.0433011 164445217.4760356 247440977.4507516 1.023811898790168e+16 98
0.0577348 2642762808.639926 450146102.3774015 2.174985472891825e+16 210
0.0721685 22264963888.39759 280222165.0662263 9.140965116157725e+16 350
0.0866022 36682137199.61086 25390776.28807638 1.028799922937287e+17 450
0.101036 23315387358.85841 412139933.0003446 4.79369056767496e+16 602
0.11547 2616193302.903124 786783615.7959998 4600292929792909 762
0.129903 17846480001.12744 339943702.99164 2.198348959103876e+16 1142
0.144337 25441865862.41664 103300455.0899679 2.5295848990498e+16 1250
0.158771 10325969946.71759 322290803.0902814 8502768743663572 1458
0.173204 8304027527.873214 322462336.2287756 5727924145996011 1814
0.187638 9367662741.686661 213499226.36776 5487689194640869 2178
0.202072 7778239281.651897 205923299.6427298 3929458305475730 2498
0.216506 7035472790.746125 201941514.1079449 3086497757672620 2622
0.230939 6939805677.07655 131395094.6429748 2667172780703268 3191
0.245373 5014723914.122326 98334308.68279061 1708124019648676 3044
0.259807 3331309305.016031 66768016.49713972 1012727774215866 2736
0.27424 2075835195.483846 55873742.03270341 565799360929493.5 2276
0.288674 1460817409.628743 46723230.85261215 359027470551071.7 2016
0.303108 1056954280.081336 40218652.13823626 235770023469023.4 1640
0.317541 1284841733.041376 21476008.14626782 260656282125601.4 1056
0.331975 885406296.5404515 11079332.90987212 164199791229928.7 683
0.346409 437695257.1265073 13263979.0927384 74715178917571.34 350
0.360843 123529247.1900238 18843819.95142878 19566138850928.2 192
0.375276 126180742.5081573 17258111.73890625 18405860324235.73 44
0.38971 161664928.5638199 7934267.935656526 21616395891510.6 25


0.0144337 545307666.6384987 1436384.589552121 9.257098936362227e+16 18
0.0288674 3816012651.490338 1177212.801962996 1.222974837274761e+17 62
0.0433011 9888846525.504406 11995630.99621638 1.281753619936614e+17 98
0.0577348 13469452185.39009 161202025.9810779 9.594279356540806e+16 210
0.0721685 3652681443.584608 578967887.8571297 1.938982752723932e+16 350
0.0866022 5703344694.716715 572445460.1926588 1.906288942373794e+16 450
0.101036 29078641307.63228 167316328.6910791 6.517597787748324e+16 602
0.11547 27681264133.57364 148158809.7457201 4.704588112566436e+16 762
0.129903 5316022224.543367 517623272.2229963 7409422050186136 1142
0.144337 9918256197.989613 349219287.2312333 1.092707514511814e+16 1250
0.158771 17068347555.43215 105366539.0467513 1.532671367232125e+16 1458
0.173204 10755639899.35897 206088032.6833001 8108231988035769 1814
0.187638 8247265423.181615 184652267.2914945 5300962980748252 2178
0.202072 8165170352.70021 149048207.9548358 4520004211255585 2498
0.216506 6202535077.193251 174665646.1942605 2985371976273574 2622
0.230939 4836384697.61343 140827597.4817704 2041780299399152 3191
0.245373 4195652409.2114 89208508.99182068 1568055708116059 3044
0.259807 2856703443.891339 59026057.82784825 952721659490432.6 2736
0.27424 2498458938.758736 33311498.24272754 746134253425387.2 2276
0.288674 1465876327.517091 36460553.08482223 394990233000578.1 2016
0.303108 904739967.0127716 35456720.35649507 221414210041566.7 1640
0.317541 706971694.25454 27963574.68227033 157557683480938 1056
0.331975 730197980.7434009 10528287.91521767 148544237940870.8 683
0.346409 558197863.4522047 7494190.510930359 104418346813753.9 350
0.360843 331412869.6595887 11316433.36780351 57257441820222.48 192
0.375276 100422473.9998347 15272002.53722217 16086251961690.81 44
0.38971 1654242.801544489 10107166.1490244 309707852216.8563 25


0.0144337 1432900.192012893 11286883.97884634 3.084846926121228e+16 18
0.0288674 141477706.2859824 68187297.82562122 1.984612841045449e+16 62
0.0433011 2441790364.396202 140494033.3347591 4.111634368551754e+16 98
0.0577348 12397439197.33874 127784502.1764345 9.614929185784202e+16 210
0.0721685 26362344462.05045 23201307.3215204 1.277808464085004e+17 350
0.0866022 15091945657.91977 296743877.8703861 5.148676315660309e+16 450
0.101036 1987108889.270213 648636773.6919068 5939095847012183 602
0.11547 15960016949.3626 304756576.6871568 2.976060177995117e+16 762
0.129903 22604338946.01547 74472927.08016579 3.307026649540949e+16 1142
0.144337 7466029340.928984 337707308.2341352 8992099170337175 1250
0.158771 5817095549.420496 289714091.401393 5758075149507370 1458
0.173204 10449631740.16426 159348133.5465608 8568912783576129 1814
0.187638 7624298364.661926 154977920.5988884 5333225785372141 2178
0.202072 7040564433.360269 134681803.1108285 4243489108343496 2498
0.216506 7828281376.409451 102660298.439524 4092368289913990 2622
0.230939 5204025419.006489 103839228.531584 2388684137239015 3191
0.245373 3472238699.066399 83540123.91356614 1413018650873490 3044
0.259807 2334117215.517616 56055734.30716369 847604242675310.5 2736
0.27424 1795342317.377358 38174617.37190577 583990631890440.2 2276
0.288674 1626029403.593119 24710001.67963395 476481152161468.5 2016
0.303108 1422415387.38822 17394032.31813869 378091024052268.3 1640
0.317541 712596106.1920607 22700675.27349202 172764065395960.8 1056
0.331975 454043898.6628019 13558886.95100562 100627198101676 683
0.346409 512896899.4801418 6104937.17357059 104405142117564.2 350
0.360843 589321124.717452 3210522.209189862 110634109297066.3 192
0.375276 418857081.9853347 5963617.580235273 72532833035446.14 44
0.38971 132491630.3803369 5940643.341393455 21146297252290.44 25


0.0144337 452104777.2333513 660022.2771776125 9.123762025057886e+16 18
0.0288674 2328842464.352346 15015011.55697372 9.233265698138568e+16 62
0.0433011 3546316360.85984 97580004.18232356 5.956393219588187e+16 98
0.0577348 1630698675.711895 312340403.2568451 1.91247553665667e+16 210
0.0721685 4226461164.532315 422397629.5468193 2.533648254391216e+16 350
0.0866022 20515570248.02914 111294485.0946639 7.477241946193432e+16 450
0.101036 24619607286.28899 96357840.84431307 6.493529900982651e+16 602
0.11547 4823491125.977161 472863607.8881282 1.018341862162116e+16 762
0.129903 7957870564.27512 322286263.8729206 1.281003725457754e+16 1142
0.144337 17068791243.02181 77134923.24132225 2.192359774555084e+16 1250
0.158771 8042316278.38413 198156550.6952768 8550432630010100 1458
0.173204 6349300675.87695 205224778.8010997 5656582672718890 1814
0.187638 6303462938.483398 147833394.6188204 4772323277557928 2178
0.202072 4947641780.822472 148191044.3037266 3231767005702694 2498
0.216506 5031669276.489114 132700122.9813213 2850770724830996 2622
0.230939 4832458647.030654 87744696.40977831 2398015524160548 3191
0.245373 3334770464.029406 69054179.88456658 1466870391184186 3044
0.259807 2149672394.768048 48296779.44613724 843970243726586 2736
0.27424 1195296605.117108 42858647.80397288 421063470985573.7 2276
0.288674 1203453142.595382 27280780.96248854 381567910466946.9 2016
0.303108 1172224758.646616 17449712.69486051 336961066288671.6 1640
0.317541 969987657.1384677 12720953.27770926 253904948836916.8 1056
0.331975 354493072.9718595 13207014.05604484 84993324560550.42 683
0.346409 308529621.3513496 8758890.335784668 67974747669728.73 350
0.360843 475645859.9404649 3918951.580935672 96551866968489.19 192
0.375276 561822352.983444 1010091.906457872 105108822383851.8 44
0.38971 325340640.587957 593969.736146276 56016058225732.47 25


0.0144337 119725230.9536296 6505807.914586694 4.901043101822837e+16 18
0.0288674 1421879119.010802 27011537.34525957 6.634001227128121e+16 62
0.0433011 6181112651.250735 23936090.04359819 1.033425838765857e+17 98
0.0577348 14386351914.47112 9440935.578699863 1.275659239732677e+17 210
0.0721685 12071711558.20261 208182572.2479461 6.987042392114406e+16 350
0.0866022 1055816911.566817 466140341.1227865 6080980568483080 450
0.101036 11325531970.31968 310276697.9303477 3.275264134622017e+16 602
0.11547 22343006232.22215 42646292.20517439 4.801260321619454e+16 762
0.129903 7369537597.11689 286767447.6733853 1.276301483143367e+16 1142
0.144337 5120101469.259614 285346086.896282 7218280880893740 1250
0.158771 11196172958.25504 91716257.13120645 1.273614103498272e+16 1458
0.173204 7672835810.980954 142421587.0429915 7325599239023727 1814
0.187638 6259268815.246423 119968949.8413418 5091650972228194 2178
0.202072 5839335633.236635 102907331.9847294 4091956115144817 2498
0.216506 4365838163.271027 122628591.7924815 2660963483585721 2622
0.230939 3573909204.813749 95203330.76409827 1909612516037788 3191
0.245373 2975467722.993791 62237106.1755619 1407391598391370 3044
0.259807 2055411951.277909 40542445.84794808 867392226611347.1 2736
0.27424 1566966415.231658 27692997.53379836 592345914281891.9 2276
0.288674 914541005.398174 28136923.89192023 312031026955033.9 2016
0.303108 570988847.9104841 26232321.91629442 176976965209504.5 1640
0.317541 776085611.4694448 13438013.69653717 218483781599451.2 1056
0.331975 458090114.1332611 8720001.885425283 117925531444121.9 683
0.346409 208985135.8483568 9393733.345963677 49562149819157.11 350
0.360843 151934823.7528621 9678308.499431493 33277165724038.99 192
0.375276 277170966.0245532 5974944.199558549 55811742769204.8 44
0.38971 253061015.0782594 1386273.206096809 46849068946071.8 25


0.0144337 169731276.4611152 4651751.411118908 5.816459980722785e+16 18
0.0288674 490431032.765588 41313316.46048521 3.53514904155101e+16 62
0.0433011 95151503.30511008 136751371.790343 1.164344661045782e+16 98
0.0577348 2020837174.200203 237472034.6874074 2.491754940226616e+16 210
0.0721685 14751234695.10224 105181812.8863842 9.012837457717416e+16 350
0.0866022 18804970998.02419 46896641.13257068 7.872596684631037e+16 450
0.101036 6143941368.250074 369455606.6523573 1.957269679533919e+16 602
0.11547 5130503319.810384 355359053.8463467 1.233971093304365e+16 762
0.129903 15916616264.64121 61837293.52723072 2.899676710627992e+16 1142
0.144337 7956111642.400221 188780372.6725042 1.185753463165245e+16 1250
0.158771 3842226476.181275 216640418.2833193 4758319891217456 1458
0.173204 7003263608.43161 126622189.4103656 7155609992664204 1814
0.187638 5223885893.876236 117680010.8668325 4551894835282200 2178
0.202072 5172646558.095431 95184961.74151331 3879764718467522 2498
0.216506 5604072968.121604 75173822.00656442 3645162117176203 2622
0.230939 3703793057.975783 76008046.25392541 2115638591885446 3191
0.245373 2574010163.043952 58770774.50748208 1303173122568729 3044
0.259807 1756746947.597745 38848221.10113944 793511737295631.1 2736
0.27424 1490946321.755353 23322542.74142992 602891939269166.5 2276
0.288674 1104090166.114719 19393247.39882091 402498980439765.2 2016
0.303108 790602143.0689496 17763864.8862716 261610302663961.5 1640
0.317541 468289421.055822 17306876.22150798 141300865948964 1056
0.331975 482516373.7116686 6340518.83908517 132829975408113.7 683
0.346409 308703139.1678964 5824754.986355827 78180422268020.05 350
0.360843 132771556.6601616 8879835.74893144 31124592270499.95 192
0.375276 39539626.17076865 10132175.01496487 8649094940794.612 44
0.38971 34315331.13331676 5598937.535054409 6862446070772.358 25


0.0144337 296924221.547982 1218290.853368604 7.995186080931598e+16 18
0.0288674 2178927421.731194 1268181.248933035 1.035477647468063e+17 62
0.0433011 5719432710.12165 6879000.190179394 1.084891474977973e+17 98
0.0577348 7209855130.47439 105033097.7334048 7.584432942554926e+16 210
0.0721685 1278457149.020096 351337537.6427251 1.219085577666327e+16 350
0.0866022 6674453935.612843 259839897.4921303 3.112580281388953e+16 450
0.101036 19720936463.71764 37299916.76322506 6.37477593471719e+16 602
0.11547 9419792377.183241 225111562.8774835 2.345475601636284e+16 762
0.129903 3052968840.029335 297774197.0941831 6242600097166808 1142
0.144337 11413688260.36865 81916352.4683758 1.800081016731042e+16 1250
0.158771 7250899800.984246 117939756.5917687 9435352030794828 1458
0.173204 5069743815.866386 143172400.7962342 5538802133254739 1814
0.187638 4662002596.692412 108863612.6961249 4330414507226282 2178
0.202072 3539650444.849414 111588168.193317 2837935600020294 2498
0.216506 3622563989.960538 99779440.98182927 2518017463682083 2622
0.230939 3494555092.666264 66295738.25266829 2126361730570116 3191
0.245373 2438747332.390759 51393545.65972306 1315225205065136 3044
0.259807 1541270959.398355 36580124.0044363 741944477888920.9 2736
0.27424 926377009.610269 30569644.78941357 399997854746524.1 2276
0.288674 985067861.8397962 18018411.15610013 382626051334789.8 2016
0.303108 979102571.3725646 10444889.45082096 344742889319529.9 1640
0.317541 565356963.6525077 12723202.56303625 181504011159606.9 1056
0.331975 321325886.3851294 8374056.032427402 94342827514292.97 683
0.346409 347053267.2323289 3816101.947256987 93575216527092.02 350
0.360843 357830302.3642629 2811404.775857197 88987859484809.2 192
0.375276 221575237.5123591 5111301.8820178 50857130728768.93 44
0.38971 49267080.50776648 4708823.013442292 10455434614875.05 25


0.0144337 4962448.277171857 6692889.956225657 3.506185361493445e+16 18
0.0288674 54030989.82231684 41607236.68556283 2.020658212558571e+16 62
0.0433011 1431293948.003935 85182075.01562832 3.664883479402877e+16 98
0.0577348 7820275931.000896 69179769.18059184 8.629206406678592e+16 210
0.0721685 15330621720.1814 24840198.45370136 1.051874013949605e+17 350
0.0866022 5942950757.917604 243090053.4722795 2.957777909704003e+16 450
0.101036 2350623742.528302 363782495.9624552 9278401798923512 602
0.11547 14722677920.02281 75501592.08489376 3.841259846436214e+16 762
0.129903 9558726129.041998 130564515.9883385 1.981878403416575e+16 1142
0.144337 2887388869.168474 235233471.7245654 5009083733725465 1250
0.158771 7316567929.725686 92527866.23886006 1.009513201818237e+16 1458
0.173204 5883543335.433482 104601939.7847273 6802063451675206 1814
0.187638 4932703148.593963 85438329.51124403 4856461642749927 2178
0.202072 4570667077.508647 73635026.22936657 3876123259602206 2498
0.216506 3515134428.752563 87223663.93232377 2592523026487420 2622
0.230939 2780736673.575893 69593469.44100928 1798258778527785 3191
0.245373 2222747661.023739 47142685.34965249 1272514765425242 3044
0.259807 1542850371.142691 30574022.30855284 787916000077716.2 2736
0.27424 1066278267.593878 23271950.74644833 487992172629559.2 2276
0.288674 694583974.4355268 20977138.62140412 286788331028379.2 2016
0.303108 524385196.4684398 17607181.68017164 196470822122903.1 1640
0.317541 639834963.1680185 8918562.229313679 217834660592998.8 1056
0.331975 243364384.9950924 8786151.896521997 75912029163050.78 683
0.346409 207669174.0410465 5915476.697452332 59516289891880.37 350
0.360843 315072774.6211881 2817981.373477867 83163782756893.33 192
0.375276 377514226.9574934 784418.4011567583 91821888338883.27 44
0.38971 216967721.1307099 495292.9331618878 48567053871487.43 25


0.0144337 289987806.7414062 206115.3504472947 8.451942664996038e+16 18
0.0288674 1520323467.105761 7702656.950780781 8.50946868031651e+16 62
0.0433011 2266824415.285876 59030512.67630288 5.435690602299112e+16 98
0.0577348 904564017.6033968 195764018.6151271 1.703059726615398e+16 210
0.0721685 3818960208.620058 236944249.8478372 3.102658165328236e+16 350
0.0866022 14372581092.82812 35314849.55639316 7.214421065259315e+16 450
0.101036 11901912217.73402 131095158.7815933 4.364696764317798e+16 602
0.11547 1575602632.844876 321923597.0097723 5049093302526432 762
0.129903 9533524379.523649 103004297.1094905 2.088696220341408e+16 1142
0.144337 8421586159.139563 94769685.20508422 1.495282877467042e+16 1250
0.158771 3009951761.725568 164298890.8894347 4473491495538119 1458
0.173204 4979284565.482238 104971505.0622747 6099255329715915 1814
0.187638 3731923430.176323 95600358.90476015 3897851275305238 2178
0.202072 3805678651.050956 76048348.84823561 3418328723156236 2498
0.216506 4191274474.050203 59589326.14853276 3262861925534718 2622
0.230939 2853407409.553065 57696349.74258814 1950501867384428 3191
0.245373 2013590679.27834 44003700.25852559 1219770459008866 3044
0.259807 1383270029.447262 28867437.63577169 747482496721789.5 2736
0.27424 1174223118.962805 17151749.23996106 567930932973362.1 2276
0.288674 799179019.8773487 15830556.40153922 348625063349655.8 2016
0.303108 510029661.9061447 15629270.72604807 202096916225815.6 1640
0.317541 435044164.3806342 11528811.95905331 156891325968553.8 1056
0.331975 342821263.3110291 5456396.551695095 112902158299935.8 683
0.346409 153362350.155919 6276381.874279881 46548602289660.13 350
0.360843 89247663.43587065 7015893.859678456 25064094787584.02 192
0.375276 159160711.4822937 4854307.521573469 41038303372562.68 44
0.38971 160236019.8548896 1307293.176665551 37954849219534.08 25


0.0144337 58325230.47428545 4537515.307726257 4.577035891877059e+16 18
0.0288674 818078752.9607393 19153883.49112454 5.642565547086418e+16 62
0.0433011 3884678995.61399 16658014.90765342 8.941023910467238e+16 98
0.0577348 9110914084.780645 7693207.232003899 1.100136214116007e+17 210
0.0721685 6533583357.147493 157254382.6961622 5.242902427675073e+16 350
0.0866022 772153124.4129939 294969458.1570799 6329477033488888 450
0.101036 10656198963.37605 126479837.530957 4.130046107174526e+16 602
0.11547 12375022044.78186 67935764.26685998 3.606956173191909e+16 762
0.129903 2279627943.134486 233496569.2248833 5592324702649212 1142
0.144337 6823946539.829227 106796828.2650069 1.281519838004723e+16 1250
0.158771 6604033135.046086 70837352.69312504 1.016479274594292e+16 1458
0.173204 4272234870.684691 104098777.2270538 5528763134251125 1814
0.187638 3814071340.382954 80461889.3675631 4197200035071672 2178
0.202072 2783014657.263529 85897806.25953634 2645209104904480 2498
0.216506 2677955220.72962 80377669.82942204 2207647795895712 2622
0.230939 2640784533.616793 53066670.3778939 1904181436690811 3191
0.245373 1880369256.953576 40196152.14149625 1201445376437880 3044
0.259807 1180530386.066024 28751404.58483408 673293132935291.6 2736
0.27424 767139799.4136586 22682874.62664645 392247800823633.2 2276
0.288674 786443521.2406783 13545790.07727308 361723114507242 2016
0.303108 759266022.281126 8176658.543333251 316549452217663.3 1640
0.317541 389646029.0738395 10944374.74738107 148239513747642.6 1056
0.331975 326490366.936072 4815578.951997874 113388759618486 683
0.346409 249856191.9929305 3417994.608791776 79781454503266.86 350
0.360843 146318279.4227039 5092624.730693469 43181321418382.5 192
0.375276 42049247.09237923 6811458.660005123 11559105043321.07 44
0.38971 5773527.474229111 4343863.276531812 1525833960419.773 25


