0.0144337 2.852241293518172e-08 1.477284004845743e-07 0.4510472114727684 18
0.0288674 1.898013808185687e-07 1.459012379453512e-06 0.4498072453605352 62
0.0433011 6.410933311734952e-07 3.895581044826534e-06 0.4451599659412135 98
0.0577348 1.574989848648187e-06 1.349400270870846e-05 0.5431655657059062 210
0.0721685 3.29889752162622e-06 2.912842851091242e-05 0.6398927967945212 350
0.0866022 5.049078000847908e-06 4.643826471408445e-05 0.6251264244871961 450
0.101036 8.549117473132022e-06 6.865507945554911e-05 0.7124445323832608 602
0.11547 1.233163741909276e-05 0.0001054432755316053 0.7548465835656186 762
0.129903 1.710011928900463e-05 0.0001712790965162584 0.814183646833976 1142
0.144337 2.362073360174523e-05 0.0002255342994269366 0.8855387401771498 1250
0.158771 3.04100911765658e-05 0.0003041354762798867 0.9238918326233725 1458
0.173204 4.321811990531244e-05 0.000385676543091205 1.075773420535353 1814
0.187638 5.240705066333745e-05 0.0004984509010995308 1.102707433528029 2178
0.202072 6.845182832371302e-05 0.0006226490442653397 1.227545685586501 2498
0.216506 8.455874742104232e-05 0.0008049041003850357 1.309540460532294 2622
0.230939 9.96698432465543e-05 0.0009263403058622157 1.344470108994199 3191
0.245373 0.0001178429981136803 0.001076103068523497 1.400538010420049 3044
0.259807 0.0001436142547788784 0.001241394277417702 1.51436063231454 2736
0.27424 0.000164780123854745 0.001514749518923236 1.553791917868077 2276
0.288674 0.0001979022933521094 0.001720118682743629 1.674805470933982 2016
0.303108 0.0002156250894797822 0.00193212387149078 1.652140039921975 1640
0.317541 0.0002661856138195475 0.002199990022245902 1.850570322242641 1056
0.331975 0.0002705915927589658 0.002604300604543102 1.720993242612117 683
0.346409 0.0003250639130544871 0.002747979245897388 1.893652891678283 350
0.360843 0.0004099609793917568 0.003273759094538531 2.198187438219829 192
0.375276 0.0005184811491251214 0.003140414240649137 2.552750582270075 44
0.38971 0.0003050054226198548 0.002781884045638884 1.386668637807348 25


0.0144337 2.316771700527757e-09 3.197743729790534e-08 0.4382419216761287 18
0.0288674 2.383529529031311e-08 1.976024231202173e-07 0.4357601360754139 62
0.0433011 6.473178263679482e-08 6.768108083947368e-07 0.3911101516640613 98
0.0577348 2.025329096635973e-07 1.783764474841497e-06 0.4848921746251531 210
0.0721685 4.256100259819564e-07 3.840864579184373e-06 0.5375143193680199 350
0.0866022 6.803131519592738e-07 5.856171694459997e-06 0.5033760798736746 450
0.101036 1.042325654991002e-06 9.600074808487317e-06 0.511181164394081 602
0.11547 1.542748342620482e-06 1.434784243962655e-05 0.5258694945831229 762
0.129903 2.152592781655398e-06 2.317894898388715e-05 0.5562579221190826 1142
0.144337 3.065693307095151e-06 2.96338703115225e-05 0.5863898219265843 1250
0.158771 4.060381744253325e-06 3.894117101628627e-05 0.6069956284496579 1458
0.173204 5.452164144546017e-06 5.204489053432313e-05 0.6541609939615419 1814
0.187638 6.952760045532625e-06 6.404126644759441e-05 0.6822972937286865 2178
0.202072 8.726571589223783e-06 8.316572425724778e-05 0.7201898517682943 2498
0.216506 1.104516965907078e-05 0.0001050564806297203 0.7724591783742276 2622
0.230939 1.247378104338372e-05 0.0001259636724428854 0.7545895370846714 3191
0.245373 1.528927329799528e-05 0.0001411997390139223 0.7966871363682668 3044
0.259807 1.777073159282933e-05 0.0001707898172527127 0.8164533500167171 2736
0.27424 2.109319072124205e-05 0.0002014979381297519 0.8563522126270401 2276
0.288674 2.421804139948148e-05 0.000239202226798924 0.8782240871851924 2016
0.303108 2.653107316386703e-05 0.0002670475537486003 0.8647277277098913 1640
0.317541 3.132553240273059e-05 0.0003182583789256404 0.9216627886467998 1056
0.331975 3.634820270525592e-05 0.0003303474217364623 0.9629476401021733 683
0.346409 3.856345035261295e-05 0.0003940017594368155 0.9389240312660705 350
0.360843 4.893253104144386e-05 0.0004683762235374064 1.087598958550509 192
0.375276 4.287952940507922e-05 0.0006378217872889659 0.897975273354353 44
0.38971 3.847965286747962e-05 0.0003752970300048088 0.7193199129568105 25


0.0144337 1.351351705199663e-09 1.055711213297454e-08 0.4402640368297547 18
0.0288674 1.045498479132357e-08 8.492417581666769e-08 0.4345115145228979 62
0.0433011 3.259749918086764e-08 2.508008558160921e-07 0.3942398750531024 98
0.0577348 8.664622084891525e-08 7.884645136606437e-07 0.4776233830027639 210
0.0721685 1.814259814941236e-07 1.70349090228918e-06 0.5234069380566468 350
0.0866022 2.838118304604264e-07 2.659798714473739e-06 0.4793671321327783 450
0.101036 4.618401187257597e-07 4.0859647715747e-06 0.4888180293786744 602
0.11547 6.70777203658562e-07 6.232300835061993e-06 0.492980763852763 762
0.129903 9.03645689810542e-07 1.03842013520552e-05 0.5115264146387526 1142
0.144337 1.291515286066466e-06 1.327542980572475e-05 0.5261920488184032 1250
0.158771 1.683233426217581e-06 1.771442917663186e-05 0.5317768160176586 1458
0.173204 2.349054873719965e-06 2.281686357709155e-05 0.5755224134513625 1814
0.187638 2.935864694348164e-06 2.866459472684471e-05 0.584264572292666 2178
0.202072 3.743018853809898e-06 3.662443493288219e-05 0.6159599685313426 2498
0.216506 4.668856651978312e-06 4.693307808161236e-05 0.6476199321167783 2622
0.230939 5.334677991532567e-06 5.55855483741964e-05 0.6332361462938914 3191
0.245373 6.563920996170171e-06 6.214795591089336e-05 0.6608052871934038 3044
0.259807 7.770010148398211e-06 7.376909019359615e-05 0.6818431035070779 2736
0.27424 9.048906893542704e-06 8.87187634943338e-05 0.700271999702858 2276
0.288674 1.053895000922037e-05 0.0001038233295027488 0.722259919679539 2016
0.303108 1.145542351109198e-05 0.0001167907948056911 0.7033056053594381 1640
0.317541 1.382418804039907e-05 0.0001362742851574759 0.758693531970332 1056
0.331975 1.552786528586759e-05 0.0001461825812393603 0.765603585227185 683
0.346409 1.683615081163365e-05 0.0001704911637733329 0.7594832573195013 350
0.360843 2.190806162718015e-05 0.0001973070213466409 0.8927164207479896 192
0.375276 1.972433428694716e-05 0.0002666310982318789 0.7628138798516532 44
0.38971 1.651364019601454e-05 0.0001651422855932445 0.5668864973492351 25


0.0144337 9.261433095184401e-10 4.909117989178282e-09 0.440705145876755 18
0.0288674 5.931060242114346e-09 5.185454010938281e-08 0.4335625698473071 62
0.0433011 2.037797882297529e-08 1.35180488514817e-07 0.3942705848859859 98
0.0577348 4.939478015646202e-08 4.771372821444135e-07 0.4746185813039017 210
0.0721685 1.039671441027663e-07 1.024689009702605e-06 0.5182242863580855 350
0.0866022 1.593273774493333e-07 1.632121813370764e-06 0.4701222932569747 450
0.101036 2.700884365643142e-07 2.408707751651513e-06 0.4788538738868044 602
0.11547 3.904482788281248e-07 3.691094026219243e-06 0.4797696604156659 762
0.129903 5.358481830472654e-07 6.044816209171551e-06 0.5006922644207668 1142
0.144337 7.470806354449389e-07 7.90163346963265e-06 0.5044621637019311 1250
0.158771 9.634584212077484e-07 1.063954827591345e-05 0.504063842448915 1458
0.173204 1.368772808889266e-06 1.349465526071116e-05 0.5428263929624401 1814
0.187638 1.68270521497998e-06 1.722417640689748e-05 0.5424316082097949 2178
0.202072 2.176078423882488e-06 2.170781006500863e-05 0.5712049225120247 2498
0.216506 2.690422793328958e-06 2.804302914699742e-05 0.5941605151098166 2622
0.230939 3.125945064938462e-06 3.269016329460477e-05 0.5832632051482065 3191
0.245373 3.796241835276385e-06 3.703956129595862e-05 0.5975757638927709 3044
0.259807 4.572772783075138e-06 4.319774416005495e-05 0.6196493580080032 2736
0.27424 5.257372254728915e-06 5.261685418462359e-05 0.6285723676341146 2276
0.288674 6.206753142788449e-06 6.076025249704703e-05 0.6510920377716441 2016
0.303108 6.729692400801505e-06 6.852038844713991e-05 0.630778687147643 1640
0.317541 8.248515009606592e-06 7.871379111090445e-05 0.6844347713187617 1056
0.331975 8.935159643765419e-06 8.757203533493772e-05 0.6690705382515437 683
0.346409 9.970344368485375e-06 9.925179903822476e-05 0.6770532042338809 350
0.360843 1.312802341521152e-05 0.0001132433748623012 0.7979678009577413 192
0.375276 1.264680619016594e-05 0.0001461804509760223 0.724359603262183 44
0.38971 9.603460163732171e-06 9.783427894389885e-05 0.4939077002750231 25


0.0144337 6.505987959224928e-10 3.073079444467426e-09 0.4405661841097357 18
0.0288674 3.796427049852986e-09 3.70625524345525e-08 0.4329119011256243 62
0.0433011 1.366549361883834e-08 9.226981287863315e-08 0.3931374828846655 98
0.0577348 3.242389759290022e-08 3.31448932354249e-07 0.4731683142902167 210
0.0721685 6.8888166244028e-08 7.052097897194532e-07 0.5159551497489796 350
0.0866022 1.042132454212494e-07 1.135629075831795e-06 0.4662443939531854 450
0.101036 1.790378821932707e-07 1.6601106360237e-06 0.4727171319224246 602
0.11547 2.605144566992563e-07 2.524745829365596e-06 0.472811730143426 762
0.129903 3.760328626159823e-07 3.947302782529592e-06 0.4994048642189898 1142
0.144337 5.056371554026196e-07 5.328370480633036e-06 0.4956682654457715 1250
0.158771 6.503340657301272e-07 7.192242624143358e-06 0.4932509773957985 1458
0.173204 9.205483882022201e-07 9.155367805429886e-06 0.5259721848964017 1814
0.187638 1.120813287753065e-06 1.178923740908463e-05 0.5213885688758606 2178
0.202072 1.463062770320145e-06 1.473099506136641e-05 0.5477266185208483 2498
0.216506 1.805533878017514e-06 1.905900561159712e-05 0.5672842868689091 2622
0.230939 2.131180567262887e-06 2.189350879817208e-05 0.5586288146845004 3191
0.245373 2.529029333521416e-06 2.536371856137269e-05 0.5614996694460281 3044
0.259807 3.08491326466767e-06 2.921978872637107e-05 0.5830060812103256 2736
0.27424 3.529414782556155e-06 3.575703979090276e-05 0.5883554144740107 2276
0.288674 4.210254665197008e-06 4.087472577307796e-05 0.610516833766924 2016
0.303108 4.574581030126955e-06 4.60099378172326e-05 0.5908126616970572 1640
0.317541 5.64987398374223e-06 5.241698570322002e-05 0.6410816738348217 1056
0.331975 5.91794072756708e-06 6.029908467454416e-05 0.6111434694766885 683
0.346409 6.811154183660205e-06 6.630893922815849e-05 0.6300711358483414 350
0.360843 8.94755630431113e-06 7.57257752600984e-05 0.7369376987423427 192
0.375276 9.438117068944164e-06 9.0072180717661e-05 0.7179787403644694 44
0.38971 6.457681937724149e-06 6.637579271772493e-05 0.4514596389284807 25


0.0144337 4.494407086133487e-10 2.517208728162936e-09 0.4401990921774409 18
0.0288674 2.639114839372952e-09 2.855442513736369e-08 0.4325400430259699 62
0.0433011 9.394951850764854e-09 7.36361449389364e-08 0.3916546471774757 98
0.0577348 2.334428161220012e-08 2.470121241935243e-07 0.4725858828978416 210
0.0721685 5.006402219668733e-08 5.210263529272882e-07 0.5150996265898313 350
0.0866022 7.564640118804719e-08 8.395108680003027e-07 0.4651082540931332 450
0.101036 1.278639873282375e-07 1.249310581586603e-06 0.4686145719257675 602
0.11547 1.886984652067877e-07 1.872240737877247e-06 0.4687946695070112 762
0.129903 2.893266214780766e-07 2.760354730503611e-06 0.5007312487134261 1142
0.144337 3.765316695238952e-07 3.848064234577079e-06 0.4924285407733261 1250
0.158771 4.868772670405914e-07 5.172696992710499e-06 0.4900624563599071 1458
0.173204 6.74551847745981e-07 6.711966726601844e-06 0.5164902780285691 1814
0.187638 8.206767135621765e-07 8.648955918699151e-06 0.5107236214695552 2178
0.202072 1.073601045159043e-06 1.078493501209983e-05 0.5344211421061716 2498
0.216506 1.331864277031164e-06 1.388705343488842e-05 0.553504349148334 2622
0.230939 1.588259090607331e-06 1.579289982129237e-05 0.5454337959838704 3191
0.245373 1.836748113429876e-06 1.875399833159009e-05 0.5394236414196633 3044
0.259807 2.250647654021576e-06 2.151738132915146e-05 0.5584751235584954 2736
0.27424 2.585285436535423e-06 2.62234986277492e-05 0.5639607541927744 2276
0.288674 3.098917514596957e-06 2.983264909036452e-05 0.5843854448861246 2016
0.303108 3.386783033385201e-06 3.339483875531699e-05 0.5663345022835217 1640
0.317541 4.176263485858257e-06 3.807719473392019e-05 0.6112155158930043 1056
0.331975 4.27321047180464e-06 4.481951276390147e-05 0.5739350323138346 683
0.346409 5.049703035727072e-06 4.804361435194848e-05 0.5996362447868643 350
0.360843 6.527474036207403e-06 5.57978595271527e-05 0.6901341177864959 192
0.375276 7.568961081781731e-06 5.970587400129144e-05 0.7189560063944036 44
0.38971 4.741217683662033e-06 4.857185279547905e-05 0.4248000623594845 25


0.0144337 3.018672099961454e-10 2.387745385594095e-09 0.4397963955746189 18
0.0288674 1.973514141754749e-09 2.272653069490416e-08 0.4324089395174757 62
0.0433011 6.563065111701001e-09 6.371705823711826e-08 0.3902979524166599 98
0.0577348 1.801782553757299e-08 1.912890587309663e-07 0.4725403068254683 210
0.0721685 3.886837803472941e-08 4.012953373049098e-07 0.5150118542310986 350
0.0866022 5.933425913514924e-08 6.409034185309608e-07 0.4654480689297783 450
0.101036 9.647827821969745e-08 9.890031296238948e-07 0.4660217390476394 602
0.11547 1.447780878008675e-07 1.458394794697871e-06 0.4665102761679313 762
0.129903 2.335283121627629e-07 2.039015475111058e-06 0.5018638813412021 1142
0.144337 2.980712802496416e-07 2.907945871143505e-06 0.4915268647773197 1250
0.158771 3.896552163684175e-07 3.871444445390961e-06 0.4901533496422825 1458
0.173204 5.235508270100226e-07 5.170073934373343e-06 0.5109342719342564 1814
0.187638 6.418525367956413e-07 6.616229008738115e-06 0.5057646098798958 2178
0.202072 8.353738677780066e-07 8.287334460055307e-06 0.5265949675981567 2498
0.216506 1.047195370785446e-06 1.056830179091992e-05 0.5466743254474811 2622
0.230939 1.251758645388509e-06 1.198046211097324e-05 0.5375902780111147 3191
0.245373 1.417280815584328e-06 1.452765070708916e-05 0.5258171384006175 3044
0.259807 1.728598239597951e-06 1.674827297173955e-05 0.5408973038545336 2736
0.27424 2.009077020455033e-06 2.017645764833651e-05 0.5486510727151533 2276
0.288674 2.403968120615275e-06 2.298838956851841e-05 0.5660350462990166 2016
0.303108 2.648489185221894e-06 2.553000904375495e-05 0.5499623075043575 1640
0.317541 3.232907980380207e-06 2.940158831708281e-05 0.5879402305317227 1056
0.331975 3.283033397595477e-06 3.485582270437971e-05 0.5500067124284508 683
0.346409 3.940570228777174e-06 3.679417664390388e-05 0.5776782860499924 350
0.360843 4.957912028601794e-06 4.400188095077094e-05 0.650819178529499 192
0.375276 6.24270236679231e-06 4.23770133967089e-05 0.7146578711100663 44
0.38971 3.694760972498194e-06 3.727371924533166e-05 0.4074341621553876 25


0.0144337 1.993084373517188e-10 2.333940992996477e-09 0.4394718104064851 18
0.0288674 1.580469747770562e-09 1.828671727790128e-08 0.432459535437931 62
0.0433011 4.720605061143907e-09 5.647215143858001e-08 0.3893387948958231 98
0.0577348 1.46676026356242e-08 1.516384230316356e-07 0.4727950007901049 210
0.0721685 3.166045820355057e-08 3.178105357965592e-07 0.5152994159069669 350
0.0866022 4.917104097523281e-08 4.997509225651013e-07 0.4664372850723181 450
0.101036 7.629307327972897e-08 8.053857353447983e-07 0.4646650726882744 602
0.11547 1.160719002009004e-07 1.172579745782441e-06 0.4653474803406079 762
0.129903 1.924996787701917e-07 1.588638854603569e-06 0.5016752524996786 1142
0.144337 2.450883086654014e-07 2.27889858563113e-06 0.4912730077404053 1250
0.158771 3.245180949506132e-07 2.995380079356968e-06 0.4910530881103813 1458
0.173204 4.231764122817483e-07 4.12369487694844e-06 0.5075460847694261 1814
0.187638 5.257152425600768e-07 5.21167464556722e-06 0.5037936299432835 2178
0.202072 6.77155574724956e-07 6.591480729473254e-06 0.5217702539528004 2498
0.216506 8.59472252460965e-07 8.304276689670238e-06 0.5432570457200132 2622
0.230939 1.021991397852218e-06 9.454684027358857e-06 0.531951359120224 3191
0.245373 1.144315997970647e-06 1.160231355313179e-05 0.5176305482876911 3044
0.259807 1.378364661332142e-06 1.353915982671371e-05 0.5279597552760389 2736
0.27424 1.628438303308922e-06 1.605075665205289e-05 0.5387602653737663 2276
0.288674 1.933451899217819e-06 1.842492225229885e-05 0.5522342496990978 2016
0.303108 2.148026650020872e-06 2.028880794646842e-05 0.5378895382205678 1640
0.317541 2.579514450668728e-06 2.376255408028039e-05 0.5683784949385466 1056
0.331975 2.646788729983529e-06 2.788050088958147e-05 0.5352332491195143 683
0.346409 3.180035469891018e-06 2.938479394350778e-05 0.5602182504011315 350
0.360843 3.871815057841076e-06 3.638257124551416e-05 0.6170687374976118 192
0.375276 5.164061062672331e-06 3.255131460409665e-05 0.699107901859628 44
0.38971 3.003475708769663e-06 2.956869446323023e-05 0.3957222599349606 25


0.0144337 1.349975038007947e-10 2.213674768358356e-09 0.4392811876925782 18
0.0288674 1.341514263529398e-09 1.47475218809958e-08 0.4326203672979418 62
0.0433011 3.594410590578325e-09 4.957214916926468e-08 0.3888841594875557 98
0.0577348 1.240337289924172e-08 1.22390577317533e-07 0.4731603812383715 210
0.0721685 2.665820076593113e-08 2.574451381756245e-07 0.5156899124401285 350
0.0866022 4.215867160900418e-08 3.976003111925728e-07 0.4674916034185675 450
0.101036 6.290327215171276e-08 6.659679951935097e-07 0.4642745529018416 602
0.11547 9.631822681491002e-08 9.636726350972012e-07 0.4648975130978734 762
0.129903 1.596255770110719e-07 1.305269172178345e-06 0.4999665064712074 1142
0.144337 2.059496592241262e-07 1.847193571240043e-06 0.4907730894671505 1250
0.158771 2.757620700845675e-07 2.397913118377043e-06 0.4913524437775644 1458
0.173204 3.520989629176158e-07 3.37929560054468e-06 0.5053000038573661 1814
0.187638 4.439566881024604e-07 4.208099465903398e-06 0.5030277103839833 2178
0.202072 5.648139490933283e-07 5.388051060100738e-06 0.518471924390283 2498
0.216506 7.248354613489364e-07 6.710616350316867e-06 0.5410242735802079 2622
0.230939 8.527349766603122e-07 7.721489191792322e-06 0.5268664233390081 3191
0.245373 9.559233283257258e-07 9.473883991672753e-06 0.5128090977425133 3044
0.259807 1.132245662823577e-06 1.123721878364404e-05 0.5184664037078155 2736
0.27424 1.360214181542933e-06 1.310322060492505e-05 0.5319767230623835 2276
0.288674 1.596189932282001e-06 1.521743651953853e-05 0.5412930059487703 2016
0.303108 1.785612564600521e-06 1.663795371506058e-05 0.5280251587785714 1640
0.317541 2.10402419991139e-06 1.987317772357271e-05 0.5515084206922145 1056
0.331975 2.215897298083641e-06 2.272846595869658e-05 0.5266833704364732 683
0.346409 2.625607106369576e-06 2.426670716590196e-05 0.5452592002826215 350
0.360843 3.096172251296342e-06 3.10199773689031e-05 0.5889253048819992 192
0.375276 4.225899404260806e-06 2.724774434456936e-05 0.6712581138953195 44
0.38971 2.515417423188708e-06 2.407397100920568e-05 0.3872936779954626 25


0.0144337 1.012835520235689e-10 1.990437381325382e-09 0.4392338719240875 18
0.0288674 1.185709333960629e-09 1.192526606088824e-08 0.4328197409500267 62
0.0433011 2.974304299687674e-09 4.240289604213538e-08 0.388907375662032 98
0.0577348 1.074054970149837e-08 1.006269439049872e-07 0.4734926465005386 210
0.0721685 2.29158453915207e-08 2.131749919221604e-07 0.5160010032196208 350
0.0866022 3.674137416279894e-08 3.242261492909355e-07 0.4682312243065413 450
0.101036 5.372983087059532e-08 5.557002164361257e-07 0.464539818419188 602
0.11547 8.206194044235165e-08 8.056080226661383e-07 0.4648423822589118 762
0.129903 1.32291498865262e-07 1.124737644982448e-06 0.4970954327454229 1142
0.144337 1.74990122402959e-07 1.547118385964173e-06 0.4896570062705337 1250
0.158771 2.359650864548476e-07 1.991845439736742e-06 0.4904127607523336 1458
0.173204 2.990322934665083e-07 2.833079536826411e-06 0.5035722548227616 1814
0.187638 3.817985220956771e-07 3.481602965284428e-06 0.5023107668701825 2178
0.202072 4.804222534375078e-07 4.509852182841284e-06 0.5158040403752634 2498
0.216506 6.208404989640525e-07 5.573738578281287e-06 0.5386348742912543 2622
0.230939 7.209649610763546e-07 6.502289168750142e-06 0.5216121910040548 3191
0.245373 8.183938213621314e-07 7.880883555500166e-06 0.5098234878377446 3044
0.259807 9.534441117694594e-07 9.501904787349158e-06 0.5116589210318596 2736
0.27424 1.160198567030584e-06 1.093721854435396e-05 0.5267570145779569 2276
0.288674 1.34420833947293e-06 1.286766759612762e-05 0.5323126858665007 2016
0.303108 1.509791249308733e-06 1.401074560149851e-05 0.5192713853271999 1640
0.317541 1.748252199304666e-06 1.703353376048886e-05 0.5371850154618256 1056
0.331975 1.908080856769587e-06 1.880961082702949e-05 0.521949076739294 683
0.346409 2.203979067920729e-06 2.058999185308813e-05 0.5319200218930993 350
0.360843 2.537469120863297e-06 2.690478253917791e-05 0.5670106366262594 192
0.375276 3.401095193216649e-06 2.458871375234024e-05 0.6338276747237686 44
0.38971 2.14988153200725e-06 2.005088841653933e-05 0.3805151132536218 25


0.0144337 8.951187489064765e-11 1.684281923149612e-09 0.4393047706101069 18
0.0288674 1.069531903103858e-09 9.739580442128964e-09 0.4329973184873462 62
0.0433011 2.681497417366462e-09 3.516848739909722e-08 0.3892863513630511 98
0.0577348 9.410683672619242e-09 8.455992877443983e-08 0.4737001033285468 210
0.0721685 1.991971630043914e-08 1.80646448930783e-07 0.5161329328261691 350
0.0866022 3.213550548159862e-08 2.726389068976576e-07 0.4684704608118228 450
0.101036 4.713515587010984e-08 4.673694548325229e-07 0.4651346590201415 602
0.11547 7.126048368025573e-08 6.838545747763801e-07 0.4649313268732962 762
0.129903 1.096035947975517e-07 1.004117401818509e-06 0.4937053869756096 1142
0.144337 1.494672133320619e-07 1.335729783828021e-06 0.4879229077088637 1250
0.158771 2.018470500884205e-07 1.717248767916937e-06 0.4881881861335091 1458
0.173204 2.576496881304602e-07 2.423483582628978e-06 0.502006714237401 1814
0.187638 3.313702988606524e-07 2.954489960050109e-06 0.5010023251565496 2178
0.202072 4.140690742371247e-07 3.856423747244238e-06 0.5132717012604127 2498
0.216506 5.358394833246345e-07 4.758041468346441e-06 0.5354521773103907 2622
0.230939 6.148257698066356e-07 5.622784333864314e-06 0.5160800004962763 3191
0.245373 7.122525218480362e-07 6.673018380507255e-06 0.5075401458785272 3044
0.259807 8.1994648678666e-07 8.144692429457007e-06 0.5069295453599825 2736
0.27424 1.003549103885022e-06 9.317933414350313e-06 0.5221074296040081 2276
0.288674 1.150241418948302e-06 1.108465068254739e-05 0.5248264344583174 2016
0.303108 1.292439668266188e-06 1.206563691206664e-05 0.5111650582261984 1640
0.317541 1.478734763706741e-06 1.483943868748243e-05 0.5255865570152934 1056
0.331975 1.674533578328804e-06 1.579712743927034e-05 0.519000766771653 683
0.346409 1.874772024435289e-06 1.784656710631252e-05 0.5199731138208645 350
0.360843 2.137359821011328e-06 2.349821147212173e-05 0.5517410335487062 192
0.375276 2.695313600613299e-06 2.328572729193445e-05 0.5920167126832649 44
0.38971 1.861684932054244e-06 1.706071611948034e-05 0.3743057748581843 25


0.0144337 9.085106166265458e-11 1.341658059833577e-09 0.4394483217107104 18
0.0288674 9.678086466014354e-10 8.126752836916829e-09 0.4331124667625166 62
0.0433011 2.565196717949607e-09 2.839331904030379e-08 0.3898485695350253 98
0.0577348 8.272731530918467e-09 7.286716832738096e-08 0.4737451549380656 210
0.0721685 1.739994268360399e-08 1.567572208936993e-07 0.5160604184689481 350
0.0866022 2.800246348488355e-08 2.371850067217261e-07 0.4681967188396561 450
0.101036 4.205195590304299e-08 3.971743574497342e-07 0.4657622590336466 602
0.11547 6.267032206296885e-08 5.894302626271203e-07 0.4649836367447089 762
0.129903 9.129868785328088e-08 9.143486598014728e-07 0.4904990511657505 1142
0.144337 1.281188127990685e-07 1.182662957720199e-06 0.4858065241931931 1250
0.158771 1.72249235878276e-07 1.529159786804494e-06 0.4850505257812514 1458
0.173204 2.242963281060383e-07 2.110635793458471e-06 0.5004434512623298 1814
0.187638 2.886373382048569e-07 2.571522584817667e-06 0.4989002938616934 2178
0.202072 3.601520487713147e-07 3.361648087702339e-06 0.5106783061971352 2498
0.216506 4.640281672306599e-07 4.167526291606549e-06 0.531402128614362 2622
0.230939 5.280880613116664e-07 4.966146137021425e-06 0.5105403738048796 3191
0.245373 6.260485330905918e-07 5.753523154941675e-06 0.5051997627815309 3044
0.259807 7.175664647630026e-07 7.056813254193555e-06 0.5037134003192865 2736
0.27424 8.760034488548556e-07 8.09218371519448e-06 0.5174824860133083 2276
0.288674 9.977461903028313e-07 9.688503591834233e-06 0.5185976370630113 2016
0.303108 1.117489688644669e-06 1.058206559647635e-05 0.5036456874032889 1640
0.317541 1.273918173602223e-06 1.305337804715379e-05 0.5168710952674243 1056
0.331975 1.485639342600118e-06 1.348795171318649e-05 0.5162385824158603 683
0.346409 1.614222391487472e-06 1.571562123792584e-05 0.5095353033766374 350
0.360843 1.853975476596096e-06 2.052935505354963e-05 0.5429110842032832 192
0.375276 2.122585403080893e-06 2.24470134520882e-05 0.5520456353368599 44
0.38971 1.625134987261224e-06 1.481531371736129e-05 0.3680601318136654 25


0.0144337 9.735477897945359e-11 1.014378482409863e-09 0.4396128012416711 18
0.0288674 8.684709790197758e-10 7.005848324140395e-09 0.4331479465289339 62
0.0433011 2.507638694141596e-09 2.261572388244877e-08 0.3904164514058334 98
0.0577348 7.263410343042092e-09 6.443206566200437e-08 0.4736385863258404 210
0.0721685 1.522803260314521e-08 1.390744281097005e-07 0.5158177161451281 350
0.0866022 2.425695588188415e-08 2.129437728809205e-07 0.4675305462153317 450
0.101036 3.780616020344689e-08 3.42547654701478e-07 0.4661978667935108 602
0.11547 5.55409466525893e-08 5.16076833971228e-07 0.4648939412763637 762
0.129903 7.719283922804535e-08 8.368756787109851e-07 0.4880594198203264 1142
0.144337 1.103892538144854e-07 1.065899754350858e-06 0.4836563764386067 1250
0.158771 1.469971216253129e-07 1.393121635066249e-06 0.4815992675077255 1458
0.173204 1.968301870564344e-07 1.866856700615857e-06 0.4988640630911799 1814
0.187638 2.517431402277471e-07 2.290004624941793e-06 0.4961454012664054 2178
0.202072 3.154830220139546e-07 2.978957046568209e-06 0.5080402982021697 2498
0.216506 4.027783927638241e-07 3.7297204718424e-06 0.5268130455013909 2622
0.230939 4.572961861707021e-07 4.45186362813021e-06 0.5054382188277579 3191
0.245373 5.532107400103612e-07 5.052435549109313e-06 0.5024088762140735 3044
0.259807 6.367019975351632e-07 6.172888324801253e-06 0.5014727901033663 2736
0.27424 7.694187250117729e-07 7.151414838410424e-06 0.5127055609266347 2276
0.288674 8.760401502907981e-07 8.56387540386887e-06 0.5134952306051115 2016
0.303108 9.752745210669645e-07 9.41163109016108e-06 0.4968741934685762 1640
0.317541 1.118201305686808e-06 1.153933131256701e-05 0.5109790038264808 1056
0.331975 1.323931773217522e-06 1.173606652007795e-05 0.5125867875714778 683
0.346409 1.407124761849088e-06 1.398994592900977e-05 0.5008363423307753 350
0.360843 1.65404088380176e-06 1.78852858991136e-05 0.5395663586902398 192
0.375276 1.691878759280185e-06 2.149939612061377e-05 0.5196931795513033 44
0.38971 1.425859188130258e-06 1.310841258353238e-05 0.3615839430846475 25


0.0144337 1.028678516149465e-10 7.452225003384966e-10 0.439752760859539 18
0.0288674 7.685917473229326e-10 6.272801618358857e-09 0.4331087024097804 62
0.0433011 2.428901439120484e-09 1.82066470561846e-08 0.3908456373960899 98
0.0577348 6.364714123318895e-09 5.827119235710569e-08 0.4734267360371406 210
0.0721685 1.335347328926238e-08 1.256253998835978e-07 0.5154773546474519 350
0.0866022 2.093894887375868e-08 1.956809087837093e-07 0.4666709878942178 450
0.101036 3.401326635517177e-08 3.01124160783993e-07 0.4663159994025436 602
0.11547 4.944001254544527e-08 4.589255447820726e-07 0.4646302210853009 762
0.129903 6.692642725242548e-08 7.615637294801511e-07 0.4867322923300207 1142
0.144337 9.598638857496741e-08 9.699249378912946e-07 0.4818207346733443 1250
0.158771 1.262125136980489e-07 1.283753594822527e-06 0.478473241284726 1458
0.173204 1.739729383299572e-07 1.672106487239143e-06 0.4973395454869095 1814
0.187638 2.199963876946107e-07 2.076009573330435e-06 0.4930996356635598 2178
0.202072 2.782173589235187e-07 2.674366323384731e-06 0.5055032552487093 2498
0.216506 3.510369808211566e-07 3.389263015541118e-06 0.5222333935205755 2622
0.230939 4.002079553326846e-07 4.025341478227451e-06 0.5012177536883022 3191
0.245373 4.902219905273851e-07 4.514374065151101e-06 0.4991045226841991 3044
0.259807 5.707238362869318e-07 5.451089021205749e-06 0.4997264899900263 2736
0.27424 6.792343560153643e-07 6.414320730665475e-06 0.5078777972036018 2276
0.288674 7.777797590297102e-07 7.635392042976828e-06 0.5094155124136486 2016
0.303108 8.594847720583817e-07 8.453402637432105e-06 0.4910833743851154 1640
0.317541 9.991987221337538e-07 1.022501783395112e-05 0.5075577750455336 1056
0.331975 1.180062914678584e-06 1.042100086241887e-05 0.5075495356690567 683
0.346409 1.242644721283947e-06 1.25371475109674e-05 0.4940484636195029 350
0.360843 1.509963898862201e-06 1.554185214566651e-05 0.5401107861215678 192
0.375276 1.400496679771898e-06 2.014336218405441e-05 0.49906932891044 44
0.38971 1.256117614805785e-06 1.17836872439637e-05 0.3550079997270057 25


0.0144337 1.035624293293349e-10 5.596203397026228e-10 0.439837721905705 18
0.0288674 6.709080757153274e-10 5.809482098823618e-09 0.4330165558627799 62
0.0433011 2.287708389041348e-09 1.528700651166008e-08 0.3910502235689076 98
0.0577348 5.580707164249364e-09 5.354392426215567e-08 0.4731742790936159 210
0.0721685 1.176162340862923e-08 1.148481373967027e-07 0.5151259981350136 350
0.0866022 1.812455444080627e-08 1.819966894341493e-07 0.4658360624915012 450
0.101036 3.050051541723688e-08 2.703634285850495e-07 0.4660964430768864 602
0.11547 4.413894376559004e-08 4.139229732685454e-07 0.4642218813511774 762
0.129903 5.989491950282581e-08 6.848411893031581e-07 0.4865794723249426 1142
0.144337 8.463432475796318e-08 8.847136100828664e-07 0.4805589754712515 1250
0.158771 1.099092733099541e-07 1.184170890806214e-06 0.4761904477993079 1458
0.173204 1.54920132656661e-07 1.511738776255505e-06 0.4959796959489824 1814
0.187638 1.932085028689368e-07 1.903250340815566e-06 0.4902116980903812 2178
0.202072 2.472090262240704e-07 2.423091090306825e-06 0.5032607164840656 2498
0.216506 3.083199148117625e-07 3.105467455135119e-06 0.5182480366130435 2622
0.230939 3.549516888496799e-07 3.651891008939533e-06 0.4981902062282302 3191
0.245373 4.354175148716311e-07 4.093561350578228e-06 0.4954813366207208 3044
0.259807 5.151064012160801e-07 4.861863286352496e-06 0.4980930768077566 2736
0.27424 6.028935630052368e-07 5.818826129216078e-06 0.5032705632948291 2276
0.288674 6.976077034469538e-07 6.853550662002049e-06 0.5062380501732091 2016
0.303108 7.65484722573768e-07 7.640131972673334e-06 0.4864617904905598 1640
0.317541 9.066213423671044e-07 9.077040641719133e-06 0.5059892290689152 1056
0.331975 1.050078418622412e-06 9.435028307740894e-06 0.5011884025826842 683
0.346409 1.112155651067924e-06 1.127652186211015e-05 0.4891786107923025 350
0.360843 1.399207568431727e-06 1.351565720208347e-05 0.5425823949142589 192
0.375276 1.232440385819686e-06 1.830843665534778e-05 0.4918313345837879 44
0.38971 1.111845487125215e-06 1.072043918436744e-05 0.3486741463236087 25


