0.144338 0.0004399849817525403 2.368041605174774e-05 1.188261301374227 18
0.288675 0.001793982638094589 0.000185103295696834 1.500517011000753 62
0.433013 0.00435093003266778 0.0006964752986878726 1.594628874437149 98
0.57735 0.008399985780866051 0.002672572011009044 1.728786062383685 210
0.721688 0.01395450268530656 0.007044576217365085 1.867573449811607 350
0.866025 0.01781359208624919 0.01332962521062442 1.668139244267871 450
1.01036 0.02613910957429226 0.02298909869213564 1.781948639803067 602
1.1547 0.03304886962534751 0.03976199535243596 1.718571815321404 762
1.29904 0.04071696468669572 0.07380789982035665 1.686309250257743 1142
1.44338 0.0427895119702538 0.08714010652917423 1.438757396305375 1250
1.58771 1.750051953210307e-33 2.044346934162264e-33 4.804787985385741e-32 1458
1.73205 2.287708125645749e-33 2.361922434493905e-33 5.249651714178877e-32 1814
1.87639 2.411146954204843e-33 2.57383645001738e-33 4.718590720818472e-32 2178
2.02073 2.773052377197705e-33 3.084235119426716e-33 4.679349615948692e-32 2498
2.16506 3.140028689881625e-33 3.437563084099331e-33 4.600905873091965e-32 2622
2.3094 3.101357596081726e-33 3.706181074883996e-33 3.987704353374305e-32 3191
2.45374 2.996088219870614e-33 3.656718654653409e-33 3.414996862447818e-32 3044
2.59808 2.846331362732566e-33 3.433530788951609e-33 2.89509278865008e-32 2736
2.74241 2.701573899176124e-33 3.162300333825941e-33 2.462258756844703e-32 2276
2.88675 2.761423299608893e-33 3.167825010021199e-33 2.268352242544348e-32 2016
3.03109 3.272301336505576e-33 3.377425751646765e-33 2.438669016794625e-32 1640
3.17543 3.247498439967618e-33 3.679189827335082e-33 2.204864500859628e-32 1056
3.31976 3.587286747964296e-33 3.587418420576929e-33 2.226478392214098e-32 683
3.4641 3.189142093502002e-33 4.062342981365038e-33 1.820685046359099e-32 350
3.60844 3.472793273587684e-33 3.268737716619542e-33 1.828139097326393e-32 192
3.75278 3.359289814912504e-33 3.993673312242864e-33 1.631133270509582e-32 44
3.89711 4.445186342286572e-33 5.204513514644293e-33 1.986218552753265e-32 25


0.144338 0.001023270218022817 1.500701277114762e-06 134.7037761941488 18
0.288675 0.001413854388357982 3.080406704262927e-06 39.45051114497965 62
0.433013 0.0009006741897391046 4.732920798657599e-06 10.45691392898814 98
0.57735 0.0007152933458234215 1.34282350880282e-05 4.615925765954246 210
0.721688 0.0009608995875845821 1.368223860689541e-05 3.912369054821681 350
0.866025 0.0007242798706169292 2.503849301730732e-05 2.071288190035922 450
1.01036 0.0009378453159877524 3.436177469394223e-05 1.939757548018816 602
1.1547 0.001352532288816501 4.631418053710416e-05 2.113647963741614 762
1.29904 0.001656653641924042 8.016132001548187e-05 2.055518486270595 1142
1.44338 0.001588025253739013 0.000101907714045127 1.602505133538641 1250
1.58771 2.726839256773929e-33 2.059470167125372e-34 2.264100190535182e-30 1458
1.73205 3.814351576912547e-33 2.824473436424545e-34 2.645173906355482e-30 1814
1.87639 4.474736107140249e-33 3.775418835934799e-34 2.645490654189154e-30 2178
2.02073 5.619350163945743e-33 5.176842089184637e-34 2.863027509155263e-30 2498
2.16506 6.726941946881765e-33 6.806530446250589e-34 2.975530608193263e-30 2622
2.3094 7.86788896417204e-33 9.294647351235712e-34 3.05551842481396e-30 3191
2.45374 9.182621650689943e-33 1.087359962677852e-33 3.156689470546949e-30 3044
2.59808 1.094071949169379e-32 1.438569820561091e-33 3.357191548035448e-30 2736
2.74241 1.280280300199011e-32 1.879750735099254e-33 3.52160279258606e-30 2276
2.88675 1.419714000210645e-32 2.196042684699818e-33 3.518736749393328e-30 2016
3.03109 1.628595735580729e-32 2.656029325423997e-33 3.66108182826826e-30 1640
3.17543 1.953598664073598e-32 3.147351204499253e-33 3.996153754911701e-30 1056
3.31976 2.231995335924408e-32 3.985503382684468e-33 4.175984371771783e-30 683
3.4641 2.38840419459868e-32 4.380768236230586e-33 4.107568435192694e-30 350
3.60844 2.864301979060628e-32 5.828622002923061e-33 4.545913997871725e-30 192
3.75278 3.34173038966635e-32 6.509059602407735e-33 4.884276486233677e-30 44
3.89711 3.555029424535745e-32 1.015541459583432e-32 4.798623113073437e-30 25


0.144338 0.0003497829666370271 7.49858487001652e-07 96.60214502747341 18
0.288675 0.0004190106491975101 1.898204518263112e-06 24.02319094705267 62
0.433013 0.0003107977065150175 1.912154630214653e-06 7.265978583886763 98
0.57735 0.0003948377769642079 3.221891979093887e-06 4.998118657281442 210
0.721688 0.0003953732697099066 4.375223416455339e-06 3.196169206192868 350
0.866025 0.0004954202242674103 4.724518563028453e-06 2.754840434044067 450
1.01036 0.0004189686720444059 9.897976559026207e-06 1.715114534344682 602
1.1547 0.0005513825037473767 1.490432631041876e-05 1.710370635937517 762
1.29904 0.0007906158697794196 2.217182519704458e-05 1.934843337542615 1142
1.44338 0.000770125587671679 2.770185410560472e-05 1.531777945069231 1250
1.58771 2.652451345110281e-33 1.033342780421988e-34 4.334060588972156e-30 1458
1.73205 3.698459518521241e-33 1.379320564196883e-34 5.044732067530314e-30 1814
1.87639 4.170003660090336e-33 1.893971970139855e-34 4.854456899334713e-30 2178
2.02073 5.329042385513841e-33 2.605215299702455e-34 5.343617234088832e-30 2498
2.16506 6.255222527854397e-33 3.377755755954105e-34 5.4467386807791e-30 2622
2.3094 7.615238885823199e-33 4.507874354463309e-34 5.816638428638774e-30 3191
2.45374 8.685783222146723e-33 5.413114937891762e-34 5.876222427983918e-30 3044
2.59808 1.024723104441526e-32 6.933276191752458e-34 6.186251805184989e-30 2736
2.74241 1.219904617084444e-32 8.804186818651558e-34 6.59749358704931e-30 2276
2.88675 1.381534022828977e-32 1.042430411128694e-33 6.732255017105206e-30 2016
3.03109 1.566822141238987e-32 1.333377238117845e-33 6.930349958907152e-30 1640
3.17543 1.822735325039527e-32 1.666020290083748e-33 7.342507122510852e-30 1056
3.31976 2.108123078954802e-32 2.162083330370595e-33 7.767895696458426e-30 683
3.4641 2.099633414707018e-32 2.179235696628765e-33 7.109581979522788e-30 350
3.60844 2.560336150642513e-32 2.807074579914499e-33 7.995922589409391e-30 192
3.75278 2.641885411425084e-32 3.553741082208152e-33 7.620950787159786e-30 44
3.89711 4.384192602953217e-32 3.824176273567114e-33 1.158445561234885e-29 25


0.144338 9.270786922455159e-05 7.35555934399251e-07 50.09764639295563 18
0.288675 0.0002749712520580099 8.538748574885363e-07 23.71148956639541 62
0.433013 0.0001778855319279437 1.014963360400236e-06 6.307792728652049 98
0.57735 0.0002058026057156146 1.888027669089379e-06 3.962017054502288 210
0.721688 0.0002041389116258356 2.54834732982634e-06 2.505079048726493 350
0.866025 0.0002323298812398669 3.15122421499628e-06 1.960414074637597 450
1.01036 0.0003004723279101286 4.260399140363185e-06 1.83067831236227 602
1.1547 0.0003938855876382576 6.340176446393214e-06 1.818583722180388 762
1.29904 0.0005248533231096659 1.005441083691894e-05 1.91745602778878 1142
1.44338 0.0004841135798517967 1.310386300550698e-05 1.440411784882077 1250
1.58771 2.532932565868239e-33 6.736342939323795e-35 6.178633593181716e-30 1458
1.73205 3.428573707944419e-33 9.369825106599744e-35 6.987008613036904e-30 1814
1.87639 4.242307081123461e-33 1.201721320948963e-34 7.359803369825203e-30 2178
2.02073 5.109750788101868e-33 1.724275838822168e-34 7.64804542624984e-30 2498
2.16506 5.963936997666699e-33 2.195201673313152e-34 7.749105736464186e-30 2622
2.3094 7.373407255655417e-33 2.92347184348671e-34 8.401329891194953e-30 3191
2.45374 8.042870891069273e-33 3.750063024476414e-34 8.128462239849883e-30 3044
2.59808 9.63234709427937e-33 4.488431325368899e-34 8.677273136589338e-30 2736
2.74241 1.122945880044663e-32 5.707901128794401e-34 9.065051258315443e-30 2276
2.88675 1.259712496129244e-32 7.191439577836791e-34 9.170446658294282e-30 2016
3.03109 1.410129971001541e-32 8.641701039374811e-34 9.312030869924174e-30 1640
3.17543 1.775677785932983e-32 1.065838460199777e-33 1.066799791564588e-29 1056
3.31976 2.004417031608975e-32 1.274521028955529e-33 1.100878145684502e-29 683
3.4641 2.029490771012595e-32 1.431810773059249e-33 1.025365872718102e-29 350
3.60844 2.272931261673608e-32 1.71708405034762e-33 1.059302929259905e-29 192
3.75278 2.63686656314366e-32 1.872919656098664e-33 1.131651422088184e-29 44
3.89711 3.804156266730305e-32 4.571844292669167e-33 1.510628615222214e-29 25


0.144338 8.085743765376689e-05 4.267442079387849e-07 56.30600320219055 18
0.288675 0.0001902337841157701 5.053334786188705e-07 22.11531299362067 62
0.433013 0.0001303468238571982 5.912955403164441e-07 6.183045883415151 98
0.57735 0.0001496732615590751 1.070101472067032e-06 3.849512448629561 210
0.721688 0.0002325481419158872 9.237142230508205e-07 3.712940852031034 350
0.866025 0.0001805163365087697 1.73148920907617e-06 2.023387347541892 450
1.01036 0.0002191767718891931 2.465789536670692e-06 1.779489926570298 602
1.1547 0.0002750938265128912 3.845282099901357e-06 1.695157950309128 762
1.29904 0.0003691073073680537 6.062704220231331e-06 1.798711730521638 1142
1.44338 0.000407645999278793 6.701158184150915e-06 1.60621632622276 1250
1.58771 2.56273091515141e-33 4.778551459537054e-35 8.303831067766267e-30 1458
1.73205 3.308967912737479e-33 6.966569759619328e-35 8.971330846382379e-30 1814
1.87639 3.832843043579078e-33 9.665303880351759e-35 8.866336425980363e-30 2178
2.02073 4.960319487321833e-33 1.295763972661568e-34 9.877402809856624e-30 2498
2.16506 5.838590561490318e-33 1.606153664469498e-34 1.008799668540692e-29 2622
2.3094 6.910946511447313e-33 2.136276117535273e-34 1.047683576440751e-29 3191
2.45374 8.02856041108789e-33 2.632407298089548e-34 1.078055781937488e-29 3044
2.59808 9.066246258207617e-33 3.307964236302874e-34 1.08662526584023e-29 2736
2.74241 1.058232413839257e-32 4.300965197575941e-34 1.136847972153527e-29 2276
2.88675 1.230584122514388e-32 5.070468454850715e-34 1.190589312164525e-29 2016
3.03109 1.422527888960326e-32 5.902294841930236e-34 1.247732053953538e-29 1640
3.17543 1.787885894558261e-32 7.758480673639722e-34 1.427696550144725e-29 1056
3.31976 1.899758881151218e-32 9.241556895074671e-34 1.387630759614478e-29 683
3.4641 1.786204052494232e-32 1.138812870252133e-33 1.202469548800336e-29 350
3.60844 2.257169681914541e-32 1.129275253493941e-33 1.39709169974101e-29 192
3.75278 3.533357724048745e-32 1.608152140684835e-33 2.013571101057407e-29 44
3.89711 3.57603347611102e-32 2.922432120251013e-33 1.885686684047699e-29 25


0.144338 0.0001449718472141788 5.709278575326659e-08 100.4852317940911 18
0.288675 0.0001012049727772904 4.648969703846826e-07 15.71260507370779 62
0.433013 0.0001003299449163558 3.956060704454576e-07 5.983193950852288 98
0.57735 0.0001687080015131735 4.767866582027512e-07 5.293969476508238 210
0.721688 0.0001378295309785669 8.328944103051206e-07 2.792898364760256 350
0.866025 0.0001529730371158269 1.057194487224539e-06 2.135368062808 450
1.01036 0.0001924227204085048 1.429478961795552e-06 1.942082128359754 602
1.1547 0.0002255562408552893 2.41655391913601e-06 1.73372032544435 762
1.29904 0.0003247197663731399 3.544135116520918e-06 1.967868183279303 1142
1.44338 0.0003026359198935261 4.628681030713931e-06 1.49299067545426 1250
1.58771 2.344625887131251e-33 4.018124508749829e-35 9.507730166904609e-30 1458
1.73205 3.059580590343621e-33 5.643726505833842e-35 1.037145922311749e-29 1814
1.87639 3.666841226127562e-33 7.675401583214286e-35 1.059255514389139e-29 2178
2.02073 4.879723100796514e-33 1.020181308713896e-34 1.212862645969413e-29 2498
2.16506 5.504512647374508e-33 1.309478901491288e-34 1.188271576437322e-29 2622
2.3094 6.624868357037213e-33 1.752681989965634e-34 1.254652921051973e-29 3191
2.45374 7.525194709594245e-33 2.134141558908464e-34 1.262433595452864e-29 3044
2.59808 9.029556340727867e-33 2.678178554872793e-34 1.350953344482836e-29 2736
2.74241 1.015475889967541e-32 3.382790051283988e-34 1.361897748622942e-29 2276
2.88675 1.174847294081951e-32 4.250969573387406e-34 1.4202266031318e-29 2016
3.03109 1.401761295499694e-32 4.454170488014521e-34 1.53368668510599e-29 1640
3.17543 1.647984576427981e-32 6.264607975153785e-34 1.643937923089519e-29 1056
3.31976 1.703444502915055e-32 7.558178469973841e-34 1.555176772375469e-29 683
3.4641 1.958558193364962e-32 8.391558864283668e-34 1.642165331908296e-29 350
3.60844 1.891770770587648e-32 9.64387801477798e-34 1.464964476085908e-29 192
3.75278 3.346692560475346e-32 1.186622852536004e-33 2.379467262820265e-29 44
3.89711 4.251341921494033e-32 1.534251567035458e-33 2.78135601429579e-29 25


0.144338 4.136303267957993e-05 2.294565093843612e-07 50.23159549736382 18
0.288675 7.830603029534912e-05 3.507856899314917e-07 14.90338086125755 62
0.433013 7.655378168822986e-05 3.010639830380305e-07 5.546569829554622 98
0.57735 0.0001280996401964941 3.830151105823991e-07 4.857997645318711 210
0.721688 9.265023428158059e-05 7.086271848698304e-07 2.290598222557875 350
0.866025 0.0001360508613697975 6.789605406070755e-07 2.270938331478244 450
1.01036 0.0001509144221918973 1.064923167616846e-06 1.832282234151736 602
1.1547 0.0001972031412436711 1.596832437442327e-06 1.813825079303088 762
1.29904 0.0002307372723081724 2.890995352558099e-06 1.688808831934849 1142
1.44338 0.0002634595234409572 3.1123029138857e-06 1.555988476182295 1250
1.58771 2.453344223261499e-33 3.193981898635774e-35 1.19073367392695e-29 1458
1.73205 2.870205029817028e-33 4.744615912122964e-35 1.168165190071909e-29 1814
1.87639 3.758514756904839e-33 6.30896862737979e-35 1.300955279553548e-29 2178
2.02073 4.738295642626681e-33 8.351138155571302e-35 1.412146491205437e-29 2498
2.16506 5.395832548837382e-33 1.047255596197649e-34 1.396162010909134e-29 2622
2.3094 6.53046029665838e-33 1.41951788662993e-34 1.482373262000594e-29 3191
2.45374 7.491101239225952e-33 1.685435377014254e-34 1.505544513301899e-29 3044
2.59808 8.918768649026532e-33 2.218319471121128e-34 1.599821598370476e-29 2736
2.74241 9.863145295975598e-33 2.752498516659257e-34 1.5858259325661e-29 2276
2.88675 1.240466805493758e-32 3.380814799336526e-34 1.795355638156394e-29 2016
3.03109 1.275341227200274e-32 3.904733935599499e-34 1.675398263694514e-29 1640
3.17543 1.591277440223094e-32 4.987830167770414e-34 1.902682422942835e-29 1056
3.31976 1.66306763477914e-32 5.964561408319743e-34 1.819379531049292e-29 683
3.4641 1.895075235491067e-32 6.693709081898971e-34 1.904549410848283e-29 350
3.60844 1.931625266623778e-32 7.865529502830951e-34 1.792270537877591e-29 192
3.75278 2.276760962514601e-32 1.192152868860578e-33 1.951681649044227e-29 44
3.89711 3.168397399056352e-32 1.4448075432157e-33 2.494013411478246e-29 25


0.144338 2.908360838199023e-05 1.983065063321519e-07 46.50627748715334 18
0.288675 9.857419731887315e-05 1.699977270911823e-07 20.47611309876635 62
0.433013 5.705378110949661e-05 2.522212269722564e-07 4.926980372943909 98
0.57735 9.768618798091249e-05 3.263333389259997e-07 4.366321261849542 210
0.721688 9.166770970216066e-05 4.662737709112104e-07 2.617432883342839 350
0.866025 7.983747238998316e-05 7.214121088237522e-07 1.593434171331909 450
1.01036 0.0001267479306382454 8.048802643646663e-07 1.79728312157819 602
1.1547 0.000159672097464163 1.249404426486518e-06 1.717560308882059 762
1.29904 0.0002131253671778995 1.971701791876632e-06 1.81267052797882 1142
1.44338 0.0002139387502651276 2.409517423284754e-06 1.476696282780775 1250
1.58771 2.29613319201752e-33 2.846251177779788e-35 1.302044911701771e-29 1458
1.73205 2.708973154318134e-33 4.209232401965255e-35 1.287908387315339e-29 1814
1.87639 3.620391957289887e-33 5.435004437596835e-35 1.46211242998099e-29 2178
2.02073 4.662786923828343e-33 7.201793995236394e-35 1.620853907161591e-29 2498
2.16506 5.271336971215428e-33 9.414378727815275e-35 1.59175639552876e-29 2622
2.3094 6.306697551176033e-33 1.21250657675076e-34 1.66990617608046e-29 3191
2.45374 6.908095073879943e-33 1.426354619511519e-34 1.620211265963828e-29 3044
2.59808 8.415568663781015e-33 1.952262831353277e-34 1.761879812134721e-29 2736
2.74241 9.660591671269438e-33 2.338899868166468e-34 1.811243717134157e-29 2276
2.88675 1.177653238706248e-32 2.968905094524205e-34 1.989000990863697e-29 2016
3.03109 1.212073714161103e-32 3.405273585879248e-34 1.857926487966426e-29 1640
3.17543 1.537266090220878e-32 4.296591277807247e-34 2.143839416449378e-29 1056
3.31976 1.678604178032217e-32 5.197131104521308e-34 2.141011587973182e-29 683
3.4641 1.891919021274317e-32 5.739664419539315e-34 2.2164977775931e-29 350
3.60844 1.625967486324337e-32 6.143897969383694e-34 1.760264538576563e-29 192
3.75278 2.295951950572093e-32 1.196693324629664e-33 2.299817181867216e-29 44
3.89711 3.279263266108464e-32 1.163504937144033e-33 3.006264514866686e-29 25


0.144338 7.90928212719295e-05 1.198208821860422e-08 91.04873024078184 18
0.288675 7.541419633516981e-05 1.528339307387666e-07 18.381568818365 62
0.433013 4.393014579620533e-05 2.154645172036109e-07 4.437220686330361 98
0.57735 7.982761520027926e-05 2.686797358552424e-07 4.107268335771233 210
0.721688 9.819980856970487e-05 2.724676977575908e-07 3.160879039185428 350
0.866025 9.771098432938341e-05 3.957335231175669e-07 2.179524535125362 450
1.01036 9.558219777969255e-05 7.210150406665594e-07 1.562904075343327 602
1.1547 0.0001367878156809519 9.802889686120126e-07 1.683355766314438 762
1.29904 0.0001806186895514914 1.567065408268705e-06 1.758103535236308 1142
1.44338 0.0001840608057414216 1.880850165761401e-06 1.452764575002347 1250
1.58771 2.247163397411541e-33 2.436961902629434e-35 1.455740888133177e-29 1458
1.73205 2.980274569130953e-33 3.271997968097946e-35 1.61209528801517e-29 1814
1.87639 3.547521594240228e-33 4.816000707027816e-35 1.637764995837139e-29 2178
2.02073 4.464404913542273e-33 6.358854587565314e-35 1.774285066031638e-29 2498
2.16506 5.041547177878968e-33 8.225728690295548e-35 1.740415302601505e-29 2622
2.3094 6.317088167467024e-33 1.027630430373829e-34 1.909685181405309e-29 3191
2.45374 6.829337187899814e-33 1.248103589383323e-34 1.829969170020515e-29 3044
2.59808 8.542958584349126e-33 1.637735556549258e-34 2.041488753816794e-29 2736
2.74241 9.398594759671169e-33 2.017677418799361e-34 2.013213780706598e-29 2276
2.88675 1.105438232791029e-32 2.578757374140086e-34 2.134238318417072e-29 2016
3.03109 1.235217383480669e-32 2.808422550384576e-34 2.160735405021635e-29 1640
3.17543 1.474094415330983e-32 3.59241674136833e-34 2.348091617825043e-29 1056
3.31976 1.658749932843894e-32 4.496150963928727e-34 2.416712659586201e-29 683
3.4641 1.894247753434941e-32 5.115784389690901e-34 2.535488965275357e-29 350
3.60844 1.735311618762453e-32 4.972456980155346e-34 2.142368354127321e-29 192
3.75278 3.008320930686364e-32 7.776687774688138e-34 3.418603785552568e-29 44
3.89711 3.17786825253925e-32 9.093699228858086e-34 3.324703392791935e-29 25


0.144338 1.114279915650284e-05 1.552073854275523e-07 37.6007473756076 18
0.288675 3.704142159086158e-05 2.062399492778135e-07 11.85093571483227 62
0.433013 4.120316105378084e-05 1.656819793106967e-07 4.655724724311456 98
0.57735 6.623034534922684e-05 2.278329044965932e-07 3.864582598181847 210
0.721688 7.735917757082877e-05 2.590048980559683e-07 2.826997505987774 350
0.866025 7.202899006994181e-05 3.944601949093727e-07 1.830707389465133 450
1.01036 9.164262779979818e-05 5.285723640186106e-07 1.678127130521585 602
1.1547 0.0001177951371286122 8.034722731549214e-07 1.633844520420668 762
1.29904 0.0001647025078020956 1.211662007288448e-06 1.801514848759536 1142
1.44338 0.0001627986529444008 1.498613338595033e-06 1.445831604633306 1250
1.58771 2.126095455755038e-33 2.319138246684978e-35 1.553395421585343e-29 1458
1.73205 2.736872080058559e-33 3.057618559180963e-35 1.669313404866332e-29 1814
1.87639 3.591270219703352e-33 4.254766955128029e-35 1.86393336753288e-29 2178
2.02073 4.423690305681973e-33 5.492515839981414e-35 1.976753099617094e-29 2498
2.16506 4.976848807936647e-33 7.240452509350824e-35 1.932454011698124e-29 2622
2.3094 6.002038785415964e-33 9.330138547314981e-35 2.04282835369797e-29 3191
2.45374 6.55785012064147e-33 1.146983133274489e-34 1.978395538093998e-29 3044
2.59808 8.390047962613114e-33 1.456505863015635e-34 2.255390774272633e-29 2736
2.74241 9.199868785617239e-33 1.788349108259813e-34 2.216689974511909e-29 2276
2.88675 1.059078028538138e-32 2.258642201759095e-34 2.300387390507011e-29 2016
3.03109 1.178661814088267e-32 2.556460122662739e-34 2.320710308719514e-29 1640
3.17543 1.429696200455618e-32 3.131686575021072e-34 2.561418637769509e-29 1056
3.31976 1.534954761847162e-32 3.976752269338184e-34 2.517116656488353e-29 683
3.4641 1.680003188662028e-32 4.383407212277633e-34 2.531290457152307e-29 350
3.60844 1.410926449643716e-32 4.866374115581743e-34 1.966281539215746e-29 192
3.75278 2.127134084764763e-32 7.991740176662108e-34 2.733689242042075e-29 44
3.89711 2.723113766878585e-32 7.959027232365702e-34 3.208351024999194e-29 25


