0.018171 7.616916573261127e-07 2.336069486983017e-08 1.078421163386683 18
0.036342 5.018362174275042e-06 2.19174405733091e-07 2.093999273038202 62
0.054513 1.671071234117873e-05 6.084778993053759e-07 3.045419496055907 98
0.072684 4.031080045959377e-05 2.099587526509075e-06 4.09833312888656 210
0.090855 8.224873753877523e-05 4.650522592114258e-06 5.42834432955623 350
0.109026 0.0001222740038254327 7.617260983115588e-06 5.637919379642228 450
0.127197 0.0002008899910644149 1.167831640431328e-05 6.756423522612098 602
0.145368 0.0002800692781465803 1.851706265322421e-05 7.175358621128664 762
0.163539 0.0003743684541759784 3.149663951632202e-05 7.614879673611075 1142
0.18171 0.0004975405332611118 4.283361885547841e-05 8.229410484591718 1250
0.199881 0.0006171600181228019 5.994068213689809e-05 8.410976371471593 1458
0.218052 0.0008437628435025668 7.882028826405914e-05 9.636741852566727 1814
0.236223 0.0009837585294319429 0.0001058135973709573 9.587871127229622 2178
0.254394 0.001236134937538939 0.0001376301329567031 10.3953452454283 2498
0.272565 0.001470394736707658 0.0001848438031660345 10.74543338073231 2622
0.290736 0.001668872554996485 0.0002250026920319337 10.71262069667579 3338
0.308907 0.001902294442130798 0.0002746704556170465 10.83579797065211 3722
0.327078 0.002222172491075251 0.0003429752056005806 11.30407294655797 4170
0.345249 0.002490403234718763 0.0004167421720579686 11.36026016388177 4358
0.36342 0.002730431230775086 0.0005154851279269699 11.23126492004805 5034
0.381591 0.003153592199869151 0.0006125281064225643 11.77389178367944 5714
0.399762 0.003470037553080366 0.000722229793512254 11.80659786904064 5982
0.417933 0.003963211691132555 0.0008704298445019564 12.32981420553591 6602
0.436104 0.004227615551116164 0.0009833480055531744 12.07310331719541 7130
0.454275 0.004676022136328283 0.001183710591084677 12.31017568862076 8034
0.472446 0.005029586053556798 0.001405177811398318 12.2489632568405 8606
0.490617 0.00548322926508394 0.001605693244993226 12.38294369119266 9066
0.508788 0.005959403817728361 0.001875345637117718 12.51372904757561 9962
0.526959 0.00641417648663955 0.002098313580648515 12.5568012152273 10550
0.54513 0.006851159494390665 0.002371513313760013 12.53085095149688 11226
0.563301 0.007553720375201625 0.002686095185467442 12.93706191185726 12146
0.581472 0.0080240142642673 0.003025947611719547 12.89165472676517 12303
0.599643 0.008402910296506756 0.003391972205540002 12.69121222871693 12584
0.617814 0.008950567573978902 0.003856414096604983 12.73899816274638 12120
0.635985 0.009603049079008845 0.004408474533510228 12.89725855202625 11180
0.654156 0.009771986059364694 0.004764652662771971 12.40453055288318 11096
0.672327 0.01036892158807873 0.005294217425887635 12.46201186515258 10056
0.690498 0.01133715027943625 0.005963122034220986 12.91792256532844 9716
0.708669 0.01199671216777667 0.006414148215948524 12.97611836282531 8604
0.72684 0.01291408820145027 0.007265083370863159 13.27609591517783 8060
0.745011 0.01326648400827479 0.007831168884516043 12.98188103327426 7320
0.763182 0.01421543823242967 0.008748448102040247 13.26121919294915 6356
0.781353 0.01486233234952862 0.009507233362519969 13.2252562001748 5348
0.799524 0.01545212680583136 0.01018512330295311 13.12734759347822 4308
0.817695 0.01663923068962924 0.01047755098335019 13.51506364121795 3563
0.835866 0.01640769387270991 0.01215700010680369 12.75954676708422 2448
0.854037 0.0185531303624521 0.01252926641229852 13.81304917096048 1868
0.872208 0.01811567412112177 0.01432171199534841 12.92187754163431 1358
0.890379 0.01837166336241624 0.01314411780027379 12.5712054465029 1062
0.90855 0.02025069673750604 0.01688542405787912 13.32712201118883 776
0.926721 0.01916692365592374 0.01870689701797415 12.14142070193518 432
0.944892 0.02106708622401447 0.01249447171720462 12.79250371693423 200
0.963063 0.02729919372133093 0.01895262621639569 15.92971667853587 168
0.981234 0.02044282360987748 0.009218998112389203 11.51026886690634 56
0.999405 0.03359318538504163 0.002022061774133985 18.24417220009468 7


0.018171 5148.27439626891 74.87947903039917 55432028458.06375 18
0.036342 32496.43468198622 665.7996356610902 71938342622.85304 62
0.054513 77234.80143318385 2477.419999194165 70156933398.32413 98
0.072684 133802.5818721268 7346.450600294699 66151283282.33733 210
0.090855 126280.0065737226 16346.96465860507 40327312144.48752 350
0.109026 53353.88075057675 23608.69229511533 12187948188.41452 450
0.127197 6919.110734485451 31069.28836352142 1540795361.548307 602
0.145368 36161.65831253996 29052.72975356937 4581051335.73655 762
0.163539 157482.9938019455 18545.2773904522 15041518476.69044 1142
0.18171 305397.6900666557 7463.897015839508 23557626203.60414 1250
0.199881 344593.5746740594 843.9874562155649 21858452229.59017 1458
0.218052 289673.8662873443 1653.376093485667 15390328487.71345 1814
0.236223 134847.0726524579 6416.763052709964 6116639476.791114 2178
0.254394 29837.33391751224 9709.707248043414 1174649366.362514 2498
0.272565 5299.547872421005 8378.45712717575 185735121.7296565 2622
0.290736 29070.96196412431 4094.835988477323 868741848.5459647 3338
0.308907 49922.0733617556 1049.325137954134 1320551534.380007 3722
0.327078 42927.66091871143 306.5301775091129 1013627840.043131 4170
0.345249 22900.41490627071 845.3968498495886 484983296.9236236 4358
0.36342 8116.843401342823 1224.382014471931 155176367.1782411 5034
0.381591 3577.351737289139 1067.740945988455 62155302.67097761 5714
0.399762 4499.533328702043 677.8113532071945 71119044.07166938 5982
0.417933 5300.603321109627 369.9711381895378 76535659.00057217 6602
0.436104 4318.300802297168 266.1342566298082 57224182.02534403 7130
0.454275 3279.507555744 222.3695940373664 40059631.51239756 8034
0.472446 2650.921856112075 177.4179829545982 29951646.87088249 8606
0.490617 2340.016686223973 129.3517512244373 24512846.16626107 9066
0.508788 2147.361217934607 100.3841977434924 20913113.37931465 9962
0.526959 1948.149191842668 86.10826973914099 17687175.02721762 10550
0.54513 1517.670912675574 88.33717219216257 12873542.6105475 11226
0.563301 1458.757276343584 84.82587592415284 11586223.41603795 12146
0.581472 1009.358444976626 79.21319503970966 7520789.036448059 12303
0.599643 505.5018180853229 63.84018437610558 3541286.210607568 12584
0.617814 365.2304195613066 31.07342625598234 2410556.511023717 12120
0.635985 240.4685007032878 20.84136769295043 1497587.677656623 11180
0.654156 125.3887159676577 15.31563671095224 738137.8520100188 11096
0.672327 113.2363618515732 8.749603817017041 631011.304621556 10056
0.690498 101.0386810174127 5.532829202119445 533739.1053749805 9716
0.708669 69.73567574556562 5.392257245548099 349713.1081573297 8604
0.72684 47.89197825809465 5.837111768084934 228289.5547612228 8060
0.745011 33.05333837504934 5.023488093395151 149980.5790079714 7320
0.763182 23.30692950402051 4.59808872775444 100828.4896111575 6356
0.781353 18.39615100224637 4.845478011256645 75923.34262280201 5348
0.799524 15.25794966940772 3.332653622019272 60110.99697271446 4308
0.817695 14.57598570134475 2.211183600685061 54893.67569447806 3563
0.835866 10.84659643188071 0.9498785770723602 39101.28182868045 2448
0.854037 9.408336665052822 0.6352519192916454 32470.36171553801 1868
0.872208 9.509508550377181 0.4262590525566074 31440.29380585952 1358
0.890379 4.691909314868975 0.5719464055913261 14883.77386666208 1062
0.90855 2.676655489422153 0.8640657398861952 8168.841709727127 776
0.926721 0.6811726242661256 1.01412521380953 2004.973396290984 432
0.944892 0.2161021763812255 0.9171143096449167 612.6575506621118 200
0.963063 0.05315630185569994 1.262642833904036 149.4460121335831 168
0.981234 0.1365652852679477 0.7837028652662151 359.6935105106239 56
0.999405 0.220640737100516 0.7207279508520523 558.3080003720756 7


0.018171 56.70797250779749 139.3323442244358 11981935336.59511 18
0.036342 34.44453099240945 974.8227189948198 6024732529.866267 62
0.054513 878.967708547859 2636.613217366166 4857597978.841856 98
0.072684 12242.0344271363 5231.271222177208 12957874460.4925 210
0.090855 65089.48298962582 5880.112307867963 37463482979.25319 350
0.109026 144778.8019987339 2963.138176126783 56413563758.52044 450
0.127197 229703.588979756 479.8370076703636 64740989765.9781 602
0.145368 211318.4621463839 1528.317034907303 45257951891.97243 762
0.163539 93582.53683336066 6642.892770865613 15972872553.57726 1142
0.18171 8995.311695522012 10245.36325130247 1351642739.532853 1250
0.199881 32460.46663631454 6925.073434791621 3730168601.782397 1458
0.218052 102945.4454798279 1733.4137549 9774725119.984682 1814
0.236223 90617.45591236473 581.6344533962201 7332089855.435896 2178
0.254394 29127.27888418583 2956.647411740063 2040449745.492361 2498
0.272565 4378.861721070775 3275.670029608874 272613946.3700452 2622
0.290736 20612.35956731067 1179.41449211018 1098794683.052917 3338
0.308907 25009.31913212901 257.1404823321061 1180836785.819099 3722
0.327078 10404.4356371676 680.1333139825509 439199164.6672453 4170
0.345249 3456.010655815646 753.3947548492788 131229763.1948813 4358
0.36342 5046.517277888783 370.4920612161976 172168098.5346739 5034
0.381591 4886.313648080571 198.4365243147248 151172166.6000008 5714
0.399762 3193.429475085045 193.821666953302 90050390.07674022 5982
0.417933 2380.763978125102 151.2228892003336 61376129.48557335 6602
0.436104 1996.877992333408 102.7572796786428 47238619.54157212 7130
0.454275 1160.061678804979 109.2431438570043 25308607.18420652 8034
0.472446 797.840412946593 96.33832740908561 16104361.48258786 8606
0.490617 739.9290424099812 71.81609299925523 13843604.35438986 9066
0.508788 725.4759070480078 55.80492350891464 12616080.48449955 9962
0.526959 670.6879590309613 47.9045664871127 10871970.74082847 10550
0.54513 595.2982286538168 40.19782385953314 9014542.350019552 11226
0.563301 572.3825396146382 38.3972948657684 8115597.09970512 12146
0.581472 488.8679137081312 27.81742312075369 6501271.178038447 12303
0.599643 294.6244262541168 19.79116350899537 3683282.469082672 12584
0.617814 165.2053725639776 12.1514556674268 1946218.161189078 12120
0.635985 99.97125034656639 8.775959529892072 1111371.188577813 11180
0.654156 61.69198676008583 5.57858075118769 648188.9868109809 11096
0.672327 45.40493710711575 3.972687220114354 451648.8937637872 10056
0.690498 35.09085294821034 3.078522782836616 330908.1773656903 9716
0.708669 31.69456410338841 2.073226968162521 283676.3634359579 8604
0.72684 29.78872095375025 1.544867910019203 253376.3554138665 8060
0.745011 21.92608020785624 1.323676448671765 177522.6608380251 7320
0.763182 15.68304745087335 1.301399509577613 121058.9904048708 6356
0.781353 13.77421285939668 1.34903854159633 101424.2443204101 5348
0.799524 9.168202422138608 1.065194735282119 64454.26827144306 4308
0.817695 7.478738841150165 0.7844353261124662 50265.28308596859 3563
0.835866 3.748725476702812 0.494737121960538 24123.5832004744 2448
0.854037 3.30767604795004 0.3553344885121015 20376.52326331126 1868
0.872208 3.694418786079886 0.2403687610806685 21800.00818630486 1358
0.890379 3.499427382716409 0.07955264626909958 19806.66282528202 1062
0.90855 3.143371808889696 0.1234603442240447 17111.15866828521 776
0.926721 1.668302988657995 0.2303799124000822 8743.578234819266 432
0.944892 0.9021714077296802 0.2504848298380939 4535.018422508622 200
0.963063 0.3758954847417414 0.4211996558143497 1820.185809912088 168
0.981234 0.04858570408067223 0.2855155465117615 230.0581674498035 56
0.999405 0.005585144506458908 0.2713385219332485 28.43145710205743 7


0.018171 1014.870139315209 27.22575745351328 34205891043.61364 18
0.036342 8257.751206791303 119.1740236849189 49397721534.91209 62
0.054513 26654.93600522689 122.4906126258004 62874730577.04927 98
0.072684 63249.0852941614 34.66402989998274 80133479356.9025 210
0.090855 89371.06589786093 717.7680583751624 72506249476.07767 350
0.109026 58526.53043476614 3237.780556827307 33324125558.49729 450
0.127197 15411.57020573768 6806.567360760426 6910901900.157421 602
0.145368 12393.53101377252 6872.490656883328 4213182875.104814 762
0.163539 74022.72312239843 2586.153654983101 18176146558.53487 1142
0.18171 105093.3535527267 268.9833608717497 20847888412.73961 1250
0.199881 46372.46854728913 2518.627278354372 7607392210.952224 1458
0.218052 4917.563326241291 4202.582161872499 719036664.7394222 1814
0.236223 30670.88002877365 1585.25960870939 3586707636.697188 2178
0.254394 40945.51615525546 269.3613689653213 4115813935.445712 2498
0.272565 12023.57031936557 1323.905711019119 1055382332.349316 2622
0.290736 4874.684140395285 1114.385855790228 377518340.5338135 3338
0.308907 12756.91426197406 264.5946119966418 867921967.3178747 3722
0.327078 7266.527674385834 314.1058216500822 441696405.3436908 4170
0.345249 2773.754219094836 380.039383749836 151597767.0590645 4358
0.36342 3306.429411231334 191.4512166775574 162468076.1688896 5034
0.381591 2476.024954062108 140.1395353034564 110389406.3162438 5714
0.399762 1951.227066420889 105.1664947310312 79251016.76490633 5982
0.417933 1588.771787170186 73.77306346060021 58979659.71457461 6602
0.436104 954.1433056856151 73.35474555694401 32527877.20463393 7130
0.454275 640.1591205808762 64.22769426525136 20122819.68973746 8034
0.472446 603.9357212027262 45.35244246572352 17549755.75122042 8606
0.490617 543.1019147703319 33.83747190989805 14629108.41507254 9066
0.508788 498.6838431049268 27.33946346471975 12486625.57586408 9962
0.526959 470.466407893984 22.49698102528811 10980214.4468386 10550
0.54513 405.5930913227882 19.35253603829692 8843133.189433802 11226
0.563301 388.2612119491333 18.64958334209083 7926194.825648294 12146
0.581472 266.6987625779194 17.409135329635 5108038.790647766 12303
0.599643 165.7822664035849 11.78177483493914 2984797.217274426 12584
0.617814 103.4202402211376 6.497555820059251 1754357.031925016 12120
0.635985 63.52458200514243 4.618736419137628 1016871.170292754 11180
0.654156 36.70746727644473 3.130806681901536 555399.1063225798 11096
0.672327 28.83191170511085 2.09651614133166 412955.5152115916 10056
0.690498 20.8883698905866 1.738668820447831 283650.056151143 9716
0.708669 17.87113335305588 1.25155826225471 230333.862786706 8604
0.72684 17.98549633179595 0.8629975379117008 220271.2651404517 8060
0.745011 13.22117612295596 0.7399633130800548 154129.9996243441 7320
0.763182 9.376919107262403 0.7292045056338935 104223.50175157 6356
0.781353 7.90073927166313 0.7793899289618836 83773.59230423375 5348
0.799524 5.686901375044173 0.574973963917783 57567.29874537674 4308
0.817695 4.714309031634434 0.4135279682560241 45621.84127422504 3563
0.835866 2.869273264294565 0.222114834158895 26580.96854981572 2448
0.854037 2.009016182665204 0.1973055125894215 17820.50937889599 1868
0.872208 1.284981437270423 0.2185483248507081 10923.49769015599 1358
0.890379 1.163349601483215 0.129819003239408 9484.324942984771 1062
0.90855 1.879779097483163 0.07104627532731446 14732.8432165147 776
0.926721 2.244600510806833 0.01705388650248003 16929.82255531873 432
0.944892 1.873280894568554 0.01906472571424312 13546.16876647567 200
0.963063 2.059007025635613 0.06605777491300684 14308.72494605271 168
0.981234 0.9871478439063526 0.06953060188235428 6620.830678789023 56
0.999405 0.7685456773814658 0.07882686436436032 4973.167946570704 7


0.018171 807.3252825675844 12.33906727429554 35431333286.76414 18
0.036342 4558.936555619601 138.0273339763986 37917127142.74284 62
0.054513 8320.470766653423 607.4948170857599 28433583834.42913 98
0.072684 7863.261519043982 1894.668405869421 15887820253.11922 210
0.090855 1238.076455342393 3624.469646271714 3537020726.521518 350
0.109026 18990.69840125753 3198.986044878346 14870099523.71842 450
0.127197 68381.61869262368 1336.159134383174 36567146625.22552 602
0.145368 88567.73063925278 237.5888570149092 35745822820.56411 762
0.163539 37035.51259621011 2503.583549601587 11973692103.37129 1142
0.18171 4170.297658886691 3865.242918126189 1232336227.202324 1250
0.199881 35955.39040524895 1363.435523862574 7703242556.341959 1458
0.218052 47077.02914217469 344.4006549709995 8410007340.858944 1814
0.236223 9353.643445711354 1729.887230171286 1447359672.488695 2178
0.254394 9970.927366859483 1179.617162456957 1320695937.771677 2498
0.272565 20238.03162232195 170.455898758165 2308003561.809843 2622
0.290736 6285.41987273171 574.3684691423487 632449318.2790011 3338
0.308907 4005.693619420953 448.6425473566986 357710421.6993693 3722
0.327078 5875.933856415158 148.9827698792232 466223579.6349976 4170
0.345249 2669.08226528057 205.3380804307792 190251124.6884758 4358
0.36342 2126.231161183798 134.6678002153519 136517354.3030881 5034
0.381591 1516.861649598069 102.5190145014986 88374752.31990041 5714
0.399762 1260.58643451325 73.3549043333074 66886403.46354529 5982
0.417933 1126.097921634973 46.08115861170504 54589748.77359704 6602
0.436104 688.2190738513041 46.02732964020287 30639506.16557121 7130
0.454275 474.7454551244045 39.92415823028136 19487347.32427366 8034
0.472446 406.5866497319076 30.27390821181945 15431564.52950767 8606
0.490617 358.0470323678137 23.0868169552249 12596075.46974852 9066
0.508788 341.6261679622939 17.914792337475 11170194.0890603 9962
0.526959 323.978346762065 14.64256546636155 9873317.740031475 10550
0.54513 263.4789818883834 13.63368734898705 7501849.998218086 11226
0.563301 263.1379956515016 12.4056136189758 7014345.390605379 12146
0.581472 183.9650888394521 11.30148998612767 4600780.932580832 12303
0.599643 109.8525276220807 7.975416130905513 2582761.536080497 12584
0.617814 68.5631751151433 4.427289367707897 1518734.98938233 12120
0.635985 43.75076553411862 3.014723525849373 914457.9217672005 11180
0.654156 28.50553278944565 1.81768366438752 563055.2097089137 11096
0.672327 19.88719840422791 1.367045658459097 371915.8711741247 10056
0.690498 15.12314063069732 1.085838822990594 268122.3245391261 9716
0.708669 11.13885913308406 0.9036588729071386 187474.3493087527 8604
0.72684 8.334627967512903 0.8493855217351113 133342.7829549131 8060
0.745011 7.825213372114371 0.5704178958992391 119125.9373527732 7320
0.763182 7.213447379495085 0.4191230103421377 104668.0426943122 6356
0.781353 7.664562637239439 0.347276102766743 106068.5672938416 5348
0.799524 5.036628886737075 0.294728777845547 66549.14488960728 4308
0.817695 4.166244846370417 0.2037726331173154 52626.72838914654 3563
0.835866 1.962376821534924 0.1464760114019508 23735.4064542158 2448
0.854037 1.384607434021462 0.1281075702659503 16035.48153664153 1868
0.872208 1.024195060729833 0.1300519920269686 11365.88375018018 1358
0.890379 1.210722089025866 0.05232746163094996 12882.05482566334 1062
0.90855 1.496663854385679 0.03220699300246106 15312.5214948039 776
0.926721 1.201687526273471 0.04126857654993078 11834.24640116565 432
0.944892 0.7702163686089488 0.05586411834194838 7273.604996046708 200
0.963063 0.4327789313020828 0.1227912632173625 3931.838315908153 168
0.981234 0.08362660588304449 0.09272261929912845 736.3337729608668 56
0.999405 0.02480502718387272 0.09105061588039713 213.4084121001439 7


0.018171 0.7003002904931512 40.14601522548116 14958590176.07895 18
0.036342 200.7028903631319 265.0945355092339 10139212979.99981 62
0.054513 2536.96215917072 623.0119084616247 14020007936.44734 98
0.072684 14174.65675643033 909.3399668000417 31312850256.57579 210
0.090855 43052.77191478578 363.7529606788569 56821946069.79208 350
0.109026 54316.45306641348 173.3105783165464 49307618618.52116 450
0.127197 34965.01240947186 1831.588710122218 23425775649.59216 602
0.145368 3202.770424367252 3521.625018262272 2110687259.480157 762
0.163539 25202.25141765214 1883.550469864066 10113678319.55158 1142
0.18171 50865.50406925494 182.4414565513996 16290928715.03683 1250
0.199881 18277.46538703592 1466.848025924607 4872270113.573286 1458
0.218052 6080.234603633611 1820.618702469313 1393124491.256752 1814
0.236223 24336.23225177442 263.3872383812372 4578458167.548481 2178
0.254394 10983.80052534821 662.2534975519872 1789852526.603581 2498
0.272565 3619.112852759836 760.2368379125719 518301039.3068541 2622
0.290736 9136.921065818855 152.7890270252015 1130109668.394028 3338
0.308907 3495.471258670329 296.7789747562907 385146639.7524697 3722
0.327078 2698.930271330033 201.2465376865924 265166484.8496293 4170
0.345249 2610.9592839707 109.915045239202 229469339.1412334 4358
0.36342 1612.020015372542 95.08636579352405 127795357.1323984 5034
0.381591 1195.798457826438 69.41545802772711 86000343.31222141 5714
0.399762 710.3789384006425 65.99157599832719 46604367.63760881 5982
0.417933 766.192998409139 37.01931713755747 45866504.75271928 6602
0.436104 604.0873673667199 27.3631338829301 33182188.3381409 7130
0.454275 394.9535371546563 26.17328872016553 20007087.24663723 8034
0.472446 288.6860069339963 22.55875769275552 13529024.03639884 8606
0.490617 233.8354136607835 18.49120470544373 10159499.08960383 9066
0.508788 229.9218931432582 14.25340265886658 9282278.011570306 9962
0.526959 225.0289434252497 11.40588802733029 8466017.426051918 10550
0.54513 192.8627958282506 9.916492511291285 6778133.346679394 11226
0.563301 196.1277758799192 8.805805026422158 6452816.477624873 12146
0.581472 139.8543136645826 7.89937483749287 4316902.156504116 12303
0.599643 82.8538554983958 5.643748965800835 2404369.161699697 12584
0.617814 51.4327874439936 3.137538659663474 1406159.630752667 12120
0.635985 34.9243986296207 2.002540029638519 900857.6225475922 11180
0.654156 20.68268402676022 1.336584717048533 504253.3207177446 11096
0.672327 14.11368028916306 1.022603698549924 325798.1266133928 10056
0.690498 10.67354058337158 0.8138105958201769 233581.132105265 9716
0.708669 8.685664821330361 0.6170866528138474 180412.2234881947 8604
0.72684 8.724111324549009 0.4380521095399888 172173.7842107647 8060
0.745011 6.850046195964366 0.3411186246481483 128672.8130783209 7320
0.763182 5.202596206924587 0.312494453123129 93170.91200965494 6356
0.781353 4.351133969811454 0.34130769703847 74338.89272185264 5348
0.799524 2.994968022966939 0.2625757421527197 48853.32606690331 4308
0.817695 2.367356659501807 0.1964270649384433 36917.19526926343 3563
0.835866 1.459477696147166 0.1042643336663421 21786.10065108989 2448
0.854037 1.159186310647492 0.08192423110168474 16565.93812547562 1868
0.872208 0.8226639126730347 0.08846229817960236 11266.31241124654 1358
0.890379 0.4189910759117607 0.07349580364915467 5507.517017924741 1062
0.90855 0.8356449971719752 0.04406611314731996 10553.19753357881 776
0.926721 1.143268675394386 0.010972170593394 13891.87812942401 432
0.944892 0.9843427499994787 0.009071259952167447 11467.04644921657 200
0.963063 1.067024387288634 0.03142229358804711 11946.13610156415 168
0.981234 0.4623363046026674 0.03579423956688733 4996.49010408444 56
0.999405 0.3293387870515604 0.04127216237070853 3434.435107380421 7


0.018171 477.7148150032186 5.351271470433211 33007450423.58785 18
0.036342 3728.551491732234 13.26798539248357 44123779205.61417 62
0.054513 10944.59495854745 1.835040246671158 50572124264.67627 98
0.072684 21378.56803287398 152.2901292990888 53234085596.77417 210
0.090855 17502.3885613547 1142.230437208242 28902810731.41998 350
0.109026 2101.128719707862 2276.664507359972 3720875954.896891 450
0.127197 12118.58483874179 2185.246037453215 10256525905.81124 602
0.145368 44456.56677908223 419.5598314894676 26488500446.16872 762
0.163539 34054.15256848972 677.5178492283934 16084890463.44437 1142
0.18171 3623.375104404139 2096.586360975331 1557588885.438782 1250
0.199881 17961.36377901049 897.1705540406629 5682773853.522718 1458
0.218052 25212.23301606511 272.8616667649463 6626479580.37956 1814
0.236223 3520.6460578996 1058.89638171157 818920119.3313907 2178
0.254394 10584.67655425453 382.8544307839383 2049573585.75418 2498
0.272565 8868.088328208882 246.5235031973718 1489144706.309658 2622
0.290736 2192.380711718621 394.0567945968074 327441691.8801638 3338
0.308907 4558.405951819306 120.2924447657913 595617367.7712827 3722
0.327078 2108.958510054864 154.6488606297933 246742537.6603937 4170
0.345249 1748.540442999079 99.6420053502161 183109828.7821223 4358
0.36342 1150.49284109827 78.55117109215436 108642324.1428335 5034
0.381591 1062.007773696565 45.3475880579882 90852543.40590131 5714
0.399762 645.6941702182245 45.10195574494437 50383253.89079852 5982
0.417933 454.4394712949832 36.59281078775097 32423646.06404447 6602
0.436104 441.7578544461403 22.43890484154112 28886080.63057028 7130
0.454275 356.5241025065781 17.08420853771138 21482188.69540581 8034
0.472446 265.370037104781 14.8440592651807 14791730.70101148 8606
0.490617 186.12739351183 13.89216460501897 9623784.850741325 9066
0.508788 156.1308751098744 12.2469939257982 7505057.196431198 9962
0.526959 145.9233464601909 10.44147338946953 6536749.922012424 10550
0.54513 133.006578145902 8.574811922598656 5564443.776129236 11226
0.563301 132.4934823964803 7.911116017266831 5188974.794050015 12146
0.581472 107.8385340902479 6.083325341251574 3960999.78937725 12303
0.599643 70.62869382829571 3.935602639402743 2438380.159292634 12584
0.617814 40.98706461479052 2.335121073370609 1333317.470547912 12120
0.635985 27.34811032873678 1.517985457352464 839372.7744468158 11180
0.654156 15.54318280255903 1.055462848354493 450946.4408113669 11096
0.672327 11.08901855145766 0.7731940055098625 304581.1150069911 10056
0.690498 9.099433947248066 0.5690487763572056 236902.2492735865 9716
0.708669 7.174036947481228 0.4443431444825819 177286.4533669949 8604
0.72684 6.850782281188974 0.3317843443025018 160863.4861036064 8060
0.745011 4.628394588075406 0.3067352933619659 103466.379306136 7320
0.763182 3.318228350726558 0.2860863761340031 70729.03541480385 6356
0.781353 2.617183503726339 0.3100419886759754 53230.33201859814 5348
0.799524 2.571196891958353 0.1833784733582554 49894.67538705077 4308
0.817695 1.733140821250073 0.1567914022151133 32160.9021347183 3563
0.835866 1.161402105469209 0.07813991397350251 20626.50147455455 2448
0.854037 0.8971641193835225 0.06279704831275698 15254.87391147153 1868
0.872208 0.9783390490761915 0.04326110526513723 15932.21188509135 1358
0.890379 0.7134819955407795 0.02864272377693068 11145.86048932676 1062
0.90855 0.3755554152759608 0.05367692759289898 5647.403438617168 776
0.926721 0.1459348944042617 0.06189660547681444 2117.25584092664 432
0.944892 0.204630790359681 0.04720578087402021 2841.320059100401 200
0.963063 0.6274427489320809 0.03824072238080493 8359.497327471629 168
0.981234 0.5772313318048272 0.0113720934091152 7418.669966188882 56
0.999405 0.608880000349855 0.005807832156571695 7548.370369455864 7


0.018171 281.7994966275244 9.877793809937259 27856507612.90981 18
0.036342 1336.192619722711 100.00018865913 24036178324.67661 62
0.054513 1571.570776008041 387.9954399058327 13412413935.08785 98
0.072684 487.5346724299714 1010.99302185216 5698683235.890165 210
0.090855 6221.749568327748 1319.66664194458 13665975341.80052 350
0.109026 26369.08034253203 484.0122369884247 33547811957.80832 450
0.127197 39599.10674308053 148.1340979589744 36095533778.7435 602
0.145368 15302.4228169988 1453.608655275976 10952787457.5748 762
0.163539 4973.819654038744 1744.199818418145 3014246725.363538 1142
0.18171 28059.76796990672 297.2121115482151 12444052669.72333 1250
0.199881 16308.397302773 626.4639818814495 5980338955.924933 1458
0.218052 3481.929774251983 1135.640374128476 1122604899.904778 1814
0.236223 14960.34176060824 171.6377971204009 3888479075.368357 2178
0.254394 5211.86355166809 494.3812696511612 1180436996.5138 2498
0.272565 4247.904436224235 353.7698269106589 833111243.2163461 2622
0.290736 5224.613165074947 121.046725691072 892953876.2985409 3338
0.308907 1743.860467120866 204.8371244609542 266533204.914381 3722
0.327078 2288.85861222719 89.07336252283761 309962307.7332678 4170
0.345249 1313.990416077912 85.19399467790932 159759991.8383466 4358
0.36342 1057.83086154608 54.9905268618514 115789947.8215899 5034
0.381591 636.4692031119724 48.72459599577687 63290763.94843798 5714
0.399762 701.8021258372503 25.33216883397589 63420115.6074677 5982
0.417933 435.0932757071348 25.23408848975711 35977534.41283212 6602
0.436104 289.1224853286941 21.76228105146338 21954068.27640766 7130
0.454275 247.6875025424467 15.88175035624818 17322524.96824614 8034
0.472446 228.4550927167734 10.95295141134132 14765864.50521528 8606
0.490617 191.1177985831726 8.651050354679189 11450595.87546596 9066
0.508788 143.9769790681473 8.703644697285105 8023040.517341776 9962
0.526959 118.8061093306222 8.256483705930355 6172531.69329251 10550
0.54513 95.56291505500428 7.515890253016706 4638842.552294425 11226
0.563301 91.81151711952526 7.191027444846837 4172338.240480314 12146
0.581472 81.7861547038886 5.14350805872855 3484527.860557215 12303
0.599643 57.31819590969333 3.107396113800851 2294825.112017181 12584
0.617814 32.35753295343256 1.899119073317356 1220749.119760332 12120
0.635985 21.14818608507584 1.263136680847505 752798.9383313706 11180
0.654156 12.39263638624232 0.8482073787819157 416966.857538418 11096
0.672327 9.055569887298407 0.607836959777621 288434.9548776741 10056
0.690498 7.462068958981567 0.4452454625104316 225279.5289504594 9716
0.708669 5.844601221453363 0.3499754395422559 167485.1141128644 8604
0.72684 5.358795231948574 0.2750274129731377 145919.1405627075 8060
0.745011 3.475293430476245 0.2603831125954576 90103.09941400928 7320
0.763182 2.6021504555098 0.2317253933462994 64324.49253063824 6356
0.781353 2.248904747686121 0.2369425814479103 53036.15593129314 5348
0.799524 2.109478889532543 0.1437932565079606 47466.614028915 4308
0.817695 1.4631422442184 0.1203234008497467 31481.75265359779 3563
0.835866 1.040820225626885 0.0551462451291159 21431.08226336528 2448
0.854037 0.7909514853781937 0.04549260906327471 15592.78453360398 1868
0.872208 0.646353103346883 0.04447566722087953 12208.4426948355 1358
0.890379 0.2360117451057627 0.04595708429621419 4282.355107274067 1062
0.90855 0.486658968773793 0.0296426889654662 8479.396594360256 776
0.926721 0.7112379623282719 0.008116384297607641 11921.19404196319 432
0.944892 0.623273135559498 0.006002778961965715 10015.38703652513 200
0.963063 0.6714269379735323 0.01957540963931389 10369.418818846 168
0.981234 0.2671933306376724 0.02324242182045992 3984.039422573911 56
0.999405 0.1751524996760876 0.0269363352477485 2520.785162484246 7


0.018171 18.21921866545622 19.44632359751223 17747734405.70369 18
0.036342 436.3188704327041 116.9305692105699 15432416864.33619 62
0.054513 3003.779679379576 225.6327211573254 22315571207.33731 98
0.072684 11919.49884134925 213.0446825823601 40391375880.91708 210
0.090855 24688.91591707636 43.25566008069564 51453277504.46539 350
0.109026 17437.94794763761 642.0317591203483 25687541612.35011 450
0.127197 2868.505698433654 1728.025151764433 4017696480.880893 602
0.145368 12632.51450434457 1182.750918209796 10347734348.60719 762
0.163539 27977.31695671745 144.873440136407 17406571295.18542 1142
0.18171 8612.792225574791 1044.678793768592 4489545826.416888 1250
0.199881 6358.62530405385 895.1938642754942 2723107910.477345 1458
0.218052 17374.75254046989 141.3614371269033 6030372109.684797 1814
0.236223 3124.797042687592 652.3306363652043 956447185.4044755 2178
0.254394 7118.84177876079 247.1085185263297 1821674246.41035 2498
0.272565 5031.606240763976 209.2488020897157 1118245928.438138 2622
0.290736 2015.680698901748 226.9451727647798 396237953.893193 3338
0.308907 2864.097301331971 88.78080465079944 494423287.4500946 3722
0.327078 1332.246281477259 104.9304428552255 206118643.3147702 4170
0.345249 1205.892306622392 63.06878859445038 166754923.2225852 4358
0.36342 866.4479478878787 45.66845684427449 107963631.3080384 5034
0.381591 626.0507723534278 34.38874302234417 70769877.41970327 5714
0.399762 392.9729116085266 31.52180691917917 40523373.5159105 5982
0.417933 394.0818364498016 18.71317486451218 37066156.43075796 6602
0.436104 298.2021209357396 14.51414774626138 25737637.0926519 7130
0.454275 199.4560466810513 13.36836035939116 15877724.89794982 8034
0.472446 148.3770498820338 11.33901284322923 10926765.14557415 8606
0.490617 142.9967390873318 7.96525273060578 9753093.429862138 9066
0.508788 131.5982379239131 6.414153985099549 8341122.031225239 9962
0.526959 122.5554649091773 5.370382035182617 7239154.088193912 10550
0.54513 97.87923622492673 5.076084325752743 5402001.256977447 11226
0.563301 93.545779427231 4.889764911577136 4833620.801177569 12146
0.581472 68.96183007093268 4.150275190250302 3342898.581574583 12303
0.599643 40.87124526218865 2.934601839095022 1862728.79748769 12584
0.617814 24.98106660620858 1.665846600902743 1072545.043164137 12120
0.635985 16.61825889168434 1.090470769807735 673150.6896090566 11180
0.654156 10.56618417954022 0.6771301801649617 404459.4310360885 11096
0.672327 7.551809397190763 0.4954291461285165 273667.8749930945 10056
0.690498 6.018365418210633 0.375393981844043 206731.6574048816 9716
0.708669 4.843183058576621 0.2870132633447566 157900.6386953778 8604
0.72684 4.503996474742797 0.2217319290603246 139524.4498836793 8060
0.745011 2.967911772723572 0.207821872142374 87539.45222645577 7320
0.763182 2.182574280217119 0.1881707919094759 61382.22074508278 6356
0.781353 1.885871420629102 0.1925304519209098 50599.9146636905 5348
0.799524 1.701340368182005 0.1209223088363722 43556.0500384609 4308
0.817695 1.275973534486371 0.09436025556691799 31231.49093008217 3563
0.835866 0.7965533411300885 0.0496525464052909 18661.53696717471 2448
0.854037 0.6165565038511579 0.03991508621206862 13829.19179612285 1868
0.872208 0.395609474833181 0.04563436071464039 8506.177716166208 1358
0.890379 0.4375051257344406 0.02135457952701909 9016.349738360022 1062
0.90855 0.5575644770040294 0.01416942940029027 11047.18631894789 776
0.926721 0.3676246980139006 0.02188903239510199 7013.25366567311 432
0.944892 0.1899812676598879 0.02704844742675422 3477.846246277607 200
0.963063 0.03167457571036569 0.05120041103684252 565.9945329748494 168
0.981234 0.02145711059219707 0.03225305601125652 369.3188613767974 56
0.999405 0.0505282295754638 0.02815191894402831 830.6932763358226 7


0.018171 304.4558262235252 0.9552579501704468 32261993270.31901 18
0.036342 2210.242936316523 0.4290919545436299 39944193733.2532 62
0.054513 5693.986990913151 22.86814497521816 40348597372.90076 98
0.072684 8728.330739336101 254.7248277157926 34091099150.25554 210
0.090855 3205.457032630462 982.4696162503456 10285692309.94925 350
0.109026 2809.427208087526 1172.157397948454 6145524957.36678 450
0.127197 20658.58454931748 466.6408151270095 24409616517.64227 602
0.145368 25163.96853344237 221.2028585593709 22286340616.65767 762
0.163539 4245.268695826508 1171.93387973351 3286609739.742796 1142
0.18171 11447.67606165111 644.4372072730387 6586240380.492657 1250
0.199881 16101.96231378493 173.2800982003056 7500785168.150254 1458
0.218052 2377.230048359505 790.7544443942343 994611082.4735508 1814
0.236223 9205.856217080805 185.7046887609197 3060893545.251837 2178
0.254394 4244.780785496283 308.0034222083041 1226567158.148948 2498
0.272565 3102.130989758266 237.2856071459914 777620601.7277582 2622
0.290736 3342.418232934301 100.6197405808989 730029240.8051577 3338
0.308907 1433.369635418957 129.3129352875933 279442157.5810626 3722
0.327078 1521.875551325792 66.02563565991956 263269612.4071704 4170
0.345249 982.8542009191456 55.0654185698094 152512894.0991984 4358
0.36342 626.2338735661535 44.38518092957275 87658428.57887301 5034
0.381591 564.6369529705335 26.81353224146394 71550472.19282553 5714
0.399762 419.471281428616 21.60168190758905 48426672.16317154 5982
0.417933 264.4360372805181 19.63611909181761 27939709.14624823 6602
0.436104 224.4313063224462 13.74148945810517 21738111.50066344 7130
0.454275 206.9162621914166 9.034750783330692 18449510.63646232 8034
0.472446 155.0103831007572 7.837849312052463 12785701.50852022 8606
0.490617 103.7251699561308 7.691057547139698 7939647.443000899 9066
0.508788 91.38747251789482 6.524471172963563 6501136.490930446 9962
0.526959 84.45041882119845 5.61080202762146 5598062.827352029 10550
0.54513 83.53177608995041 4.208453244218657 5168765.415425199 11226
0.563301 77.91163905203041 4.167705985193471 4513943.836902189 12146
0.581472 61.4480063147027 3.302849796734419 3339036.290733579 12303
0.599643 38.00907775425026 2.264690527619823 1941574.219401918 12584
0.617814 21.72861936294657 1.364152553289677 1045854.276031232 12120
0.635985 14.51964644358099 0.8888356542357952 659334.3660645311 11180
0.654156 9.649549553438877 0.5255982374093948 414021.371050065 11096
0.672327 6.499558894491468 0.4091385990106399 264053.1794638828 10056
0.690498 4.798094956219074 0.3329870712828372 184808.6772663541 9716
0.708669 4.075904010335264 0.2422839136752528 148978.8791172692 8604
0.72684 3.907824788958911 0.1801795874962885 135703.4196391377 8060
0.745011 2.752327056819523 0.1595087234244038 90990.4106747554 7320
0.763182 1.988589337261192 0.1491482166927372 62687.85733522301 6356
0.781353 1.54953699501389 0.1642886656382962 46616.21773442082 5348
0.799524 1.414607038466334 0.1029745470364801 40601.55451397034 4308
0.817695 1.062652061152697 0.08018744695320069 29160.04395495173 3563
0.835866 0.6338736527679122 0.04426217505711783 16649.85130785944 2448
0.854037 0.5149487699776399 0.03391142082532947 12948.44560761947 1868
0.872208 0.3764037796783513 0.03544910868203763 9070.723353606865 1358
0.890379 0.4753901067447845 0.01117937161062207 10978.66107423415 1062
0.90855 0.3620583310223873 0.01922335084950651 8044.266926613007 776
0.926721 0.1152156469954148 0.03112144532112718 2470.667741189028 432
0.944892 0.06333073208717784 0.02889654856336118 1304.882249163155 200
0.963063 0.1560446383549713 0.03409214690929116 3080.120562018498 168
0.981234 0.2151693866543371 0.01393315989421122 4090.696083914267 56
0.999405 0.2610957946971598 0.009149820907925304 4786.739496268286 7


