0.04 9.400477483721181e-06 1.960647007697314e-07 1.884838755499998 18
0.08 5.741892666014395e-05 2.190461998416531e-06 2.493194439821927 62
0.12 0.0002808663500262785 6.542194742803087e-06 5.04541007138558 98
0.16 0.0005569362757881966 2.16549567596978e-05 5.465553201007451 210
0.2 0.0008126285923260517 4.927661417801194e-05 5.124583340856469 350
0.24 0.001251328593444428 9.031461718188232e-05 5.48129941615406 450
0.28 0.001702509642738638 0.0001665503302554482 5.424755476577617 602
0.32 0.002161352656150052 0.0002710749471319878 5.235241155646992 762
0.36 0.003179499988388862 0.0004350029798877275 6.102820377751803 1142
0.4 0.00367048699245588 0.0006622929633859165 5.723939619140049 1250
0.44 0.005075393168132493 0.0008932405118211098 6.514437390309429 1458
0.48 0.00571367888074252 0.001384490215535382 6.144473552229893 1814
0.52 0.006695914650988384 0.001946537979906433 6.141918450734579 2178
0.56 0.007817861990182669 0.002547033601018779 6.185221788368805 2498
0.6 0.008834621052095865 0.003222259475453688 6.071933957676551 2622
0.64 0.01011055022884267 0.004104088409627486 6.098014342544071 3191
0.68 0.01113036630448304 0.005163172406348043 5.951687599267477 3044
0.72 0.0131770643510699 0.006326792252678861 6.289657300488242 2736
0.76 0.01424752173650708 0.008196291761838141 6.096288300117984 2276
0.8 0.01603703529705535 0.009797613680226493 6.186499547499827 2016
0.84 0.01785843854752102 0.01227769058976069 6.252104333835058 1640
0.88 0.01816760665835841 0.01370614241357438 5.793800888674403 1056
0.92 0.0208591450184489 0.01562161563176901 6.08245984338408 683
0.96 0.02459770369443385 0.01769181814469484 6.59562714441905 350
1 0.02464308516841353 0.01667785929785259 6.095906386228473 192
1.04 0.0345337824094761 0.02038823761645329 7.875090082155775 44
1.08 0.03503664790154438 0.02407751320052783 7.354114257449855 25


0.04 1.140663980455721e-06 2.628869359812529e-08 0.9414272895948504 18
0.08 8.867556528488912e-06 2.41505295887937e-07 1.525988233261721 62
0.12 3.852464610867565e-05 8.858020873668119e-07 2.716008316530262 98
0.16 8.748962048351312e-05 2.365912403264235e-06 3.357144321285018 210
0.2 0.0001551759214625854 4.411692168173419e-06 3.815761379620082 350
0.24 0.0002302191855157548 8.347615963539677e-06 3.930573336619202 450
0.28 0.0003575574451786324 1.343359109303459e-05 4.435814112108565 602
0.32 0.0004326773918856022 2.288376251954149e-05 4.081094049376531 762
0.36 0.0006569399591319429 3.55217694617325e-05 4.907976583530426 1142
0.4 0.0008535170110953562 4.874035697219155e-05 5.177778893827618 1250
0.44 0.001113841431595571 6.925125339716496e-05 5.56191716416951 1458
0.48 0.001489558473381602 9.140926960548486e-05 6.228162280043987 1814
0.52 0.001778441619201937 0.0001276605706774869 6.3421326970781 2178
0.56 0.002099487110483939 0.0001659238663390901 6.457434665769665 2498
0.6 0.00249542722317887 0.0002012562755163562 6.666522081682857 2622
0.64 0.002890824176383085 0.0002549420509966696 6.776956718482114 3191
0.68 0.003347825338284753 0.0003064728291813627 6.957145731036078 3044
0.72 0.003813520365774503 0.000384160581185274 7.074756483999704 2736
0.76 0.004409319753423624 0.0004768870703899911 7.331649644155352 2276
0.8 0.004929224071090812 0.0005720681444154785 7.38947796709549 2016
0.84 0.005756380498677785 0.0006923591087145916 7.830715202036736 1640
0.88 0.006167620591141273 0.0007465143953971525 7.642054853628316 1056
0.92 0.005921638680251459 0.0009813893051659884 6.711465065411398 683
0.96 0.008537857791072818 0.0008706643482674051 8.894996389666799 350
1 0.006965351241393896 0.001029272948929558 6.697117465827812 192
1.04 0.009901722368690535 0.001202883676502289 8.776463179643249 44
1.08 0.004446217244411875 0.002321985474781119 3.634757164435053 25


0.04 5.09233222373354e-07 1.118748089526443e-08 0.7678018052185229 18
0.08 3.829305500248071e-06 1.057649508646041e-07 1.17307952077419 62
0.12 1.863257485427794e-05 3.375412914698445e-07 2.304158342233882 98
0.16 3.900351322694764e-05 1.005608012516491e-06 2.624110473088188 210
0.2 6.898366834231285e-05 1.88046733428792e-06 2.968285375723953 350
0.24 0.0001121852585547462 3.243226503963632e-06 3.345853583117536 450
0.28 0.0001773017630514675 5.101613068433078e-06 3.839760682015427 602
0.32 0.0002276188613906101 8.22675603501866e-06 3.746013417441634 762
0.36 0.0003504648999092863 1.258812927536963e-05 4.567043858089118 1142
0.4 0.0004361046004436412 1.807043882397707e-05 4.615042972705733 1250
0.44 0.0005637235789168082 2.576492734881309e-05 4.910125105435839 1458
0.48 0.0007376843499024622 3.487727428899074e-05 5.380046549360393 1814
0.52 0.0009258334459081522 4.623448353807004e-05 5.757498809332439 2178
0.56 0.001135154329080666 5.813097868970708e-05 6.087391903456399 2498
0.6 0.001284596400870598 7.383200978877615e-05 5.984117035337059 2622
0.64 0.001574037684854996 8.804811192503995e-05 6.43304475338579 3191
0.68 0.001808502765564668 0.0001070938133434234 6.552038836348596 3044
0.72 0.00206747964801973 0.0001346267538346563 6.686656405895031 2736
0.76 0.002259242526034512 0.0001755760804614731 6.54987306697248 2276
0.8 0.00262287120117155 0.0002028379820745489 6.854874157597251 2016
0.84 0.003106771331531461 0.0002442343211327237 7.367665837015465 1640
0.88 0.003155435647965572 0.0002744410619675984 6.816503302592333 1056
0.92 0.003811190002422108 0.0002900446476003477 7.527137753355018 683
0.96 0.003212885663099354 0.0004329399002538802 5.839532168294215 350
1 0.004778501746128852 0.000265259460895151 8.005664559476402 192
1.04 0.005854699104407182 0.0003736502858421421 9.044487061303755 44
1.08 0.003897637585492815 0.0006687207698896111 5.546915090413711 25


0.04 3.221746851236329e-07 6.056283821489339e-09 0.7147429425840957 18
0.08 2.512380356222071e-06 5.61866056530752e-08 1.109751865131138 62
0.12 1.27413462387508e-05 1.553125032830341e-07 2.253188100892934 98
0.16 2.35557630065372e-05 5.744422645911379e-07 2.272661911013316 210
0.2 4.028738618001931e-05 1.106444657945338e-06 2.482957336962839 350
0.24 6.515876809082871e-05 1.919822479258287e-06 2.780500724137201 450
0.28 9.691315343188716e-05 3.204639324164214e-06 3.002752764959982 602
0.32 0.0001368226307654537 4.718128061957395e-06 3.217515479825657 762
0.36 0.0002109354904364114 7.202024612339254e-06 3.926150880918862 1142
0.4 0.0002787186849557889 9.752841860298225e-06 4.210496896222582 1250
0.44 0.0003611141824309191 1.384962883350261e-05 4.489571784489203 1458
0.48 0.0004684417358071641 1.890492196127593e-05 4.876165373835188 1814
0.52 0.0005879132152682018 2.512737030005867e-05 5.217841456488997 2178
0.56 0.0007482160954700604 3.033167782452226e-05 5.725034601211113 2498
0.6 0.0008270518449143484 3.953960328247626e-05 5.497606713622703 2622
0.64 0.001007270261147834 4.737839883402739e-05 5.874032170204589 3191
0.68 0.001139368738511274 5.861993777317148e-05 5.89006961828239 3044
0.72 0.001316671621245645 7.251100494975003e-05 6.075991474384937 2736
0.76 0.00148947317667401 9.162733423847267e-05 6.160702253895384 2276
0.8 0.001724596065707139 0.0001061893569452711 6.430269755897276 2016
0.84 0.00205347365318347 0.0001267906314857298 6.947233193992977 1640
0.88 0.002286650270255975 0.0001301609038266141 7.045365540991506 1056
0.92 0.002387787775201978 0.000160163316506162 6.728338930342561 683
0.96 0.002239372406608615 0.0002171000784162597 5.805756134883683 350
1 0.003154418388109585 0.0001395951292821057 7.538601235377063 192
1.04 0.004156320552727133 0.0001754857865693224 9.158012663024243 44
1.08 0.001663462642040716 0.0004114363046420952 3.382477293315535 25


0.04 1.84326228041928e-07 4.803661876777052e-09 0.5760986603397394 18
0.08 1.883010454015225e-06 3.372795531531607e-08 1.088076302466275 62
0.12 7.613339160330939e-06 1.268066370498539e-07 1.769904894766668 98
0.16 1.717141508984168e-05 3.584891125722688e-07 2.159105060606359 210
0.2 2.780011277078221e-05 7.317812963567881e-07 2.233506380609842 350
0.24 4.544331386345642e-05 1.256441465283714e-06 2.524994674854209 450
0.28 7.451222665337805e-05 1.908428771094717e-06 3.000709684765251 602
0.32 0.0001042462596978291 2.831066300494347e-06 3.186100021391068 762
0.36 0.0001492087510016671 4.653313841234406e-06 3.611357303000041 1142
0.4 0.0001980584834689512 6.262264107484548e-06 3.889707069207726 1250
0.44 0.0002565641032026669 8.895722559984217e-06 4.146389184177398 1458
0.48 0.0003242721669915463 1.245250884548359e-05 4.388102194858758 1814
0.52 0.0004338495803962165 1.551269858308295e-05 5.003377650626926 2178
0.56 0.000515503295788692 2.015152732543325e-05 5.126772044957575 2498
0.6 0.0006262896185985532 2.373572591161601e-05 5.408531400928817 2622
0.64 0.0007148812068562975 3.045465028754663e-05 5.417385722133907 3191
0.68 0.0008359054640144716 3.644706878657884e-05 5.614510070169597 3044
0.72 0.0009815272873643351 4.435162331062529e-05 5.884461568562569 2736
0.76 0.001146129604845003 5.434179336650476e-05 6.158091949969912 2276
0.8 0.001247999417005774 6.6947268637237e-05 6.045781525491211 2016
0.84 0.001555115221456807 7.636623242630241e-05 6.83459069669378 1640
0.88 0.001576850041407066 8.618909680183941e-05 6.312789191275533 1056
0.92 0.001782417308831723 9.791646005033733e-05 6.524662168617017 683
0.96 0.001643592749898664 0.0001346837801085099 5.536003654182594 350
1 0.002183325376957415 9.510339453423453e-05 6.779074790076584 192
1.04 0.00310676173002069 0.0001063694328339298 8.892225989958469 44
1.08 0.001644346604362309 0.000227952201274869 4.339333721616187 25


0.04 1.537310865612626e-07 3.127935717106185e-09 0.5942435135794578 18
0.08 1.235842838246789e-06 2.786025845077679e-08 0.9029378104752307 62
0.12 3.720197602600488e-06 1.349827399653572e-07 1.103149646107061 98
0.16 1.33029537758401e-05 2.461094809254271e-07 2.064189093080687 210
0.2 2.120380524377324e-05 5.162106584090215e-07 2.101568437584187 350
0.24 3.445768469075295e-05 8.90751214638735e-07 2.360315637886612 450
0.28 5.861968115644139e-05 1.296709175889677e-06 2.906859902589878 602
0.32 8.053984521228678e-05 1.967975190066318e-06 3.031148028474095 762
0.36 0.0001132949773488402 3.286915740100107e-06 3.376756573703707 1142
0.4 0.0001518667267359025 4.383943915478693e-06 3.671771831539045 1250
0.44 0.0001928991166234795 6.360616426541826e-06 3.83817847562273 1458
0.48 0.0002622782140654388 8.294541249155995e-06 4.367093551939443 1814
0.52 0.0003320532271774091 1.088768117046626e-05 4.713115768962192 2178
0.56 0.0004126893403960062 1.346283579745175e-05 5.049916071986873 2498
0.6 0.000458878337526114 1.746034786759562e-05 4.877839009750686 2622
0.64 0.0005743269187385497 2.032694386636718e-05 5.354749212157835 3191
0.68 0.000653602515333322 2.508700526797599e-05 5.401749687772919 3044
0.72 0.0007561900761537593 3.094055097523295e-05 5.578467342763191 2736
0.76 0.0009142737883343714 3.662702405597077e-05 6.043744903965774 2276
0.8 0.0009675441971171059 4.643256850518078e-05 5.767236174857607 2016
0.84 0.001144391900563435 5.571096827738943e-05 6.189280616608369 1640
0.88 0.001273924170421281 5.722712584538628e-05 6.274236325648202 1056
0.92 0.001300744415081377 7.194085664137628e-05 5.859407567650436 683
0.96 0.001749791450589537 6.844262813542251e-05 7.2451126939189 350
1 0.001325122101531775 8.517497135782058e-05 5.06513627426133 192
1.04 0.001416476357343816 0.0001261159501221183 4.994512842101007 44
1.08 0.002382793595151621 9.919962750775028e-05 7.723572335770676 25


0.04 1.253656947432525e-07 2.273481262376999e-09 0.5865306962119562 18
0.08 8.772315163781686e-07 2.329892894223367e-08 0.7831747060749877 62
0.12 3.164512139872677e-06 9.846746398072727e-08 1.117772112926419 98
0.16 9.694001344916304e-06 2.036219298652724e-07 1.799170254706046 210
0.2 1.72332604347112e-05 3.792868104026019e-07 2.0319885852086 350
0.24 2.69265898652995e-05 6.813463089796535e-07 2.19496724297882 450
0.28 4.539979130850488e-05 1.00359905513572e-06 2.677455529768906 602
0.32 6.067691604477014e-05 1.564674319322546e-06 2.716071491425261 762
0.36 9.484621945001431e-05 2.343870155657965e-06 3.357199702072812 1142
0.4 0.0001144418446912547 3.480206843760796e-06 3.289140423786818 1250
0.44 0.0001602204959270239 4.57039338531142e-06 3.785756198872875 1458
0.48 0.0002045565074442515 6.335524409926026e-06 4.046280029816988 1814
0.52 0.0002657870376356674 8.128835109777103e-06 4.48057353320578 2178
0.56 0.0003302408419518776 1.003650428016736e-05 4.799091902563968 2498
0.6 0.000372290062996877 1.286966418977644e-05 4.699397951111702 2622
0.64 0.0004483881035676499 1.560811885091499e-05 4.965055809006656 3191
0.68 0.0005381787593835418 1.81434807105467e-05 5.280979514741024 3044
0.72 0.0005928117922883411 2.360685622719535e-05 5.193448680095436 2736
0.76 0.0006785728683994661 2.946694963287742e-05 5.327939704271005 2276
0.8 0.0008035494529894631 3.349004016761792e-05 5.686580009978775 2016
0.84 0.0009874488697294104 3.868008402718136e-05 6.339581511249247 1640
0.88 0.001085066025738092 3.998923052160919e-05 6.344076924197691 1056
0.92 0.001052411029198283 5.315971253031665e-05 5.628784975414613 683
0.96 0.001424115215434183 5.029997635917731e-05 7.000723663954179 350
1 0.001239466072974215 5.488862746343969e-05 5.622759101220762 192
1.04 0.001455711788803551 7.81629461302575e-05 6.089920591581419 44
1.08 0.0009843062066904394 0.0001187940335737233 3.795879853820364 25


0.04 8.04340853937222e-08 2.259471856701369e-09 0.4884201840360037 18
0.08 8.387474891059378e-07 1.578024802574484e-08 0.8580540255532412 62
0.12 3.797839641438188e-06 5.112338732711162e-08 1.516311244688348 98
0.16 6.852556221942596e-06 1.846034014932344e-07 1.490692808259293 210
0.2 1.422629939707075e-05 2.953463109564813e-07 1.946713602491054 350
0.24 2.141729188871122e-05 5.517458135081668e-07 2.026996888592769 450
0.28 3.629624813979208e-05 8.108898595361168e-07 2.482790855927836 602
0.32 4.741288920818161e-05 1.289108090754647e-06 2.461908808832751 762
0.36 7.233509936581147e-05 1.987878637834504e-06 2.969675946580081 1142
0.4 9.850361568240437e-05 2.605198524879717e-06 3.278370783476348 1250
0.44 0.0001257977183802963 3.758731164677745e-06 3.444843150393153 1458
0.48 0.0001703143664633816 4.910998122624001e-06 3.9019245851619 1814
0.52 0.000210951734590564 6.6083934884229e-06 4.119903954283217 2178
0.56 0.000264804364349919 8.104713505471883e-06 4.45743793846565 2498
0.6 0.0003090236677378203 9.981621376500555e-06 4.517234216641355 2622
0.64 0.0003580077359782029 1.25876344283214e-05 4.591549041495496 3191
0.68 0.0004446808762205268 1.41542545861257e-05 5.052780644762903 3044
0.72 0.0004855378595715492 1.854740764067874e-05 4.925752617401824 2736
0.76 0.000580283240673189 2.223894590300075e-05 5.275004130881283 2276
0.8 0.000696153545081348 2.489045076491105e-05 5.703395582121763 2016
0.84 0.0008089882284204208 3.047929993297786e-05 6.013961245572783 1640
0.88 0.0007672757303340945 3.651709985476721e-05 5.19700319400872 1056
0.92 0.0009425813006216133 3.840967745118658e-05 5.835592006240143 683
0.96 0.001032151571948764 4.554128093592077e-05 5.876844725373308 350
1 0.0008706157941228784 4.967566089893335e-05 4.575097254125454 192
1.04 0.0009034453689945897 7.425289921469017e-05 4.380332432898155 44
1.08 0.001516264787320603 6.077722631902067e-05 6.756399062900565 25


0.04 8.168067739740758e-08 1.541363873023124e-09 0.5387380028277642 18
0.08 6.822899425421528e-07 1.322827118789361e-08 0.8062307992531932 62
0.12 2.769753215904299e-06 5.000556305846546e-08 1.277887527787401 98
0.16 5.826310175941042e-06 1.488756559565933e-07 1.44604927905196 210
0.2 1.146501220035886e-05 2.502526292161233e-07 1.790167709689801 350
0.24 1.740637708717236e-05 4.621320155509279e-07 1.877704148397108 450
0.28 3.015593653065552e-05 6.655338443038413e-07 2.34770122087704 602
0.32 3.877507907686769e-05 1.07303875124426e-06 2.29174669941669 762
0.36 5.902166655770469e-05 1.657980461145188e-06 2.757156012052099 1142
0.4 8.369652680334074e-05 2.088246466807876e-06 3.167006116668261 1250
0.44 0.0001134885606471734 2.829552426286558e-06 3.53083812213244 1458
0.48 0.0001392428335587944 4.097019811033431e-06 3.627602871555043 1814
0.52 0.0001800386890282447 5.281181147504292e-06 3.996617055055849 2178
0.56 0.0002061744194850503 7.075549627881146e-06 3.947183662370133 2498
0.6 0.0002583660902783959 8.155460170122487e-06 4.29297293940897 2622
0.64 0.0003046780420490945 1.008498460824529e-05 4.441041928542761 3191
0.68 0.00036090507623616 1.189519236493648e-05 4.661622025767144 3044
0.72 0.000410611294039076 1.495530455361906e-05 4.734222493233299 2736
0.76 0.0005021489099342326 1.751751629005518e-05 5.18708251589598 2276
0.8 0.0006053871816840123 1.945142717443451e-05 5.635725489678322 2016
0.84 0.000705774412427353 2.376036122513116e-05 5.961617853220152 1640
0.88 0.000743019471121356 2.574026157707016e-05 5.716243234309011 1056
0.92 0.0007943373483045098 3.102437017987434e-05 5.588529154868107 683
0.96 0.0008841186169654733 3.640835405118458e-05 5.720232991678293 350
1 0.0009107948019276112 3.281525644743061e-05 5.435204349643848 192
1.04 0.001340660170392403 3.586949861956239e-05 7.373511974255267 44
1.08 0.001641669924429823 3.359771428327545e-05 8.30748651078742 25


0.04 6.955305462861224e-08 1.284338820312975e-09 0.5272122189001962 18
0.08 4.832127768899603e-07 1.317956798596828e-08 0.6711003755001532 62
0.12 1.573336724824862e-06 5.909225063180469e-08 0.858588052126301 98
0.16 5.679861938888139e-06 1.08574382909778e-07 1.57237184895755 210
0.2 9.177322704550624e-06 2.225487683509148e-07 1.614101515267437 350
0.24 1.471415163591913e-05 3.893289143166906e-07 1.782302938059577 450
0.28 2.577525755486288e-05 5.538632835854228e-07 2.250596767885476 602
0.32 3.290331500172126e-05 9.002937929140585e-07 2.181148481211778 762
0.36 5.116154665132979e-05 1.362497676110463e-06 2.678724504214193 1142
0.4 6.664385086012573e-05 1.869767220736384e-06 2.829071048004178 1250
0.44 8.9458231010359e-05 2.56288326625948e-06 3.121874091152345 1458
0.48 0.0001224606610047698 3.313473154951975e-06 3.574000737253064 1814
0.52 0.0001539211873700779 4.397566192637484e-06 3.828446856988388 2178
0.56 0.0001974709656244768 5.253662466934425e-06 4.231966369958632 2498
0.6 0.0002240105066718299 6.684898830874829e-06 4.169570057898524 2622
0.64 0.0002733706472998246 7.991022217877244e-06 4.462620345903654 3191
0.68 0.0003081892508724717 9.92325902323897e-06 4.459391430596998 3044
0.72 0.0003757620458997684 1.16599760983448e-05 4.851485276096327 2736
0.76 0.0004343533497141277 1.442873489500559e-05 5.025673931698969 2276
0.8 0.0005205614652837431 1.611547460485319e-05 5.428066546024131 2016
0.84 0.0006097651848922553 1.960024423279949e-05 5.769035759330286 1640
0.88 0.000639203928683952 2.134146165942078e-05 5.507992309101128 1056
0.92 0.0006988198355241103 2.50825151110475e-05 5.506328918713177 683
0.96 0.0007356714287505334 3.10383243450095e-05 5.331846812654672 350
1 0.0006338631868234772 3.301660119194242e-05 4.239761391789584 192
1.04 0.0006886255633027156 4.799286474691831e-05 4.249232169613217 44
1.08 0.0009859031251070243 4.524229949119536e-05 5.59295335297314 25


