0.0228759 1.15164117482394e-06 6.130936725043084e-08 0.8626509757683029 18
0.0457518 7.594286127870247e-06 5.76460739520903e-07 1.608375350462736 62
0.0686277 2.531985227299731e-05 1.596519759135478e-06 2.324557709529172 98
0.0915036 6.117292557480674e-05 5.506476487051311e-06 3.128601810504003 210
0.11438 0.0001250818610235493 1.217195908852654e-05 4.147442205115237 350
0.137255 0.0001863711510219241 1.989315688127743e-05 4.314479933783861 450
0.160131 0.0003068750527628052 3.042362191100833e-05 5.179149435541138 602
0.183007 0.0004288361105063536 4.813468073952067e-05 5.512152852581828 762
0.205883 0.0005745862911787109 8.165502753553386e-05 5.863187296122259 1142
0.228759 0.000765413763326962 0.0001108143726385078 6.35001521598283 1250
0.251635 0.0009514204435620126 0.0001547526534592978 6.503199713842237 1458
0.274511 0.001303388637007835 0.0002031085712506814 7.465059951707276 1814
0.297387 0.001522543632846537 0.0002721582708855726 7.441122627089679 2178
0.320263 0.001916481204329119 0.0003533611887322518 8.081353180632654 2498
0.343139 0.002283285286609758 0.0004738310708972065 8.36658111692538 2622
0.366014 0.002595253141202558 0.0005759050034793849 8.352857301588962 3338
0.38889 0.002962409562295818 0.0007021345472398759 8.460553095868322 3722
0.411766 0.003464938665531063 0.0008755869767986045 8.837146618208394 4170
0.434642 0.003887476234703697 0.001062751273325049 8.890765588452316 4358
0.457518 0.004266558477318582 0.001313243188300904 8.79888430531906 5034
0.480394 0.004932594950661387 0.001558940976602256 9.232744890571338 5714
0.50327 0.005432203993099332 0.001836620286329009 9.266222891400762 5982
0.526146 0.006209096435766139 0.002211752762751628 9.684292670798509 6602
0.549022 0.006628126318319555 0.002496923586302352 9.489422981222905 7130
0.571898 0.007336102486937788 0.003003613486131983 9.682270529406349 8034
0.594773 0.007895671892913687 0.003563343201526386 9.640085765945694 8606
0.617649 0.00861266011317087 0.004069552768061524 9.750912808697134 9066
0.640525 0.009365461779159383 0.004750566550241655 9.858991439552646 9962
0.663401 0.01008498320143105 0.005312856123520021 9.897563635825103 10550
0.686277 0.01077674228125716 0.006001977527435976 9.881367348379806 11226
0.709153 0.01188668248458094 0.006795361662379121 10.20572263720627 12146
0.732029 0.01263143748850067 0.007652232964142967 10.1736522732052 12303
0.754905 0.01323244491248481 0.008574958362465537 10.01891486490728 12584
0.777781 0.01409951747921506 0.00974592615968992 10.05995527502161 12120
0.800656 0.01513186380311863 0.01113771995071039 10.18797219200765 11180
0.823532 0.015402375817509 0.01203427336609834 9.801491725598824 11096
0.846408 0.01634755990536936 0.01336825111546764 9.849473556627663 10056
0.869284 0.01787841264729279 0.01505363065845959 10.21222911153248 9716
0.89216 0.01892279505486813 0.01618861793515705 10.26046505378505 8604
0.915036 0.02037414884561031 0.01833238150577756 10.49989500103456 8060
0.937912 0.02093429593915135 0.01975685256048789 10.26924444760587 7320
0.960788 0.02243598839701456 0.02206670298862966 10.49217797467383 6356
0.983664 0.02346112172323967 0.0239765849307136 10.46555349284884 5348
1.00654 0.005166317367177906 0.005521099658248703 2.200229717806959 4308
1.02942 3.200982679529991e-33 2.056148834680111e-33 1.303139208860665e-30 3563
1.05229 3.462793408466993e-33 2.297130027139772e-33 1.349625292652849e-30 2448
1.07517 3.324877413628799e-33 2.305580947386462e-33 1.240695314754828e-30 1868
1.09804 3.454293537760785e-33 2.2012693579283e-33 1.234895611485691e-30 1358
1.12092 3.433364896046041e-33 2.445567666538165e-33 1.177536746704995e-30 1062
1.1438 3.506680366082634e-33 2.450361626823238e-33 1.156647926598266e-30 776
1.16667 3.757522687427455e-33 2.363742773513021e-33 1.192802277728514e-30 432
1.18955 3.35017059944241e-33 2.350083281108175e-33 1.01965164667244e-30 200
1.21242 3.744898321743926e-33 2.188280406583448e-33 1.095221593709479e-30 168
1.2353 4.183974831258822e-33 1.787386379458829e-33 1.180665973228149e-30 56
1.25817 3.317945071189947e-33 7.135721665108113e-34 9.032248996796491e-31 7


0.0228759 1.252249164539359 6.646008700503666e-05 8425390.109247914 18
0.0457518 9.043674305171431 0.01149566925499087 12189434.40084668 62
0.0686277 23.57334945036511 0.137330533408714 12941251.67112887 98
0.0915036 48.72479654199084 0.8606258499449487 14510833.65713053 210
0.11438 59.17892142080483 3.41111944565596 11335772.07257374 350
0.137255 38.26232823005057 7.147239930933359 5154799.194584024 450
0.160131 13.29619776375145 11.87820800388077 1390663.804265301 602
0.183007 2.424104718001212 13.3510375966139 258519.3834128712 762
0.205883 31.67304318065463 9.356308364512943 1851588.730827266 1142
0.228759 83.44339130140662 3.665467213575663 3891505.269026529 1250
0.251635 102.1920516516306 0.2870340257482055 3913218.892693199 1458
0.274511 78.40075638216703 2.023460943111728 2516010.115367669 1814
0.297387 24.95246666927884 5.668157177346562 687158.1465968271 2178
0.320263 2.615707786622757 6.555981731257955 66022.93183415917 2498
0.343139 15.6196343690263 3.774488595933883 321813.8735255432 2622
0.366014 29.37098719428809 0.8068242261918966 528481.6680330562 3338
0.38889 25.07356627251803 0.4819444805589178 400120.3239899309 3722
0.411766 9.862843582114692 1.491222532392792 140828.0066357247 4170
0.434642 2.841776505816656 1.733937002903273 36625.88166767476 4358
0.457518 4.694077253014523 1.039343112072754 54204.98964737585 5034
0.480394 6.633520549527835 0.4523279726733608 69361.92294875892 5714
0.50327 5.434009134150301 0.3952092571895383 51772.39255470003 5982
0.526146 3.555437759542412 0.4433453172052395 30984.62409369514 6602
0.549022 2.776047144537063 0.3693080612496671 22204.55739198524 7130
0.571898 2.598553691612311 0.2696106565236844 19151.80053190564 8034
0.594773 2.019168325538351 0.254244834295378 13766.8733038229 8606
0.617649 1.401472575162133 0.2665861918944039 8863.774520661509 9066
0.640525 1.123202881155506 0.262140205706284 6606.155159571241 9962
0.663401 1.053653101760376 0.2336861892254376 5776.169555367118 10550
0.686277 1.081174318032596 0.1947069218344202 5535.289741249053 11226
0.709153 1.024703367589334 0.1910903468905405 4912.138484134548 12146
0.732029 0.945038351796965 0.1500163475565141 4248.651616158226 12303
0.754905 0.7553195761793635 0.1027126212912194 3191.505161663119 12584
0.777781 0.4501455181105126 0.08308894398061285 1792.648651523141 12120
0.800656 0.364805841410774 0.06017029302607473 1370.665354372725 11180
0.823532 0.2566602393251577 0.04583659947217483 911.4440326956674 11096
0.846408 0.2119408154371591 0.03681638864006756 712.5345994723363 10056
0.869284 0.2241418821436123 0.02471142680038676 714.1966369283842 9716
0.89216 0.1984536881627216 0.020589136204345 600.2352308778137 8604
0.915036 0.1700494586908801 0.02174505898176155 488.8537319091594 8060
0.937912 0.1273390383836911 0.02164158299603271 348.4835025456418 7320
0.960788 0.0980483008817917 0.02255966038130921 255.838094179238 6356
0.983664 0.08692429244474283 0.02380854231297036 216.369686134338 5348
1.00654 0.01538496707094931 0.004568454731753075 36.56225700127867 4308
1.02942 7.635211181625572e-28 1.523633579356479e-28 1.734304095893615e-24 3563
1.05229 8.258777189415169e-28 1.673469925154575e-28 1.795946209855354e-24 2448
1.07517 8.746361540480738e-28 1.856307493187068e-28 1.820966657936874e-24 1868
1.09804 8.802332116847404e-28 1.902162671514776e-28 1.755663523141715e-24 1358
1.12092 9.39739893162714e-28 2.140002219349735e-28 1.798161692595146e-24 1062
1.1438 1.034914885580067e-27 2.141662309743578e-28 1.904344194348187e-24 776
1.16667 1.16772110590664e-27 2.350557942158756e-28 2.068047500671833e-24 432
1.18955 1.304406634839586e-27 2.010647163072965e-28 2.21455036689983e-24 200
1.21242 1.383934850700891e-27 2.102410632614346e-28 2.25773913268187e-24 168
1.2353 1.063396352799666e-27 3.145928398558299e-28 1.674514967067153e-24 56
1.25817 9.370949008370632e-28 4.762645218008421e-28 1.424197083843805e-24 7


0.0228759 0.1659302550203297 0.0313007746649818 3904048.033974069 18
0.0457518 1.679612363978123 0.1848182983575977 5094550.516888874 62
0.0686277 6.397107536562418 0.334059255719339 6835041.966685146 98
0.0915036 19.28113764080189 0.3509236580920853 10645248.31186326 210
0.11438 37.48967533513917 0.05125208009915463 13036062.76048769 350
0.137255 39.05504468033649 0.6261055385069966 9420793.481962658 450
0.160131 25.8017323599769 2.858522054136629 4593083.912171525 602
0.183007 3.792570311120844 5.15623147203383 606844.3667735225 762
0.205883 9.208252491744474 4.179260650975064 1017052.404503741 1142
0.228759 37.45628577845373 1.221667280221867 3190009.160598082 1250
0.251635 40.76476773831087 0.3086594127599813 2848672.782890223 1458
0.274511 15.56207485539067 2.49623468736623 919926.692749136 1814
0.297387 2.61057207673845 2.972114604608715 138925.656513245 2178
0.320263 16.65616943389476 0.9700326467341081 718011.7947378408 2498
0.343139 18.70446897674172 0.2731508547265268 698603.486707547 2622
0.366014 5.119726532299162 1.11331873627127 169208.2753188449 3338
0.38889 3.128667324066919 0.9677121329141284 91930.39758168087 3722
0.411766 6.805797559365161 0.2793576394805151 176842.3715799041 4170
0.434642 4.388252365797775 0.3290690965047462 102301.8641406455 4358
0.457518 2.16543387736296 0.3932815930852714 45623.40783934074 5034
0.480394 2.231289171157871 0.2469501319732706 42574.28377211118 5714
0.50327 1.709481923426323 0.222171125244372 29725.41722180555 5982
0.526146 1.399677188232646 0.1822068926215048 22245.95358990735 6602
0.549022 1.451028563903912 0.111005021699449 21142.64266901885 7130
0.571898 1.13176306813045 0.1032443293461749 15202.0105890948 8034
0.594773 0.7911566483479172 0.1074081785299421 9835.000193914067 8606
0.617649 0.6608311435361509 0.09474596758020506 7616.70182914963 9066
0.640525 0.6027516475564622 0.08568067984611845 6458.108286636564 9962
0.663401 0.5336980041242138 0.08015443295470737 5330.587248904155 10550
0.686277 0.4922247445312126 0.07205672046504372 4592.215663882321 11226
0.709153 0.4799321355415108 0.06901665973129498 4191.965214219149 12146
0.732029 0.4668156965573797 0.0507073421511019 3823.041849465757 12303
0.754905 0.3331574210201044 0.03841674247282238 2564.740687188004 12584
0.777781 0.2143543420361684 0.02920939748945924 1555.130678673115 12120
0.800656 0.1597548725012122 0.02270904266635822 1093.613688474634 11180
0.823532 0.1280836339472149 0.01515035574110928 828.485417539034 11096
0.846408 0.1012156766315762 0.0128980678811576 619.8522882551188 10056
0.869284 0.09402601359822664 0.0101219022670431 545.79466402148 9716
0.89216 0.07818979912683892 0.009106488280504886 430.8486520050617 8604
0.915036 0.05976860172890067 0.01021638969567617 313.106156101542 8060
0.937912 0.04451185850328845 0.009626133686257941 222.0004264177225 7320
0.960788 0.04238669354047875 0.008416862927991747 201.4968307545718 6356
0.983664 0.0427280897268506 0.008151301918811433 193.7295071710152 5348
1.00654 0.01157262745767803 0.001033436042147096 50.06413721374398 4308
1.02942 7.805428771141538e-28 1.117269089810555e-28 3.229242116545849e-24 3563
1.05229 8.087112526718362e-28 1.204527151054825e-28 3.203101657047251e-24 2448
1.07517 9.014660885793813e-28 1.378546874588253e-28 3.418367342829738e-24 1868
1.09804 8.979119317150711e-28 1.41494890788256e-28 3.261923555651916e-24 1358
1.12092 8.874587479268951e-28 1.484011576158043e-28 3.092892274355448e-24 1062
1.1438 1.013575647869108e-27 1.532421217374948e-28 3.39684653840188e-24 776
1.16667 1.179311223278413e-27 1.631028330012798e-28 3.80375507865443e-24 432
1.18955 9.269196874117336e-28 1.617570371049448e-28 2.866624754298398e-24 200
1.21242 1.211884099804919e-27 2.208448121463018e-28 3.601480093318392e-24 168
1.2353 1.266077237780086e-27 1.441210496059577e-28 3.629851740502687e-24 56
1.25817 1.04963324628852e-27 2.546542175958071e-28 2.90410791219813e-24 7


0.0228759 0.02687700492039597 0.02464890476278796 3104020.216130212 18
0.0457518 0.05355700557392042 0.1929747841709206 1915417.441732112 62
0.0686277 0.03478605858994079 0.5350045250622528 1112781.93748754 98
0.0915036 1.549497900676243 1.09348663120573 1968659.802448888 210
0.11438 10.53310781053 1.045543902240957 5641881.925257024 350
0.137255 23.20760707223663 0.2535645637533173 8168348.470580869 450
0.160131 29.30558187295508 0.2345712649870686 7455026.427904653 602
0.183007 14.20733079872853 1.799212484322717 2810227.044701621 762
0.205883 1.61373910910648 2.751115134211979 319490.1108684308 1142
0.228759 14.80563293770629 1.353557028587275 1851280.740930406 1250
0.251635 23.84666118189655 0.1375842348372787 2422125.430481557 1458
0.274511 9.256104401792378 1.381120483017984 798063.0013785131 1814
0.297387 2.741501020480224 1.557218710131678 208208.2958631513 2178
0.320263 12.30717733665104 0.2925987792099097 769607.7987039991 2498
0.343139 7.5963335576142 0.4848426711107566 413452.625426367 2622
0.366014 1.649388514443966 0.7526751996316443 80536.31903044082 3338
0.38889 4.767058702530577 0.2445542599654975 201719.0255812469 3722
0.411766 3.169697571977799 0.2446212756572913 119833.1080076814 4170
0.434642 1.551196960729449 0.28640886158588 52780.62330302247 4358
0.457518 1.809337382326494 0.1617538774176392 55265.34316189475 5034
0.480394 1.243338008692165 0.1463314177973227 34483.30090192427 5714
0.50327 1.291069308274227 0.09350424099833564 32569.10144441365 5982
0.526146 0.9359995513773606 0.08950344895570986 21595.64946827244 6602
0.549022 0.5632021450103908 0.0931788493999786 11944.74700164887 7130
0.571898 0.5807909655615946 0.06593042861076377 11335.97019123439 8034
0.594773 0.5352612451747972 0.05184284712638602 9657.709267665294 8606
0.617649 0.4746654703491102 0.04350800520880053 7938.813279889209 9066
0.640525 0.4410534402644981 0.03848410242570086 6856.699808043926 9962
0.663401 0.3904179140738355 0.03645133628229032 5658.058568344055 10550
0.686277 0.3146266918174466 0.03754365442075643 4261.006089162893 11226
0.709153 0.3214643684765041 0.03427980040906321 4075.131280727912 12146
0.732029 0.2565990495562224 0.03029552935337436 3051.433623912922 12303
0.754905 0.1772603913327257 0.02347977671998142 1981.65364816007 12584
0.777781 0.130446811655189 0.015713838949132 1373.793297153909 12120
0.800656 0.1034046735067317 0.0115019982851684 1027.356989003455 11180
0.823532 0.07669411955787475 0.00830325151488936 720.0832991187444 11096
0.846408 0.05903850814810433 0.007243401252586623 524.8469006243678 10056
0.869284 0.04749297339658783 0.00660766969374089 400.3023730405183 9716
0.89216 0.03899537049514945 0.005918562496590561 312.0152814796513 8604
0.915036 0.03756418222924948 0.005337378441302196 285.6114360645468 8060
0.937912 0.03807834820664606 0.003835188633864852 275.4578644584244 7320
0.960788 0.03512204088508532 0.003407521120361867 242.1883649814527 6356
0.983664 0.03604561653133496 0.003182534431058775 237.0617691695757 5348
1.00654 0.005452082043666089 0.0007513150476029937 34.24390081993828 4308
1.02942 7.348623942412688e-28 9.04762389550918e-29 4.412221932640029e-24 3563
1.05229 7.333620335368784e-28 9.880536650602687e-29 4.215628420290212e-24 2448
1.07517 8.502311076837697e-28 1.080408413652677e-28 4.678835222409818e-24 1868
1.09804 8.182952046272368e-28 1.181361057288331e-28 4.314375769323732e-24 1358
1.12092 8.978853855356783e-28 1.204950765854454e-28 4.541012437205884e-24 1062
1.1438 9.761002183624149e-28 1.181178252388396e-28 4.747016895526923e-24 776
1.16667 1.039172500262828e-27 1.358866189234969e-28 4.864326080824952e-24 432
1.18955 1.056938646670975e-27 1.272809093786635e-28 4.74284650274642e-24 200
1.21242 1.047210073751486e-27 1.707310769543213e-28 4.516517763074253e-24 168
1.2353 1.162693088475994e-27 1.585082561692971e-28 4.838241423836406e-24 56
1.25817 4.295318973305985e-28 1.318147184090513e-28 1.725714829909757e-24 7


0.0228759 0.1708699494680622 0.002174346040982302 5387970.314495206 18
0.0457518 1.062891919102928 0.03321132214403966 5988653.74138872 62
0.0686277 2.020043493032803 0.1724595526615207 4631604.026490196 98
0.0915036 2.154330008407912 0.6312608032775234 2997728.517572457 210
0.11438 0.3279821386540379 1.334280648658652 842657.3233249004 350
0.137255 4.496673429527419 1.201212598065181 2351056.926039665 450
0.160131 16.5948583808156 0.421467831629305 5597229.251838984 602
0.183007 19.8517334156459 0.2049668698377756 5037240.938225618 762
0.205883 5.689178471760009 1.397306128197285 1201694.148403959 1142
0.228759 3.30066762004755 1.536628513306843 581566.1536435705 1250
0.251635 14.38885718930875 0.2373360677686368 1922661.542355482 1458
0.274511 9.38656038726336 0.6047577641763001 1055551.977025709 1814
0.297387 1.540652404252179 1.062388077153535 157748.4399086993 2178
0.320263 7.908661064661517 0.2290326087365626 649623.6619821248 2498
0.343139 4.595126882566014 0.3693673410085986 329014.6106240008 2622
0.366014 1.512692441392454 0.4560837126983195 96564.65937197956 3338
0.38889 3.465568377059353 0.1372828199061294 192364.5232987348 3722
0.411766 1.570628061063399 0.2173387736043197 78246.70958846346 4170
0.434642 1.420660062745067 0.1501642772131146 63281.30321006112 4358
0.457518 1.104235753256905 0.1189265015231659 44317.11438197244 5034
0.480394 0.9546011617901214 0.08419677100124943 34717.60280633521 5714
0.50327 0.7759630871903482 0.07158919195561006 25706.76222255904 5982
0.526146 0.4941919593410049 0.07292949906993317 14992.13704511049 6602
0.549022 0.4889820630984817 0.0497243741266604 13587.58954000523 7130
0.571898 0.4368089443995883 0.03898404150369759 11179.97835577024 8034
0.594773 0.3682316195102504 0.03350176395198892 8715.736292103484 8606
0.617649 0.3003779734292947 0.03073699353361039 6592.657610167434 9066
0.640525 0.2398039098860182 0.03140705972368989 4895.657586542169 9962
0.663401 0.2153283898202434 0.02897835138349927 4097.384755892585 10550
0.686277 0.2093857955691228 0.02485804322371704 3720.088463478932 11226
0.709153 0.1875962685701683 0.02560421786940851 3121.321066474972 12146
0.732029 0.181275708873208 0.01906564486078319 2827.040526658041 12303
0.754905 0.1392758613679728 0.01332207697813657 2041.103650359905 12584
0.777781 0.09064492923963932 0.0100420220362268 1251.923420631326 12120
0.800656 0.06349006162282335 0.008269322831871864 827.5638076858818 11180
0.823532 0.05168804365901892 0.005471730854265861 636.446844867672 11096
0.846408 0.04209387845941874 0.004509624673811198 490.6774270323082 10056
0.869284 0.03383141953460284 0.004133311644536924 373.9087092130393 9716
0.89216 0.0285243085810194 0.003628454987356569 299.2478987565106 8604
0.915036 0.02431465692227394 0.00362677973395343 242.4767606197036 8060
0.937912 0.02370414362127612 0.00276688223779273 224.8976026352873 7320
0.960788 0.02356592721457091 0.00226157956791856 213.0809385656422 6356
0.983664 0.02527456864652089 0.001990401978310061 217.9337213121109 5348
1.00654 0.003810875945442919 0.0004786176263849487 31.38419401011575 4308
1.02942 6.63556656187669e-28 7.991791244019546e-29 5.224152657463156e-24 3563
1.05229 6.946169049954558e-28 8.480081998727836e-29 5.235286376907969e-24 2448
1.07517 7.544641058017868e-28 9.337410355615797e-29 5.443938409163933e-24 1868
1.09804 8.083464673601789e-28 9.755336024013666e-29 5.587428624930517e-24 1358
1.12092 8.660047951597743e-28 1.03931666682283e-28 5.742258164098191e-24 1062
1.1438 8.391235561541702e-28 1.117331457419123e-28 5.351294341655012e-24 776
1.16667 9.476792286583285e-28 1.238454173864517e-28 5.81647190808647e-24 432
1.18955 9.190171652469313e-28 1.42303096589354e-28 5.408465580438919e-24 200
1.21242 1.162961113324586e-27 1.183063486512222e-28 6.573975289498274e-24 168
1.2353 1.091493072530421e-27 1.509589085036287e-28 5.955213108222383e-24 56
1.25817 1.190490253524946e-27 7.827170108544659e-29 6.2626565120846e-24 7


0.0228759 0.1004130393223084 0.003687988598570429 4774003.90438457 18
0.0457518 0.8837669217783052 0.01298770009774098 6126870.159017853 62
0.0686277 2.746754892847991 0.004305660162878173 6976480.023871465 98
0.0915036 6.080364550101623 0.03525478983451998 8152575.228561611 210
0.11438 5.890505796457766 0.4442472877737652 5242142.497176641 350
0.137255 1.075383539665776 1.086530723365823 992872.0702562046 450
0.160131 2.639702041391122 1.195579029196769 1322931.314398167 602
0.183007 12.81550237846975 0.2942101422327169 4057387.955585641 762
0.205883 11.36918453439343 0.3268660418126915 2842301.249242431 1142
0.228759 1.410416095688999 1.215178588611585 339403.150480378 1250
0.251635 6.21786083274926 0.5787324098980126 1045360.42549264 1458
0.274511 9.508286560587877 0.1793453030754669 1317615.607238903 1814
0.297387 1.415327439336976 0.7430794719209299 178697.705808869 2178
0.320263 4.734518583032382 0.2663488214785568 483512.6547810841 2498
0.343139 3.837950763881467 0.2194335434155967 339998.8560625419 2622
0.366014 1.173129829203582 0.3232302982317821 92983.96667452951 3338
0.38889 2.440061389616297 0.1086799179162288 167848.1998037131 3722
0.411766 1.117663711747759 0.159660941193714 69081.74410501918 4170
0.434642 1.133479648754842 0.09920345680932914 62505.10300399823 4358
0.457518 0.7590197760453997 0.09073100683446909 37777.28261990039 5034
0.480394 0.7618583593488224 0.05441039324013711 34294.01980501392 5714
0.50327 0.451519325245909 0.06340451768671122 18572.59825712425 5982
0.526146 0.4026793145433825 0.0483528356056639 15119.04531268789 6602
0.549022 0.3902915363268548 0.03271172416456049 13422.50117154764 7130
0.571898 0.3212048335424557 0.02797449731656407 10179.63160220309 8034
0.594773 0.2488916459487389 0.02625880919358146 7298.321403687622 8606
0.617649 0.1889597347838417 0.02532587597863326 5140.674522506079 9066
0.640525 0.1823917329739163 0.0218903416202493 4609.694263687477 9962
0.663401 0.1758096641091805 0.01902130647020641 4139.602231859225 10550
0.686277 0.164592229809836 0.01680290574429714 3619.063373278843 11226
0.709153 0.1700128446815285 0.01506945490807002 3498.379313994835 12146
0.732029 0.1351048950216993 0.01353498913137934 2608.039088962151 12303
0.754905 0.09823636025291442 0.01000478479958884 1782.324443535745 12584
0.777781 0.06931768807074708 0.006931321189870627 1184.838791625433 12120
0.800656 0.05434071815596572 0.005116470614774378 876.2145829029049 11180
0.823532 0.03504312838227556 0.004257295182182399 534.2451156654233 11096
0.846408 0.03013670475910999 0.003327399290546158 434.8390206445818 10056
0.869284 0.02770998436215484 0.002651105656388326 378.9065309885675 9716
0.89216 0.02320806217449332 0.002356263573907042 301.2416549779792 8604
0.915036 0.0206846164970704 0.002296462555959592 255.183490968885 8060
0.937912 0.01524134302000988 0.002233274520513677 179.047075261359 7320
0.960788 0.0137732693437117 0.002021708225610346 154.227978422678 6356
0.983664 0.01430456358089745 0.001908820160928007 152.744150110701 5348
1.00654 0.003683526764781088 0.0002449506501282566 37.51621013172961 4308
1.02942 6.293195395877302e-28 7.19756838954347e-29 6.131273863930269e-24 3563
1.05229 6.503944223530522e-28 7.496741587560641e-29 6.066048787854787e-24 2448
1.07517 7.085258096237334e-28 8.528924828457002e-29 6.326678645872481e-24 1868
1.09804 7.640385511984538e-28 8.18265481072115e-29 6.534680107679274e-24 1358
1.12092 7.991039376382651e-28 9.059180642734996e-29 6.556665178362951e-24 1062
1.1438 7.786362492576212e-28 9.990802698848678e-29 6.144627216147429e-24 776
1.16667 8.989894841696875e-28 9.868991511890784e-29 6.826779031148513e-24 432
1.18955 9.574670527613556e-28 1.251679978057843e-28 6.971687339608765e-24 200
1.21242 9.4061517772071e-28 1.090068380343475e-28 6.580214802676204e-24 168
1.2353 9.176214335389881e-28 1.137090834647599e-28 6.194635896573784e-24 56
1.25817 1.602452158504842e-27 9.54446179738219e-29 1.042964388757492e-23 7


0.0228759 0.0009882850268540431 0.009961633006188859 3268089.246079541 18
0.0457518 0.06572172662371648 0.06721106268802336 2568533.150691381 62
0.0686277 0.6179258550940198 0.1420681128922923 2895783.88551465 98
0.0915036 3.074001109328186 0.1739484797073744 5349346.208617767 210
0.11438 7.820937071826134 0.02960390001451715 7887940.114425974 350
0.137255 7.200680179379935 0.2384660635959809 5071800.797885163 450
0.160131 1.985096690794539 0.9288026493960424 1234543.760029183 602
0.183007 2.584605469192352 0.9118871228743037 1115830.629599705 762
0.205883 9.953733609479626 0.1322747728352868 2962337.798382051 1142
0.228759 5.444747015170104 0.5213642400203683 1340425.684296441 1250
0.251635 1.28679001982302 0.7794925568483504 288733.1574564964 1458
0.274511 7.403834821034351 0.127348399353306 1224779.381779805 1814
0.297387 2.609552737173112 0.4250251458088627 376285.222635286 2178
0.320263 2.340177647253464 0.3306418184384271 288893.0719253818 2498
0.343139 3.525458888984568 0.1127588936308091 371788.5348413166 2622
0.366014 0.915297026312317 0.2469091784697517 86876.96850801379 3338
0.38889 1.782878882970036 0.09296456230255565 146464.0680203319 3722
0.411766 0.9148827042231388 0.1170113954178073 67476.16790857921 4170
0.434642 0.8773565689129665 0.07580657890658352 57745.89669603825 4358
0.457518 0.5810941511286194 0.06987098304829202 34531.44100310371 5034
0.480394 0.5930087089991654 0.04122293328636899 31844.41213282992 5714
0.50327 0.3305564530098351 0.05024922367967156 16242.25764843542 5982
0.526146 0.3305403314632424 0.03504968395436021 14799.27127352602 6602
0.549022 0.3006324335906715 0.02514434205417932 12333.28602880935 7130
0.571898 0.2444091664288492 0.0217693213986692 9240.255475105201 8034
0.594773 0.1815555275194767 0.02115057948311261 6353.612616404171 8606
0.617649 0.1476926578560121 0.0191748591729802 4792.749020681923 9066
0.640525 0.1534455692207556 0.01547385218670574 4622.714949220182 9962
0.663401 0.1453951260851556 0.01359841323113565 4081.048340178361 10550
0.686277 0.1413564414301968 0.01139914446652535 3704.183528107731 11226
0.709153 0.1322842890306978 0.01147136015276001 3245.662627702995 12146
0.732029 0.1046266936339208 0.01032090054312158 2408.283005905079 12303
0.754905 0.07227882416089498 0.008016136220659182 1564.064320560572 12584
0.777781 0.0506594728063147 0.005602274322302661 1032.752789253157 12120
0.800656 0.03830734153309083 0.004304371988234883 736.7742805914559 11180
0.823532 0.03067370931628756 0.002869998610361497 557.2532903618937 11096
0.846408 0.0237218804189429 0.002500405291362003 408.0568811387837 10056
0.869284 0.01891254368294264 0.002297183359396828 308.473351734711 9716
0.89216 0.01656032118611587 0.001950600249168492 256.3461060804875 8604
0.915036 0.01628168860430886 0.00171992607533641 239.451010786489 8060
0.937912 0.0154023682843562 0.001310961192959312 215.5094801644873 7320
0.960788 0.01383795669109537 0.001200159981368402 184.5663874575636 6356
0.983664 0.01242296377318961 0.001313455226160768 158.0808174300093 5348
1.00654 0.002203802459790356 0.0002574247394855941 26.77459458425611 4308
1.02942 5.992744360996861e-28 6.66523435875993e-29 6.959833301079299e-24 3563
1.05229 6.319669334996281e-28 6.791334573690625e-29 7.025624134000376e-24 2448
1.07517 7.24278083735638e-28 7.680613329027525e-29 7.708231748411795e-24 1868
1.09804 7.336935841371002e-28 7.873558802580852e-29 7.48020473180806e-24 1358
1.12092 7.171122563058313e-28 8.485535474182654e-29 7.014222512674153e-24 1062
1.1438 7.04741396805332e-28 9.256674296555768e-29 6.629851397864194e-24 776
1.16667 8.65781582779492e-28 8.916666184054217e-29 7.836306212519805e-24 432
1.18955 8.887890411630602e-28 1.194505235959088e-28 7.714672962655061e-24 200
1.21242 9.753441910456454e-28 9.668336702897937e-29 8.131793939214836e-24 168
1.2353 8.908933712401111e-28 1.080662133269726e-28 7.168669738086054e-24 56
1.25817 1.513222675716931e-27 1.267388292021797e-28 1.174188744075944e-23 7


0.0228759 0.04614167273225522 0.00377759537993279 4287155.827108673 18
0.0457518 0.2103375532471971 0.03935666150389837 3588751.47088167 62
0.0686277 0.1821077789584974 0.1435429473384247 1990843.659993144 98
0.0915036 0.08234891999318736 0.3619533331079359 1306568.564439439 210
0.11438 2.234303511494435 0.3979547384732755 3158670.874089558 350
0.137255 6.893962807043886 0.08071718991906855 5591016.399926886 450
0.160131 7.627966810126623 0.1754986546138275 4477394.190226435 602
0.183007 1.366695364507981 0.7987057150612473 768177.4564698641 762
0.205883 3.556656826280747 0.5201809992856384 1296171.678881391 1142
0.228759 7.830239336606167 0.08585677202998002 2193088.075727287 1250
0.251635 1.465677627543303 0.5835679771595186 371208.8651779069 1458
0.274511 3.644374177219517 0.3181788350116657 712205.6043368701 1814
0.297387 3.914734048057146 0.1645494608341457 644096.1101165696 2178
0.320263 0.9880877234253774 0.3496025575330584 147055.505276983 2498
0.343139 2.982062968995549 0.0742180237121052 365271.8560001147 2622
0.366014 0.8924535071195043 0.1818332445767025 98059.49156814597 3338
0.38889 1.299642988079764 0.08664883658961912 124331.8297022977 3722
0.411766 0.7911759841665541 0.08764803052249887 67785.3912517201 4170
0.434642 0.6997310276298846 0.06084870601913587 53553.80598699205 4358
0.457518 0.4564339025205569 0.05660501052460631 31554.95901226717 5034
0.480394 0.4772933420122124 0.03271656629608118 29786.36222857042 5714
0.50327 0.270799052616511 0.03945410786320916 15468.20060198087 5982
0.526146 0.26581562668993 0.02787658334646628 13832.67469301283 6602
0.549022 0.240823613724123 0.02007360518838009 11480.35982555078 7130
0.571898 0.1930056378326955 0.01765534214660413 8479.957561797504 8034
0.594773 0.1408259363144274 0.01733035895792681 5729.032879285886 8606
0.617649 0.1260182687982137 0.01451198400786326 4749.253471208049 9066
0.640525 0.1243176823025976 0.01222239223364 4350.867470988761 9962
0.663401 0.1237779793818343 0.01011833196616416 4034.317082866682 10550
0.686277 0.1118514204055072 0.009256019814919159 3404.91404705994 11226
0.709153 0.1062667801678708 0.009125674717671436 3028.515880652903 12146
0.732029 0.08390648131328585 0.008224341664847317 2243.40600152326 12303
0.754905 0.05500910561314058 0.006688276796920025 1383.18459935583 12584
0.777781 0.04014937175959143 0.004511587355326933 950.7833271188736 12120
0.800656 0.03138697448606494 0.003355642334278935 701.0858132976527 11180
0.823532 0.02280162005392293 0.002478004887453034 481.2915714780236 11096
0.846408 0.01854338128295974 0.002042242924065456 370.5149708830064 10056
0.869284 0.01635517628747704 0.001704734072060896 309.7129826055168 9716
0.89216 0.01448549174915825 0.00142587694368259 260.3151558009145 8604
0.915036 0.01378617513030052 0.001297152631287172 235.4081151886269 8060
0.937912 0.01028083070362099 0.001267206033820532 167.1716782589208 7320
0.960788 0.008510289487187924 0.001231621058771794 131.9534289360539 6356
0.983664 0.008808931126567957 0.00116658749756994 130.2339962318663 5348
1.00654 0.002010238398889959 0.0001810828711616204 28.34932084702715 4308
1.02942 5.720686241123552e-28 6.109650818367408e-29 7.714740302271586e-24 3563
1.05229 5.615829369243098e-28 6.578105935300802e-29 7.250905511179287e-24 2448
1.07517 6.708819211386006e-28 7.09390482097691e-29 8.290963809623032e-24 1868
1.09804 6.475457588988492e-28 7.787919400704442e-29 7.667538858114981e-24 1358
1.12092 6.734726606575522e-28 7.810467359354726e-29 7.649199817302324e-24 1062
1.1438 7.285283570196386e-28 8.26693079160612e-29 7.95668773125649e-24 776
1.16667 8.086814104001679e-28 8.979278767006345e-29 8.49996506695353e-24 432
1.18955 9.921461160551327e-28 1.00357221522066e-28 9.996051870353862e-24 200
1.21242 9.518418570137535e-28 9.025878851450981e-29 9.213976638997367e-24 168
1.2353 7.810011218506786e-28 1.138726812149933e-28 7.299168311799159e-24 56
1.25817 1.443409961945159e-27 1.544827132608085e-28 1.300685790277714e-23 7


0.0228759 0.06928291593033555 0.0001680347348227032 4956059.890755302 18
0.0457518 0.516613485602215 0.0002787328891177761 5845857.940274931 62
0.0686277 1.243114650785047 0.01628060824836883 5404082.029426767 98
0.0915036 1.80596639835136 0.1367642579949153 4469158.93582103 210
0.11438 0.4660915848222454 0.4579307931393323 1414829.648621296 350
0.137255 1.304293988628412 0.4751261345449729 1600909.176911861 450
0.160131 6.383019813731669 0.1317765463486501 4284590.282228666 602
0.183007 6.01147136914244 0.198637252076586 3055959.169719824 762
0.205883 0.7845509848917321 0.6320410081914197 418154.5756096352 1142
0.228759 4.928790846429632 0.2121694046595921 1593766.957161992 1250
0.251635 4.15127684810099 0.2015500717635988 1101093.233996083 1458
0.274511 1.008463574655077 0.4518443945290986 245483.5286094805 1814
0.297387 3.850750452977321 0.0748084321688003 719544.3914381538 2178
0.320263 0.9309435810002248 0.2769517955918564 157514.7993873997 2498
0.343139 2.041596991855724 0.1005786665456126 286274.2522691938 2622
0.366014 1.051460663891322 0.119147725191011 130421.2288259962 3338
0.38889 0.9187481619203545 0.08595970396870876 100590.0309677923 3722
0.411766 0.7002073639566067 0.06735389092009131 68339.13787105441 4170
0.434642 0.5798308151482731 0.04974817019480666 50604.07541636458 4358
0.457518 0.3616316061163654 0.04793034570973059 28541.89611121259 5034
0.480394 0.3981495625303154 0.02644684047906573 28318.47177591177 5714
0.50327 0.2326252615304447 0.03148826933173202 15143.91697816248 5982
0.526146 0.21390329218704 0.02342653193878527 12694.11671362119 6602
0.549022 0.1982997516878893 0.01652149758255288 10774.04957308888 7130
0.571898 0.159980371068158 0.01442761500542151 8010.304603796995 8034
0.594773 0.1147200600771485 0.01437402122753881 5320.36566734814 8606
0.617649 0.1067525848254135 0.01163812400379644 4583.82537004281 9066
0.640525 0.1021322960905025 0.01008363079052401 4073.207294060406 9962
0.663401 0.1047598033302574 0.008049489158007303 3889.426057154953 10550
0.686277 0.08951882953883317 0.007883171170522911 3105.389905601408 11226
0.709153 0.0886757772721052 0.007391635975114162 2878.889686992986 12146
0.732029 0.06782241724338758 0.006896125783892586 2066.240013625338 12303
0.754905 0.04523497828614128 0.005504280900162775 1295.940492966077 12584
0.777781 0.03435283949442123 0.003577660842466931 926.5738985609345 12120
0.800656 0.02575346129647701 0.002771412318205462 655.3491581023088 11180
0.823532 0.01788486229423335 0.002128810541116018 430.1834116412734 11096
0.846408 0.01580381929345592 0.001624702020014525 359.6473631149748 10056
0.869284 0.01459123382169824 0.001286188306548164 314.6152932228724 9716
0.89216 0.01141919307137561 0.001227625662502398 233.8006541364626 8604
0.915036 0.009469060553440763 0.001263177736721226 184.339052270245 8060
0.937912 0.008705438606840213 0.001015549740210739 161.2205772737101 7320
0.960788 0.008823763596799905 0.0008206751979062131 155.6780172469812 6356
0.983664 0.009653601698836575 0.0007085746110249855 162.3755501816624 5348
1.00654 0.001305248129508031 0.0001848465891115856 20.98552798972015 4308
1.02942 5.410924426287092e-28 5.802530381254632e-29 8.311067119705727e-24 3563
1.05229 5.512011170968375e-28 5.816400572572459e-29 8.104188954911343e-24 2448
1.07517 6.05501868738564e-28 6.797541101214462e-29 8.523431625419106e-24 1868
1.09804 6.531140461641985e-28 6.743283546501934e-29 8.805599085129578e-24 1358
1.12092 6.701333757850106e-28 6.862567965337641e-29 8.666776228340009e-24 1062
1.1438 7.562959209769612e-28 7.571662674379862e-29 9.405460377280126e-24 776
1.16667 7.468909699791364e-28 8.403057595361563e-29 8.940928348577116e-24 432
1.18955 9.052536485933408e-28 1.025737026275837e-28 1.038883917810934e-23 200
1.21242 7.07838089978493e-28 1.050428418906857e-28 7.808999404963518e-24 168
1.2353 6.383748770627639e-28 8.563850523594129e-29 6.794347591638137e-24 56
1.25817 1.470821401203397e-27 1.088486085072411e-28 1.508847035889392e-23 7


0.0228759 0.01357066399738796 0.004297810484183638 3796201.412235785 18
0.0457518 0.1885299950677127 0.02304591702870047 3869056.167789828 62
0.0686277 0.8686647436090243 0.0297909591095036 4590661.54808817 98
0.0915036 2.624273501585013 0.01126247895052804 6504551.486711979 210
0.11438 3.502382528211391 0.09541294306127614 5536026.642933543 350
0.137255 0.9431369744772513 0.4163343200843004 1416943.711981671 450
0.160131 1.138472396253807 0.5076633368499976 1144566.201690123 602
0.183007 5.905041441733588 0.08579026955843047 3347303.828097032 762
0.205883 3.363973594234671 0.2787216754273486 1549119.597073773 1142
0.228759 1.06691382651111 0.4696656096993262 448994.8790286296 1250
0.251635 4.665403560939652 0.05781935559422408 1376295.590616276 1458
0.274511 1.271099721752493 0.3412251390583093 335807.5822896793 1814
0.297387 2.301845823706133 0.151860339443752 488746.4114755554 2178
0.320263 1.668350962393514 0.1488830439052001 305869.8528736585 2498
0.343139 1.04465462789597 0.1491536755740321 167430.1502684966 2622
0.366014 1.190866754801791 0.07088059925619264 164724.9915218394 3338
0.38889 0.6542391597060866 0.08387695829960659 80915.49000427696 3722
0.411766 0.6166017749864247 0.05403081099172764 67562.45652759289 4170
0.434642 0.4922417838181607 0.04149923842465998 48259.001909723 4358
0.457518 0.2969192873818481 0.04105192537447708 26354.48681824402 5034
0.480394 0.3352455191626666 0.02226718925319667 26777.25592773205 5714
0.50327 0.2085319087578898 0.02525294885525822 15234.6950316981 5982
0.526146 0.1741607205800599 0.02029154177106747 11615.22238096208 6602
0.549022 0.1646835602701632 0.01412789072157812 10048.61129330998 7130
0.571898 0.1383614294237754 0.01178502131634304 7776.078270885918 8034
0.594773 0.09741324079980138 0.01200961430123037 5072.741246080393 8606
0.617649 0.08936464487251017 0.009843662054126965 4308.645440674059 9066
0.640525 0.08541955852388444 0.008540701236331747 3824.748747887617 9962
0.663401 0.08845607890801568 0.006755788976219639 3686.178119933539 10550
0.686277 0.0750446313528159 0.006667526397614958 2922.20648727357 11226
0.709153 0.07500366722995429 0.006189630236836575 2732.953923936452 12146
0.732029 0.05621245329100812 0.005892399767254058 1922.474192046185 12303
0.754905 0.03877779468850154 0.004558982242226142 1246.835324834181 12584
0.777781 0.02917629133108075 0.002985864349704228 883.1928037886478 12120
0.800656 0.02170865603381264 0.002329784592215438 620.0027008096109 11180
0.823532 0.01591144353733375 0.001702927112375417 429.3790423569335 11096
0.846408 0.01368610258034563 0.001328289865668864 349.4723852602093 10056
0.869284 0.01114722351702103 0.001200706304610489 269.8764030096599 9716
0.89216 0.009539586906558505 0.001040163012099886 219.1987201980091 8604
0.915036 0.008949400883423339 0.000960179468519748 195.3930202815648 8060
0.937912 0.008412715624321094 0.0007429008427270032 174.7148079920254 7320
0.960788 0.00794173011268145 0.0006390035522760164 157.1787821052826 6356
0.983664 0.00693278979576049 0.0007218158513315535 130.933176870439 5348
1.00654 0.001080033062810619 0.0001580342993029985 19.48865145816455 4308
1.02942 5.164746294622577e-28 5.453169008072181e-29 8.901199875148227e-24 3563
1.05229 5.220606676459822e-28 5.721166158868717e-29 8.613484492864475e-24 2448
1.07517 6.068832632318091e-28 6.346261400972426e-29 9.58438029252209e-24 1868
1.09804 5.881016760533598e-28 6.672188154468475e-29 8.89843110050259e-24 1358
1.12092 5.992018213849614e-28 6.869748380746557e-29 8.69692228863593e-24 1062
1.1438 6.730582591733859e-28 7.860657356795776e-29 9.394086818552113e-24 776
1.16667 7.309029611190876e-28 7.573366213074037e-29 9.815747296869154e-24 432
1.18955 8.653183705260869e-28 9.361739932585097e-29 1.114131865983855e-23 200
1.21242 9.058142412727032e-28 7.127075307749027e-29 1.120096534575895e-23 168
1.2353 7.402310592986965e-28 6.626935922440855e-29 8.833700152212982e-24 56
1.25817 1.209965680685188e-27 1.514759146665299e-28 1.393566649004572e-23 7


