0.0144337 6.144512810020666e-08 6.882967750837642e-08 0.4683644441553362 18
0.0288674 4.088313907970092e-07 6.769108290549754e-07 0.5258683382881891 62
0.0433011 1.380650384442765e-06 1.810962001292829e-06 0.620797332100923 98
0.0577348 3.391024229899481e-06 6.264935121910348e-06 0.8057021839198945 210
0.0721685 7.099998810591716e-06 1.352990730042445e-05 1.038272255928091 350
0.0866022 1.086200060011661e-05 2.15745378935248e-05 1.077791020784945 450
0.101036 1.838265806649006e-05 3.192567118460542e-05 1.300115936759116 602
0.11547 2.650051979980445e-05 4.906061578735931e-05 1.413621426971089 762
0.129903 3.672311025322476e-05 7.981140458392519e-05 1.546772107248854 1142
0.144337 5.068768396247747e-05 0.0001051153082314022 1.722108034071122 1250
0.158771 6.520526380455502e-05 0.0001418625597705657 1.817925927469104 1458
0.173204 9.258585349357201e-05 0.0001800368484459961 2.151670627238586 1814
0.187638 0.0001121621329427592 0.0002328760043116675 2.219381754587741 2178
0.202072 0.0001463498376055367 0.0002912497607573325 2.491636073664088 2498
0.216506 0.0001805901978861375 0.0003769343240149011 2.667970771664257 2622
0.230939 0.0002126200965480155 0.0004344482026366363 2.752419746518282 3191
0.245373 0.0002510677716795584 0.0005050465160530367 2.877844924085571 3044
0.259807 0.0003055616626482276 0.000583491287340813 3.122908456341342 2736
0.27424 0.0003501240789594947 0.0007130416797122593 3.206096270176323 2276
0.288674 0.0004198990461763497 0.0008109015842009254 3.463503069562856 2016
0.303108 0.0004567899096720245 0.0009124794440051847 3.417834896277281 1640
0.317541 0.0005630108187439957 0.001040341068727959 3.834269479931865 1056
0.331975 0.0005714179872191104 0.001233433951091483 3.559361466498771 683
0.346409 0.0006851921301006136 0.001303994181002704 3.922003980888286 350
0.360843 0.0008624461519082481 0.001555355619386478 4.552679343876806 192
0.375276 0.001089011356832598 0.001497874821659601 5.295830257760527 44
0.38971 0.0006396148429640448 0.001327060535108208 2.864999361767443 25


0.0144337 6.638275962818794e-09 1.03988361904412e-08 0.4296071263206139 18
0.0288674 5.38209913254449e-08 9.120429009405186e-08 0.4664827444577523 62
0.0433011 1.574748757883899e-07 2.683937786446573e-07 0.4313849298885621 98
0.0577348 4.930728547730898e-07 7.752654196003692e-07 0.6082932504721487 210
0.0721685 1.05327896229725e-06 1.65195614355211e-06 0.7396510197974252 350
0.0866022 1.6182703937193e-06 2.675782232362648e-06 0.7360995344413345 450
0.101036 2.451425663376404e-06 4.277578423841556e-06 0.776081206287466 602
0.11547 3.672588370068977e-06 6.421347953313971e-06 0.8521519138753798 762
0.129903 5.97590807290985e-06 9.104799840459316e-06 1.058032392052908 1142
0.144337 7.453402902592602e-06 1.336996723151901e-05 1.060346401662164 1250
0.158771 9.67363862054552e-06 1.819618078828176e-05 1.118339846779422 1458
0.173204 1.221876611767688e-05 2.515318331108604e-05 1.173492221076931 1814
0.187638 1.492718701789355e-05 3.286991959633449e-05 1.212888485573794 2178
0.202072 1.870653094304426e-05 4.215900810950093e-05 1.30025504733548 2498
0.216506 2.335489103896537e-05 5.453589265436843e-05 1.401768904700278 2622
0.230939 2.697581613922307e-05 6.340353088365219e-05 1.412213885668963 3191
0.245373 2.924632719757222e-05 7.911661772322212e-05 1.35597329800659 3044
0.259807 3.393314659462982e-05 9.402970867353062e-05 1.398394151885718 2736
0.27424 3.909542758731818e-05 0.00011503062373513 1.440444558869269 2276
0.288674 4.510285217232818e-05 0.0001336949925732714 1.492820875142826 2016
0.303108 4.92299074580449e-05 0.0001501139519000735 1.474643925934952 1640
0.317541 5.75689866692694e-05 0.0001767559666768816 1.566338889931381 1056
0.331975 5.764110843440817e-05 0.0002123164906361758 1.436603110506968 683
0.346409 6.811654421611413e-05 0.0002254147911941233 1.553252973424878 350
0.360843 8.218592126345028e-05 0.0002770783646986059 1.725915422464671 192
0.375276 0.0001086212767320839 0.0002543767415871587 2.087278011886145 44
0.38971 6.304553132453747e-05 0.0002306370298187297 1.121525166660585 25


0.0144337 2.732128438459702e-09 4.837207997984474e-09 0.4248656318650297 18
0.0288674 2.45919885414761e-08 3.710189482277337e-08 0.458509501152623 62
0.0433011 6.856892284026426e-08 1.163265306731727e-07 0.4089832475985822 98
0.0577348 2.255247776056601e-07 3.131758275708137e-07 0.5666736970368955 210
0.0721685 4.805948136018298e-07 6.695915952300645e-07 0.668770566846558 350
0.0866022 7.419139894447839e-07 1.081208688103103e-06 0.6535363047464821 450
0.101036 1.105717962220618e-06 1.773530501476967e-06 0.6712724672553595 602
0.11547 1.655164681585838e-06 2.665191510187504e-06 0.7254462489493397 762
0.129903 2.677619104816666e-06 3.784416415240186e-06 0.8806070166893625 1142
0.144337 3.324356687637179e-06 5.627184814084767e-06 0.8748254674279913 1250
0.158771 4.280661113127404e-06 7.739934605285031e-06 0.9104057702302802 1458
0.173204 5.343140775162969e-06 1.085312133981331e-05 0.9415723311571452 1814
0.187638 6.469056322696148e-06 1.430906426758567e-05 0.9611060258030082 2178
0.202072 8.032008358324238e-06 1.85086920718056e-05 1.016727458835946 2498
0.216506 9.928556175200747e-06 2.413816818739636e-05 1.082211967037783 2622
0.230939 1.132870853811202e-05 2.834934644707569e-05 1.073901644468532 3191
0.245373 1.218328587861451e-05 3.544843404272227e-05 1.022889008505721 3044
0.259807 1.407135773593442e-05 4.223547066371494e-05 1.047107015136818 2736
0.27424 1.598377422148834e-05 5.203774216264853e-05 1.062692358673713 2276
0.288674 1.85111800829704e-05 6.031793587700232e-05 1.102018858797974 2016
0.303108 2.01173140744929e-05 6.783128857236389e-05 1.081855613604654 1640
0.317541 2.402717526974805e-05 7.881305068964738e-05 1.169193691100496 1056
0.331975 2.415347190418495e-05 9.403469862851951e-05 1.077667075326544 683
0.346409 2.884014024173171e-05 9.94547879544136e-05 1.17190970563544 350
0.360843 3.688728571949619e-05 0.0001178860565757695 1.374000149840464 192
0.375276 4.475847692964834e-05 0.0001155764401042394 1.52360063092185 44
0.38971 2.732905771635089e-05 0.0001002657517748434 0.862879470905753 25


0.0144337 1.545885204765972e-09 2.960828145071227e-09 0.4233586850131106 18
0.0288674 1.476740203809784e-08 2.108845477300988e-08 0.4545687696711618 62
0.0433011 4.015771408449382e-08 6.848851336911858e-08 0.4002551124287375 98
0.0577348 1.354946126158119e-07 1.773561797573349e-07 0.5466590917916218 210
0.0721685 2.884991268171923e-07 3.797432651143895e-07 0.6341851009099055 350
0.0866022 4.470272808862312e-07 6.106509318014759e-07 0.6123303036136271 450
0.101036 6.612319720777519e-07 1.015742317898082e-06 0.6204258102816285 602
0.11547 9.89305451698929e-07 1.527549464050031e-06 0.6628897071570845 762
0.129903 1.594504840410928e-06 2.17396746880258e-06 0.7915985780623732 1142
0.144337 1.974504595169311e-06 3.254706919186022e-06 0.7820147131929366 1250
0.158771 2.529115314227295e-06 4.508518339274677e-06 0.8063260590535571 1458
0.173204 3.135020242651585e-06 6.372809939498145e-06 0.8267846455380727 1814
0.187638 3.771870186607845e-06 8.450661062205502e-06 0.8365998242196425 2178
0.202072 4.657081068629847e-06 1.098247865588386e-05 0.8772609625328005 2498
0.216506 5.71872814753696e-06 1.439300875540444e-05 0.9256650470809297 2622
0.230939 6.481274259524353e-06 1.698768943961524e-05 0.9101789027963063 3191
0.245373 6.948637299262938e-06 2.12247262033168e-05 0.864318324286554 3044
0.259807 8.031213435286057e-06 2.526163958919771e-05 0.8827495684130351 2736
0.27424 9.072275225222433e-06 3.118184494264646e-05 0.8903990823329738 2276
0.288674 1.05824289338843e-05 3.59865691454302e-05 0.9265261775042287 2016
0.303108 1.155276367343165e-05 4.033716487451843e-05 0.9115022596356895 1640
0.317541 1.405250987441355e-05 4.635923079572512e-05 0.9987199023280172 1056
0.331975 1.449714216861639e-05 5.45168836613846e-05 0.9432939443301466 683
0.346409 1.732687586789237e-05 5.753806916498773e-05 1.023142424870296 350
0.360843 2.297213029634448e-05 6.644843006580016e-05 1.237350939337751 192
0.375276 2.580638039333178e-05 6.880508409655054e-05 1.272758479342553 44
0.38971 1.696899169436056e-05 5.691210727339978e-05 0.7747223212975177 25


0.0144337 1.010404569346967e-09 2.070580937673159e-09 0.4226247551780817 18
0.0288674 1.012271935898122e-08 1.393785565270245e-08 0.4522937632443684 62
0.0433011 2.701362406611489e-08 4.649962556367913e-08 0.3957208948832203 98
0.0577348 9.294746423974293e-08 1.168391784225336e-07 0.5352384162804927 210
0.0721685 1.979295514136848e-07 2.501549414807562e-07 0.6143159613773159 350
0.0866022 3.080617418232815e-07 3.997785195188064e-07 0.5886323126388278 450
0.101036 4.5343482353738e-07 6.720078392268674e-07 0.59135462552889 602
0.11547 6.787383456731106e-07 1.010019324905099e-06 0.6268736934197577 762
0.129903 1.091688268125617e-06 1.437994373111772e-06 0.7397327603058002 1142
0.144337 1.351198385927412e-06 2.162047695571085e-06 0.7286298005635391 1250
0.158771 1.725771781721873e-06 3.0089314594597e-06 0.7468353505031482 1458
0.173204 2.127641306206999e-06 4.283544859581859e-06 0.7610746010178259 1814
0.187638 2.549680394469902e-06 5.70368264043962e-06 0.7656813869970593 2178
0.202072 3.134244144397888e-06 7.44148097724818e-06 0.7974914475774302 2498
0.216506 3.832171470688627e-06 9.784574801668151e-06 0.8365478839658206 2622
0.230939 4.321406485412167e-06 1.159064557926109e-05 0.8169633436723215 3191
0.245373 4.624501548757276e-06 1.447834858443407e-05 0.7745004081851702 3044
0.259807 5.349112312229022e-06 1.721881669476525e-05 0.7894392655629888 2736
0.27424 6.031613006452321e-06 2.125967369098332e-05 0.7943062413357047 2276
0.288674 7.078429065096269e-06 2.444950955938648e-05 0.8284551279643361 2016
0.303108 7.776255131106235e-06 2.729948019661338e-05 0.8179464212888844 1640
0.317541 9.577509758483705e-06 3.113384373328722e-05 0.9034329799036411 1056
0.331975 1.013738595627466e-05 3.610346674961376e-05 0.8730894188551769 683
0.346409 1.2090854659787e-05 3.805799195213823e-05 0.9424510694719791 350
0.360843 1.633531135950245e-05 4.31849956332986e-05 1.15655287989324 192
0.375276 1.739986188350983e-05 4.653867139260404e-05 1.131168646570034 44
0.38971 1.214839348754318e-05 3.701389709181801e-05 0.7285568531082414 25


0.0144337 7.178665928580649e-10 1.564840041065486e-09 0.4221953153799396 18
0.0288674 7.492116316341397e-09 1.006377711558993e-08 0.4507655916565421 62
0.0433011 1.96899238131569e-08 3.430877761241295e-08 0.3929525359377499 98
0.0577348 6.885053441078907e-08 8.41222840577706e-08 0.5277383844732828 210
0.0721685 1.467231572383792e-07 1.799015963578192e-07 0.6012979560081795 350
0.0866022 2.295254872934772e-07 2.852308586553868e-07 0.573211768493861 450
0.101036 3.367113808430987e-07 4.834350157196952e-07 0.572635277332291 602
0.11547 5.046247562408946e-07 7.253819295595273e-07 0.6036401178895563 762
0.129903 8.107763229074283e-07 1.031786098469604e-06 0.7059500028002423 1142
0.144337 1.004647935744306e-06 1.554800731727394e-06 0.6945279644614319 1250
0.158771 1.281657527602792e-06 2.170291468756259e-06 0.7092251669058151 1458
0.173204 1.573097082215097e-06 3.11089177468956e-06 0.7194698781084158 1814
0.187638 1.88040086190616e-06 4.155794122096406e-06 0.7210283931322321 2178
0.202072 2.302842218175637e-06 5.441838210738968e-06 0.7469399853407643 2498
0.216506 2.807362844034091e-06 7.173460427981153e-06 0.7802692561098552 2622
0.230939 3.152039253436184e-06 8.525896399483243e-06 0.7577742198563859 3191
0.245373 3.367084561724962e-06 1.06569042954133e-05 0.7173661530163334 3044
0.259807 3.894068555153421e-06 1.267390948075701e-05 0.729391419984927 2736
0.27424 4.388432677364566e-06 1.564723737594883e-05 0.7329753723858844 2276
0.288674 5.172965555290997e-06 1.794923417313448e-05 0.7651829584918485 2016
0.303108 5.715884333997105e-06 1.997249226690844e-05 0.7577498162293308 1640
0.317541 7.098665165000598e-06 2.265327733068292e-05 0.8404474516624116 1056
0.331975 7.670388362867435e-06 2.596030699059308e-05 0.8265989728476264 683
0.346409 9.126952253706047e-06 2.734179234546364e-05 0.8881227064330626 350
0.360843 1.245546399006675e-05 3.064980402448662e-05 1.096882442111978 192
0.375276 1.280563213665006e-05 3.399802964806532e-05 1.038383567001793 44
0.38971 9.339272261543551e-06 2.622387198859087e-05 0.6959941240919997 25


0.0144337 5.387636492681286e-10 1.24369898306033e-09 0.4219181867998477 18
0.0288674 5.82718794066457e-09 7.708883117035798e-09 0.4496294246783964 62
0.0433011 1.512206846304061e-08 2.673715775551908e-08 0.3910795304284747 98
0.0577348 5.359382502768401e-08 6.428746220484492e-08 0.522308162827525 210
0.0721685 1.143439515975553e-07 1.3721212629227e-07 0.5919404744628294 350
0.0866022 1.798628806250441e-07 2.15531164916681e-07 0.5622330837728324 450
0.101036 2.632987470713613e-07 3.676053763198367e-07 0.5595288789364333 602
0.11547 3.952812984639585e-07 5.501798270296594e-07 0.5874031109060871 762
0.129903 6.348171897463412e-07 7.811857675762342e-07 0.682162499396644 1142
0.144337 7.885208105799776e-07 1.177627756124677e-06 0.6711145950797427 1250
0.158771 1.006037595980984e-06 1.646518615982538e-06 0.6837811706312756 1458
0.173204 1.230330589964222e-06 2.375881930247488e-06 0.6913557203559919 1814
0.187638 1.468480768123482e-06 3.182527494797015e-06 0.6910670641578224 2178
0.202072 1.792427410420428e-06 4.182329639645358e-06 0.7127699185959716 2498
0.216506 2.180638726397503e-06 5.524887685353932e-06 0.7423405283284016 2622
0.230939 2.438438629211142e-06 6.588501298392242e-06 0.7175154012664893 3191
0.245373 2.599419645589447e-06 8.24697665546256e-06 0.678270938028954 3044
0.259807 3.002515816703581e-06 9.815433123273648e-06 0.6875541578338247 2736
0.27424 3.382493585705008e-06 1.211871436792951e-05 0.6902829698160214 2276
0.288674 3.998854013276893e-06 1.38782135723375e-05 0.7204128373373418 2016
0.303108 4.439300921122192e-06 1.539950343547386e-05 0.7148394815059824 1640
0.317541 5.543912012031335e-06 1.739875747418499e-05 0.7942352695542593 1056
0.331975 6.084966991182738e-06 1.975012383450413e-05 0.7910408393310658 683
0.346409 7.227169798935161e-06 2.078516885066329e-05 0.846565735912609 350
0.360843 9.918320735792569e-06 2.309976799276357e-05 1.048024818499915 192
0.375276 9.958866925055096e-06 2.616451278677043e-05 0.971404471644429 44
0.38971 7.492028885121038e-06 1.971228699060558e-05 0.6692185843936203 25


0.0144337 4.204722217615319e-10 1.023684232333311e-09 0.421729348256636 18
0.0288674 4.691055202131658e-09 6.163241421038706e-09 0.4487239373594131 62
0.0433011 1.204839015616644e-08 2.165986875415623e-08 0.3897198234660806 98
0.0577348 4.317546143467541e-08 5.131111991424239e-08 0.5180915759657428 210
0.0721685 9.22536085170331e-08 1.092309476820378e-07 0.5847400617168192 350
0.0866022 1.459622572204461e-07 1.698169559178395e-07 0.5538613636161867 450
0.101036 2.13438806679243e-07 2.909046936472755e-07 0.5497493949759183 602
0.11547 3.211010913083357e-07 4.33967148704149e-07 0.5753405492652633 762
0.129903 5.156665142389502e-07 6.147681407717897e-07 0.6643909461105353 1142
0.144337 6.427577687565595e-07 9.254050527290294e-07 0.6541435002484731 1250
0.158771 8.209562460152523e-07 1.294464682151598e-06 0.6656952368263309 1458
0.173204 1.001107738310396e-06 1.87990160780864e-06 0.6714820365256765 1814
0.187638 1.194040684926783e-06 2.523919947771511e-06 0.6700948633404155 2178
0.202072 1.453161845442165e-06 3.328629806666031e-06 0.6886724762853005 2498
0.216506 1.76538653042907e-06 4.40536387037969e-06 0.7156812771143798 2622
0.230939 1.966356561866392e-06 5.271761737842646e-06 0.6888716071292944 3191
0.245373 2.091210767354586e-06 6.612396144225345e-06 0.6502210748943152 3044
0.259807 2.410008840191284e-06 7.881719982057561e-06 0.6568313097371395 2736
0.27424 2.713514313419326e-06 9.734131829083959e-06 0.6587957665320737 2276
0.288674 3.213143610857686e-06 1.113694029285689e-05 0.6867211996661154 2016
0.303108 3.579674222471014e-06 1.233156269746737e-05 0.6820997547748622 1640
0.317541 4.4867602952622e-06 1.389496295395887e-05 0.7579870881671145 1056
0.331975 4.981924201408171e-06 1.565685954519287e-05 0.7615180492798397 683
0.346409 5.910161312751338e-06 1.646481777729e-05 0.8123518604674875 350
0.360843 8.138053715169771e-06 1.818445387247887e-05 1.006009257939708 192
0.375276 8.042455621029981e-06 2.090989952031358e-05 0.9197939942222276 44
0.38971 6.184904599612534e-06 1.547489859414355e-05 0.6456331855702164 25


0.0144337 3.380169256836727e-10 8.64369993757567e-10 0.4215972797095124 18
0.0288674 3.872434594002359e-09 5.091430489549215e-09 0.4479661820460845 62
0.0433011 9.864124245496697e-09 1.806109503564381e-08 0.3886816761373566 98
0.0577348 3.566121316957774e-08 4.234795108055763e-08 0.5146447265584261 210
0.0721685 7.633066237503971e-08 8.987443763809535e-08 0.5789067200198222 350
0.0866022 1.214994378263073e-07 1.381996468436647e-07 0.5471227208024888 450
0.101036 1.776331149170082e-07 2.373233937166497e-07 0.5420704635822171 602
0.11547 2.678712534238472e-07 3.526762636151235e-07 0.5659232884748957 762
0.129903 4.302771968022638e-07 4.983397456476209e-07 0.6504604523493142 1142
0.144337 5.38683765440546e-07 7.476508580815884e-07 0.6412832619036977 1250
0.158771 6.893275016729024e-07 1.045122643882758e-06 0.6523208187841205 1458
0.173204 8.387959400676923e-07 1.527056295442579e-06 0.65695385665277 1814
0.187638 1.000385048171922e-06 2.054093425131499e-06 0.6549759958109435 2178
0.202072 1.214328093938265e-06 2.718599179752457e-06 0.6711823750110546 2498
0.216506 1.473879655565681e-06 3.604049394090666e-06 0.696421414957167 2622
0.230939 1.635394058762051e-06 4.328639988171114e-06 0.667871203559031 3191
0.245373 1.734735701567151e-06 5.443413079242107e-06 0.6294622518291729 3044
0.259807 1.992839061429737e-06 6.502197073771232e-06 0.6334504773308555 2736
0.27424 2.241831726217115e-06 8.035098299048722e-06 0.6346408218490015 2276
0.288674 2.65589973074393e-06 9.190337492143127e-06 0.6602730686476584 2016
0.303108 2.966167061672002e-06 1.016098712382255e-05 0.655941190564474 1640
0.317541 3.726354692112694e-06 1.142886952232659e-05 0.7282715366464823 1056
0.331975 4.172187611034003e-06 1.280715346114843e-05 0.7358464009375723 683
0.346409 4.946914407033517e-06 1.34572811449697e-05 0.7829401144956871 350
0.360843 6.826550181184097e-06 1.479475361650025e-05 0.9689310698314814 192
0.375276 6.674815065499571e-06 1.719555029533529e-05 0.878174775533615 44
0.38971 5.213429350365551e-06 1.255783623225031e-05 0.6242142336746749 25


0.0144337 2.78190836960517e-10 7.440248439382446e-10 0.4215046865425416 18
0.0288674 3.257859017961674e-09 4.31676939386039e-09 0.4473095415937434 62
0.0433011 8.246830624477543e-09 1.540050992095307e-08 0.3878591902793024 98
0.0577348 3.001285491376282e-08 3.58994504134451e-08 0.5117174604449644 210
0.0721685 6.436532121326203e-08 7.593337852474511e-08 0.5739909961498384 350
0.0866022 1.030861403773994e-07 1.154549274651248e-07 0.5414595778647473 450
0.101036 1.50806572746946e-07 1.983692922733541e-07 0.5357818477730123 602
0.11547 2.280071957144225e-07 2.935209708088281e-07 0.5582574699162315 762
0.129903 3.663798311988964e-07 4.136802724291152e-07 0.6390886965585394 1142
0.144337 4.610682521715608e-07 6.173958461847806e-07 0.6311515219108652 1250
0.158771 5.915137818973926e-07 8.61508053501326e-07 0.6420830049309139 1458
0.173204 7.187441020945229e-07 1.265895064589811e-06 0.6460422221153724 1814
0.187638 8.576324090569902e-07 1.70536369335484e-06 0.643840217769127 2178
0.202072 1.038713784297998e-06 2.264958682137318e-06 0.6582331080429106 2498
0.216506 1.260099730449234e-06 3.007208752273632e-06 0.6822620643697781 2622
0.230939 1.393004787705081e-06 3.6256655312601e-06 0.6521681765153308 3191
0.245373 1.473647366975792e-06 4.572957397080744e-06 0.6137960577467599 3044
0.259807 1.686229840444835e-06 5.477228723908415e-06 0.6152198398345781 2736
0.27424 1.894571731353845e-06 6.774392138018981e-06 0.6156074122635204 2276
0.288674 2.243393163510192e-06 7.750468855911388e-06 0.6388925388236141 2016
0.303108 2.509254263480643e-06 8.561163130935514e-06 0.6343657815867024 1640
0.317541 3.156349487724601e-06 9.619489734795052e-06 0.7031684642760131 1056
0.331975 3.554367906758462e-06 1.073740411046049e-05 0.7129190862238548 683
0.346409 4.214460275692344e-06 1.127290544973102e-05 0.7569768066672022 350
0.360843 5.825026537298999e-06 1.235112451242448e-05 0.9356957771470036 192
0.375276 5.655791079969675e-06 1.446198811161032e-05 0.8434980485703518 44
0.38971 4.465377862495252e-06 1.046009635846695e-05 0.6044776701779297 25


0.0144337 2.334277532102747e-10 6.500243725831746e-10 0.4214412754227612 18
0.0288674 2.781453256349843e-09 3.738401475998946e-09 0.4467260592209987 62
0.0433011 7.010464617957655e-09 1.336703702958779e-08 0.3871895103303831 98
0.0577348 2.562789361752086e-08 3.111032360378932e-08 0.5091597667588443 210
0.0721685 5.507647905591189e-08 6.557334122156661e-08 0.5697215590357737 350
0.0866022 8.875944770343535e-08 9.859221067159602e-08 0.5365342743959369 450
0.101036 1.300259444498666e-07 1.691640370106879e-07 0.5304481678323 602
0.11547 1.971301067729904e-07 2.491461194862443e-07 0.5517903387833258 762
0.129903 3.16905657770296e-07 3.502810112366941e-07 0.6294759112126709 1142
0.144337 4.011539764888012e-07 5.19050798134088e-07 0.6228800687216276 1250
0.158771 5.162535270670251e-07 7.221851300378987e-07 0.6339876595801892 1458
0.173204 6.268346385517927e-07 1.066573725227283e-06 0.6376498838339827 1814
0.187638 7.487104624177296e-07 1.438406406419232e-06 0.6355003878754371 2178
0.202072 9.050845509254686e-07 1.916958375559979e-06 0.6485119168381286 2498
0.216506 1.097852730946029e-06 2.548603725236145e-06 0.6717469672887979 2622
0.230939 1.209327452233666e-06 3.085027866995461e-06 0.6402834062362246 3191
0.245373 1.275916053868886e-06 3.903807925260618e-06 0.6018454078399359 3044
0.259807 1.453301763169411e-06 4.690805194342485e-06 0.6007754952696449 2736
0.27424 1.630323714362569e-06 5.808298355649611e-06 0.6003409572921565 2276
0.288674 1.92787519354387e-06 6.650321436268187e-06 0.6212520177335868 2016
0.303108 2.15776004452192e-06 7.34296836553098e-06 0.6161724571857047 1640
0.317541 2.715399480122296e-06 8.247342359249822e-06 0.6815123426773961 1056
0.331975 3.069044855238656e-06 9.182459924516218e-06 0.6921098994995667 683
0.346409 3.64077940425837e-06 9.631851643912442e-06 0.7336597103631309 350
0.360843 5.038640359045118e-06 1.052642364847469e-05 0.9055840628029255 192
0.375276 4.870981584524499e-06 1.238474697824436e-05 0.8139010441821328 44
0.38971 3.873599679126007e-06 8.898048217827949e-06 0.5861465367627476 25


0.0144337 1.99115955028436e-10 5.745813547048853e-10 0.4214005057311558 18
0.0288674 2.402592879246741e-09 3.295068257133696e-09 0.4461981506783597 62
0.0433011 6.040914582119199e-09 1.177029332519367e-08 0.3866331678172359 98
0.0577348 2.213492769861572e-08 2.74611364332081e-08 0.5068773652045218 210
0.0721685 4.767511685231455e-08 5.767869584924193e-08 0.5659270929525317 350
0.0866022 7.73112847425037e-08 8.579015386048101e-08 0.5321335978215933 450
0.101036 1.134897256440587e-07 1.467272092743784e-07 0.5257908343402018 602
0.11547 1.72553315704706e-07 2.150524944450044e-07 0.546165257503431 762
0.129903 2.775255098680816e-07 3.016986355659718e-07 0.6211017235018622 1142
0.144337 3.535870902040851e-07 4.43038985752518e-07 0.6158990846885096 1250
0.158771 4.566774239856358e-07 6.139556003554185e-07 0.6273779549667862 1458
0.173204 5.544653883452469e-07 9.107063380495732e-07 0.6310465527494976 1814
0.187638 6.632363759295182e-07 1.228965594350874e-06 0.6291648941337444 2178
0.202072 8.00538687951783e-07 1.643276587053516e-06 0.6411418863069044 2498
0.216506 9.71254849003099e-07 2.187305433599717e-06 0.6639049261124512 2622
0.230939 1.066274885104035e-06 2.658617128143406e-06 0.6312343121491699 3191
0.245373 1.12212495123872e-06 3.375964241484371e-06 0.5926995835585294 3044
0.259807 1.271656258015515e-06 4.071435118158497e-06 0.5892207990121329 2736
0.27424 1.423956188552158e-06 5.048261900616748e-06 0.5879627602245786 2276
0.288674 1.680264716013359e-06 5.787202132237179e-06 0.6064930530042625 2016
0.303108 1.88041781075017e-06 6.390342201425618e-06 0.6005932644457467 1640
0.317541 2.365731574401866e-06 7.178334752066493e-06 0.662548721781109 1056
0.331975 2.679014939517049e-06 7.981515337310301e-06 0.6730296753224029 683
0.346409 3.180861407759226e-06 8.364492287698016e-06 0.7124707030200531 350
0.360843 4.407249657966563e-06 9.124410333574622e-06 0.8780783847133364 192
0.375276 4.250544956583784e-06 1.076449146880038e-05 0.7881755466987992 44
0.38971 3.39530615899427e-06 7.70132192997372e-06 0.5690336037217711 25


0.0144337 1.723018977255947e-10 5.126574096762995e-10 0.4213779821504263 18
0.0288674 2.094988318618828e-09 2.947678126980553e-09 0.4457143652530288 62
0.0433011 5.264689449125068e-09 1.04879484299143e-08 0.3861642263155842 98
0.0577348 1.929370098453658e-08 2.462043998346525e-08 0.5048088575808882 210
0.0721685 4.165125813185231e-08 5.153660385901276e-08 0.5624956920203853 350
0.0866022 6.796141131471707e-08 7.588329602701003e-08 0.5281187274445818 450
0.101036 1.000365924659326e-07 1.291461794192691e-07 0.5216257121589988 602
0.11547 1.525464708819809e-07 1.883494528697917e-07 0.5411446424356603 762
0.129903 2.454557732275682e-07 2.637846713762823e-07 0.6136165821424666 1142
0.144337 3.149305189623064e-07 3.83184192080498e-07 0.6098217218494402 1250
0.158771 4.083841470181689e-07 5.282912406186757e-07 0.6218041385470927 1458
0.173204 4.961293322091505e-07 7.864082609530758e-07 0.6257273276094681 1814
0.187638 5.945730834030666e-07 1.061348188904406e-06 0.6242843767357364 2178
0.202072 7.168348636108358e-07 1.423640942846381e-06 0.6355127182721351 2498
0.216506 8.701754707632507e-07 1.896800527887218e-06 0.658060226800145 2622
0.230939 9.52319665474287e-07 2.315257308644068e-06 0.6243393829904054 3191
0.245373 9.998838380279512e-07 2.950616324281111e-06 0.5857284789647725 3044
0.259807 1.126971529869118e-06 3.572943418678207e-06 0.5799388888300709 2736
0.27424 1.259399037188456e-06 4.437110499143677e-06 0.5778751902665691 2276
0.288674 1.481902721393411e-06 5.094942463159894e-06 0.5940334165133707 2016
0.303108 1.657095934870313e-06 5.628655209014341e-06 0.5871117385848567 1640
0.317541 2.082864061637463e-06 6.326576176228481e-06 0.6457634741111256 1056
0.331975 2.35976954830199e-06 7.032311986891531e-06 0.6554172704680292 683
0.346409 2.80512702128024e-06 7.362991941320757e-06 0.6930518656008771 350
0.360843 3.890911245428886e-06 8.02142718352227e-06 0.8527844272578637 192
0.375276 3.749566494465696e-06 9.472946083404313e-06 0.7654989997328902 44
0.38971 3.001899384144524e-06 6.762533429301724e-06 0.5529967058329636 25


0.0144337 1.510157342169981e-10 4.608634239755903e-10 0.4213705982588913 18
0.0288674 1.840942389108435e-09 2.670259941443013e-09 0.4452670609157633 62
0.0433011 4.632530994810411e-09 9.43821664736806e-09 0.3857649835064853 98
0.0577348 1.694254340037963e-08 2.236803628224876e-08 0.5029131784620503 210
0.0721685 3.666202189806442e-08 4.667285149855259e-08 0.5593523783473241 350
0.0866022 6.018567931696788e-08 6.809508997915992e-08 0.5243973346077759 450
0.101036 8.888774138496997e-08 1.151431763506429e-07 0.5178281438580619 602
0.11547 1.359501901678715e-07 1.671036813713713e-07 0.5365664486554912 762
0.129903 2.188341616732911e-07 2.337590699391025e-07 0.6067801109522251 1142
0.144337 2.828881048172014e-07 3.353413764737321e-07 0.6043785035015302 1250
0.158771 3.684384122436494e-07 4.594591171426508e-07 0.6169495263611071 1458
0.173204 4.481559808092072e-07 6.856890160475383e-07 0.6213322383771729 1814
0.187638 5.383019889153623e-07 9.249966563251083e-07 0.6204648749753712 2178
0.202072 6.484891371819901e-07 1.244410146585627e-06 0.6311849312865162 2498
0.216506 7.878814136589037e-07 1.659237333406344e-06 0.6537257147134108 2622
0.230939 8.598033298025777e-07 2.033954783970482e-06 0.6191083561732845 3191
0.245373 9.009482564646988e-07 2.601677224679301e-06 0.580478987008179 3044
0.259807 1.009697996075747e-06 3.16433716649349e-06 0.5724886602709301 2736
0.27424 1.12593010012984e-06 3.936493702761954e-06 0.5696550027373688 2276
0.288674 1.320300221833009e-06 4.529238809390178e-06 0.5834620298581914 2016
0.303108 1.474271294994008e-06 5.00803971868008e-06 0.5753656062385448 1640
0.317541 1.850261145986221e-06 5.6348671786071e-06 0.6307913872223806 1056
0.331975 2.094500028374577e-06 6.267221924763137e-06 0.6390866728983131 683
0.346409 2.493345738802712e-06 6.556044342872315e-06 0.6751430232611975 350
0.360843 3.462099147792153e-06 7.136312519642083e-06 0.8293909573120302 192
0.375276 3.337921359027813e-06 8.424347541045885e-06 0.7452887598258418 44
0.38971 2.67353619582476e-06 6.011237469610394e-06 0.5379204560882754 25


0.0144337 1.338984025911227e-10 4.168449703319795e-10 0.4213760526332042 18
0.0288674 1.628143331643388e-09 2.444972911099416e-09 0.4448510538609336 62
0.0433011 4.110304417979477e-09 8.564587249193809e-09 0.3854229566116919 98
0.0577348 1.496902735023859e-08 2.055265642570731e-08 0.5011623192610309 210
0.0721685 3.246916676172039e-08 4.276121243606414e-08 0.5564459890403717 350
0.0866022 5.362025954712927e-08 6.189036964599503e-08 0.5209072247557739 450
0.101036 7.950345591605121e-08 1.038354171041258e-07 0.5143123178401393 602
0.11547 1.219617216890932e-07 1.499780005927702e-07 0.5323183468495001 762
0.129903 1.963730567792663e-07 2.096953731370032e-07 0.6004243234009926 1142
0.144337 2.558744076877498e-07 2.966343743493984e-07 0.5993781484398616 1250
0.158771 3.348165687092776e-07 4.034756728008786e-07 0.6125863104382907 1458
0.173204 4.080157360177171e-07 6.029967398961714e-07 0.6175981901948959 1814
0.187638 4.913805001540946e-07 8.125728147408406e-07 0.6174160900896963 2178
0.202072 5.917263610701855e-07 1.096102068154215e-06 0.6278328345353628 2498
0.216506 7.197415197275889e-07 1.462202286610554e-06 0.6505393655668888 2622
0.230939 7.834588492467189e-07 1.800112313529551e-06 0.6151772859173033 3191
0.245373 8.19637913501277e-07 2.311040907020756e-06 0.5766141077349876 3044
0.259807 9.132423071157921e-07 2.824135447229515e-06 0.5665438744041459 2736
0.27424 1.01613861002484e-06 3.519851322825601e-06 0.562991629380689 2276
0.288674 1.1868002985294e-06 4.059459488139493e-06 0.5744784136016805 2016
0.303108 1.322537167763487e-06 4.494084311163932e-06 0.565091503828828 1640
0.317541 1.65636838590711e-06 5.06385201416277e-06 0.6173640896432604 1056
0.331975 1.871296105277486e-06 5.640018867520298e-06 0.6238993771800446 683
0.346409 2.231223795824299e-06 5.894908959544961e-06 0.6585478034993305 350
0.360843 3.101262337640634e-06 6.413935306882003e-06 0.8076469104598877 192
0.375276 2.994692076547418e-06 7.559486170305646e-06 0.7271184154507573 44
0.38971 2.396025093047069e-06 5.399632849241211e-06 0.5237080617242977 25


0.0144337 1.199848478810853e-10 3.789214137455665e-10 0.4213925621511074 18
0.0288674 1.447783147220043e-09 2.259211898373792e-09 0.4444627952806863 62
0.0433011 3.673676299815929e-09 7.826914516564592e-09 0.3851290842072581 98
0.0577348 1.329275473259503e-08 1.906741422999142e-08 0.499536912716764 210
0.0721685 2.890247717140522e-08 3.95708292445355e-08 0.5537411840292712 350
0.0866022 4.80055177013956e-08 5.688962960832098e-08 0.5176063270371318 450
0.101036 7.14991890634369e-08 9.459539684860537e-08 0.5110185754483285 602
0.11547 1.100096341089924e-07 1.360207972577218e-07 0.5283217464388341 762
0.129903 1.7715712579453e-07 1.902200477622635e-07 0.5944307373227303 1142
0.144337 2.327639106283924e-07 2.65009989068778e-07 0.5946831829193934 1250
0.158771 3.060840004942966e-07 3.574937328224303e-07 0.6085480522526168 1458
0.173204 3.739155328809488e-07 5.343645490374177e-07 0.6143290453778065 1814
0.187638 4.516531702023639e-07 7.188327092509615e-07 0.6149192575523437 2178
0.202072 5.438722669095209e-07 9.719414407747479e-07 0.6252091365944964 2498
0.216506 6.624769982238237e-07 1.296823878657366e-06 0.6482250479705806 2622
0.230939 7.195565618197944e-07 1.603300607441455e-06 0.6122684894590533 3191
0.245373 7.519222879309914e-07 2.065794643777937e-06 0.5738755784865024 3044
0.259807 8.329161864131882e-07 2.537039761422377e-06 0.561855888951368 2736
0.27424 9.247478283074381e-07 3.168283628419628e-06 0.5576498034162903 2276
0.288674 1.075222887921355e-06 3.66384074984232e-06 0.5668560969315695 2016
0.303108 1.195155815517019e-06 4.062384821103972e-06 0.5560919545343712 1640
0.317541 1.492879372244756e-06 4.58569005716353e-06 0.6052787662712599 1056
0.331975 1.681487203726932e-06 5.118202092037634e-06 0.6097489148540169 683
0.346409 2.008385578423898e-06 5.345313023632972e-06 0.643113893307354 350
0.360843 2.794158994506641e-06 5.815730795118656e-06 0.7873470036288316 192
0.375276 2.704926683825206e-06 6.836351452038403e-06 0.710667325325896 44
0.38971 2.158959405480934e-06 4.894330397929891e-06 0.5102771877720972 25


0.0144337 1.085725865642068e-10 3.458649918721695e-10 0.4214186854756365 18
0.0288674 1.293406691639402e-09 2.103855678433457e-09 0.4440998484267346 62
0.0433011 3.304872423771044e-09 7.195995890579988e-09 0.384876610083602 98
0.0577348 1.185483086365701e-08 1.783495485495979e-08 0.4980234463561903 210
0.0721685 2.583738587089064e-08 3.693434997358559e-08 0.5512133875147298 350
0.0866022 4.315172337457371e-08 5.281707809531071e-08 0.5144663377875323 450
0.101036 6.459436783733311e-08 8.696602954961887e-08 0.5079053154695656 602
0.11547 9.967741944580695e-08 1.245380196141205e-07 0.5245215507866678 762
0.129903 1.605200937011013e-07 1.743294227910354e-07 0.5887156194301929 1142
0.144337 2.127385131154251e-07 2.389660858782402e-07 0.5901942096618813 1250
0.158771 2.811992935207606e-07 3.194280545143715e-07 0.6047119456677552 1458
0.173204 3.445536092957708e-07 4.768887714001863e-07 0.6113763312632781 1814
0.187638 4.175556719416786e-07 6.399381921476e-07 0.6128064825476507 2178
0.202072 5.029856443028913e-07 8.669707935124684e-07 0.6231221949009991 2498
0.216506 6.137085454279294e-07 1.156610832081706e-06 0.6465673794568934 2622
0.230939 6.653886935843437e-07 1.435892113736314e-06 0.6101649422795528 3191
0.245373 6.948685008058763e-07 1.85651219059501e-06 0.5720600892978966 3044
0.259807 7.65300854093063e-07 2.291897555403462e-06 0.5582299741702105 2736
0.27424 8.479036346204058e-07 2.868025613197351e-06 0.5534460236043321 2276
0.288674 9.810436888606173e-07 3.326553437991302e-06 0.5604195921437533 2016
0.303108 1.087179426478151e-06 3.695222112186894e-06 0.5482147709583313 1640
0.317541 1.35367666016478e-06 4.180210274297258e-06 0.5943784810022806 1056
0.331975 1.518615730879237e-06 4.678357715114151e-06 0.5965515946170917 683
0.346409 1.817125804231682e-06 4.882559966465412e-06 0.6287208252928688 350
0.360843 2.530189679102782e-06 5.314028602358809e-06 0.7683219800202401 192
0.375276 2.457670628097812e-06 6.224424464465024e-06 0.6956888718263908 44
0.38971 1.954545210786709e-06 4.471414377215216e-06 0.4975575185131605 25


0.0144337 9.913910270757905e-11 3.167606923332405e-10 0.4214532109748113 18
0.0288674 1.160182328322054e-09 1.972167906732026e-09 0.443760544356414 62
0.0433011 2.990630884477605e-09 6.650152358980672e-09 0.3846603665852107 98
0.0577348 1.061119497883893e-08 1.67981392638959e-08 0.4966124431947173 210
0.0721685 2.318080214510816e-08 3.472792611896609e-08 0.5488454791366033 350
0.0866022 3.891733870987123e-08 4.94680068785072e-08 0.5114685510775356 450
0.101036 5.858002436567612e-08 8.060722778675916e-08 0.5049436656344223 602
0.11547 9.065521844528866e-08 1.150125364688579e-07 0.5208793795084822 762
0.129903 1.45966966562855e-07 1.612742014400409e-07 0.583220169944465 1142
0.144337 1.951913897020422e-07 2.173798112125251e-07 0.5858394417736423 1250
0.158771 2.593909746995173e-07 2.877183814074539e-07 0.6009870223642421 1458
0.173204 3.189652935504646e-07 4.283985807049308e-07 0.6086264170765264 1814
0.187638 3.879288948397e-07 5.730206471280544e-07 0.6109470413662023 2178
0.202072 4.676275185430077e-07 7.774867589375922e-07 0.6214209449204819 2498
0.216506 5.716725302115562e-07 1.03671488165843e-06 0.6453951224565055 2622
0.230939 6.189465571494837e-07 1.292193757562101e-06 0.6086934061390075 3191
0.245373 6.46295349216231e-07 1.676171672009411e-06 0.5710036708715552 3044
0.259807 7.078481913365313e-07 2.080412529868881e-06 0.5555097729120475 2736
0.27424 7.827281959857529e-07 2.608847840867048e-06 0.5502332312472674 2276
0.288674 9.008776316135568e-07 3.035848667362779e-06 0.5550293909247817 2016
0.303108 9.948956374956343e-07 3.379465209254112e-06 0.5413397158548235 1640
0.317541 1.23416011630185e-06 3.832491546401509e-06 0.5845392954789078 1056
0.331975 1.377777449255563e-06 4.303255928636229e-06 0.5842405984707395 683
0.346409 1.651609236740633e-06 4.488469422304901e-06 0.6152719917111948 350
0.360843 2.301318510150682e-06 4.888529478114279e-06 0.7504315957019668 192
0.375276 2.244726061108418e-06 5.701073699968743e-06 0.681989735911587 44
0.38971 1.776838909033654e-06 4.113373400163811e-06 0.4854890763705748 25


0.0144337 9.128830003619925e-11 2.909146066986799e-10 0.4214950838310955 18
0.0288674 1.044425363767168e-09 1.859085741293898e-09 0.443443748123971 62
0.0433011 2.720869391216003e-09 6.17300385060386e-09 0.3844763009024912 98
0.0577348 9.528262811948939e-09 1.591401606632945e-08 0.4952972380275567 210
0.0721685 2.086185694185529e-08 3.285826003082424e-08 0.5466255659872487 350
0.0866022 3.519484205896026e-08 4.668765019066579e-08 0.5086010435167184 450
0.101036 5.329768857848838e-08 7.526121961323747e-08 0.5021138758901488 602
0.11547 8.270835753360627e-08 1.070517461228528e-07 0.5173689581599864 762
0.129903 1.33123393225969e-07 1.504843381394582e-07 0.5779038094390468 1142
0.144337 1.796644630404992e-07 1.99395701878281e-07 0.5815675449476156 1250
0.158771 2.400774626656959e-07 2.611748776143597e-07 0.5973060919189322 1458
0.173204 2.964229413694138e-07 3.872403599042258e-07 0.6059917608169687 1814
0.187638 3.618984652928091e-07 5.158959943021445e-07 0.6092380585743662 2178
0.202072 4.367116601909247e-07 7.006716887875891e-07 0.6199846536625765 2498
0.216506 5.350374036691285e-07 9.334486530181566e-07 0.6445699326051427 2622
0.230939 5.787118709341445e-07 1.167879599355659e-06 0.6077130189553119 3191
0.245373 6.045494858544813e-07 1.5194485435978e-06 0.5705711749104783 3044
0.259807 6.586223261867111e-07 1.896302889323076e-06 0.553566822347013 2736
0.27424 7.270307369147959e-07 2.383013103376784e-06 0.5478905454127565 2276
0.288674 8.3214327332739e-07 2.782849836254431e-06 0.5505718883223921 2016
0.303108 9.154662521239114e-07 3.10520749889125e-06 0.535369574385001 1640
0.317541 1.130807155020118e-06 3.531293368001264e-06 0.5756615365523002 1056
0.331975 1.25518410917193e-06 3.979978577320336e-06 0.5727619916153327 683
0.346409 1.507341099746057e-06 4.149403855533432e-06 0.6026891611087741 350
0.360843 2.101354071754903e-06 4.524047434481834e-06 0.7335593539204873 192
0.375276 2.05984396034584e-06 5.249210213221926e-06 0.6694159193098944 44
0.38971 1.621236227576256e-06 3.807133685587625e-06 0.4740209126026457 25


0.0144337 8.471483886505208e-11 2.677923612522176e-10 0.4215433578142282 18
0.0288674 9.432782334029307e-10 1.760746655240176e-09 0.4431486955693167 62
0.0433011 2.487793945751696e-09 5.751982352832032e-09 0.3843211540626315 98
0.0577348 8.580002645851798e-09 1.51498129199275e-08 0.4940731324509116 210
0.0721685 1.882569491945181e-08 3.125398635474515e-08 0.5445454433010591 350
0.0866022 3.190121951534349e-08 4.435711212893831e-08 0.5058567230946236 450
0.101036 4.862524835055324e-08 7.072941581353746e-08 0.4994028147876024 602
0.11547 7.56562809152429e-08 1.003526126933636e-07 0.513972902368071 762
0.129903 1.217017891400827e-07 1.415188505639964e-07 0.5727394703753165 1142
0.144337 1.658066153235639e-07 1.843508388714512e-07 0.5773426181700365 1250
0.158771 2.22813638938703e-07 2.388745939609298e-07 0.5936200961391311 1458
0.173204 2.763692057240882e-07 3.521331690981684e-07 0.6034047904997832 1814
0.187638 3.387944891942363e-07 4.668735304889564e-07 0.6075980126353157 2178
0.202072 4.094050649757799e-07 6.343464621705099e-07 0.6187157925837122 2498
0.216506 5.027816081126432e-07 8.439619548159748e-07 0.6439785608207191 2622
0.230939 5.435180550373713e-07 1.059609812496985e-06 0.6071074036998311 3191
0.245373 5.683565327542136e-07 1.382241294383668e-06 0.5706490261510627 3044
0.259807 6.161274729739699e-07 1.73473727515595e-06 0.552293322317343 2736
0.27424 6.791147689381415e-07 2.184577589756454e-06 0.5463162168020355 2276
0.288674 7.728385450553162e-07 2.560744699275471e-06 0.5469524370406169 2016
0.303108 8.46685125582156e-07 2.864856069800774e-06 0.5302240041417463 1640
0.317541 1.040876742007369e-06 3.268010700004682e-06 0.5676636917427242 1056
0.331975 1.147865491570027e-06 3.698678740653507e-06 0.5620718817151735 683
0.346409 1.3808070531044e-06 3.854961485917118e-06 0.590908549689925 350
0.360843 1.925457766465659e-06 4.209022610046049e-06 0.7176084233443483 192
0.375276 1.898183102930901e-06 4.855721668914779e-06 0.6578430411483622 44
0.38971 1.484120863032556e-06 3.542764211464992e-06 0.4631100077413071 25


