0.0023954 1.762530504165485e-09 5.014820104915718e-11 1.088070256804367 18
0.0047908 1.17270113282899e-08 4.930262857485408e-10 2.134991084649912 62
0.0071862 3.960207476295504e-08 1.319220964287748e-09 3.149547886619351 98
0.0095816 9.726426910794777e-08 4.563356198426186e-09 4.31510672408692 210
0.011977 2.036399940209819e-07 9.855595612964805e-09 5.864889707451924 350
0.0143724 3.115257755917192e-07 1.571601477239157e-08 6.268102188264513 450
0.0167678 5.271932171402948e-07 2.325833660475464e-08 7.73760201639585 602
0.0191632 7.599564114791621e-07 3.574356161137353e-08 8.4964670778584 762
0.0215586 1.053033741905669e-06 5.81552020243485e-08 9.346675858151759 1142
0.023954 1.453348631969983e-06 7.659611424168215e-08 10.48985486081138 1250
0.0263494 1.869447301154273e-06 1.033821616840329e-07 11.11770774967953 1458
0.0287448 2.654202176464516e-06 1.312128160133621e-07 13.22859203908108 1814
0.0311402 3.215071732194362e-06 1.697384309546909e-07 13.67370001178785 2178
0.0335356 4.194584153532163e-06 2.12311879728263e-07 15.39325234226921 2498
0.035931 5.175363466336353e-06 2.748062036339371e-07 16.50414879120757 2622
0.0383264 6.089264966381604e-06 3.217795211875455e-07 17.05694926187761 3338
0.0407218 7.205546667803889e-06 3.801834106388286e-07 17.91079512933566 3722
0.0431172 8.727289211836484e-06 4.568633998507599e-07 19.37327363973836 4170
0.0455126 1.011671296175245e-05 5.370969330539289e-07 20.13832146714869 4358
0.047908 1.147167046999293e-05 6.43014560507105e-07 20.5912302451857 5034
0.0503034 1.370731070669912e-05 7.380303880813679e-07 22.33218945948787 5714
0.0526988 1.556981782026681e-05 8.444174513130008e-07 23.11736869976406 5982
0.0550942 1.833926307247517e-05 9.8651193016835e-07 24.89758473270247 6602
0.0574896 2.016450742347058e-05 1.082210241117496e-06 25.12917253301381 7130
0.059885 2.298329936113944e-05 1.262808928310961e-06 26.4036968751988 8034
0.0622804 2.544974054114573e-05 1.455067069227264e-06 27.0464578780971 8606
0.0646758 2.853195313892745e-05 1.617346599538918e-06 28.11777077644886 9066
0.0670712 3.186742706704243e-05 1.839531701729453e-06 29.20055059018748 9962
0.0694666 3.522089641723311e-05 2.004471347135129e-06 30.08856779168975 10550
0.071862 3.85878219232772e-05 2.209024997177145e-06 30.79851131798667 11226
0.0742574 4.361616464023593e-05 2.439615608565886e-06 32.5978736049028 12146
0.0766528 4.745074220481889e-05 2.681534147510991e-06 33.26798648070886 12303
0.0790482 5.085465911433108e-05 2.938402729576526e-06 33.51726118939916 12584
0.0814436 5.544316701584646e-05 3.265772428468036e-06 34.43462390035374 12120
0.083839 6.080673222184146e-05 3.650800585193298e-06 35.63697218543842 11180
0.0862344 6.322355713927935e-05 3.863362007624773e-06 35.0215841516104 11096
0.0886298 6.851878807344027e-05 4.20105641896513e-06 35.9355400082047 10056
0.0910252 7.645663674083347e-05 4.63709057596614e-06 38.01600014450526 9716
0.0934206 8.250686504095006e-05 4.89292321546261e-06 38.94387376948215 8604
0.095816 9.054543395403564e-05 5.43595124357756e-06 40.61991524139848 8060
0.0982114 9.477643919392416e-05 5.749922336426868e-06 40.47134342732206 7320
0.100607 0.0001034493592461534 6.301168502347324e-06 42.11308333046269 6356
0.103002 0.0001101050892670596 6.733167334711612e-06 42.75540139841744 5348
0.105398 0.0001164195148997111 7.090267869208553e-06 43.16011775238354 4308
0.107793 0.0001274810725967458 7.177022677442959e-06 45.18660876022114 3563
0.110188 0.0001278298914086977 8.17560813376929e-06 43.37942955107327 2448
0.112584 0.000146786235453473 8.303554358936478e-06 47.69121722602063 1868
0.114979 0.0001455263017042089 9.365451521678512e-06 45.29782987430385 1358
0.117375 0.0001497702001023874 8.455843093399818e-06 44.72359703521565 1062
0.11977 0.000167759044811243 1.069362377828726e-05 48.17825483190946 776
0.122165 0.0001611027951495159 1.166306770993684e-05 44.53200770733633 432
0.124561 0.0001791858408419517 7.716456355333404e-06 47.4862721090185 200
0.126956 0.0002350889314620755 1.156913755875837e-05 59.86759273114932 168
0.129352 0.0001787398133930118 5.573981053167935e-06 43.92427656517387 56
0.131747 0.0003047079653175271 1.231618038721426e-06 72.23547517851372 7


0.0023954 5.60447132234563e+45 8.843763185664062e+44 8.221924046949866e+54 18
0.0047908 4.214217298244541e+46 6.649422812465762e+45 1.279240561739486e+55 62
0.0071862 1.33247619550133e+47 2.102209999188798e+46 1.6631815582972e+55 98
0.0095816 3.459046002694164e+47 5.45642042302296e+46 2.348041076965572e+55 210
0.011977 7.173345264464529e+47 1.13128551824193e+47 3.12140809455652e+55 350
0.0143724 1.102398629174299e+48 1.738097004885511e+47 3.329115735059668e+55 450
0.0167678 1.804922336959963e+48 2.844903861533762e+47 3.961838561469105e+55 602
0.0191632 2.580677781579081e+48 4.066238761376e+47 4.304130567202213e+55 762
0.0215586 3.441276844778995e+48 5.420091027229834e+47 4.547714547056075e+55 1142
0.023954 4.790565290243853e+48 7.541982587091716e+47 5.14157953089506e+55 1250
0.0263494 6.090324843153544e+48 9.583950739379017e+47 5.380902737862349e+55 1458
0.0287448 8.494092876339234e+48 1.336001061049319e+48 6.285363749658328e+55 1814
0.0311402 1.021670226144232e+49 1.606101239204684e+48 6.447418226700731e+55 2178
0.0335356 1.299158022109629e+49 2.041198013575157e+48 7.071252194302764e+55 2498
0.035931 1.575377476609418e+49 2.473812902327462e+48 7.448629382065461e+55 2622
0.0383264 1.789199673866238e+49 2.807922397426899e+48 7.428658762886201e+55 3338
0.0407218 2.123114350782759e+49 3.329854370897088e+48 7.820400660094205e+55 3722
0.0431172 2.495618335351344e+49 3.911605024605778e+48 8.207690551189058e+55 4170
0.0455126 2.857102601469313e+49 4.47538495168721e+48 8.424714916110118e+55 4358
0.047908 3.194200613147179e+49 5.000152677111189e+48 8.491766893666487e+55 5034
0.0503034 3.700126911364837e+49 5.788369782525928e+48 8.92736480171611e+55 5714
0.0526988 4.185056948273659e+49 6.542804193726786e+48 9.201026426854825e+55 5982
0.0550942 4.824962436449666e+49 7.538282759856785e+48 9.698604525726198e+55 6602
0.0574896 5.212671966755958e+49 8.139056148841143e+48 9.61734983951517e+55 7130
0.059885 5.774457487494091e+49 9.010493886379067e+48 9.82053384434546e+55 8034
0.0622804 6.25084164384408e+49 9.748021034062701e+48 9.833477638670709e+55 8606
0.0646758 6.901248058183671e+49 1.075546541336115e+49 1.006685825077514e+56 9066
0.0670712 7.618554279694156e+49 1.186668568913901e+49 1.033262450380883e+56 9962
0.0694666 8.250749895945966e+49 1.284475128146828e+49 1.043203253330807e+56 10550
0.071862 8.929138189037606e+49 1.389293708008345e+49 1.054739581763693e+56 11226
0.0742574 9.866667184036854e+49 1.534433152156814e+49 1.09132181673073e+56 12146
0.0766528 1.043809819876919e+50 1.622219976944107e+49 1.083005105346555e+56 12303
0.0790482 1.098292396164074e+50 1.705545249248015e+49 1.071192220013531e+56 12584
0.0814436 1.170164616889478e+50 1.815489627182705e+49 1.075456885594537e+56 12120
0.083839 1.250281929614832e+50 1.938077504450483e+49 1.084286716703031e+56 11180
0.0862344 1.269368766598392e+50 1.965884409307776e+49 1.040449564496646e+56 11096
0.0886298 1.3305704097397e+50 2.058993371450277e+49 1.032569126472554e+56 10056
0.0910252 1.453720680227577e+50 2.247863202659867e+49 1.06952373530743e+56 9716
0.0934206 1.544296076881947e+50 2.386055891389111e+49 1.078524901150261e+56 8604
0.095816 1.656960019881353e+50 2.558471368886195e+49 1.099834640211285e+56 8060
0.0982114 1.691077289025057e+50 2.609160166623909e+49 1.068430957357146e+56 7320
0.100607 1.782391542850445e+50 2.747982858558639e+49 1.073548103046726e+56 6356
0.103002 1.890090174706076e+50 2.912639211738909e+49 1.085898586780579e+56 5348
0.105398 1.935239638538924e+50 2.979516831887235e+49 1.061473789560031e+56 4308
0.107793 2.07923575114373e+50 3.198297218673213e+49 1.090388312693974e+56 3563
0.110188 1.961882837412893e+50 3.014029592409863e+49 9.849888051917741e+55 2448
0.112584 2.215716369668532e+50 3.401419903566057e+49 1.065052576346633e+56 1868
0.114979 2.250925856731e+50 3.452940747541054e+49 1.036561869406804e+56 1358
0.117375 2.171387575663843e+50 3.3285567577326e+49 9.592775513753529e+55 1062
0.11977 2.392408850086417e+50 3.665484534839742e+49 1.016461166245421e+56 776
0.122165 2.271559763808403e+50 3.478820104064963e+49 9.289202170420677e+55 432
0.124561 2.57259847530558e+50 3.939133594536048e+49 1.008610373635234e+56 200
0.126956 3.412859157416751e+50 5.224258764712881e+49 1.285763411791678e+56 168
0.129352 2.625287872463159e+50 4.01794284976223e+49 9.544268709923874e+55 56
0.131747 4.213214840441811e+50 6.447699179176467e+49 1.47762267553124e+56 7


0.0023954 9.070408169644236e+67 1.555269599554021e+66 1.647259727002111e+77 18
0.0047908 6.789168783154082e+68 1.163488439412369e+67 2.672484181318835e+77 62
0.0071862 2.132678108280829e+69 3.652066421471242e+67 3.48796813454878e+77 98
0.0095816 5.489834888149188e+69 9.391679904754685e+67 4.903546233757121e+77 210
0.011977 1.123685233576908e+70 1.919384953596206e+68 6.448445781399012e+77 350
0.0143724 1.701311830406298e+70 2.900948874882661e+68 6.783832003347291e+77 450
0.0167678 2.740322058950082e+70 4.663610311808844e+68 7.947569746361899e+77 602
0.0191632 3.842714654705451e+70 6.524755972503113e+68 8.471887641754944e+77 762
0.0215586 5.011202534153462e+70 8.48643925840804e+68 8.75693479566125e+77 1142
0.023954 6.807940060534193e+70 1.149597935755425e+69 9.66420155927124e+77 1250
0.0263494 8.439439185940694e+70 1.420839805285777e+69 9.863716560879238e+77 1458
0.0287448 1.144798004683486e+71 1.92100209583272e+69 1.120752665114483e+78 1814
0.0311402 1.336932128167673e+71 2.235540598390489e+69 1.116341772820252e+78 2178
0.0335356 1.648173098261681e+71 2.745802579415902e+69 1.18709487074578e+78 2498
0.035931 1.93712067872566e+71 3.215131734743037e+69 1.212060027900676e+78 2622
0.0383264 2.128272029857596e+71 3.518370718868552e+69 1.169439163895548e+78 3338
0.0407218 2.437210701045329e+71 4.011890258218507e+69 1.188139784530867e+78 3722
0.0431172 2.764502554352356e+71 4.531118126331028e+69 1.203358942304362e+78 4170
0.0455126 3.055213876485956e+71 4.986278157900392e+69 1.192394254046612e+78 4358
0.047908 3.292641050418767e+71 5.349941019342508e+69 1.158619083435593e+78 5034
0.0503034 3.677709921740434e+71 5.949209858338623e+69 1.174504796172826e+78 5714
0.0526988 4.013487822264819e+71 6.464196588543794e+69 1.167982415957004e+78 5982
0.0550942 4.460326964891889e+71 7.151755192970478e+69 1.186776649441883e+78 6602
0.0574896 4.657404438084087e+71 7.436866582381463e+69 1.137450718675757e+78 7130
0.059885 4.979511483591538e+71 7.916889703850529e+69 1.121011924657686e+78 8034
0.0622804 5.214097821566528e+71 8.256341417083848e+69 1.085807221601698e+78 8606
0.0646758 5.556686796384764e+71 8.760953767980069e+69 1.072980496009268e+78 9066
0.0670712 5.94623272694244e+71 9.339718246062587e+69 1.067563607502394e+78 9962
0.0694666 6.261437086688593e+71 9.801908378685939e+69 1.048013992119115e+78 10550
0.071862 6.566401023294781e+71 1.023996075952756e+70 1.026795667493075e+78 11226
0.0742574 7.073146082934702e+71 1.099709384055652e+70 1.035664217690146e+78 12146
0.0766528 7.211526489491036e+71 1.116134062163423e+70 9.905195848092551e+77 12303
0.0790482 7.253637489448618e+71 1.116218193454036e+70 9.365576905604891e+77 12584
0.0814436 7.327589325722106e+71 1.119788995155313e+70 8.915357410689224e+77 12120
0.083839 7.442718479605115e+71 1.129954398023126e+70 8.544791845516928e+77 11180
0.0862344 7.172477087639941e+71 1.081535870007043e+70 7.782839056195033e+77 11096
0.0886298 7.177361029472903e+71 1.075767378737321e+70 7.373667034448075e+77 10056
0.0910252 7.512900149949282e+71 1.119832803473159e+70 7.317389688352346e+77 9716
0.0934206 7.637106099508427e+71 1.131881514681624e+70 7.061046377108959e+77 8604
0.095816 7.900510708751533e+71 1.1653997982495e+70 6.942446884634785e+77 8060
0.0982114 7.727299398398963e+71 1.133637038407785e+70 6.463296773023145e+77 7320
0.100607 7.810170824107664e+71 1.139619673187033e+70 6.22764032435605e+77 6356
0.103002 8.071306679824265e+71 1.173935919695379e+70 6.138981360575574e+77 5348
0.105398 7.84746676139742e+71 1.133552184732707e+70 5.698371682088891e+77 4308
0.107793 8.005983067451792e+71 1.148537500206221e+70 5.558273058438593e+77 3563
0.110188 7.016992553151122e+71 9.963271518693195e+69 4.663993517573337e+77 2448
0.112584 7.578277903697283e+71 1.069283914936963e+70 4.822552323947739e+77 1868
0.114979 7.376380605860411e+71 1.034624988333905e+70 4.497049621549181e+77 1358
0.117375 6.830997779665396e+71 9.527856445267956e+69 3.995233404637392e+77 1062
0.11977 7.307272534411748e+71 1.015067093929929e+70 4.110196101437214e+77 776
0.122165 6.768201928763435e+71 9.3698412873178e+69 3.664208046948551e+77 432
0.124561 7.5857214857422e+71 1.048656736618986e+70 3.937326357183644e+77 200
0.126956 9.902579758033388e+71 1.36590998090399e+70 4.939064450293072e+77 168
0.129352 7.538348582615365e+71 1.038310962282798e+70 3.628241727472248e+77 56
0.131747 1.204151252472906e+72 1.65749796950114e+70 5.59095268135007e+77 7


0.0023954 2.311810874609238e+69 3.135002154947767e+68 6.281331847518843e+78 18
0.0047908 1.693239449672405e+70 2.34299974065684e+69 8.867264579916605e+78 62
0.0071862 5.155772864323276e+70 7.343915886076721e+69 1.087390108515227e+79 98
0.0095816 1.274206673967727e+71 1.884912792290029e+70 1.448257018872519e+79 210
0.011977 2.445371995195606e+71 3.839955958877624e+70 1.772966594570038e+79 350
0.0143724 3.433465588621453e+71 5.781063784870655e+70 1.723101216370577e+79 450
0.0167678 5.07958795637564e+71 9.250880020294448e+70 1.850263802125322e+79 602
0.0191632 6.415048996566434e+71 1.286610710735871e+71 1.773965121572803e+79 762
0.0215586 7.382222491757908e+71 1.661076553742824e+71 1.616583241319319e+79 1142
0.023954 8.682249354229731e+71 2.230386620359524e+71 1.543625574948801e+79 1250
0.0263494 9.192219908849982e+71 2.72946848724e+71 1.34524398989291e+79 1458
0.0287448 1.0362226378043e+72 3.646952465348482e+71 1.270247775834929e+79 1814
0.0311402 9.785383821758335e+71 4.186865749660136e+71 1.023298887159083e+79 2178
0.0335356 9.451253988569867e+71 5.064010383794875e+71 8.52931507666191e+78 2498
0.035931 8.455207649183022e+71 5.831583363386034e+71 6.634290086916071e+78 2622
0.0383264 6.710390922065e+71 6.261812386942488e+71 4.630331135660296e+78 3338
0.0407218 5.123965902993736e+71 6.986593877823679e+71 3.144848956093533e+78 3722
0.0431172 3.567933695964309e+71 7.709510875384996e+71 1.964383247368749e+78 4170
0.0455126 2.156458052687941e+71 8.279179520219021e+71 1.074625254442079e+78 4358
0.047908 1.036110918735149e+71 8.64741296546593e+71 4.768343856260395e+77 5034
0.0503034 4.228688577440617e+70 9.348862397115694e+71 1.885655611521395e+77 5714
0.0526988 3.876999560791088e+70 9.86715157771258e+71 1.583780768775511e+77 5982
0.0550942 1.00177409552182e+71 1.058016478000479e+72 3.47896352609031e+77 6602
0.0574896 2.253152956315473e+71 1.067460716829684e+72 6.9866943270334e+77 7130
0.059885 4.295510941308894e+71 1.099764450765938e+72 1.215694346223452e+78 8034
0.0622804 6.832960439742188e+71 1.111037276873167e+72 1.781519097251856e+78 8606
0.0646758 1.037471576114334e+72 1.138400475902727e+72 2.502722929311429e+78 9066
0.0670712 1.440143806682298e+72 1.175787966390849e+72 3.226481360845989e+78 9962
0.0694666 1.863231325422992e+72 1.199146912733669e+72 3.889012291130735e+78 10550
0.071862 2.367939696692075e+72 1.211225913046521e+72 4.615286192428169e+78 11226
0.0742574 2.941173887320745e+72 1.26647826318831e+72 5.366251722950528e+78 12146
0.0766528 3.571508846401081e+72 1.232524878785513e+72 6.111025566989871e+78 12303
0.0790482 4.317430769917003e+72 1.165906850038444e+72 6.942824015087395e+78 12584
0.0814436 5.279274355115952e+72 1.089251912194397e+72 7.998525218749527e+78 12120
0.083839 6.286549977724733e+72 1.02464998195545e+72 8.986528162049457e+78 11180
0.0862344 6.997373790064655e+72 9.082559317997388e+71 9.453193053492255e+78 11096
0.0886298 7.828394760502592e+72 8.418230866165599e+71 1.001250765100365e+79 10056
0.0910252 8.970038976462249e+72 8.194346527045591e+71 1.087621752752271e+79 9716
0.0934206 9.900843620760812e+72 7.713819573526965e+71 1.139552846110749e+79 8604
0.095816 1.088614169218914e+73 7.473526249045012e+71 1.190815327520464e+79 8060
0.0982114 1.133415776077701e+73 6.766983263222801e+71 1.18010491947907e+79 7320
0.100607 1.210082671484947e+73 6.323058982385648e+71 1.201092873408857e+79 6356
0.103002 1.286171179585424e+73 6.240568154226994e+71 1.217716122709836e+79 5348
0.105398 1.326426657525914e+73 5.446441597837563e+71 1.198930174072523e+79 4308
0.107793 1.422196142160354e+73 4.971770159648731e+71 1.229050554348028e+79 3563
0.110188 1.333365236666325e+73 3.60958869076134e+71 1.103154210174397e+79 2448
0.112584 1.489349864936581e+73 3.448594491477727e+71 1.179724971812805e+79 1868
0.114979 1.488008393964697e+73 2.978868104752903e+71 1.129185691620013e+79 1358
0.117375 1.404857191201934e+73 2.461266047421123e+71 1.022737618588957e+79 1062
0.11977 1.521235322027983e+73 2.413128665826929e+71 1.065066022143882e+79 776
0.122165 1.421060955695387e+73 2.075489355746876e+71 9.576162589823677e+78 432
0.124561 1.597839153357537e+73 2.253552532642038e+71 1.032307525809522e+79 200
0.126956 2.095363269102481e+73 2.79920553522978e+71 1.300848210592518e+79 168
0.129352 1.599307719279338e+73 2.062873245029448e+71 9.581257388519425e+78 56
0.131747 2.557534848038726e+73 3.247189569600986e+71 1.478074982397239e+79 7


0.0023954 7.518466623513172e+69 5.914575288224931e+67 2.105411744698702e+79 18
0.0047908 5.573517169489174e+70 4.518073610520978e+68 3.307035536719714e+79 62
0.0071862 1.72672650564779e+71 1.460026792209923e+69 4.232422873678227e+79 98
0.0095816 4.365076810166734e+71 3.894271546334805e+69 5.829217822840661e+79 210
0.011977 8.682762615054565e+71 8.403610782578506e+69 7.439958420197566e+79 350
0.0143724 1.271457030912864e+72 1.347166055223605e+70 7.564723843067143e+79 450
0.0167678 1.972540657269179e+72 2.301874259792102e+70 8.53275717388208e+79 602
0.0191632 2.641966931391407e+72 3.446965329047114e+70 8.68539329416417e+79 762
0.0215586 3.26285750028919e+72 4.819880086004939e+70 8.500533574126964e+79 1142
0.023954 4.166824990064982e+72 7.024174980480571e+70 8.817323293671828e+79 1250
0.0263494 4.832853779252145e+72 9.305131805826569e+70 8.419284568990734e+79 1458
0.0287448 6.073673320444107e+72 1.348892786995242e+71 8.862405615502635e+79 1814
0.0311402 6.515323030019316e+72 1.678779742386426e+71 8.108186794797308e+79 2178
0.0335356 7.313728864123644e+72 2.197230471524001e+71 7.850714165371466e+79 2498
0.035931 7.782578834300355e+72 2.724942116259269e+71 7.257257271146022e+79 2622
0.0383264 7.651836642101258e+72 3.147973491328707e+71 6.266079303008376e+79 3338
0.0407218 7.723522836018812e+72 3.777805369142768e+71 5.611414106753825e+79 3722
0.0431172 7.658781447878436e+72 4.460844310950632e+71 4.968518593844478e+79 4170
0.0455126 7.346633746131534e+72 5.09841933750331e+71 4.27333392095201e+79 4358
0.047908 6.770215395885205e+72 5.654547710727407e+71 3.550716825036708e+79 5034
0.0503034 6.400506240691541e+72 6.461805723271242e+71 3.046703065596405e+79 5714
0.0526988 5.868260954138984e+72 7.171940272626001e+71 2.545590948423901e+79 5982
0.0550942 5.374188145178344e+72 8.070634418936851e+71 2.131656409975776e+79 6602
0.0574896 4.646668260763485e+72 8.482793655679866e+71 1.69188956461929e+79 7130
0.059885 4.024655545507471e+72 9.092898555776139e+71 1.350976353607047e+79 8034
0.0622804 3.418747910962584e+72 9.506568176427174e+71 1.061687222554599e+79 8606
0.0646758 2.875355286302962e+72 1.007550237464648e+72 8.281501777829127e+78 9066
0.0670712 2.486486105200001e+72 1.069158465571674e+72 6.659837082057531e+78 9962
0.0694666 2.212138315896736e+72 1.11321031868064e+72 5.524494686838574e+78 10550
0.071862 1.855742469747039e+72 1.151718733483764e+72 4.330875634701013e+78 11226
0.0742574 1.780779348954235e+72 1.222299601095568e+72 3.891779189277974e+78 12146
0.0766528 1.408379982451779e+72 1.220272139910985e+72 2.888377179605128e+78 12303
0.0790482 9.348003291471932e+71 1.193722425401151e+72 1.803881357635333e+78 12584
0.0814436 5.382791080400869e+71 1.159851540725938e+72 9.807670878124668e+77 12120
0.083839 4.875346616005068e+71 1.12492871816064e+72 8.382654133663184e+77 11180
0.0862344 6.190825461088966e+71 1.025413446443129e+72 1.004293201517165e+78 11096
0.0886298 9.368105099505632e+71 9.69576386588965e+71 1.436658064786093e+78 10056
0.0910252 1.404803066308968e+72 9.579253339660021e+71 2.040738930815231e+78 9716
0.0934206 1.966880506854217e+72 9.12492969004061e+71 2.710999736319282e+78 8604
0.095816 2.546954318857888e+72 8.908319636716786e+71 3.335645516443084e+78 8060
0.0982114 3.121987426866266e+72 8.109759292865963e+71 3.891141787680662e+78 7320
0.100607 3.804126878927682e+72 7.601034638201289e+71 4.519439655551467e+78 6356
0.103002 4.341020634832842e+72 7.497110092770726e+71 4.919096097304127e+78 5348
0.105398 5.056356999721534e+72 6.546271829999028e+71 5.469731571159248e+78 4308
0.107793 6.007208040210411e+72 5.947795504167501e+71 6.212718161103867e+78 3563
0.110188 6.35140942716031e+72 4.274530555955424e+71 6.288379092242714e+78 2448
0.112584 7.548073997580301e+72 4.030565213877854e+71 7.154746603147327e+78 1868
0.114979 7.942138288499216e+72 3.416404062023965e+71 7.212174378102536e+78 1358
0.117375 7.817912342684218e+72 2.758869837531145e+71 6.810639020530027e+78 1062
0.11977 8.698415791908898e+72 2.651129276871397e+71 7.287572609298642e+78 776
0.122165 8.292815102052428e+72 2.237277931304181e+71 6.687158807009461e+78 432
0.124561 9.399451647163734e+72 2.408314058867268e+71 7.266722729076459e+78 200
0.126956 1.247219364494186e+73 2.949337044695542e+71 9.265507079101267e+78 168
0.129352 9.588187553956556e+72 2.152651098476285e+71 6.873616405860978e+78 56
0.131747 1.538098360617488e+73 3.373414659356177e+71 1.063694276891561e+79 7


0.0023954 2.312726275479919e+69 1.940137234964669e+68 8.738649928928523e+78 18
0.0047908 1.756651454857022e+70 1.430360132600305e+69 1.278493346504112e+79 62
0.0071862 5.631768035475425e+70 4.396251138572807e+69 1.649454793825288e+79 98
0.0095816 1.487125638743267e+71 1.099713921248194e+70 2.346533586088919e+79 210
0.011977 3.16107233885522e+71 2.150800860090008e+70 3.180743753295646e+79 350
0.0143724 4.984178565744934e+71 3.086533272560655e+70 3.471094341211529e+79 450
0.0167678 8.368521544163883e+71 4.678242264117323e+70 4.229732679694828e+79 602
0.0191632 1.228322143422335e+72 6.084494850395413e+70 4.712609357898294e+79 762
0.0215586 1.679991740681149e+72 7.248071034715118e+70 5.103668452493658e+79 1142
0.023954 2.39191379203988e+72 8.867843635004813e+70 5.898782300809179e+79 1250
0.0263494 3.09545970449925e+72 9.800182719440804e+70 6.28235074458462e+79 1458
0.0287448 4.376127203088736e+72 1.161722634202816e+71 7.437001231658408e+79 1814
0.0311402 5.306122610684324e+72 1.162936254461176e+71 7.689271809594046e+79 2178
0.0335356 6.759743053747571e+72 1.202911336642025e+71 8.448024161524727e+79 2498
0.035931 8.159771852003156e+72 1.16530734823581e+71 8.857932006436813e+79 2622
0.0383264 9.160125410704669e+72 1.021957190530261e+71 8.731645692210839e+79 3338
0.0407218 1.065846954772252e+73 8.928022789324561e+70 9.013224903463393e+79 3722
0.0431172 1.219780001434641e+73 7.440056331543594e+70 9.209709929622293e+79 4170
0.0455126 1.350919386679665e+73 5.781820669256637e+70 9.144834913110139e+79 4358
0.047908 1.449020317180385e+73 4.061866575111314e+70 8.843518702653018e+79 5034
0.0503034 1.600514415286067e+73 2.70768986275518e+70 8.865037431072283e+79 5714
0.0526988 1.716436957585991e+73 1.616799976050233e+70 8.663192108384086e+79 5982
0.0550942 1.862608711525475e+73 8.611430245784653e+69 8.595154184133897e+79 6602
0.0574896 1.890978980596635e+73 6.104747324309942e+69 8.009413722196567e+79 7130
0.059885 1.952858677820368e+73 8.536655682503078e+69 7.624588318456864e+79 8034
0.0622804 1.969507176620698e+73 1.566794859397831e+70 7.112966686081779e+79 8606
0.0646758 2.006523440744411e+73 2.875194216896186e+70 6.719519389821196e+79 9066
0.0670712 2.054533395233062e+73 4.601893883898845e+70 6.39708280482207e+79 9962
0.0694666 2.071605679659291e+73 6.652737734098312e+70 6.013346754437902e+79 10550
0.071862 2.063581492056353e+73 9.118969065066357e+70 5.596209447177386e+79 11226
0.0742574 2.12607155076723e+73 1.201744639454001e+71 5.398828747193533e+79 12146
0.0766528 2.023862173418061e+73 1.534174890390041e+71 4.820951432287443e+79 12303
0.0790482 1.855116037729543e+73 1.931887279076258e+71 4.154009037801136e+79 12584
0.0814436 1.651636045566252e+73 2.455479465441206e+71 3.485083061239704e+79 12120
0.083839 1.464775681404537e+73 3.011892005386791e+71 2.916531670367496e+79 11180
0.0862344 1.203069284749797e+73 3.425292858008829e+71 2.264079597441157e+79 11096
0.0886298 1.02900819311581e+73 3.870353070154643e+71 1.833482496144472e+79 10056
0.0910252 9.203768659144579e+72 4.443152177963087e+71 1.554752475188527e+79 9716
0.0934206 7.850753385102509e+72 4.883125043419145e+71 1.258950533462006e+79 8604
0.095816 6.941792695516252e+72 5.326796193815004e+71 1.05802450786247e+79 8060
0.0982114 5.612734104770715e+72 5.464283033307829e+71 8.142942991059723e+78 7320
0.100607 4.6345705056186e+72 5.725449628274593e+71 6.410177952345039e+78 6356
0.103002 4.284136708133191e+72 5.990357439588858e+71 5.652245071715668e+78 5348
0.105398 3.040162496204408e+72 6.007219130574872e+71 3.829673209860963e+78 4308
0.107793 2.208780638639793e+72 6.218354673527497e+71 2.660573759427137e+78 3563
0.110188 8.519590988848672e+71 5.534831903834606e+71 9.830367224285092e+77 2448
0.112584 4.237404532003265e+71 5.949983356237365e+71 4.686345235975042e+77 1868
0.114979 1.401094291613935e+71 5.694080548371276e+71 1.490187174835709e+77 1358
0.117375 3.966495306457755e+70 5.131038044075329e+71 4.096844725101102e+76 1062
0.11977 2.228472680677156e+70 5.358883270359094e+71 2.244734577845019e+76 776
0.122165 4.718254954587367e+70 4.846893256048228e+71 4.489005268347114e+76 432
0.124561 7.482203486320554e+70 5.37383715805771e+71 6.795790419828374e+76 200
0.126956 1.562250812018703e+71 6.891699987371558e+71 1.358515966883258e+77 168
0.129352 1.551341994336621e+71 5.182824373706996e+71 1.299901864865666e+77 56
0.131747 2.762269833545909e+71 8.232477733666104e+71 2.231590862671399e+77 7


0.0023954 5.781256352117876e+68 2.261567588822039e+68 3.981034263225064e+78 18
0.0047908 4.514011977389079e+69 1.675010974795454e+69 4.563468308831249e+78 62
0.0071862 1.50267684231698e+70 5.181958880384105e+69 5.555283019889506e+78 98
0.0095816 4.155368761656436e+70 1.307232031278082e+70 7.918256440843644e+78 210
0.011977 9.438612639313256e+70 2.590419967870951e+70 1.118692016732662e+79 350
0.0143724 1.594406771123786e+71 3.773721616205526e+70 1.291338816561654e+79 450
0.0167678 2.867008505462185e+71 5.81524340377827e+70 1.673738722182587e+79 602
0.0191632 4.528003749037827e+71 7.715176209349187e+70 1.997998139852941e+79 762
0.0215586 6.674660306596114e+71 9.405331024652333e+70 2.32558232674056e+79 1142
0.023954 1.021813899324307e+72 1.180961187977551e+71 2.885109179967964e+79 1250
0.0263494 1.413279212049386e+72 1.34169586689989e+71 3.28050521627067e+79 1458
0.0287448 2.131834689729191e+72 1.641579248766087e+71 4.140662343894082e+79 1814
0.0311402 2.747148927839569e+72 1.702794787033522e+71 4.54767497943043e+79 2178
0.0335356 3.703313372419985e+72 1.833548813398216e+71 5.285362873570325e+79 2498
0.035931 4.702106164819723e+72 1.856927648983316e+71 5.827924093657476e+79 2622
0.0383264 5.535764739548208e+72 1.71626357914558e+71 6.023843108603378e+79 3338
0.0407218 6.73882202780002e+72 1.600401583656202e+71 6.50463644475917e+79 3722
0.0431172 8.026832932491862e+72 1.442272339129052e+71 6.917186980598214e+79 4170
0.0455126 9.207402997584338e+72 1.233717019086157e+71 7.113474064626253e+79 4358
0.047908 1.019927159721887e+73 9.838614672356172e+70 7.103973904385144e+79 5034
0.0503034 1.15890698014881e+73 7.776972964089646e+70 7.325530545151119e+79 5714
0.0526988 1.273436899962622e+73 5.751850148565376e+70 7.334802790987715e+79 5982
0.0550942 1.412762597573383e+73 3.971884521475209e+70 7.439704993864611e+79 6602
0.0574896 1.459509571960039e+73 2.571845371338539e+70 7.054577431720837e+79 7130
0.059885 1.531170800438619e+73 1.672152421781174e+70 6.822064551025427e+79 8034
0.0622804 1.563615255730251e+73 1.331687232850824e+70 6.44417430602948e+79 8606
0.0646758 1.610838234913142e+73 1.562709823527575e+70 6.15585296785407e+79 9066
0.0670712 1.662149800434992e+73 2.374990204555957e+70 5.905818112233509e+79 9962
0.0694666 1.683308761746854e+73 3.735528822977001e+70 5.575879666821858e+79 10550
0.071862 1.685487228167572e+73 5.400892130607037e+70 5.216000499103881e+79 11226
0.0742574 1.738566227748989e+73 7.681317134165102e+70 5.037934651478933e+79 12146
0.0766528 1.661204547367657e+73 1.03056904664562e+71 4.515587856415984e+79 12303
0.0790482 1.530594174868896e+73 1.35025464504978e+71 3.911070082878582e+79 12584
0.0814436 1.368032144868595e+73 1.797810630464227e+71 3.294082732173206e+79 12120
0.083839 1.210174185554013e+73 2.314780123703198e+71 2.749690891693486e+79 11180
0.0862344 9.857711187903456e+72 2.745771351458014e+71 2.116993237334697e+79 11096
0.0886298 8.321696949588544e+72 3.197537950036786e+71 1.69205624042555e+79 10056
0.0910252 7.319552287601871e+72 3.750167069969812e+71 1.411004661398557e+79 9716
0.0934206 6.104824192396474e+72 4.190805446348471e+71 1.117181760193724e+79 8604
0.095816 5.276920175516924e+72 4.617677232394868e+71 9.178324057131529e+78 8060
0.0982114 4.14291763187508e+72 4.772057590619217e+71 6.859308921051107e+78 7320
0.100607 3.310576786458444e+72 5.019490657876086e+71 5.225677573464539e+78 6356
0.103002 3.019992051250228e+72 5.248854408908152e+71 4.547230149592191e+78 5348
0.105398 2.022364733836208e+72 5.26696056330891e+71 2.907615191732889e+78 4308
0.107793 1.393326458789847e+72 5.428718006848229e+71 1.915714753328054e+78 3563
0.110188 4.306033984208189e+71 4.793332606756682e+71 5.675400552584138e+77 2448
0.112584 1.669384646648952e+71 5.104800814301245e+71 2.113562352050065e+77 1868
0.114979 7.653008405891682e+70 4.820933902872036e+71 9.33107269288276e+76 1358
0.117375 1.406567185116125e+71 4.273552123747592e+71 1.635975051506133e+77 1062
0.11977 2.517046645915818e+71 4.402972562454294e+71 2.809323146013472e+77 776
0.122165 3.500587396622561e+71 3.931578073552696e+71 3.756629180406604e+77 432
0.124561 4.556132363019685e+71 4.334076954949737e+71 4.686199703635416e+77 200
0.126956 7.346358403836251e+71 5.506773703728444e+71 7.258487383713158e+77 168
0.129352 6.341231835572226e+71 4.115310862993146e+71 6.044973430905584e+77 56
0.131747 1.068543580680115e+72 6.517927737190183e+71 9.825654599719286e+77 7


0.0023954 1.242244897908542e+69 1.546039886448107e+68 6.832101460626347e+78 18
0.0047908 9.531372415081687e+69 1.138097089864458e+69 9.34300245334874e+78 62
0.0071862 3.098262043841037e+70 3.48993082904102e+69 1.192647721640517e+79 98
0.0095816 8.321337781948254e+70 8.701554959703957e+69 1.70710718845043e+79 210
0.011977 1.812615878095377e+71 1.692150893443747e+70 2.357070779708713e+79 350
0.0143724 2.931535966031095e+71 2.410158247166862e+70 2.630257358229503e+79 450
0.0167678 5.047117017747983e+71 3.618332661900238e+70 3.281030614579893e+79 602
0.0191632 7.606774394290883e+71 4.643971343419741e+70 3.749665303725379e+79 762
0.0215586 1.06819622350822e+72 5.433383298374367e+70 4.166430870846184e+79 1142
0.023954 1.558783087593823e+72 6.492900873989664e+70 4.933420685279294e+79 1250
0.0263494 2.060762810460233e+72 6.969314344567658e+70 5.366027753245679e+79 1458
0.0287448 2.969681368457238e+72 7.947983953350501e+70 6.473906860120923e+79 1814
0.0311402 3.658718157989153e+72 7.565764965274255e+70 6.800360519211293e+79 2178
0.0335356 4.719151711573519e+72 7.327929576787312e+70 7.56394948276876e+79 2498
0.035931 5.744497809858792e+72 6.527983470739195e+70 7.997301858443716e+79 2622
0.0383264 6.478702632232827e+72 5.105748359767826e+70 7.919622773407905e+79 3338
0.0407218 7.542502689151791e+72 3.776526009390967e+70 8.179228650123034e+79 3722
0.0431172 8.598700697808682e+72 2.480484540320916e+70 8.325351895157966e+79 4170
0.0455126 9.447589971185519e+72 1.351922186950695e+70 8.201048973257744e+79 4358
0.047908 1.000601758708849e+73 5.492430270860579e+69 7.830912351758046e+79 5034
0.0503034 1.086805734647974e+73 2.53322473509707e+69 7.71921601204771e+79 5714
0.0526988 1.141523787042478e+73 5.577891031227822e+69 7.388158850672846e+79 5982
0.0550942 1.207475241367549e+73 1.544820901895739e+70 7.145181697624948e+79 6602
0.0574896 1.192177226556251e+73 3.086770740491297e+70 6.475303365993523e+79 7130
0.059885 1.191179886630698e+73 5.379310897976361e+70 5.963912326558785e+79 8034
0.0622804 1.160232566869906e+73 8.02133691196036e+70 5.373408046627601e+79 8606
0.0646758 1.134470574729124e+73 1.151078409808224e+71 4.871952905794719e+79 9066
0.0670712 1.116663384320237e+73 1.526590556663192e+71 4.458727319178311e+79 9962
0.0694666 1.085483923999082e+73 1.890034091604108e+71 4.040694026398229e+79 10550
0.071862 1.033492241331176e+73 2.305235143514054e+71 3.594247686469624e+79 11226
0.0742574 1.028231806727853e+73 2.749874969927776e+71 3.34845537830195e+79 12146
0.0766528 9.21063473204684e+72 3.192293768452869e+71 2.813723872603034e+79 12303
0.0790482 7.695622857113703e+72 3.68446871400427e+71 2.210015818544097e+79 12584
0.0814436 5.931497170620735e+72 4.277688135038147e+71 1.605267738754095e+79 12120
0.083839 4.465062931850965e+72 4.798502320502663e+71 1.140378253798568e+79 11180
0.0862344 2.934978696913895e+72 4.997974872877621e+71 7.086078832783847e+78 11096
0.0886298 1.977038305084662e+72 5.222048140185419e+71 4.520437067745893e+78 10056
0.0910252 1.368421915381144e+72 5.578755952291526e+71 2.967443152419711e+78 9716
0.0934206 8.800243375677224e+71 5.688838353154729e+71 1.812661764041346e+78 8604
0.095816 6.285568437661445e+71 5.829413081655336e+71 1.231330901051003e+78 8060
0.0982114 4.957164564201535e+71 5.548187796483751e+71 9.246856791752985e+77 7320
0.100607 5.207319573529977e+71 5.392468375144402e+71 9.256814989954913e+77 6356
0.103002 6.736798282426318e+71 5.38511721151499e+71 1.141558016901065e+78 5348
0.105398 8.50886611648043e+71 4.886465402073534e+71 1.375715231971382e+78 4308
0.107793 1.264540963744026e+72 4.544069221222478e+71 1.953743338357132e+78 3563
0.110188 1.65124325255085e+72 3.397953123879325e+71 2.441601263832454e+78 2448
0.112584 2.266827191532934e+72 3.233342536470584e+71 3.208626356817947e+78 1868
0.114979 2.727931282861848e+72 2.716704287709676e+71 3.6988870600335e+78 1358
0.117375 2.993162934974925e+72 2.142971846085863e+71 3.893279118088588e+78 1062
0.11977 3.557079308248439e+72 2.009423555904304e+71 4.449522388339395e+78 776
0.122165 3.558020671280965e+72 1.650860010422955e+71 4.283690676948601e+78 432
0.124561 4.107349421419764e+72 1.754159935732161e+71 4.740943944255715e+78 200
0.126956 5.595450150581186e+72 2.100922871453424e+71 6.206188648658446e+78 168
0.129352 4.369564646865596e+72 1.509415083739016e+71 4.676793376261841e+78 56
0.131747 7.056749426129259e+72 2.347829891312979e+71 7.286136494993431e+78 7


0.0023954 2.841766466782972e+69 4.217696813143066e+67 1.402818677618604e+79 18
0.0047908 2.140830074155046e+70 3.022912352247972e+68 2.150731074444383e+79 62
0.0071862 6.78387191339271e+70 8.912368055434235e+68 2.784926280055167e+79 98
0.0095816 1.764568228937455e+71 2.107507310350937e+69 3.928423739547882e+79 210
0.011977 3.664389219001051e+71 3.752549572856743e+69 5.221215404752348e+79 350
0.0143724 5.62621435484151e+71 4.784525809330385e+69 5.558918365361598e+79 450
0.0167678 9.174104526636491e+71 6.271168948691603e+69 6.585520413632744e+79 602
0.0191632 1.30027468926073e+72 6.676729964104571e+69 7.090064102818138e+79 762
0.0215586 1.707577664739246e+72 6.034522667582069e+69 7.376257422561471e+79 1142
0.023954 2.323758925601552e+72 5.003282890630283e+69 8.151422134206909e+79 1250
0.0263494 2.866799428490135e+72 3.175227845503031e+69 8.277832823160287e+79 1458
0.0287448 3.838988768280788e+72 1.437199583608122e+69 9.283662677247315e+79 1814
0.0311402 4.385220530811828e+72 1.793748961688229e+68 9.043760178723781e+79 2178
0.0335356 5.233100848161684e+72 9.072832685415546e+68 9.308419170924683e+79 2498
0.035931 5.895089933532784e+72 4.781048121464545e+69 9.108970475048559e+79 2622
0.0383264 6.124965876344365e+72 1.273888739860298e+70 8.310955948273126e+79 3338
0.0407218 6.524764014463995e+72 2.718189075243112e+70 7.854678912791363e+79 3722
0.0431172 6.792532437068314e+72 4.836769877142258e+70 7.301256024641626e+79 4170
0.0455126 6.801783464713525e+72 7.522928459436593e+70 6.5553044097636e+79 4358
0.047908 6.516265948509123e+72 1.07365602551005e+71 5.662355102263083e+79 5034
0.0503034 6.370595782365467e+72 1.499795645255927e+71 5.024282952753213e+79 5714
0.0526988 5.999549440025837e+72 1.956055717693629e+71 4.311910456577961e+79 5982
0.0550942 5.621723466407338e+72 2.523921905098405e+71 3.694345293877883e+79 6602
0.0574896 4.930858232655085e+72 2.945307736770656e+71 2.974469944352794e+79 7130
0.059885 4.313971650062821e+72 3.455907352213455e+71 2.399076670422236e+79 8034
0.0622804 3.679325874258875e+72 3.874664657735815e+71 1.892940910350697e+79 8606
0.0646758 3.093902030328198e+72 4.363643744557994e+71 1.476222015264546e+79 9066
0.0670712 2.664380050971233e+72 4.829885979581396e+71 1.182202585565087e+79 9962
0.0694666 2.359558937613039e+72 5.162737680990119e+71 9.761675346705032e+78 10550
0.071862 1.978503094888323e+72 5.488027569764209e+71 7.648760424969314e+78 11226
0.0742574 1.909411035868772e+72 5.882218926730826e+71 6.91236179354227e+78 12146
0.0766528 1.537409947505412e+72 5.983966812724983e+71 5.222383557965844e+78 12303
0.0790482 1.068997584622484e+72 5.983654275169622e+71 3.415679658182622e+78 12584
0.0814436 6.966662946948334e+71 5.910974630826251e+71 2.099818322047271e+78 12120
0.083839 7.348928124210418e+71 5.694007094836858e+71 2.089101902642192e+78 11180
0.0862344 9.89686315119934e+71 5.061033187417417e+71 2.656027233262405e+78 11096
0.0886298 1.455003852132208e+72 4.59081587172476e+71 3.694051898844316e+78 10056
0.0910252 2.085999455760331e+72 4.301495607708471e+71 5.01876947153386e+78 9716
0.0934206 2.783303439854152e+72 3.818839143215558e+71 6.355113637811787e+78 8604
0.095816 3.461259303815955e+72 3.476423450800359e+71 7.510260544168306e+78 8060
0.0982114 4.030814324623915e+72 2.88069740186397e+71 8.324125693762497e+78 7320
0.100607 4.664997307140846e+72 2.428503517825808e+71 9.183435038672196e+78 6356
0.103002 5.11752734141772e+72 2.254376567964888e+71 9.609266985296764e+78 5348
0.105398 5.624664181185752e+72 1.641310573175141e+71 1.008268111999577e+79 4308
0.107793 6.24645812334922e+72 1.207054412575569e+71 1.070543935512139e+79 3563
0.110188 6.058289220802881e+72 4.931079878485091e+70 9.940068962702048e+78 2448
0.112584 6.766231080308921e+72 2.561356606933266e+70 1.06287044425307e+79 1868
0.114979 6.631497620248161e+72 8.759344217667698e+69 9.979753626998489e+78 1358
0.117375 6.033636424141745e+72 2.476684757600595e+69 8.710825647001348e+78 1062
0.11977 6.318237524624997e+72 1.269165183305288e+69 8.772519228360484e+78 776
0.122165 5.702413854456839e+72 2.668398997567274e+69 7.620546374429937e+78 432
0.124561 6.31075700050067e+72 4.270498826090297e+69 8.085485612758176e+78 200
0.126956 8.060912043214637e+72 9.028282968609208e+69 9.9243111170869e+78 168
0.129352 6.041497796565137e+72 9.01952178675697e+69 7.177678661629725e+78 56
0.131747 9.579995582771334e+72 1.609420629206416e+70 1.097966140821025e+79 7


0.0023954 3.075074489248324e+69 5.288801154695645e+66 1.625906151229256e+79 18
0.0047908 2.281642240364476e+70 4.437574726448956e+67 2.49806671541458e+79 62
0.0071862 7.075619474983606e+70 1.620551940915334e+68 3.180622887641858e+79 98
0.0095816 1.789890924119507e+71 4.983022318144219e+68 4.372098142330251e+79 210
0.011977 3.559804232064115e+71 1.30057635096205e+69 5.571503220167212e+79 350
0.0143724 5.202331737450761e+71 2.502023032672179e+69 5.649389711063513e+79 450
0.0167678 8.034185897693389e+71 5.05873542249184e+69 6.340783944156167e+79 602
0.0191632 1.066834759759927e+72 8.948162813582283e+69 6.397213941868285e+79 762
0.0215586 1.298651007120528e+72 1.464837896894525e+70 6.170231692952412e+79 1142
0.023954 1.6230948168556e+72 2.457724697061158e+70 6.263224048538912e+79 1250
0.0263494 1.828535760252765e+72 3.66839653566315e+70 5.808793957710451e+79 1458
0.0287448 2.206311952061631e+72 5.918642208840382e+70 5.870679636318009e+79 1814
0.0311402 2.241758040824149e+72 8.072315932651386e+70 5.087738232274503e+79 2178
0.0335356 2.344376589330467e+72 1.140371650336661e+71 4.589829062406728e+79 2498
0.035931 2.284149034114166e+72 1.501900819479668e+71 3.885533022351414e+79 2622
0.0383264 2.001614149858647e+72 1.820415221911198e+71 2.990945396499648e+79 3338
0.0407218 1.731324766520615e+72 2.265273203720467e+71 2.296296802878411e+79 3722
0.0431172 1.411148816568455e+72 2.735482249956842e+71 1.67238810523726e+79 4170
0.0455126 1.055260344468782e+72 3.15764303415609e+71 1.12263426991621e+79 4358
0.047908 6.952136491779111e+71 3.495576733327258e+71 6.683204978714364e+78 5034
0.0503034 4.188678579977899e+71 3.943802607495499e+71 3.671208217220315e+78 5714
0.0526988 2.216470856394587e+71 4.275876155364121e+71 1.787334380611696e+78 5982
0.0550942 1.206375418132843e+71 4.651685212211341e+71 9.046966700001367e+77 6602
0.0574896 1.524370451499918e+71 4.690605722859583e+71 1.03889513892159e+78 7130
0.059885 3.142544081914091e+71 4.772334982874964e+71 1.944523016417677e+78 8034
0.0622804 5.827697686783439e+71 4.710680191897227e+71 3.314009280678405e+78 8606
0.0646758 9.972818436393461e+71 4.655824863906808e+71 5.243234156190666e+78 9066
0.0670712 1.489972474041092e+72 4.610382428705736e+71 7.273884493985871e+78 9962
0.0694666 2.017023319649332e+72 4.487181533698957e+71 9.1735282227211e+78 10550
0.071862 2.623774313143767e+72 4.281595760414968e+71 1.114346407592703e+79 11226
0.0742574 3.285215720277343e+72 4.247355698461141e+71 1.30615896075077e+79 12146
0.0766528 3.988286735526544e+72 3.801648912761572e+71 1.487131723541453e+79 12303
0.0790482 4.785899060903717e+72 3.174849999075408e+71 1.677228761687313e+79 12584
0.0814436 5.774454474527526e+72 2.42889473843523e+71 1.906686146156444e+79 12120
0.083839 6.671234838343629e+72 1.790321183820211e+71 2.07840793753546e+79 11180
0.0862344 7.106914928270002e+72 1.129002152941605e+71 2.092570329565893e+79 11096
0.0886298 7.508503609377026e+72 7.218334386033695e+70 2.093090138904999e+79 10056
0.0910252 8.047872271812686e+72 4.748911294396343e+70 2.126849107441641e+79 9716
0.0934206 8.181269919373719e+72 3.025380071231928e+70 2.052401584327363e+79 8604
0.095816 8.32489276362101e+72 2.381250221825934e+70 1.98487995081649e+79 8060
0.0982114 7.811148760108446e+72 2.486991025354188e+70 1.772711729343387e+79 7320
0.100607 7.452230760269288e+72 3.327410564393902e+70 1.612300915235948e+79 6356
0.103002 7.3340035291898e+72 4.499589037806784e+70 1.513529343681448e+79 5348
0.105398 6.441867572996742e+72 6.16111120068958e+70 1.269208099929631e+79 4308
0.107793 5.736858045901711e+72 8.925803605010396e+70 1.080697623465569e+79 3563
0.110188 3.943528546814472e+72 1.127160249697345e+71 7.112283502612538e+78 2448
0.112584 3.484468346468009e+72 1.48611350214026e+71 6.016895474485913e+78 1868
0.114979 2.666869959723164e+72 1.708061932481737e+71 4.411989264603512e+78 1358
0.117375 1.890396914947966e+72 1.788641009586771e+71 3.000441734923075e+78 1062
0.11977 1.604312043409767e+72 2.059215062297557e+71 2.449043951471726e+78 776
0.122165 1.195885891108645e+72 2.004613861786669e+71 1.757219286436e+78 432
0.124561 1.213347261154857e+72 2.287975030518321e+71 1.709352406566449e+78 200
0.126956 1.343230561202993e+72 3.062492219585485e+71 1.818508387017007e+78 168
0.129352 9.132032844686712e+71 2.364170376093509e+71 1.193086842945681e+78 56
0.131747 1.38367908936308e+72 3.798383567106242e+71 1.743926976740636e+78 7


0.0023954 9.292655468292981e+68 9.65626937571447e+67 7.039359118268695e+78 18
0.0047908 6.691675521973611e+69 7.315352425782767e+68 8.948845012107864e+78 62
0.0071862 1.986525425200641e+70 2.336044138193698e+69 1.039029992028681e+79 98
0.0095816 4.740987066271247e+70 6.134562959312849e+69 1.318676406563297e+79 210
0.011977 8.571566582342944e+70 1.2917746237561e+70 1.510710657955409e+79 350
0.0143724 1.114093486012399e+71 2.012587405347371e+70 1.355010686488732e+79 450
0.0167678 1.495389692517431e+71 3.330011038818112e+70 1.319081993829125e+79 602
0.0191632 1.64658113684561e+71 4.793917724651438e+70 1.103923734711556e+79 762
0.0215586 1.562691774176432e+71 6.394957806707964e+70 8.32263807384883e+78 1142
0.023954 1.398058834356626e+71 8.831600402225952e+70 6.087973213133339e+78 1250
0.0263494 1.006950162684567e+71 1.103455325940314e+71 3.664966320433567e+78 1458
0.0287448 6.028755437371026e+70 1.494250534785167e+71 1.9202426874467e+78 1814
0.0311402 1.668908921643012e+70 1.722085607633926e+71 5.570978310013296e+77 2178
0.0335356 4.086580426478861e+69 2.067717584986995e+71 2.161956150323795e+77 2498
0.035931 4.463056134412352e+70 2.336228706651685e+71 9.37482073731027e+77 2622
0.0383264 1.605909918683541e+71 2.426204927195266e+71 2.700533496163409e+78 3338
0.0407218 3.912348005632811e+71 2.572678431163384e+71 5.718041086333808e+78 3722
0.0431172 7.456920339352912e+71 2.653908159991346e+71 9.665538581564865e+78 4170
0.0455126 1.206671061257065e+72 2.620983431765088e+71 1.398314146940695e+79 4358
0.047908 1.765185217781075e+72 2.461248401482375e+71 1.841527292003953e+79 5034
0.0503034 2.500518954419299e+72 2.344015078852492e+71 2.365613818778787e+79 5714
0.0526988 3.282529296914158e+72 2.136595869216471e+71 2.828472436737158e+79 5982
0.0550942 4.241054352493007e+72 1.919253574859628e+71 3.340202208993902e+79 6602
0.0574896 4.932407388452336e+72 1.606754998926934e+71 3.565026438267415e+79 7130
0.059885 5.746166310186912e+72 1.327417509258575e+71 3.827891654178919e+79 8034
0.0622804 6.379442788908645e+72 1.065584976966897e+71 3.930758024333255e+79 8606
0.0646758 7.089038716990117e+72 8.369391765919489e+70 4.050006039343279e+79 9066
0.0670712 7.733455937702556e+72 6.866749326161233e+70 4.107713038057508e+79 9962
0.0694666 8.133908013298073e+72 6.117613286245035e+70 4.027689011217913e+79 10550
0.071862 8.491430636733152e+72 5.238745181835733e+70 3.928179958242046e+79 11226
0.0742574 8.939820150315329e+72 5.642755325761337e+70 3.872435717075549e+79 12146
0.0766528 8.87330764092395e+72 5.323541708071292e+70 3.605496378572621e+79 12303
0.0790482 8.599334156280281e+72 4.93840273564109e+70 3.284599035481408e+79 12584
0.0814436 8.133874048349102e+72 5.392974574184953e+70 2.927601521475013e+79 12120
0.083839 7.437083110162199e+72 7.58460741583986e+70 2.525882260149206e+79 11180
0.0862344 6.17815647058801e+72 1.039662981350293e+71 1.983250060711681e+79 11096
0.0886298 5.213516314169855e+72 1.374556317325805e+71 1.58457395214932e+79 10056
0.0910252 4.523045614567708e+72 1.770472072905586e+71 1.303347109252711e+79 9716
0.0934206 3.663706991406992e+72 2.132852349882476e+71 1.00223040541033e+79 8604
0.095816 3.060459236524242e+72 2.460274076867518e+71 7.957540386697416e+78 8060
0.0982114 2.290420897086057e+72 2.636536406014258e+71 5.669184412075438e+78 7320
0.100607 1.741262277268802e+72 2.832809845813187e+71 4.109263421699383e+78 6356
0.103002 1.57813493575077e+72 2.96655541557053e+71 3.552676924991702e+78 5348
0.105398 9.933223803344604e+71 3.006065500958271e+71 2.135535849478247e+78 4308
0.107793 7.105759568042327e+71 3.069812588476594e+71 1.461077253609873e+78 3563
0.110188 3.070110359924014e+71 2.655126321876271e+71 6.050447416313793e+77 2448
0.112584 3.322154050676363e+71 2.742530293140978e+71 6.267079302491702e+77 1868
0.114979 4.986285031066211e+71 2.468841155162306e+71 9.003289805000264e+77 1358
0.117375 7.298326148092148e+71 2.056094222094978e+71 1.263497461710523e+78 1062
0.11977 1.018893207615062e+72 2.006621403397045e+71 1.696016807187918e+78 776
0.122165 1.148962446162375e+72 1.70006173741863e+71 1.840561939323262e+78 432
0.124561 1.387291354825802e+72 1.829645294789462e+71 2.130540082459218e+78 200
0.126956 2.015349007644132e+72 2.234394937310069e+71 2.973994797709967e+78 168
0.129352 1.635522083817975e+72 1.62506810414795e+71 2.32892316699087e+78 56
0.131747 2.685159878996943e+72 2.541587752249559e+71 3.688465676252069e+78 7


0.0023954 1.232725012013561e+68 1.219825076208067e+68 3.241478941279299e+78 18
0.0047908 1.022191210062397e+69 9.034237896895238e+68 2.711162707468325e+78 62
0.0071862 3.67805994037452e+69 2.793922617138115e+69 2.872594929724426e+78 98
0.0095816 1.112368916529794e+70 7.040858824397502e+69 3.968108411956959e+78 210
0.011977 2.84264555604237e+70 1.39131750469801e+70 5.866791174910498e+78 350
0.0143724 5.363399770092777e+70 2.016669617285321e+70 7.304801914748157e+78 450
0.0167678 1.065452340905492e+71 3.083113608196891e+70 1.028304851103199e+79 602
0.0191632 1.851921661313495e+71 4.038595787034241e+70 1.338237769682137e+79 762
0.0215586 2.979722563230287e+71 4.828633557309379e+70 1.691169210821925e+79 1142
0.023954 4.917107108831891e+71 5.898426798307901e+70 2.255115113504203e+79 1250
0.0263494 7.224245163789398e+71 6.463406993777643e+70 2.719695636564123e+79 1458
0.0287448 1.146411565012313e+72 7.52256312147525e+70 3.608200921270358e+79 1814
0.0311402 1.536870614295689e+72 7.298891500722435e+70 4.120557977609527e+79 2178
0.0335356 2.131985825470979e+72 7.192567788928988e+70 4.926656888975117e+79 2498
0.035931 2.755464555858777e+72 6.501079729241956e+70 5.528763657791081e+79 2622
0.0383264 3.27039033672968e+72 5.145029006169343e+70 5.760560402978772e+79 3338
0.0407218 3.973495089588716e+72 3.838142047737465e+70 6.208066698478136e+79 3722
0.0431172 4.6764506972275e+72 2.529324253023825e+70 6.522804225082804e+79 4170
0.0455126 5.251551790417098e+72 1.37334786581032e+70 6.566902979112542e+79 4358
0.047908 5.634826172288e+72 5.518388680679124e+69 6.352457657533591e+79 5034
0.0503034 6.145706109838776e+72 2.643787761304782e+69 6.28774905202821e+79 5714
0.0526988 6.424238093601903e+72 6.133377222666389e+69 5.989244193804202e+79 5982
0.0550942 6.707149441559723e+72 1.677156653810517e+70 5.717061559622015e+79 6602
0.0574896 6.486704137940298e+72 3.290138587589105e+70 5.075125496944911e+79 7130
0.059885 6.294414945889202e+72 5.624236099192293e+70 4.539616542724252e+79 8034
0.0622804 5.920360760584856e+72 8.225836266634057e+70 3.949764838792727e+79 8606
0.0646758 5.535376121831534e+72 1.153860390437209e+71 3.424424548422505e+79 9066
0.0670712 5.205524299370145e+72 1.495449448027471e+71 2.994309485275129e+79 9962
0.0694666 4.850935201470941e+72 1.802876376165782e+71 2.60144051198702e+79 10550
0.071862 4.379991117617489e+72 2.139757261976107e+71 2.194561602547046e+79 11226
0.0742574 4.203764801038277e+72 2.478293238628557e+71 1.972320513231624e+79 12146
0.0766528 3.516772028755264e+72 2.779728562856039e+71 1.547932674070697e+79 12303
0.0790482 2.614252432199939e+72 3.091251616562837e+71 1.081882456783497e+79 12584
0.0814436 1.623210982923013e+72 3.434073559707084e+71 6.332937741198985e+78 12120
0.083839 9.670608948739199e+71 3.64647509765497e+71 3.562972761906055e+78 11180
0.0862344 4.940265723826575e+71 3.554100640490258e+71 1.722966868669714e+78 11096
0.0886298 3.824656944519145e+71 3.45661896284834e+71 1.263722005313534e+78 10056
0.0910252 4.941949736745964e+71 3.423652346577707e+71 1.546307915312399e+78 9716
0.0934206 7.740075030409603e+71 3.192972345099834e+71 2.295969673976837e+78 8604
0.095816 1.123919268447981e+72 3.01429313968804e+71 3.1665740083679e+78 8060
0.0982114 1.552708129633137e+72 2.581956831971736e+71 4.162212905122237e+78 7320
0.100607 2.038373329832184e+72 2.2406873250272e+71 5.20778624104338e+78 6356
0.103002 2.389180965308361e+72 2.096557085446238e+71 5.821914936911663e+78 5348
0.105398 2.900506723238383e+72 1.586414862194412e+71 6.746922405257843e+78 4308
0.107793 3.490922042278247e+72 1.197477475447934e+71 7.763250503139504e+78 3563
0.110188 3.68370846502693e+72 5.397935885720178e+70 7.842268698827892e+78 2448
0.112584 4.288899909239642e+72 3.08632123808373e+70 8.741594129832604e+78 1868
0.114979 4.334659543271981e+72 1.210644825237898e+70 8.463907723768298e+78 1358
0.117375 4.013075401762841e+72 3.581512667769871e+69 7.517327536325638e+78 1062
0.11977 4.238423085857119e+72 9.277604827531639e+68 7.635504855998618e+78 776
0.122165 3.837185073635846e+72 1.245764565948962e+69 6.653417762225475e+78 432
0.124561 4.248328195205344e+72 2.183298503981548e+69 7.062316811547817e+78 200
0.126956 5.424134388086635e+72 5.355470242823429e+69 8.664649913677927e+78 168
0.129352 4.060966390340738e+72 5.781963791169746e+69 6.259981617428192e+78 56
0.131747 6.435290135797407e+72 1.06144041132146e+70 9.569646169283969e+78 7


0.0023954 1.768500518394661e+69 2.238538387582405e+67 1.259390032813926e+79 18
0.0047908 1.334729194758176e+70 1.578731333757647e+68 1.895389757296853e+79 62
0.0071862 4.239356522020156e+70 4.541545318170283e+68 2.445439263190783e+79 98
0.0095816 1.105488436135709e+71 1.037329851966607e+69 3.449323876054989e+79 210
0.011977 2.302412043622299e+71 1.735837758200821e+69 4.591325797527055e+79 350
0.0143724 3.541751849592326e+71 2.03017934077547e+69 4.893953616568129e+79 450
0.0167678 5.777023516802328e+71 2.361129613675621e+69 5.797310112013331e+79 602
0.0191632 8.17278239829893e+71 2.06857099257636e+69 6.228360681046589e+79 762
0.0215586 1.06778620475953e+72 1.327484693459006e+69 6.445520938744394e+79 1142
0.023954 1.439933271560436e+72 5.287743177750044e+68 7.057651857168272e+79 1250
0.0263494 1.752903178979161e+72 4.932250071620976e+67 7.071805663143017e+79 1458
0.0287448 2.302334653531055e+72 7.044238816936527e+68 7.778822816451327e+79 1814
0.0311402 2.562283986110391e+72 3.462533461004258e+69 7.382880188790923e+79 2178
0.0335356 2.95602609618216e+72 9.901817111824372e+69 7.346361182778223e+79 2498
0.035931 3.19512721206352e+72 2.054851234305258e+70 6.898072860155448e+79 2622
0.0383264 3.149403495895266e+72 3.507009810555959e+70 5.971155260118318e+79 3338
0.0407218 3.134705019589167e+72 5.728662738483286e+70 5.273227830900955e+79 3722
0.0431172 3.006625895049092e+72 8.543960084713492e+70 4.51656026852341e+79 4170
0.0455126 2.730782638091945e+72 1.166973646997174e+71 3.678614833608581e+79 4358
0.047908 2.315362520174848e+72 1.492380415565502e+71 2.812817959020764e+79 5034
0.0503034 1.951052454844437e+72 1.89904332776512e+71 2.151937322095509e+79 5714
0.0526988 1.54058275052041e+72 2.277297324680126e+71 1.549228900990123e+79 5982
0.0550942 1.150790512844881e+72 2.710680664038288e+71 1.059039063558578e+79 6602
0.0574896 7.95957841338499e+71 2.937173243984598e+71 6.732137494058527e+78 7130
0.059885 5.346644884129772e+71 3.192097167125066e+71 4.177195131726685e+78 8034
0.0622804 3.830074696250942e+71 3.327338613704928e+71 2.774005590725915e+78 8606
0.0646758 3.425336610465936e+71 3.462216775455785e+71 2.301938028135893e+78 9066
0.0670712 4.289202744760449e+71 3.565400115359716e+71 2.674185738160918e+78 9962
0.0694666 6.347702599392513e+71 3.563350610126264e+71 3.679805040065364e+78 10550
0.071862 8.786133195970053e+71 3.51247311740296e+71 4.751320417701525e+78 11226
0.0742574 1.246261470093279e+72 3.536858514426168e+71 6.304291184167423e+78 12146
0.0766528 1.635760084973464e+72 3.275322198463532e+71 7.756768253863052e+78 12303
0.0790482 2.090454374358312e+72 2.886540739834607e+71 9.314076217348358e+78 12584
0.0814436 2.737704774820412e+72 2.382200810669217e+71 1.149025979000971e+79 12120
0.083839 3.471946417535096e+72 1.873755920994217e+71 1.374718207355989e+79 11180
0.0862344 4.028710372500796e+72 1.273813584786403e+71 1.507457167746134e+79 11096
0.0886298 4.528945040215784e+72 8.7007031112969e+70 1.604325733816902e+79 10056
0.0910252 5.075241408282832e+72 6.05280258987542e+70 1.704364418941504e+79 9716
0.0934206 5.342989363741344e+72 3.911648286348762e+70 1.703213892187266e+79 8604
0.095816 5.553641824060643e+72 2.869618304916649e+70 1.682569483478288e+79 8060
0.0982114 5.288387881940186e+72 2.458019460224823e+70 1.525049430812829e+79 7320
0.100607 5.083145128460663e+72 2.81431637462635e+70 1.397426106146254e+79 6356
0.103002 4.98943152494199e+72 3.698687744485332e+70 1.308391225014784e+79 5348
0.105398 4.383664691311242e+72 4.792471103853444e+70 1.097478041599743e+79 4308
0.107793 3.849409953495305e+72 6.97048615198668e+70 9.214349075521596e+78 3563
0.110188 2.566035331955035e+72 8.820224518643581e+70 5.880776565011481e+78 2448
0.112584 2.170929623125131e+72 1.174425133529766e+71 4.763653131512994e+78 1868
0.114979 1.545817955636107e+72 1.360612873971077e+71 3.249898215610419e+78 1358
0.117375 9.945503235621955e+71 1.423485187827766e+71 2.006196774337235e+78 1062
0.11977 7.601196267554064e+71 1.632165616750223e+71 1.474867991016355e+78 776
0.122165 5.053480324875471e+71 1.578440065353007e+71 9.439724894962284e+77 432
0.124561 4.831655031695136e+71 1.795311759478076e+71 8.653957761530612e+77 200
0.126956 4.79446864881484e+71 2.388170240155578e+71 8.254093092924061e+77 168
0.129352 3.001461894580058e+71 1.835057589146978e+71 4.987438276429843e+77 56
0.131747 4.36424613404611e+71 2.941751505926752e+71 6.996413924968062e+77 7


0.0023954 1.594644064608074e+69 2.055183989740154e+67 1.227374565519401e+79 18
0.0047908 1.171679155970311e+70 1.61795086337401e+68 1.792402483840407e+79 62
0.0071862 3.581915985993719e+70 5.443468292032709e+68 2.223547709278859e+79 98
0.0095816 8.889023360193423e+70 1.523419045180769e+69 2.983174336896095e+79 210
0.011977 1.713254571563828e+71 3.51317847065865e+69 3.674174963163371e+79 350
0.0143724 2.409302513020888e+71 6.011953106897765e+69 3.579975374649551e+79 450
0.0167678 3.554666005324833e+71 1.0915232142134e+70 3.836054444106685e+79 602
0.0191632 4.446377738335209e+71 1.734745211446844e+70 3.644615711836094e+79 762
0.0215586 5.012659259755553e+71 2.56004255759336e+70 3.255300166720834e+79 1142
0.023954 5.689043917297985e+71 3.89986717978405e+70 3.001138745687711e+79 1250
0.0263494 5.705697379051752e+71 5.333589838586239e+70 2.479112891422749e+79 1458
0.0287448 5.909458964533791e+71 7.894077914571208e+70 2.152744751503042e+79 1814
0.0311402 4.909414558488759e+71 9.901234986639575e+70 1.527990285567927e+79 2178
0.0335356 3.901023341482212e+71 1.287952521113287e+71 1.050784365794103e+79 2498
0.035931 2.593599258689886e+71 1.565914688358144e+71 6.111963970503386e+78 2622
0.0383264 1.241640342221291e+71 1.745807083943278e+71 2.620479561099207e+78 3338
0.0407218 3.471071734032852e+70 1.985566407094802e+71 7.141194761202868e+77 3722
0.0431172 1.849468027177619e+70 2.186291341159704e+71 3.752997858878111e+77 4170
0.0455126 9.76248207132939e+70 2.294514361433246e+71 1.473357715439534e+78 4358
0.047908 2.911824059074038e+71 2.287649340082722e+71 3.838251366001983e+78 5034
0.0503034 6.160735734721827e+71 2.308821085907232e+71 7.311491161737786e+78 5714
0.0526988 1.051534491274904e+72 2.224174671493884e+71 1.133790580705302e+79 5982
0.0550942 1.640296756680988e+72 2.118001254935468e+71 1.614751086145933e+79 6602
0.0574896 2.179006775629333e+72 1.868833161984151e+71 1.967520624116674e+79 7130
0.059885 2.823756158661639e+72 1.633730295540837e+71 2.349285364240205e+79 8034
0.0622804 3.393870329339901e+72 1.382558884201898e+71 2.611218590408421e+79 8606
0.0646758 4.035002725972755e+72 1.146551884736529e+71 2.878189914416996e+79 9066
0.0670712 4.618493262315515e+72 9.729001676424264e+70 3.062716063024294e+79 9962
0.0694666 5.021975372640518e+72 8.566067832820756e+70 3.104524155350637e+79 10550
0.071862 5.417175646104094e+72 7.190894691090465e+70 3.128483054670928e+79 11226
0.0742574 5.805970900884501e+72 7.117290518116446e+70 3.139597289686663e+79 12146
0.0766528 5.924248096466374e+72 6.007912836362961e+70 3.005025670113584e+79 12303
0.0790482 5.937123005825249e+72 4.624401840524043e+70 2.830876088048588e+79 12584
0.0814436 5.829203776078881e+72 3.760934218053347e+70 2.619051367955207e+79 12120
0.083839 5.453167285024156e+72 4.693499384562359e+70 2.311940937706873e+79 11180
0.0862344 4.596925555114329e+72 6.490703400723775e+70 1.842057361026359e+79 11096
0.0886298 3.884944465995214e+72 9.023037026855839e+70 1.473961916338967e+79 10056
0.0910252 3.346625602182668e+72 1.211104189241439e+71 1.203818318748003e+79 9716
0.0934206 2.665466268970063e+72 1.507559078514132e+71 9.102361875863484e+78 8604
0.095816 2.18363777689023e+72 1.770088555011656e+71 7.087916319186052e+78 8060
0.0982114 1.594588494360892e+72 1.917546653895827e+71 4.927410975575246e+78 7320
0.100607 1.19104465531397e+72 2.064595416671711e+71 3.509266462019561e+78 6356
0.103002 1.095911844330984e+72 2.149294701861468e+71 3.080179752943757e+78 5348
0.105398 7.049418471526171e+71 2.16334301201587e+71 1.892281145826888e+78 4308
0.107793 5.809481373033402e+71 2.16751170145681e+71 1.491258135779572e+78 3563
0.110188 3.95878945376564e+71 1.814316575591685e+71 9.731040622472763e+77 2448
0.112584 5.378383044525767e+71 1.811008601696931e+71 1.265162083615252e+78 1868
0.114979 7.736204593609298e+71 1.551942313652257e+71 1.742585847840949e+78 1358
0.117375 1.013900249611806e+72 1.215260550508613e+71 2.190367494753929e+78 1062
0.11977 1.328815567149129e+72 1.121951694600626e+71 2.760471017832578e+78 776
0.122165 1.42491816926324e+72 8.999758467563871e+70 2.848896635136587e+78 432
0.124561 1.687159649394016e+72 9.441305470134122e+70 3.233917275163244e+78 200
0.126956 2.38115528047352e+72 1.10440736292426e+71 4.385693584019646e+78 168
0.129352 1.897644066818586e+72 7.795420666509562e+70 3.372718096623622e+78 56
0.131747 3.090846229709921e+72 1.202151689625207e+71 5.299349062149368e+78 7


0.0023954 5.417227129136115e+67 9.187273431672742e+67 3.175557532543442e+78 18
0.0047908 3.402589482336136e+68 6.878403657536157e+68 2.127259917417897e+78 62
0.0071862 8.088805348453468e+68 2.159930381145779e+69 1.597524577945637e+78 98
0.0095816 1.366655654087066e+69 5.549963880957002e+69 1.386038144310912e+78 210
0.011977 1.144562104708904e+69 1.129726495737259e+70 1.011085946754454e+78 350
0.0143724 2.523963756085996e+68 1.692793677349117e+70 5.831921237384906e+77 450
0.0167678 4.910233522520298e+68 2.681988481438317e+70 5.262935289607129e+77 602
0.0191632 5.551068879569838e+69 3.663111419881675e+70 8.625586637063285e+77 762
0.0215586 2.238951373590111e+70 4.591711820067059e+70 1.839938690157789e+78 1142
0.023954 6.422831021554995e+70 5.906969036073856e+70 3.845361608278403e+78 1250
0.0263494 1.365846884210049e+71 6.831681022393133e+70 6.491976492923807e+78 1458
0.0287448 2.879328246909761e+71 8.449658865063423e+70 1.128502422805146e+79 1814
0.0311402 4.806729864140833e+71 8.774253679150237e+70 1.594897122241084e+79 2178
0.0335356 7.937985067476913e+71 9.339915320869035e+70 2.26328542431382e+79 2498
0.035931 1.17727178817348e+72 9.212548892987213e+70 2.910126888116831e+79 2622
0.0383264 1.571032470876166e+72 8.122149106612246e+70 3.406248781229036e+79 3338
0.0407218 2.113649727357467e+72 7.008485180397064e+70 4.062740891973074e+79 3722
0.0431172 2.705606621309325e+72 5.632111205727025e+70 4.641469137238463e+79 4170
0.0455126 3.257241351254427e+72 4.08728967761949e+70 5.008620947038498e+79 4358
0.047908 3.714022233014983e+72 2.548616153036359e+70 5.148147307513438e+79 5034
0.0503034 4.263857283467477e+72 1.403994823565039e+70 5.363384070366153e+79 5714
0.0526988 4.650241684423323e+72 6.935944021090636e+69 5.329886680437189e+79 5982
0.0550942 5.040567845807665e+72 5.049385517450249e+69 5.281922461897483e+79 6602
0.0574896 5.014990087683981e+72 9.737572242232305e+69 4.823493450797088e+79 7130
0.059885 4.988285262141426e+72 2.08764318888572e+70 4.422602041100771e+79 8034
0.0622804 4.78088416996579e+72 3.651236116209221e+70 3.920941634046669e+79 8606
0.0646758 4.542358445258266e+72 5.860137191050743e+70 3.454447980322571e+79 9066
0.0670712 4.314562014243698e+72 8.30131995695088e+70 3.050879612290471e+79 9962
0.0694666 4.034005884634015e+72 1.067476730954569e+71 2.659391318231603e+79 10550
0.071862 3.666216125073149e+72 1.327629263969053e+71 2.258137937382107e+79 11226
0.0742574 3.513436546839306e+72 1.589221502720236e+71 2.026429423741034e+79 12146
0.0766528 2.957220711152346e+72 1.839434741047513e+71 1.600123229599964e+79 12303
0.0790482 2.230707820548164e+72 2.103801895622443e+71 1.134846657937472e+79 12584
0.0814436 1.412736147488992e+72 2.405325049317219e+71 6.775678342851759e+78 12120
0.083839 8.540553671922371e+71 2.603278462368495e+71 3.868168908378065e+78 11180
0.0862344 4.486182218240773e+71 2.566875184680963e+71 1.92324722619723e+78 11096
0.0886298 3.661556791123357e+71 2.495641934211828e+71 1.486821080526321e+78 10056
0.0910252 4.861659432087254e+71 2.451097366480185e+71 1.869427635742523e+78 9716
0.0934206 7.572232012037889e+71 2.246310851641167e+71 2.760720726151001e+78 8604
0.095816 1.083174246388603e+72 2.077878218077925e+71 3.751114963690992e+78 8060
0.0982114 1.462558502860321e+72 1.725286038688438e+71 4.819204532406739e+78 7320
0.100607 1.874459731380091e+72 1.444558047010332e+71 5.886860480095006e+78 6356
0.103002 2.152345840158827e+72 1.327549410719382e+71 6.447220261746264e+78 5348
0.105398 2.546601095518719e+72 9.421410958555763e+70 7.281831092035643e+78 4308
0.107793 2.965938908704356e+72 6.634428499719532e+70 8.108059450391186e+78 3563
0.110188 3.002557904169704e+72 2.358637477707914e+70 7.857809463409836e+78 2448
0.112584 3.382703471930727e+72 9.992641492032833e+69 8.475473987784865e+78 1868
0.114979 3.279380964884507e+72 3.519788454563235e+69 7.87164471964296e+78 1358
0.117375 2.88962994115607e+72 5.482602328436625e+69 6.654097431374673e+78 1062
0.11977 2.931135146568375e+72 1.014897791870823e+70 6.491312668943466e+78 776
0.122165 2.554286089546314e+72 1.480044487196454e+70 5.444615779330411e+78 432
0.124561 2.779876331099228e+72 1.954929744693608e+70 5.680952798860076e+78 200
0.126956 3.451094302032147e+72 3.209732495607739e+70 6.777128836334377e+78 168
0.129352 2.534961252236169e+72 2.794441271220724e+70 4.803792605736054e+78 56
0.131747 3.981828603802326e+72 4.723483522474543e+70 7.279133019412245e+78 7


0.0023954 8.114202628042235e+68 4.360931366222443e+67 8.314528742690188e+78 18
0.0047908 6.228730881190018e+69 3.15288390951891e+68 1.146457328854152e+79 62
0.0071862 2.025104135373839e+70 9.412593204711203e+68 1.464835740375768e+79 98
0.0095816 5.435784361635845e+70 2.262414363295418e+69 2.095782191274409e+79 210
0.011977 1.1810065686926e+71 4.135232821740839e+69 2.886468226218047e+79 350
0.0143724 1.899980878218068e+71 5.441371520479587e+69 3.204339120519798e+79 450
0.0167678 3.243202580501483e+71 7.401812307424726e+69 3.963381451351043e+79 602
0.0191632 4.821953384640804e+71 8.283235120531087e+69 4.468682404008171e+79 762
0.0215586 6.636198684219226e+71 8.015640209152133e+69 4.86675120394593e+79 1142
0.023954 9.425119674105739e+71 7.350056944787166e+69 5.609121456965157e+79 1250
0.0263494 1.204768867088128e+72 5.471504391312505e+69 5.89941379053492e+79 1458
0.0287448 1.661838393302352e+72 3.471974029222571e+69 6.813335394223558e+79 1814
0.0311402 1.939615178094418e+72 1.113346579498109e+69 6.780565627452254e+79 2178
0.0335356 2.3428012892939e+72 1.631490241056145e+68 7.063181970865208e+79 2498
0.035931 2.643261077520933e+72 1.699744625924028e+69 6.922213952201325e+79 2622
0.0383264 2.717967091852755e+72 6.841483392486952e+69 6.250454618035313e+79 3338
0.0407218 2.823768994134502e+72 1.733229346990884e+70 5.76131649163744e+79 3722
0.0431172 2.822421531818166e+72 3.346523479030512e+70 5.142091831111928e+79 4170
0.0455126 2.668470280062408e+72 5.416354793087902e+70 4.359369058612925e+79 4358
0.047908 2.358968734282324e+72 7.85402169874397e+70 3.475161321245855e+79 5034
0.0503034 2.077125586224418e+72 1.095641063022083e+71 2.777824631694592e+79 5714
0.0526988 1.716903264410514e+72 1.407811330707862e+71 2.09306995283433e+79 5982
0.0550942 1.354806614230318e+72 1.770488523865864e+71 1.510998291064098e+79 6602
0.0574896 9.855958284944476e+71 1.995593222626551e+71 1.009787286666354e+79 7130
0.059885 6.921498491107726e+71 2.238895548401762e+71 6.545473093782836e+78 8034
0.0622804 4.903714010598114e+71 2.387258342191371e+71 4.296540373553309e+78 8606
0.0646758 3.848853881987463e+71 2.528343718388617e+71 3.131531108566594e+78 9066
0.0670712 4.03311789480008e+71 2.630218700060968e+71 3.049237882919647e+78 9962
0.0694666 5.418208265733946e+71 2.636834010427378e+71 3.811073015154784e+78 10550
0.071862 7.054010420843595e+71 2.608602521515902e+71 4.629059405490284e+78 11226
0.0742574 9.966270873910591e+71 2.61820131082632e+71 6.117115398110416e+78 12146
0.0766528 1.285789078222996e+72 2.423133378864229e+71 7.397618361022633e+78 12303
0.0790482 1.616921939743943e+72 2.136235427878207e+71 8.740309739429703e+78 12584
0.0814436 2.110015337637515e+72 1.753128603761225e+71 1.074340361241198e+79 12120
0.083839 2.698330566085875e+72 1.350966565999872e+71 1.29607269023068e+79 11180
0.0862344 3.152530359558185e+72 8.809772602323549e+70 1.43093526113583e+79 11096
0.0886298 3.53952206401387e+72 5.714221815065259e+70 1.52095668503387e+79 10056
0.0910252 3.934971073496528e+72 3.799202368256218e+70 1.602958039046006e+79 9716
0.0934206 4.080260962138936e+72 2.486970980230888e+70 1.577784421924856e+79 8604
0.095816 4.168024503469613e+72 2.077746559023844e+70 1.531796868680807e+79 8060
0.0982114 3.861708372814783e+72 2.344108673096168e+70 1.350885314646575e+79 7320
0.100607 3.595193828173612e+72 3.213082356951533e+70 1.198948790594191e+79 6356
0.103002 3.452544421457436e+72 4.2622737609887e+70 1.098273625353963e+79 5348
0.105398 2.875185054567019e+72 5.743567658303802e+70 8.732061609166927e+78 4308
0.107793 2.356892692751423e+72 8.007254149266618e+70 6.844089850230761e+78 3563
0.110188 1.346524206661288e+72 9.660472251420877e+70 3.743955380659793e+78 2448
0.112584 9.706623299159174e+71 1.227783254014937e+71 2.584434975704502e+78 1868
0.114979 5.410708827654962e+71 1.346830489045164e+71 1.380730757573726e+78 1358
0.117375 2.49741516701293e+71 1.329194562437815e+71 6.119590549535607e+77 1062
0.11977 1.19384754336028e+71 1.461261921553011e+71 2.819522815751784e+77 776
0.122165 4.060291119928897e+70 1.361281001628957e+71 9.289468052202488e+76 432
0.124561 2.380930137838403e+70 1.523624464963915e+71 5.268609116948298e+76 200
0.126956 4.82225635549117e+69 1.975787580003054e+71 1.126825232641366e+76 168
0.129352 2.246155026324438e+68 1.492725722804204e+71 1.298943893263922e+75 56
0.131747 1.130222678958056e+69 2.374645137810331e+71 3.445499143119579e+75 7


0.0023954 1.462300719684226e+69 2.430795319096556e+66 1.323377811261094e+79 18
0.0047908 1.083329867594934e+70 2.140381373823342e+67 1.970822645691893e+79 62
0.0071862 3.350826594144964e+70 8.280812524157982e+67 2.48179349970693e+79 98
0.0095816 8.441765283471355e+70 2.705899284900836e+68 3.385091922915266e+79 210
0.011977 1.665620304216541e+71 7.583495876931222e+68 4.271164504984801e+79 350
0.0143724 2.40619780913165e+71 1.547050894958494e+69 4.276797183606234e+79 450
0.0167678 3.657426997964254e+71 3.27684706741818e+69 4.722099239993762e+79 602
0.0191632 4.744019216392166e+71 6.025433802815615e+69 4.65245300743983e+79 762
0.0215586 5.584098213765859e+71 1.015974766177816e+70 4.338591646143119e+79 1142
0.023954 6.666384864015898e+71 1.738333364901682e+70 4.206690999140559e+79 1250
0.0263494 7.080148944233491e+71 2.620676355719537e+70 3.678712053632821e+79 1458
0.0287448 7.878097905838399e+71 4.2350926058544e+70 3.42983469573041e+79 1814
0.0311402 7.175958314849771e+71 5.736425314983638e+70 2.666324961109623e+79 2178
0.0335356 6.465985067038005e+71 7.979739694341855e+70 2.07476553741743e+79 2498
0.035931 5.155381733793379e+71 1.02687945318881e+71 1.440084773140232e+79 2622
0.0383264 3.365647065283119e+71 1.204481639375544e+71 8.291685887150575e+78 3338
0.0407218 1.801474910552456e+71 1.434256200740399e+71 3.982540235789444e+78 3722
0.0431172 6.551045053753519e+70 1.641612462904388e+71 1.347096910707935e+78 4170
0.0455126 2.126876941341812e+70 1.779502111779015e+71 4.411250013510357e+77 4358
0.047908 7.38571360951185e+70 1.824383547092956e+71 1.212430510463492e+78 5034
0.0503034 2.386867288309941e+71 1.884161776632845e+71 3.427910511786785e+78 5714
0.0526988 5.168064751902104e+71 1.847747131690102e+71 6.702662275538642e+78 5982
0.0550942 9.292214796457305e+71 1.785574660701074e+71 1.098275573584492e+79 6602
0.0574896 1.349931602621578e+72 1.589706844932078e+71 1.462453657924823e+79 7130
0.059885 1.863475675037079e+72 1.398157344360212e+71 1.859512987156981e+79 8034
0.0622804 2.336001436496641e+72 1.185993895794609e+71 2.15535256753225e+79 8606
0.0646758 2.866059718800763e+72 9.835681545835487e+70 2.451420074425366e+79 9066
0.0670712 3.343861084778671e+72 8.331837188347585e+70 2.658829238758342e+79 9962
0.0694666 3.672126459993147e+72 7.332234479511481e+70 2.721841821056024e+79 10550
0.071862 3.991953118911436e+72 6.181974118839732e+70 2.76415639350835e+79 11226
0.0742574 4.279410536638946e+72 6.170729709311956e+70 2.774572861922526e+79 12146
0.0766528 4.373066342163166e+72 5.304926991734011e+70 2.659562090828233e+79 12303
0.0790482 4.38813780003473e+72 4.221155357419935e+70 2.508594847305477e+79 12584
0.0814436 4.299950527901181e+72 3.594129407434431e+70 2.316336681066585e+79 12120
0.083839 3.967680900723736e+72 4.549435961129453e+70 2.016836806564406e+79 11180
0.0862344 3.256067329831225e+72 6.237609588343554e+70 1.564381480069007e+79 11096
0.0886298 2.651356170583589e+72 8.50141292459879e+70 1.206134880561127e+79 10056
0.0910252 2.184396181512897e+72 1.115876378820453e+71 9.421726754492254e+78 9716
0.0934206 1.643293607565582e+72 1.35377063663848e+71 6.729354197149906e+78 8604
0.095816 1.278263221455404e+72 1.552824410958554e+71 4.975934522592595e+78 8060
0.0982114 8.973421630723473e+71 1.629171915615449e+71 3.325824088560685e+78 7320
0.100607 6.758627519717045e+71 1.695458483139177e+71 2.388702193658383e+78 6356
0.103002 6.757465727011299e+71 1.721384755212007e+71 2.278022656509431e+78 5348
0.105398 5.253495754292162e+71 1.653550258954243e+71 1.691153748237332e+78 4308
0.107793 6.059301651030034e+71 1.563362497863081e+71 1.864348112585514e+78 3563
0.110188 6.612008879270041e+71 1.189724425971303e+71 1.946964799269127e+78 2448
0.112584 9.427820594297471e+71 1.094623800400719e+71 2.657123717232269e+78 1868
0.114979 1.22434470115046e+72 8.428797586843592e+70 3.305180589119005e+78 1358
0.117375 1.417108865717852e+72 5.812841764458697e+70 3.669597936536161e+78 1062
0.11977 1.723611819935298e+72 4.746847771114676e+70 4.292193379852377e+78 776
0.122165 1.739960387124061e+72 3.360305162447218e+70 4.170264509258132e+78 432
0.124561 2.01121099491463e+72 3.315281439429561e+70 4.621400433432953e+78 200
0.126956 2.737682703604556e+72 3.480799280235293e+70 6.044826556125963e+78 168
0.129352 2.132307853400727e+72 2.272230844578621e+70 4.543280887789757e+78 56
0.131747 3.438048367308712e+72 3.373696533979248e+70 7.066651271060312e+78 7


0.0023954 2.340753735269056e+68 6.108042376249386e+67 4.757220963816276e+78 18
0.0047908 1.622391104008817e+69 4.615067621014214e+68 4.594404850681796e+78 62
0.0071862 4.542664744462493e+69 1.467757777228114e+69 4.564214973538674e+78 98
0.0095816 9.976279403008755e+69 3.831942648174368e+69 5.090514395777538e+78 210
0.011977 1.550263384550953e+70 7.987043221429266e+69 4.936710395639061e+78 350
0.0143724 1.621550176900226e+70 1.227857443333595e+70 3.592157359288544e+78 450
0.0167678 1.58569024075858e+70 1.997672676675381e+70 2.649985200600197e+78 602
0.0191632 9.84172463484663e+69 2.810786962535572e+70 1.426403835080501e+78 762
0.0215586 2.644814456278056e+69 3.637508641340091e+70 5.464687229468811e+77 1142
0.023954 1.250245323087669e+69 4.835445301135217e+70 3.702711256311918e+77 1250
0.0263494 1.53191292844148e+70 5.773521734733248e+70 1.073097107147078e+78 1458
0.0287448 6.541115415369728e+70 7.381382669876065e+70 3.209026132206263e+78 1814
0.0311402 1.58746702973323e+71 7.927083509621821e+70 6.366049206101294e+78 2178
0.0335356 3.314361636177042e+71 8.73213010508579e+70 1.129955052694855e+79 2498
0.035931 5.7490347171659e+71 8.913265192109221e+70 1.692549737871196e+79 2622
0.0383264 8.631741333654015e+71 8.153064286708723e+70 2.224940915605189e+79 3338
0.0407218 1.273343289639095e+72 7.338708567768645e+70 2.907182941813386e+79 3722
0.0431172 1.746799021988867e+72 6.187715098987167e+70 3.557789284931965e+79 4170
0.0455126 2.216939921238065e+72 4.758795854012854e+70 4.046365646062986e+79 4358
0.047908 2.637582717951514e+72 3.208543042092099e+70 4.339054254467729e+79 5034
0.0503034 3.128734270551547e+72 1.971038114163915e+70 4.670377070513359e+79 5714
0.0526988 3.496096911555504e+72 1.056387510069996e+70 4.755020208958258e+79 5982
0.0550942 3.861057876066407e+72 5.746341449270514e+69 4.801012392935311e+79 6602
0.0574896 3.884874210507889e+72 7.064360752881331e+69 4.433803222209037e+79 7130
0.059885 3.890814551614049e+72 1.427803453756164e+70 4.093288070190464e+79 8034
0.0622804 3.736671533377387e+72 2.605620532605778e+70 3.636406876058385e+79 8606
0.0646758 3.543583259767019e+72 4.36189082645319e+70 3.197776819982409e+79 9066
0.0670712 3.348038558976456e+72 6.354885188443637e+70 2.809257982989511e+79 9962
0.0694666 3.106537682750498e+72 8.322770550513342e+70 2.430193683893546e+79 10550
0.071862 2.801664141652825e+72 1.044561608176798e+71 2.047737864334558e+79 11226
0.0742574 2.667561568057291e+72 1.2555050386596e+71 1.825768232283551e+79 12146
0.0766528 2.22814222920233e+72 1.454179385176742e+71 1.430725216806788e+79 12303
0.0790482 1.663431940548927e+72 1.660434541135959e+71 1.004307156555594e+79 12584
0.0814436 1.031051336601166e+72 1.893819172507129e+71 5.869509988770818e+78 12120
0.083839 6.295505800126014e+71 2.030837798538155e+71 3.384961536916828e+78 11180
0.0862344 3.786986892020202e+71 1.969372890106451e+71 1.926895346222055e+78 11096
0.0886298 4.002707363886827e+71 1.868863442000955e+71 1.927196198732475e+78 10056
0.0910252 5.913869042782116e+71 1.782104023125501e+71 2.696161784961656e+78 9716
0.0934206 9.012615846159509e+71 1.570320563291149e+71 3.89708853052671e+78 8604
0.095816 1.232393123576405e+72 1.397967903543162e+71 5.062669120558761e+78 8060
0.0982114 1.564189730027984e+72 1.104790907734536e+71 6.11464108354535e+78 7320
0.100607 1.898349748014417e+72 8.79402763622068e+70 7.073411527879254e+78 6356
0.103002 2.097408335956964e+72 7.974484829500108e+70 7.454182329320441e+78 5348
0.105398 2.353175527898131e+72 5.256033754315656e+70 7.983659490508106e+78 4308
0.107793 2.581669439156196e+72 3.61285861034315e+70 8.373973918998912e+78 3563
0.110188 2.42488281062296e+72 1.292416172945046e+70 7.529807142580899e+78 2448
0.112584 2.581859820681294e+72 9.742385544910734e+69 7.675737720939253e+78 1868
0.114979 2.336659652552676e+72 1.355834098493817e+70 6.65521855362067e+78 1358
0.117375 1.90476078532674e+72 2.202868672818308e+70 5.204612410971875e+78 1062
0.11977 1.809627258753267e+72 3.244061368676482e+70 4.755474454676542e+78 776
0.122165 1.48200116995702e+72 3.795333058517126e+70 3.748536288892402e+78 432
0.124561 1.567774418898479e+72 4.637899281058934e+70 3.801875294215212e+78 200
0.126956 1.856858699681386e+72 6.841429577755707e+70 4.327056641982659e+78 168
0.129352 1.320598284828679e+72 5.594756506118622e+70 2.969696920873716e+78 56
0.131747 2.043332295193674e+72 9.212228198470907e+70 4.432669055261682e+78 7


0.0023954 3.606192443770776e+68 4.88096086617305e+67 5.868976934556041e+78 18
0.0047908 2.829104283053855e+69 3.56160595266866e+68 6.991858389315336e+78 62
0.0071862 9.471701380142033e+69 1.077634450193294e+69 8.621967992740934e+78 98
0.0095816 2.634021404706449e+70 2.636618904365206e+69 1.239511757347252e+79 210
0.011977 6.015441954659871e+70 4.960723711154921e+69 1.763669867620092e+79 350
0.0143724 1.017978743994487e+71 6.763469633725263e+69 2.041779433577494e+79 450
0.0167678 1.825233804641276e+71 9.599921240086236e+69 2.640780610206692e+79 602
0.0191632 2.856705761579699e+71 1.13789612501098e+70 3.125802539801718e+79 762
0.0215586 4.138251364203943e+71 1.190881606172267e+70 3.57715981915158e+79 1142
0.023954 6.169823905409219e+71 1.219834495212435e+70 4.323583897891557e+79 1250
0.0263494 8.237737757072846e+71 1.065372769663318e+70 4.747025415272157e+79 1458
0.0287448 1.184556017656848e+72 8.942588690788254e+69 5.713098719136225e+79 1814
0.0311402 1.436509220484023e+72 5.275202280053377e+69 5.906068818856095e+79 2178
0.0335356 1.796630073404532e+72 2.189249568400566e+69 6.369366620062863e+79 2498
0.035931 2.089848808050665e+72 3.366386013131971e+68 6.435026684399239e+79 2622
0.0383264 2.209759037657671e+72 1.124908393831046e+69 5.97467854933264e+79 3338
0.0407218 2.35575695532461e+72 6.020376124983679e+69 5.650747082712656e+79 3722
0.0431172 2.40714613177205e+72 1.59080368727465e+70 5.155736494705083e+79 4170
0.0455126 2.318401036209886e+72 3.046716101729325e+70 4.452582760416017e+79 4358
0.047908 2.082195765306334e+72 4.926703517415632e+70 3.606044392243154e+79 5034
0.0503034 1.857371512993349e+72 7.382857761517433e+70 2.920074159072718e+79 5714
0.0526988 1.549944075129094e+72 9.966306614926683e+70 2.221289175914204e+79 5982
0.0550942 1.232429836311142e+72 1.299177932888255e+71 1.615841385581421e+79 6602
0.0574896 8.999310746515184e+71 1.49872725430003e+71 1.083906039563578e+79 7130
0.059885 6.336720273544801e+71 1.708921402255505e+71 7.04464750725714e+78 8034
0.0622804 4.49882292498943e+71 1.838967497716877e+71 4.633914110286664e+78 8606
0.0646758 3.549797893600136e+71 1.956194415294278e+71 3.395246830970389e+78 9066
0.0670712 3.741160254915566e+71 2.033683557723964e+71 3.324929262090283e+78 9962
0.0694666 5.031312803823153e+71 2.02806223439029e+71 4.160086787409863e+78 10550
0.071862 6.526742663940621e+71 1.994641852330013e+71 5.034933068410789e+78 11226
0.0742574 9.149764617366813e+71 1.984196035679354e+71 6.602008439172531e+78 12146
0.0766528 1.168233086826526e+72 1.817078678592421e+71 7.901545659360173e+78 12303
0.0790482 1.450677794298584e+72 1.579886644768552e+71 9.218796452612726e+78 12584
0.0814436 1.86820837998002e+72 1.262923038130407e+71 1.118274531455027e+79 12120
0.083839 2.353437170961466e+72 9.347417857811584e+70 1.328936334914897e+79 11180
0.0862344 2.702160461117098e+72 5.699721315704545e+70 1.441914874466928e+79 11096
0.0886298 2.968893976145841e+72 3.467077313139632e+70 1.499810427128046e+79 10056
0.0910252 3.220024992403539e+72 2.27950772577899e+70 1.542096923346788e+79 9716
0.0934206 3.235934078846801e+72 1.772273496125379e+70 1.471074642947841e+79 8604
0.095816 3.208546247808911e+72 1.963878464542625e+70 1.386302837950202e+79 8060
0.0982114 2.854362183226663e+72 2.778930822417087e+70 1.173904951657656e+79 7320
0.100607 2.543314126372482e+72 4.003293994739329e+70 9.971732118617894e+78 6356
0.103002 2.382636750465132e+72 5.085720283362854e+70 8.910994917480572e+78 5348
0.105398 1.846209194106953e+72 6.691128134553361e+70 6.592431843366731e+78 4308
0.107793 1.390200388315535e+72 8.728320086488407e+70 4.746735668696272e+78 3563
0.110188 6.310750461782365e+71 9.843494607664407e+70 2.06374630603187e+78 2448
0.112584 3.43576867894917e+71 1.185489775333183e+71 1.076568115452478e+78 1868
0.114979 1.137045828270008e+71 1.221502777792334e+71 3.423477102442903e+77 1358
0.117375 3.584565126165984e+70 1.12712229529442e+71 1.043768064777519e+77 1062
0.11977 3.229713486031757e+70 1.177826460960677e+71 9.05691955810931e+76 776
0.122165 6.668468341359726e+70 1.048045493306036e+71 1.785241003642144e+77 432
0.124561 1.012378894357644e+71 1.149731047236397e+71 2.593925336493004e+77 200
0.126956 1.992976445241148e+71 1.443629877992027e+71 4.899284322882727e+77 168
0.129352 1.914400231063379e+71 1.067384358897559e+71 4.538395818011554e+77 56
0.131747 3.363886041683832e+71 1.68130111974502e+71 7.691028841318377e+77 7


0.0023954 1.195634721600357e+69 4.210941087302226e+64 1.276061956519058e+79 18
0.0047908 8.913866718124003e+69 4.591733654126245e+64 1.898067423596154e+79 62
0.0071862 2.781691932295721e+70 3.66754648769275e+65 2.40607159959146e+79 98
0.0095816 7.087113859914312e+70 8.359642523213691e+66 3.315683602390496e+79 210
0.011977 1.422395806661996e+71 6.781700371407436e+67 4.253202394444714e+79 350
0.0143724 2.094191482662374e+71 2.489133400303116e+68 4.339165076843898e+79 450
0.0167678 3.248283364513396e+71 7.69855058375693e+68 4.888152471016536e+79 602
0.0191632 4.313908037364293e+71 1.877978608753078e+69 4.930420715376727e+79 762
0.0215586 5.214484438634218e+71 3.926354407462139e+69 4.721093171996065e+79 1142
0.023954 6.409124946555505e+71 7.891335406549392e+69 4.712417471019678e+79 1250
0.0263494 7.018356439730779e+71 1.341906558090324e+70 4.248508141610636e+79 1458
0.0287448 8.088132208304188e+71 2.394186836408189e+70 4.101845302427961e+79 1814
0.0311402 7.672692291073568e+71 3.512646366287229e+70 3.320142352446169e+79 2178
0.0335356 7.261976340304852e+71 5.215074239027353e+70 2.712590679405635e+79 2498
0.035931 6.15753779481684e+71 7.068746550206049e+70 2.000729977880086e+79 2622
0.0383264 4.39035137521029e+71 8.66415866971352e+70 1.25586894466219e+79 3338
0.0407218 2.7308778191191e+71 1.071205786996306e+71 6.970182081417564e+78 3722
0.0431172 1.308470535555177e+71 1.263186753955759e+71 3.029518252080155e+78 4170
0.0455126 4.167574298560837e+70 1.401442475301636e+71 9.186362788825265e+77 4358
0.047908 3.418308224642219e+70 1.463225294179165e+71 6.881132001698631e+77 5034
0.0503034 1.266004613675818e+71 1.531139263348144e+71 2.145359261633042e+78 5714
0.0526988 3.261754585225587e+71 1.513479264684852e+71 4.948528813202078e+78 5982
0.0550942 6.457799532232101e+71 1.468257850673194e+71 8.910159141143274e+78 6602
0.0574896 9.929786548191658e+71 1.305631149892995e+71 1.254967482154041e+79 7130
0.059885 1.421380352534046e+72 1.142482987455998e+71 1.654194333315427e+79 8034
0.0622804 1.820719543194155e+72 9.610940932748298e+70 1.959000658222286e+79 8606
0.0646758 2.264206747717754e+72 7.882766190553188e+70 2.258216775850642e+79 9066
0.0670712 2.65679072121591e+72 6.618189450182649e+70 2.463215962677402e+79 9962
0.0694666 2.916030904877765e+72 5.831793381986938e+70 2.520194511427209e+79 10550
0.071862 3.162631217071559e+72 4.957159169927507e+70 2.553393911762145e+79 11226
0.0742574 3.367435897983031e+72 5.073224527362838e+70 2.545675846068413e+79 12146
0.0766528 3.413982926776468e+72 4.532945481618527e+70 2.420894986644425e+79 12303
0.0790482 3.39344163047618e+72 3.84411343885106e+70 2.261936080843189e+79 12584
0.0814436 3.276876735180587e+72 3.592538056997377e+70 2.058207253755184e+79 12120
0.083839 2.947754552035303e+72 4.697461061763775e+70 1.747120064160793e+79 11180
0.0862344 2.322167352685054e+72 6.358759719203969e+70 1.300932269596185e+79 11096
0.0886298 1.798142201046043e+72 8.388659571791355e+70 9.538658338952817e+78 10056
0.0910252 1.400039426332339e+72 1.064308382344548e+71 7.042236764635389e+78 9716
0.0934206 9.870111858252002e+71 1.244221901434662e+71 4.714252942082198e+78 8604
0.095816 7.335111635393183e+71 1.382808550804353e+71 3.330922788863958e+78 8060
0.0982114 5.260768917950246e+71 1.392699332122872e+71 2.274817797033959e+78 7320
0.100607 4.535819079288641e+71 1.390172818090896e+71 1.870068458523093e+78 6356
0.103002 5.248757896024708e+71 1.372686932470014e+71 2.063497160053005e+78 5348
0.105398 5.463807384195576e+71 1.243686925300584e+71 2.050241243615157e+78 4308
0.107793 7.543422576959428e+71 1.095354916167236e+71 2.705068967727508e+78 3563
0.110188 9.247858122502162e+71 7.313425044712147e+70 3.173801182365987e+78 2448
0.112584 1.260977696173302e+72 5.959101534750993e+70 4.142603319952068e+78 1868
0.114979 1.504439125533431e+72 3.856067638441077e+70 4.734471487124164e+78 1358
0.117375 1.592559828262824e+72 2.127432443947006e+70 4.80772844662666e+78 1062
0.11977 1.82700674081859e+72 1.330912953233467e+70 5.304200157131397e+78 776
0.122165 1.755454054689561e+72 6.820269125397052e+69 4.905245155591894e+78 432
0.124561 1.988037529428248e+72 5.563092887624965e+69 5.325865719738886e+78 200
0.126956 2.621883483793343e+72 3.883551401215914e+69 6.749431962796758e+78 168
0.129352 2.00062025977852e+72 1.759095863963112e+69 4.969807453879833e+78 56
0.131747 3.196147094744883e+72 2.115558276125719e+69 7.659221801885673e+78 7


