0.137841 0.000144516536295441 2.867929264853964e-05 0.5994437157371 18
0.275683 0.000871285656993094 0.0002508482721375129 0.8992674190291426 62
0.413524 0.002617757072645654 0.000800023152618748 1.133952638718885 98
0.551365 0.005700888891445747 0.002900644782157356 1.37383865499141 210
0.689207 0.01037132664556384 0.007116807951080553 1.612689044922597 350
0.827048 0.01397894451425383 0.01281137980641612 1.514749034814722 450
0.964889 0.01380817289494508 0.0126038928397547 1.084382705406872 602
1.10273 1.346280747471267e-34 1.038659627269731e-34 8.003809111938136e-33 762
1.24057 1.550234467749955e-34 1.198918487446882e-34 7.297415139016562e-33 1142
1.37841 2.443399580550784e-34 1.417635436938134e-34 9.318815734970933e-33 1250
1.51625 2.432630884707808e-34 1.854905482197762e-34 7.646871088755303e-33 1458
1.6541 2.73189505485081e-34 1.837762106986532e-34 7.179536546758795e-33 1814
1.79194 2.888333241640053e-34 2.210430797143386e-34 6.480610701197472e-33 2178
1.92978 3.207889517440095e-34 2.253693784276488e-34 6.203964944264222e-33 2498
2.06762 3.074212740155488e-34 2.348740793097741e-34 5.16328073009855e-33 2622
2.20546 2.896615480456801e-34 2.344070828705546e-34 4.271933491903358e-33 3338
2.3433 3.572891847690828e-34 2.554832532599472e-34 4.674235096131511e-33 3722
2.48114 5.051712145997128e-34 3.112570782877449e-34 5.898740911883426e-33 4170
2.61898 5.269674059256821e-34 3.592241098416661e-34 5.517863416696163e-33 4358
2.75683 5.315520053663901e-34 4.112373055390964e-34 5.018026586630823e-33 5034
2.89467 5.028238943633278e-34 3.671531734845182e-34 4.307834632667406e-33 5714
3.03251 5.715677952487426e-34 3.853480759065441e-34 4.461562747159413e-33 5982
3.17035 5.188347910901725e-34 3.847358515007178e-34 3.702782455414998e-33 6602
3.30819 5.559346051819316e-34 4.252452420528868e-34 3.641173052794289e-33 7130
3.44603 6.008840196342406e-34 4.990951387542253e-34 3.627610530391235e-33 8034
3.58387 7.82583218004777e-34 4.899173849430007e-34 4.369995753235468e-33 8606
3.72172 9.427509472249161e-34 6.192874868676981e-34 4.880942457650514e-33 9066
3.85956 1.091725296557434e-33 7.929743542698327e-34 5.255481820492756e-33 9962
3.9974 1.221163128095582e-33 8.780231219728356e-34 5.480054593578816e-33 10550
4.13524 1.15639556477856e-33 8.86001849341745e-34 4.848668671032973e-33 11226
4.27308 1.379249342501031e-33 9.863684656081836e-34 5.414559411505806e-33 12146
4.41092 1.154572672514104e-33 7.77508682249005e-34 4.251974665402908e-33 12303
4.54876 8.520199746701879e-34 6.262137275132809e-34 2.949545616107307e-33 12584
4.6866 8.547992668771944e-34 6.073547899734129e-34 2.788229173618868e-33 12120
4.82445 8.618980504022264e-34 6.111191945918679e-34 2.652860963793735e-33 11180
4.96229 9.13329619669989e-34 6.636997847527645e-34 2.657007713640101e-33 11096
5.10013 9.843126714014473e-34 7.14480793860499e-34 2.710943634977273e-33 10056
5.23797 1.045286037444179e-33 7.623865639363903e-34 2.729337850012516e-33 9716
5.37581 1.050039240423341e-33 7.29024989874221e-34 2.602557858188287e-33 8604
5.51365 1.267876754260657e-33 8.870491420677525e-34 2.986542549458102e-33 8060
5.65149 1.203371561288817e-33 8.372173074319087e-34 2.698166414751594e-33 7320
5.78933 1.277687709781487e-33 9.065375251519076e-34 2.731034446243495e-33 6356
5.92718 1.304297481265898e-33 1.00684295781041e-33 2.659370546008114e-33 5348
6.06502 1.211068511437191e-33 8.676075330465604e-34 2.357372983438128e-33 4308
6.20286 1.255040547992761e-33 8.740493089722053e-34 2.335671648980236e-33 3563
6.3407 1.267938438195153e-33 8.055787965049016e-34 2.259048430648136e-33 2448
6.47854 1.297503457041556e-33 8.957986561256778e-34 2.213270930110045e-33 1868
6.61638 1.414616828980941e-33 9.834780250699673e-34 2.311766039767845e-33 1358
6.75422 1.65858760087726e-33 1.061554642025116e-33 2.600167164054594e-33 1062
6.89206 1.763780387282251e-33 9.93081542001418e-34 2.659207828686919e-33 776
7.02991 1.843535461082409e-33 1.287512336590336e-33 2.675214387478024e-33 432
7.16775 1.965592539769166e-33 1.264803235056124e-33 2.734711179687388e-33 200
7.30559 1.985091280236178e-33 1.155939908639023e-33 2.653816601099789e-33 168
7.44343 2.274137859459994e-33 1.269141753704594e-33 2.933711710572438e-33 56
7.58127 1.395974748751335e-33 1.661398549529007e-33 1.73761537747821e-33 7


0.137841 6.108225818591144e-07 9.098879198811784e-07 1.134306789262042 18
0.275683 6.137050240442784e-06 6.85351059561445e-06 1.050730139143658 62
0.413524 5.820432908051239e-05 2.531814659877169e-06 1.027649952109528 98
0.551365 7.027062855513425e-05 2.875483650620805e-05 0.8573629190403844 210
0.689207 0.0001848529438025108 3.123134071577778e-05 1.050975528646835 350
0.827048 0.0001474836738671149 7.322670425561115e-05 0.6479758660517345 450
0.964889 0.0002105052606057441 4.450054635174284e-05 0.552329988658099 602
1.10273 1.378840308647714e-35 4.466043579472449e-36 2.77225425167083e-32 762
1.24057 2.096418057230798e-35 6.473622999045604e-36 3.22354461723731e-32 1142
1.37841 2.741663585314816e-35 8.568385144355255e-36 3.338238179872901e-32 1250
1.51625 3.766157226697733e-35 1.096597235761789e-35 3.689706832063897e-32 1458
1.6541 4.233061163195804e-35 1.501529498849906e-35 3.467085871082054e-32 1814
1.79194 5.109299934817576e-35 1.851224146385783e-35 3.532078552999337e-32 2178
1.92978 6.139102047295843e-35 2.282621542111613e-35 3.625773594495404e-32 2498
2.06762 7.171057603558367e-35 2.813442277361846e-35 3.656965004708124e-32 2622
2.20546 8.575331163120993e-35 3.413976124354326e-35 3.817243546734885e-32 3338
2.3433 1.047823370181074e-34 4.170425966298786e-35 4.112157624659544e-32 3722
2.48114 1.204123352276743e-34 5.224808882410894e-35 4.210024121270005e-32 4170
2.61898 1.360926707155594e-34 6.362633964380845e-35 4.257333673411281e-32 4358
2.75683 1.602474481783952e-34 7.290775103525664e-35 4.496336328089132e-32 5034
2.89467 1.69951310694377e-34 8.374956505595178e-35 4.321962340351637e-32 5714
3.03251 1.989620779479285e-34 9.857971376492052e-35 4.597024885726766e-32 5982
3.17035 2.203440351037696e-34 1.174600184305986e-34 4.649504804408022e-32 6602
3.30819 2.47885963035305e-34 1.316431496298668e-34 4.788381187060442e-32 7130
3.44603 2.732656374301267e-34 1.523752850323871e-34 4.858360942092674e-32 8034
3.58387 3.13905339146396e-34 1.75391313489327e-34 5.15092203756504e-32 8606
3.72172 3.455189324184027e-34 1.985561722394868e-34 5.250059941339934e-32 9066
3.85956 3.807818493233433e-34 2.339908755164024e-34 5.377159357774334e-32 9962
3.9974 4.301723450155069e-34 2.612642843233592e-34 5.652134511142799e-32 10550
4.13524 4.59235587346945e-34 2.918757511779416e-34 5.633103047424577e-32 11226
4.27308 5.12745407187804e-34 3.233433958807793e-34 5.879924969065125e-32 12146
4.41092 5.46615889473495e-34 3.573106765514365e-34 5.876115927590141e-32 12303
4.54876 5.757355511879469e-34 4.059199587064619e-34 5.818781652262862e-32 12584
4.6866 6.244578862307364e-34 4.450014846916003e-34 5.940574964987558e-32 12120
4.82445 6.820166762159307e-34 5.092064351683749e-34 6.119826231573894e-32 11180
4.96229 7.335488215472733e-34 5.601684085589753e-34 6.216878140472586e-32 11096
5.10013 7.883111186554958e-34 6.111102154999116e-34 6.320399793023301e-32 10056
5.23797 8.629599515000809e-34 6.82359398122722e-34 6.555128671417499e-32 9716
5.37581 9.2705860668676e-34 7.464112408696404e-34 6.680895476045995e-32 8604
5.51365 9.76903466790491e-34 8.230355892981864e-34 6.690135484858139e-32 8060
5.65149 1.063048261541389e-33 8.91142487678558e-34 6.923567513564794e-32 7320
5.78933 1.133396683076437e-33 9.594191417697236e-34 7.031893670925242e-32 6356
5.92718 1.187556217796947e-33 1.080624358269128e-33 7.030260851574227e-32 5348
6.06502 1.284371934254098e-33 1.155083672852014e-33 7.252569754661947e-32 4308
6.20286 1.396182244973296e-33 1.226208929234916e-33 7.530987833934763e-32 3563
6.3407 1.475047532097739e-33 1.38884547178167e-33 7.618395150397639e-32 2448
6.47854 1.524805968030557e-33 1.528478018704533e-33 7.542031438457069e-32 1868
6.61638 1.574787943045739e-33 1.712127897642135e-33 7.464960637003306e-32 1358
6.75422 1.685793658030659e-33 1.701095941283426e-33 7.655570402599556e-32 1062
6.89206 1.750554428990611e-33 1.862838354197083e-33 7.645526700245817e-32 776
7.02991 2.150025298681083e-33 2.300983547464441e-33 9.033614793220292e-32 432
7.16775 1.899358699940875e-33 2.179082166584224e-33 7.654469620790905e-32 200
7.30559 2.092071104565044e-33 2.386584383115122e-33 8.09779241421269e-32 168
7.44343 1.884952613525492e-33 2.752818097051076e-33 7.060183683801972e-32 56
7.58127 8.550519746187077e-34 2.113135833125814e-33 3.115113237630816e-32 7


0.137841 4.432955755559798e-07 2.732376871950705e-07 1.187722389915746 18
0.275683 2.156459927952623e-06 2.512403509831961e-06 1.108086860074889 62
0.413524 2.109656251334928e-05 9.784780288008666e-07 0.8962597555808243 98
0.551365 1.953591562407417e-05 1.179785914289877e-05 0.7534931663553712 210
0.689207 5.749714519687313e-05 1.404356319931404e-05 0.8270822943194476 350
0.827048 9.402872587832129e-05 1.583012656064727e-05 0.7829413427192466 450
0.964889 6.799030356100921e-05 1.826492677302935e-05 0.4151729275234586 602
1.10273 1.000493086244809e-35 2.622830522630327e-36 4.35256189132152e-32 762
1.24057 1.385383553716229e-35 4.216075958756235e-36 4.650016055773361e-32 1142
1.37841 1.942820493660421e-35 5.532619306928373e-36 5.05406472519608e-32 1250
1.51625 2.476097665018579e-35 7.668879713344824e-36 5.193644447972123e-32 1458
1.6541 3.455783253441105e-35 9.809385347966774e-36 5.859973138560409e-32 1814
1.79194 3.807757552834112e-35 1.208542577641494e-35 5.456424711991482e-32 2178
1.92978 4.859915222825407e-35 1.467414543475792e-35 5.898037726451408e-32 2498
2.06762 5.598840392126542e-35 1.747528416160008e-35 5.841139304446815e-32 2622
2.20546 6.396227637164659e-35 2.16625000473585e-35 5.817687459825649e-32 3338
2.3433 7.851499399630044e-35 2.588460087879976e-35 6.260343245210681e-32 3722
2.48114 9.066942184339966e-35 3.215033429858996e-35 6.423128842923487e-32 4170
2.61898 1.064337416423042e-34 3.786348962700775e-35 6.711274331795959e-32 4358
2.75683 1.228452454981682e-34 4.488865902127229e-35 6.947464484484357e-32 5034
2.89467 1.375299693448233e-34 4.920824871515077e-35 7.013108051801014e-32 5714
3.03251 1.555200761579156e-34 5.867286586419714e-35 7.203900640181618e-32 5982
3.17035 1.774871003397066e-34 6.702927654355243e-35 7.484225719740504e-32 6602
3.30819 1.941268565905062e-34 7.793233835382877e-35 7.501209364476845e-32 7130
3.44603 2.234222424849972e-34 8.799106665278297e-35 7.923195979706251e-32 8034
3.58387 2.43424868816744e-34 1.011579913174425e-34 7.970641738434096e-32 8606
3.72172 2.6914660302209e-34 1.175749050100914e-34 8.160647495336817e-32 9066
3.85956 3.114299611530821e-34 1.308449743552849e-34 8.743817975281676e-32 9962
3.9974 3.307806534361183e-34 1.458711933611267e-34 8.648490307543712e-32 10550
4.13524 3.72467868728683e-34 1.645609441627982e-34 9.076545167908094e-32 11226
4.27308 4.064607473684349e-34 1.837252964147934e-34 9.261220708555416e-32 12146
4.41092 4.410889171902617e-34 2.038762966522959e-34 9.412828106277976e-32 12303
4.54876 4.726050683039307e-34 2.240477235996838e-34 9.46907782852265e-32 12584
4.6866 5.139713866257594e-34 2.485193293962033e-34 9.69219124749482e-32 12120
4.82445 5.670517645431929e-34 2.737483929378813e-34 1.00733009915335e-31 11180
4.96229 5.957974922175777e-34 2.989840336136681e-34 9.996480971819686e-32 11096
5.10013 6.384795293955502e-34 3.317101045194187e-34 1.013556624145209e-31 10056
5.23797 7.122361154276704e-34 3.718569131914906e-34 1.070611700545349e-31 9716
5.37581 7.497058533819537e-34 4.050697076414759e-34 1.069156678496087e-31 8604
5.51365 7.920247779935865e-34 4.506356719908663e-34 1.07325275338839e-31 8060
5.65149 8.771590882482862e-34 4.734732944520589e-34 1.129025756524099e-31 7320
5.78933 9.016694531300508e-34 5.217725041672639e-34 1.106634712517932e-31 6356
5.92718 9.80472709294341e-34 5.715137768275311e-34 1.146825127347603e-31 5348
6.06502 1.060481199361466e-33 6.117022531864054e-34 1.182897990108546e-31 4308
6.20286 1.105253272982551e-33 6.592801759136537e-34 1.1783963926187e-31 3563
6.3407 1.258886276082329e-33 7.42524923119496e-34 1.28359730231561e-31 2448
6.47854 1.187085210755953e-33 7.649716947646088e-34 1.159544641616397e-31 1868
6.61638 1.356143912637184e-33 8.006617974299496e-34 1.266404003883423e-31 1358
6.75422 1.343774573920104e-33 8.174391158309577e-34 1.203592253320057e-31 1062
6.89206 1.511727959440377e-33 9.399954493714082e-34 1.301844700796045e-31 776
7.02991 1.808163753163189e-33 1.126099310172039e-33 1.497400856944869e-31 432
7.16775 1.533736744292959e-33 1.0577739572979e-33 1.218879278188374e-31 200
7.30559 1.731404035036281e-33 1.087250797257311e-33 1.319776742457648e-31 168
7.44343 1.675578611127537e-33 1.341994774219138e-33 1.236068383610593e-31 56
7.58127 2.397952535227067e-33 7.543769483573006e-34 1.690766797626726e-31 7


0.137841 4.10925272577608e-07 1.077324602821726e-07 1.212534921123657 18
0.275683 8.657642782230559e-07 1.462013056201792e-06 1.12463335343738 62
0.413524 1.139612622545896e-05 5.900617307594502e-07 0.8432663244328538 98
0.551365 1.173257464253415e-05 6.200094933363484e-06 0.7728530472539186 210
0.689207 2.992080081345835e-05 8.120450281769368e-06 0.7684643437381515 350
0.827048 4.464109340224812e-05 1.055517044092737e-05 0.6676407722768644 450
0.964889 4.473587268179088e-05 8.154408242531985e-06 0.4214579578357575 602
1.10273 8.740677188785265e-36 2.254720108390068e-36 6.238598901788071e-32 762
1.24057 1.215298448567594e-35 3.327709025057658e-36 6.507730025771172e-32 1142
1.37841 1.612980641805617e-35 4.082276690406645e-36 6.638883589522273e-32 1250
1.51625 1.990508695105479e-35 5.905632465866298e-36 6.632802846502243e-32 1458
1.6541 2.760347492795784e-35 7.499740470734002e-36 7.386711812363653e-32 1814
1.79194 3.326406686999526e-35 9.036428666236081e-36 7.398481661083618e-32 2178
1.92978 4.002311965236627e-35 1.122535388507781e-35 7.538265418728153e-32 2498
2.06762 4.512388349700971e-35 1.396634341040146e-35 7.324026523854535e-32 2622
2.20546 5.465369128792569e-35 1.703974785665529e-35 7.671381989354352e-32 3338
2.3433 6.839064477955488e-35 2.028991557687697e-35 8.375005916593481e-32 3722
2.48114 7.652792435934768e-35 2.424367181276575e-35 8.299495968441601e-32 4170
2.61898 8.692865377009145e-35 3.011703498255653e-35 8.433721666929157e-32 4358
2.75683 1.084115787105907e-34 3.40474996785987e-35 9.336856932459173e-32 5034
2.89467 1.170735451722304e-34 3.857903720785049e-35 9.102813815210296e-32 5714
3.03251 1.327145082318917e-34 4.63771495694832e-35 9.366778591939436e-32 5982
3.17035 1.475364243680238e-34 5.141351640767614e-35 9.461264422280241e-32 6602
3.30819 1.694612482452191e-34 5.773397892512948e-35 9.911742595840394e-32 7130
3.44603 1.8786536096843e-34 6.648563467932333e-35 1.009543813563659e-31 8034
3.58387 2.075604154169436e-34 7.74410728461423e-35 1.029374420106154e-31 8606
3.72172 2.406603614554892e-34 8.647971380641523e-35 1.1005659034125e-31 9066
3.85956 2.692576153202062e-34 9.708791219889454e-35 1.140929332372111e-31 9962
3.9974 2.912232434924489e-34 1.084831972586903e-34 1.147865278903646e-31 10550
4.13524 3.220093882359559e-34 1.23902087765968e-34 1.183639000896989e-31 11226
4.27308 3.530641631727196e-34 1.354187598489358e-34 1.211485360925689e-31 12146
4.41092 3.866066221204271e-34 1.483597316474383e-34 1.241408119980192e-31 12303
4.54876 4.173409636731739e-34 1.625762281455789e-34 1.257223422374937e-31 12584
4.6866 4.458507874533053e-34 1.828434474999336e-34 1.264727036379866e-31 12120
4.82445 4.940069566174976e-34 1.94863815145541e-34 1.318256069392895e-31 11180
4.96229 5.21403184587431e-34 2.2072598543625e-34 1.31502101095357e-31 11096
5.10013 5.56831462880618e-34 2.43707101874008e-34 1.328332249338681e-31 10056
5.23797 6.238810340852595e-34 2.731467720307774e-34 1.408446426275442e-31 9716
5.37581 6.628588592873872e-34 2.841224737317537e-34 1.417574647522081e-31 8604
5.51365 7.023338262859692e-34 3.235093429383027e-34 1.427928792054151e-31 8060
5.65149 7.580640106330751e-34 3.441578439136942e-34 1.464373703359097e-31 7320
5.78933 7.916703745365078e-34 3.586108480486805e-34 1.455993733762832e-31 6356
5.92718 8.252659464151213e-34 4.185700772752585e-34 1.449375803000036e-31 5348
6.06502 9.164386073160042e-34 4.414950547752406e-34 1.53312692367851e-31 4308
6.20286 9.6513983246147e-34 4.698950991209741e-34 1.542286041957029e-31 3563
6.3407 1.044490722651886e-33 5.349418590657533e-34 1.597738367765089e-31 2448
6.47854 1.049278436386238e-33 5.369120366856192e-34 1.535181769911768e-31 1868
6.61638 1.152742037902749e-33 5.740556358283741e-34 1.613475905260577e-31 1358
6.75422 1.145994564450813e-33 5.798157806742307e-34 1.53793098864466e-31 1062
6.89206 1.292044989891099e-33 7.196262109286898e-34 1.668910983129636e-31 776
7.02991 1.504506554220388e-33 7.898531918361567e-34 1.866622057216036e-31 432
7.16775 1.416002380723877e-33 8.124959743374853e-34 1.686026584444563e-31 200
7.30559 1.188069821548264e-33 7.975317971896174e-34 1.362409859121313e-31 168
7.44343 1.610206818062262e-33 7.993118026965447e-34 1.771082033194402e-31 56
7.58127 8.939408797303046e-34 1.180674664515597e-33 9.690104146152653e-32 7


0.137841 3.826712491987913e-07 4.13987426751686e-08 1.225980855244514 18
0.275683 4.28868040773946e-07 9.889080677680754e-07 1.137844241286587 62
0.413524 7.325740172179242e-06 4.13073996105066e-07 0.8155391512575456 98
0.551365 8.303226721039149e-06 3.87649099169302e-06 0.7878027715064129 210
0.689207 2.013488338569769e-05 5.135205664997168e-06 0.757802698611143 350
0.827048 2.688979836149933e-05 7.449982709508843e-06 0.6216824489228476 450
0.964889 2.520663805592734e-05 6.361092691906378e-06 0.3703346986571116 602
1.10273 7.507965622081296e-36 2.030659148214088e-36 7.834748097770508e-32 762
1.24057 1.107700897586854e-35 2.866794327886833e-36 8.447646344788319e-32 1142
1.37841 1.354602856386369e-35 3.941058453417539e-36 8.082403990056374e-32 1250
1.51625 1.836742065444093e-35 5.103908360116712e-36 8.545919620126378e-32 1458
1.6541 2.391239951231879e-35 6.151151946091129e-36 8.912166899798677e-32 1814
1.79194 2.807795352654026e-35 7.9691363329073e-36 8.753320229196783e-32 2178
1.92978 3.592067846224145e-35 9.436808819032688e-36 9.319911154760572e-32 2498
2.06762 4.096810951692327e-35 1.193344340527392e-35 9.138662199787523e-32 2622
2.20546 4.959840302999342e-35 1.396229908605959e-35 9.507688087110341e-32 3338
2.3433 5.944700927357868e-35 1.716596849034846e-35 9.968321392831235e-32 3722
2.48114 7.009288699174821e-35 2.021870753908389e-35 1.035234799470577e-31 4170
2.61898 8.213077190707966e-35 2.405287170938258e-35 1.076271764305686e-31 4358
2.75683 9.454891264055095e-35 2.965511776967752e-35 1.110784451645959e-31 5034
2.89467 1.054988346563525e-34 3.212908520741422e-35 1.111329962438769e-31 5714
3.03251 1.217437686027001e-34 3.840115544282088e-35 1.162013601177003e-31 5982
3.17035 1.335646017620197e-34 4.250682279316707e-35 1.157339143750978e-31 6602
3.30819 1.519301878015254e-34 4.950424318591953e-35 1.202000455895952e-31 7130
3.44603 1.672079937823041e-34 5.583610081060611e-35 1.213507121269733e-31 8034
3.58387 1.914040990504384e-34 6.44605840235992e-35 1.278626404251286e-31 8606
3.72172 2.128927468607376e-34 7.290000240632221e-35 1.313001865597414e-31 9066
3.85956 2.394784706174872e-34 8.177277266242227e-35 1.366880936057956e-31 9962
3.9974 2.655242047790172e-34 8.887176474760761e-35 1.40594295250845e-31 10550
4.13524 2.864079168338403e-34 1.030516408286089e-34 1.415839334354673e-31 11226
4.27308 3.128678419039751e-34 1.122652832654179e-34 1.44287770430375e-31 12146
4.41092 3.448144147907612e-34 1.242620275680445e-34 1.487458259514897e-31 12303
4.54876 3.738915536683832e-34 1.336544639990357e-34 1.511161705112304e-31 12584
4.6866 4.074777649952188e-34 1.477918943103363e-34 1.54850367910137e-31 12120
4.82445 4.316719162242513e-34 1.632400619240956e-34 1.546211063425244e-31 11180
4.96229 4.714468425402645e-34 1.804205520773494e-34 1.59289063048058e-31 11096
5.10013 5.12905183050907e-34 1.95290617636173e-34 1.636920404825396e-31 10056
5.23797 5.676760012342449e-34 2.229998627051927e-34 1.715713574734511e-31 9716
5.37581 5.801580991662067e-34 2.286180968991646e-34 1.661363499956952e-31 8604
5.51365 6.307689449947039e-34 2.57531145010061e-34 1.715560486336498e-31 8060
5.65149 6.835872220095897e-34 2.719858892447553e-34 1.765407262778446e-31 7320
5.78933 7.127055647818446e-34 2.918873249699694e-34 1.753121249623582e-31 6356
5.92718 7.756801781308143e-34 3.233341239417203e-34 1.818018419042769e-31 5348
6.06502 8.269916232979651e-34 3.495429458643819e-34 1.848534206802616e-31 4308
6.20286 8.547144608851478e-34 3.744202781979348e-34 1.825848187647739e-31 3563
6.3407 9.293309403719142e-34 4.241122755658666e-34 1.899777778069517e-31 2448
6.47854 9.890728114721651e-34 4.345326703819645e-34 1.931853090478777e-31 1868
6.61638 1.04157082386957e-33 4.710316991865027e-34 1.948224783309673e-31 1358
6.75422 1.083433188266952e-33 4.644426246274191e-34 1.939762915272932e-31 1062
6.89206 1.158336194527537e-33 5.542886292407816e-34 1.996778868822407e-31 776
7.02991 1.220925411126645e-33 6.286484494192158e-34 2.026494668197207e-31 432
7.16775 1.350054039194342e-33 6.533975445802858e-34 2.143448936926513e-31 200
7.30559 1.27740582264256e-33 5.675157790705924e-34 1.944544250921372e-31 168
7.44343 1.489627297258194e-33 5.933845362689791e-34 2.182432432566574e-31 56
7.58127 2.320459700404479e-33 5.489291234169718e-34 3.258078331677858e-31 7


0.137841 3.408810080502281e-07 1.296526587350991e-08 1.231881376398338 18
0.275683 3.494464814221836e-07 6.995029729716425e-07 1.153577856097741 62
0.413524 5.099302251248921e-06 3.357044617850612e-07 0.7961547559315578 98
0.551365 6.336050637031725e-06 2.684583404835887e-06 0.7976374394980965 210
0.689207 1.495907703120629e-05 3.552654445289259e-06 0.7539301337353717 350
0.827048 1.898031806564024e-05 5.418960446147163e-06 0.6059126365101671 450
0.964889 1.649716291081264e-05 4.965982452350501e-06 0.3463303886538797 602
1.10273 7.03080622778737e-36 1.777199582922461e-36 9.726599214801739e-32 762
1.24057 9.797230803592582e-36 2.437613076392283e-36 9.874215563902244e-32 1142
1.37841 1.32356053036295e-35 3.502133824782748e-36 1.0296549376989e-31 1250
1.51625 1.731951237992966e-35 4.42533755018972e-36 1.045722167133519e-31 1458
1.6541 2.018259217235651e-35 5.864431745697591e-36 1.004391484659024e-31 1814
1.79194 2.57318709455203e-35 7.150549270622917e-36 1.041798314964388e-31 2178
1.92978 3.237764482861833e-35 8.536167171545147e-36 1.089112328800041e-31 2498
2.06762 3.658317824165922e-35 1.083516044672768e-35 1.060502188360089e-31 2622
2.20546 4.370833956350496e-35 1.248739393890791e-35 1.082707962970406e-31 3338
2.3433 5.228833096979382e-35 1.507047710241436e-35 1.128323735477779e-31 3722
2.48114 6.448162394872464e-35 1.745084127309086e-35 1.214529090034089e-31 4170
2.61898 7.242096937372685e-35 2.147536427898643e-35 1.216387677758017e-31 4358
2.75683 8.765956189488973e-35 2.54553642333783e-35 1.308315123038175e-31 5034
2.89467 9.505165324427553e-35 2.876637472681335e-35 1.277862495817229e-31 5714
3.03251 1.094953157266362e-34 3.314845979167257e-35 1.328374503611327e-31 5982
3.17035 1.250057346733027e-34 3.731666007429724e-35 1.372634524246072e-31 6602
3.30819 1.3937264568097e-34 4.370226184689054e-35 1.398202480438384e-31 7130
3.44603 1.580114314629256e-34 4.887241865632927e-35 1.449549109374126e-31 8034
3.58387 1.708472568193615e-34 5.657783035993557e-35 1.446602037964655e-31 8606
3.72172 2.007535683850455e-34 6.083764278594481e-35 1.559076002804684e-31 9066
3.85956 2.192776221232065e-34 7.139354467358535e-35 1.581133696701683e-31 9962
3.9974 2.393554117191494e-34 7.927584593714267e-35 1.60254789141978e-31 10550
4.13524 2.590851541843275e-34 8.900134390586689e-35 1.616606932472235e-31 11226
4.27308 2.928866689787199e-34 9.571789909188041e-35 1.699921434968458e-31 12146
4.41092 3.170781333964057e-34 1.0701977343432e-34 1.72246996467562e-31 12303
4.54876 3.42748533799744e-34 1.158636560313436e-34 1.74433394340219e-31 12584
4.6866 3.694562382651186e-34 1.283142230858013e-34 1.768101623589331e-31 12120
4.82445 4.06726534605557e-34 1.384541155215486e-34 1.829924566266719e-31 11180
4.96229 4.334726477299039e-34 1.55091566152233e-34 1.841468844390199e-31 11096
5.10013 4.590234681123374e-34 1.690240169591166e-34 1.843500639460096e-31 10056
5.23797 5.300117017573693e-34 1.907780183626284e-34 2.011449386625603e-31 9716
5.37581 5.402807055700302e-34 2.006286291822833e-34 1.944002832512696e-31 8604
5.51365 5.781141117424287e-34 2.189946391948927e-34 1.974137968187568e-31 8060
5.65149 6.46569212642381e-34 2.25825916321417e-34 2.09247963211719e-31 7320
5.78933 6.652548358406889e-34 2.439233445629747e-34 2.051497368968104e-31 6356
5.92718 7.019885806592176e-34 2.726619963464717e-34 2.06469345329827e-31 5348
6.06502 7.759258899295389e-34 3.051278377519535e-34 2.17601427956303e-31 4308
6.20286 7.966439479892809e-34 3.073238624784804e-34 2.131867232843057e-31 3563
6.3407 9.144119818651227e-34 3.335243936723872e-34 2.33598142931358e-31 2448
6.47854 8.988674740334748e-34 3.781036891930858e-34 2.20322153429835e-31 1868
6.61638 9.817932679132129e-34 4.06166683827818e-34 2.301094366608482e-31 1358
6.75422 1.031197778621641e-33 4.308861291063008e-34 2.316387319056466e-31 1062
6.89206 1.02042034048756e-33 4.725515139061129e-34 2.207048851777963e-31 776
7.02991 1.076500436284734e-33 5.20464020439477e-34 2.240693069633642e-31 432
7.16775 1.28432160124754e-33 5.578732957047621e-34 2.55383507560775e-31 200
7.30559 1.289972111530235e-33 4.923766871326368e-34 2.456487324801771e-31 168
7.44343 1.413240982124947e-33 5.028031577221704e-34 2.59039047626528e-31 56
7.58127 2.319416948719071e-33 5.927224359816688e-34 4.080015924531291e-31 7


0.137841 2.854763486092888e-07 3.358451937920043e-09 1.231980349098815 18
0.275683 4.323438154960127e-07 4.916963747724751e-07 1.172052479218615 62
0.413524 3.659707613972109e-06 3.125891866173194e-07 0.7795694342022434 98
0.551365 5.110446256903347e-06 1.974610556420163e-06 0.805264532998615 210
0.689207 1.168894718365776e-05 2.63404120195634e-06 0.7507433949051538 350
0.827048 1.445771064959769e-05 4.129252039169771e-06 0.5984422537720392 450
0.964889 1.237552925324739e-05 3.830810830075535e-06 0.3388166835798236 602
1.10273 6.684371268866615e-36 1.662271316505428e-36 1.175675818059471e-31 762
1.24057 8.977420510116709e-36 2.211847893810509e-36 1.148875182131438e-31 1142
1.37841 1.219833760500976e-35 3.120057835458107e-36 1.191756818869088e-31 1250
1.51625 1.582737542598792e-35 3.972316253022527e-36 1.197494805442991e-31 1458
1.6541 1.963995968305355e-35 5.115173459455784e-36 1.20043263180462e-31 1814
1.79194 2.460728371054384e-35 6.458413400357351e-36 1.233224286668021e-31 2178
1.92978 2.757340054393587e-35 8.119601120400864e-36 1.175240242193563e-31 2498
2.06762 3.515337636302617e-35 9.630423678688597e-36 1.251195830504051e-31 2622
2.20546 4.08356742335476e-35 1.120255563610336e-35 1.245543296037984e-31 3338
2.3433 5.091419397458995e-35 1.294009117884943e-35 1.336602112452382e-31 3722
2.48114 6.024091238925103e-35 1.613884387470343e-35 1.393709963168347e-31 4170
2.61898 6.811963646079598e-35 1.894371408820668e-35 1.397177028213221e-31 4358
2.75683 8.379244242052996e-35 2.24145861390883e-35 1.522148311105985e-31 5034
2.89467 8.701104953326457e-35 2.590780817228413e-35 1.430536771806178e-31 5714
3.03251 1.020740281481665e-34 2.995298517159995e-35 1.51014130768024e-31 5982
3.17035 1.160231459858207e-34 3.386081623286629e-35 1.553129425890958e-31 6602
3.30819 1.310994863885334e-34 3.859213525008824e-35 1.597182289920998e-31 7130
3.44603 1.464984084306791e-34 4.372073454146917e-35 1.633650767841134e-31 8034
3.58387 1.669603700938906e-34 4.980880646114254e-35 1.709503270025413e-31 8606
3.72172 1.832118364206598e-34 5.589860178741158e-35 1.730509169481669e-31 9066
3.85956 2.047851411140516e-34 6.393090418788041e-35 1.790155117899358e-31 9962
3.9974 2.213919291390564e-34 7.005025429174027e-35 1.795806914760683e-31 10550
4.13524 2.464149204273191e-34 7.836308169830626e-35 1.858193594882014e-31 11226
4.27308 2.681101330729618e-34 8.59901998284406e-35 1.885344804437533e-31 12146
4.41092 2.944065235144484e-34 9.42916363841468e-35 1.933677612487785e-31 12303
4.54876 3.192787205022847e-34 1.02537129991512e-34 1.964089676226974e-31 12584
4.6866 3.438761692857103e-34 1.16131128318758e-34 1.990297549407105e-31 12120
4.82445 3.685407694511556e-34 1.241329853383367e-34 2.005800628653611e-31 11180
4.96229 4.076120425956971e-34 1.358920172701038e-34 2.089193417503793e-31 11096
5.10013 4.32844527370561e-34 1.488267922578414e-34 2.096970629408591e-31 10056
5.23797 4.881453662331988e-34 1.677794525015379e-34 2.235685724377894e-31 9716
5.37581 5.038087711809184e-34 1.795680358318018e-34 2.187866038738122e-31 8604
5.51365 5.540330843431522e-34 1.913553694153354e-34 2.278778912401065e-31 8060
5.65149 5.789785060332952e-34 2.042217641324967e-34 2.26325585341281e-31 7320
5.78933 6.157641109888516e-34 2.200162998704339e-34 2.290779409499881e-31 6356
5.92718 6.670485770927461e-34 2.459578790451957e-34 2.364532858890581e-31 5348
6.06502 7.482912814855504e-34 2.643481806624417e-34 2.524630118824506e-31 4308
6.20286 7.375375792696283e-34 2.774375278016616e-34 2.379494544076635e-31 3563
6.3407 7.87625350443513e-34 3.088577022452305e-34 2.431288414163444e-31 2448
6.47854 8.714512920276276e-34 3.07153240316472e-34 2.564278965253684e-31 1868
6.61638 9.185220479826733e-34 3.505129786342925e-34 2.590882301148279e-31 1358
6.75422 9.474632802548665e-34 3.788483644854279e-34 2.563748649936438e-31 1062
6.89206 9.870905528180967e-34 3.978827117979585e-34 2.565606820843831e-31 776
7.02991 1.145513433475375e-33 4.156848270557848e-34 2.854183108317451e-31 432
7.16775 1.236701642709407e-33 4.831302921887561e-34 2.956379673970187e-31 200
7.30559 1.13963492872714e-33 4.095803387820685e-34 2.610640756123695e-31 168
7.44343 1.20626719853201e-33 4.695124955040591e-34 2.667685599907052e-31 56
7.58127 1.762479164056703e-33 9.267984800985599e-34 3.781220528486259e-31 7


0.137841 2.219131415603241e-07 3.840167931643543e-09 1.227827224114295 18
0.275683 5.759624164012181e-07 3.325355307826511e-07 1.191692825970706 62
0.413524 2.630683336356721e-06 3.178835751711156e-07 0.7641540232433963 98
0.551365 4.31014812142571e-06 1.506115241966748e-06 0.8119902860860042 210
0.689207 9.435045156375408e-06 2.05567652386614e-06 0.7475803491236599 350
0.827048 1.150170694101256e-05 3.276536615021462e-06 0.5937660181291035 450
0.964889 9.959502427896014e-06 3.009870887475167e-06 0.3365455020961998 602
1.10273 6.32686794928433e-36 1.645987735278876e-36 1.384828501948685e-31 762
1.24057 7.789710570958491e-36 2.233820650963005e-36 1.277139100261721e-31 1142
1.37841 1.112112785540683e-35 2.868718979490023e-36 1.328038331844482e-31 1250
1.51625 1.352500966067736e-35 3.957873990976312e-36 1.298478448273986e-31 1458
1.6541 1.806352551274984e-35 4.820263791786142e-36 1.347640921016474e-31 1814
1.79194 2.182987933842797e-35 6.070008206093474e-36 1.340514066888667e-31 2178
1.92978 2.768350022542069e-35 6.909621298133352e-36 1.387985772928726e-31 2498
2.06762 3.26636408655182e-35 8.780539765587988e-36 1.396385800842444e-31 2622
2.20546 3.840656413946897e-35 1.03649591616056e-35 1.402138701784306e-31 3338
2.3433 4.688956931349203e-35 1.206524939833118e-35 1.47571188382686e-31 3722
2.48114 5.457422668051648e-35 1.566175426336121e-35 1.522021218215749e-31 4170
2.61898 6.321960849397236e-35 1.749776468141801e-35 1.546189261673167e-31 4358
2.75683 7.749684917692894e-35 2.088975861456095e-35 1.676954921646845e-31 5034
2.89467 8.111664121515972e-35 2.399804883478571e-35 1.585986770736322e-31 5714
3.03251 9.469672827805294e-35 2.75228536335977e-35 1.663482235021932e-31 5982
3.17035 1.079628484030477e-34 3.100169018117324e-35 1.712161578126638e-31 6602
3.30819 1.228261293469498e-34 3.524329550876728e-35 1.770632780193533e-31 7130
3.44603 1.351129637706117e-34 4.064038697601893e-35 1.78589211564604e-31 8034
3.58387 1.556256268577024e-34 4.588513273670236e-35 1.883493750182252e-31 8606
3.72172 1.686640603710807e-34 5.190518271047339e-35 1.884541494909694e-31 9066
3.85956 1.962185530901998e-34 5.74428586965691e-35 2.01773456848989e-31 9962
3.9974 2.088325523131359e-34 6.395553224800354e-35 1.995332215686381e-31 10550
4.13524 2.293081644408678e-34 7.08559736463414e-35 2.036770030182641e-31 11226
4.27308 2.538183085676724e-34 7.789441700022051e-35 2.099125351434121e-31 12146
4.41092 2.749802636409948e-34 8.57628379896414e-35 2.125080153818132e-31 12303
4.54876 2.987096755809641e-34 9.354630649788209e-35 2.160946542633085e-31 12584
4.6866 3.274478563262352e-34 1.031816685524997e-34 2.223767889606204e-31 12120
4.82445 3.471208106243614e-34 1.1361035304972e-34 2.220069202637925e-31 11180
4.96229 3.82831075863059e-34 1.229493092254955e-34 2.304165295170454e-31 11096
5.10013 4.165482357289782e-34 1.320030661030568e-34 2.364477850721004e-31 10056
5.23797 4.605435715947626e-34 1.502502891871839e-34 2.473899561344643e-31 9716
5.37581 4.825812156467336e-34 1.603130787027341e-34 2.455478709192658e-31 8604
5.51365 5.107834306168915e-34 1.765056589868202e-34 2.467437736215903e-31 8060
5.65149 5.530592415169122e-34 1.860892825431342e-34 2.534296706759855e-31 7320
5.78933 6.00477101315316e-34 1.95744059895134e-34 2.613943019804877e-31 6356
5.92718 6.340140155452254e-34 2.199647640172189e-34 2.632425527920722e-31 5348
6.06502 7.015702539102976e-34 2.378590988438355e-34 2.773288704637048e-31 4308
6.20286 7.219679656519558e-34 2.481017619268704e-34 2.724691883925987e-31 3563
6.3407 7.48258097399383e-34 2.77286201532288e-34 2.704865330823939e-31 2448
6.47854 7.936822965010442e-34 2.820895107974694e-34 2.738383514594746e-31 1868
6.61638 8.597557861889763e-34 3.1964124484098e-34 2.841339698599143e-31 1358
6.75422 9.054971021697084e-34 3.333837593279998e-34 2.865391607579835e-31 1062
6.89206 9.665012998420567e-34 3.380461982905302e-34 2.932693227855728e-31 776
7.02991 9.602703275716254e-34 4.12044176143004e-34 2.816109207382899e-31 432
7.16775 1.11698133902565e-33 4.114432049756089e-34 3.123960184732293e-31 200
7.30559 1.031225491227447e-33 3.91013991758967e-34 2.769859090481599e-31 168
7.44343 1.282867785787047e-33 3.448633922561326e-34 3.297624272606842e-31 56
7.58127 2.430088484115135e-33 6.102898631812142e-34 6.010900905173018e-31 7


0.137841 1.575034370159628e-07 9.193371086693393e-09 1.221121282660909 18
0.275683 7.180556152745049e-07 2.107592893157421e-07 1.210285851852292 62
0.413524 1.859921357584592e-06 3.34502811012521e-07 0.7498824110901379 98
0.551365 3.761902694078683e-06 1.175882012521648e-06 0.8181284694465163 210
0.689207 7.790449342477769e-06 1.668848790961269e-06 0.7443647446519146 350
0.827048 9.439030004851723e-06 2.679884281595211e-06 0.5906219395791537 450
0.964889 8.288197039578458e-06 2.432416187395867e-06 0.3354150042049857 602
1.10273 6.176591674460521e-36 1.544481529381317e-36 1.612015994764258e-31 762
1.24057 7.198433792527822e-36 2.137206383490744e-36 1.433615259505495e-31 1142
1.37841 1.005311378111553e-35 2.74341323710697e-36 1.456929403986883e-31 1250
1.51625 1.323470988973276e-35 3.52867364891615e-36 1.476254528227004e-31 1458
1.6541 1.723417827920453e-35 4.506961764083289e-36 1.521808846530001e-31 1814
1.79194 2.096650515267452e-35 5.689376652810858e-36 1.519248586710089e-31 2178
1.92978 2.435567652895449e-35 6.875571956902026e-36 1.471102290324704e-31 2498
2.06762 3.099878413443225e-35 8.242516669167005e-36 1.556308503959625e-31 2622
2.20546 3.605653277172106e-35 9.845962310958691e-36 1.551859945207625e-31 3338
2.3433 4.085266407269026e-35 1.208189811967028e-35 1.537039610040801e-31 3722
2.48114 5.104089467420649e-35 1.456980995710241e-35 1.665482032276185e-31 4170
2.61898 5.805290312241466e-35 1.642594920289517e-35 1.663206752353449e-31 4358
2.75683 7.252228704099417e-35 1.929818499844956e-35 1.82790114332335e-31 5034
2.89467 7.671252114319805e-35 2.213894372944565e-35 1.743416370642646e-31 5714
3.03251 8.868812473245553e-35 2.575882123455247e-35 1.811608760232955e-31 5982
3.17035 1.03483660483956e-34 2.873546200361611e-35 1.901087792929058e-31 6602
3.30819 1.151648838347743e-34 3.301536686394478e-35 1.926543309042878e-31 7130
3.44603 1.313701994002587e-34 3.757545509082521e-35 2.005104677517037e-31 8034
3.58387 1.48090435235039e-34 4.216722354078455e-35 2.070727116422856e-31 8606
3.72172 1.61807806475053e-34 4.710696976472381e-35 2.084439611045467e-31 9066
3.85956 1.833516573452372e-34 5.383262305541004e-35 2.181297066632731e-31 9962
3.9974 2.0037749243685e-34 5.90637864926323e-35 2.208279080878938e-31 10550
4.13524 2.244495369068269e-34 6.422714518396744e-35 2.291925376175255e-31 11226
4.27308 2.377995454997855e-34 7.342696809351076e-35 2.271596320801377e-31 12146
4.41092 2.629334782771468e-34 7.890455002681277e-35 2.339457763937578e-31 12303
4.54876 2.841215779595467e-34 8.662182614023433e-35 2.367414705756219e-31 12584
4.6866 3.102443935194275e-34 9.658031159689836e-35 2.427627795365795e-31 12120
4.82445 3.303196041986932e-34 1.056435467405885e-34 2.432215492781306e-31 11180
4.96229 3.654744191468683e-34 1.135025077658241e-34 2.529783460602975e-31 11096
5.10013 3.884277121078087e-34 1.229930034013382e-34 2.538776019868343e-31 10056
5.23797 4.404821763570393e-34 1.350141187099934e-34 2.716133887172372e-31 9716
5.37581 4.626656315761381e-34 1.455991630168978e-34 2.703143241802844e-31 8604
5.51365 4.882330053664626e-34 1.617929627006543e-34 2.709071593219087e-31 8060
5.65149 5.243237848810133e-34 1.733848839836766e-34 2.761284720338431e-31 7320
5.78933 5.526774297575599e-34 1.877822393641002e-34 2.770438649545227e-31 6356
5.92718 6.11838844678775e-34 2.020410772757141e-34 2.914878801524525e-31 5348
6.06502 6.510484487498201e-34 2.218532384212215e-34 2.958305776153731e-31 4308
6.20286 6.970459415765167e-34 2.271566880845913e-34 3.0167182968529e-31 3563
6.3407 7.260103963452398e-34 2.484835636120932e-34 3.007049357477087e-31 2448
6.47854 7.381567865447771e-34 2.533928108529299e-34 2.922085387086314e-31 1868
6.61638 8.2008188366789e-34 2.988606740858372e-34 3.110681028373399e-31 1358
6.75422 8.443287725178468e-34 3.060886526668117e-34 3.066543160946067e-31 1062
6.89206 9.498450094791167e-34 3.198011541833117e-34 3.304436781994689e-31 776
7.02991 8.930685492648868e-34 3.629465182073941e-34 3.002695211636363e-31 432
7.16775 1.106680716745824e-33 3.762349904631016e-34 3.544732580338489e-31 200
7.30559 1.111486801980924e-33 3.073334171933022e-34 3.400183760244215e-31 168
7.44343 1.191952481050697e-33 3.093864416969423e-34 3.50912129720839e-31 56
7.58127 2.282438884036804e-33 4.260626214603773e-34 6.444805025409922e-31 7


0.137841 9.939369225200426e-08 1.587734197140818e-08 1.21362710448452 18
0.275683 8.195475791169297e-07 1.222623253162684e-07 1.225626175719734 62
0.413524 1.281073723589154e-06 3.504874728669677e-07 0.7374092644130897 98
0.551365 3.360866757794477e-06 9.344295337444671e-07 0.8235270158682086 210
0.689207 6.534926166001139e-06 1.399267404760938e-06 0.7410145882992561 350
0.827048 7.945516184051322e-06 2.239926838765055e-06 0.5886456335877777 450
0.964889 7.030414178361246e-06 2.019537287933429e-06 0.3343918250754868 602
1.10273 6.142218132961803e-36 1.515398169542856e-36 1.891461870648373e-31 762
1.24057 6.939270651669132e-36 2.001724596179257e-36 1.603031110322253e-31 1142
1.37841 9.966391334806e-36 2.564907182209574e-36 1.665852182824698e-31 1250
1.51625 1.375573666989982e-35 3.125039810671128e-36 1.725582670491668e-31 1458
1.6541 1.609259715195799e-35 4.248611894285774e-36 1.660006298571266e-31 1814
1.79194 2.07298485998305e-35 5.201220025392973e-36 1.714384218232746e-31 2178
1.92978 2.443328131760682e-35 6.293770112337287e-36 1.681879424975136e-31 2498
2.06762 2.939524765969924e-35 8.000722314544083e-36 1.713658792095263e-31 2622
2.20546 3.471980758192991e-35 9.175563359547994e-36 1.715930484428737e-31 3338
2.3433 4.139771566601999e-35 1.067951294212215e-35 1.759423030754346e-31 3722
2.48114 5.008241714879099e-35 1.298926700522865e-35 1.855049827517795e-31 4170
2.61898 5.617927116430748e-35 1.513696454340203e-35 1.838277607241178e-31 4358
2.75683 6.781314228715745e-35 1.841834710248263e-35 1.965278852290406e-31 5034
2.89467 7.482864333861891e-35 2.035606321252892e-35 1.934937740150097e-31 5714
3.03251 8.230123381485945e-35 2.440888222008606e-35 1.930776456374869e-31 5982
3.17035 9.841256399097476e-35 2.700728771593845e-35 2.063726865948995e-31 6602
3.30819 1.103543189750277e-34 3.058887531391046e-35 2.101572358372982e-31 7130
3.44603 1.247638559084064e-34 3.489547394100845e-35 2.168141139012529e-31 8034
3.58387 1.422446510868299e-34 3.916467814106173e-35 2.261000145850032e-31 8606
3.72172 1.531131955794801e-34 4.46533486806576e-35 2.247862265832872e-31 9066
3.85956 1.765566526888901e-34 5.01338073404663e-35 2.384831584774748e-31 9962
3.9974 1.919938538068103e-34 5.535617529128324e-35 2.402439995687296e-31 10550
4.13524 2.069693159075725e-34 6.230645699131174e-35 2.410840396755261e-31 11226
4.27308 2.312569771697658e-34 6.766009253586116e-35 2.501448453841248e-31 12146
4.41092 2.468626323046358e-34 7.542778307876598e-35 2.497944533472219e-31 12303
4.54876 2.695342895650306e-34 8.130334156727863e-35 2.548410935571545e-31 12584
4.6866 2.951844518569909e-34 9.009667460340294e-35 2.618074991627556e-31 12120
4.82445 3.21187073591554e-34 9.787309556804779e-35 2.675450579719793e-31 11180
4.96229 3.488123798520647e-34 1.049884415026445e-34 2.732931585661963e-31 11096
5.10013 3.721543556965989e-34 1.146011079716215e-34 2.753097949180693e-31 10056
5.23797 4.189138604670528e-34 1.269297420689499e-34 2.924823829327023e-31 9716
5.37581 4.369656250866489e-34 1.369303791280017e-34 2.891065182124527e-31 8604
5.51365 4.597196052221434e-34 1.524066260944163e-34 2.889034763578255e-31 8060
5.65149 5.112261905711993e-34 1.586938472451163e-34 3.039881378749817e-31 7320
5.78933 5.297033056670617e-34 1.708483493345031e-34 2.999016113244952e-31 6356
5.92718 5.595628448586629e-34 1.937961659062592e-34 3.02261342289518e-31 5348
6.06502 6.362221312897525e-34 2.038926655136127e-34 3.26274372725614e-31 4308
6.20286 6.446964890680637e-34 2.14226599005434e-34 3.157860974811423e-31 3563
6.3407 6.768627681101504e-34 2.270125965214406e-34 3.168241093830763e-31 2448
6.47854 7.146113185810622e-34 2.383288406332125e-34 3.195432057657672e-31 1868
6.61638 8.081418984536356e-34 2.676741975143505e-34 3.454446961915206e-31 1358
6.75422 8.530681756249882e-34 2.753511883990982e-34 3.488454552040796e-31 1062
6.89206 8.944177216337515e-34 2.967086366198191e-34 3.513994267105444e-31 776
7.02991 9.365958375763774e-34 3.114978425805916e-34 3.535959837008179e-31 432
7.16775 1.003168962521645e-33 3.679268885462189e-34 3.63648575365583e-31 200
7.30559 1.007241585483448e-33 2.936061551960109e-34 3.481279737160057e-31 168
7.44343 1.112907334951852e-33 2.892568573315877e-34 3.696160195639839e-31 56
7.58127 2.204638240667668e-33 2.830118986830168e-34 6.981323678451332e-31 7


0.137841 5.31902215084645e-08 2.150035315156203e-08 1.206950710596547 18
0.275683 8.592875088120347e-07 6.450819547265022e-08 1.235990922337048 62
0.413524 8.621248235107683e-07 3.577420868297676e-07 0.7275795373992724 98
0.551365 3.040952361514289e-06 7.556360668487026e-07 0.8278672745319788 210
0.689207 5.539640472546618e-06 1.206274151571641e-06 0.737452262474688 350
0.827048 6.837467612918341e-06 1.900994555821634e-06 0.5876536896908291 450
0.964889 6.047049294993682e-06 1.714817409304587e-06 0.3333524610695474 602
1.10273 5.926037946266559e-36 1.472161063623292e-36 2.113754140713878e-31 762
1.24057 7.06893827773436e-36 1.832191981714285e-36 1.835896432558522e-31 1142
1.37841 1.008365359669869e-35 2.409715628770474e-36 1.907447745959575e-31 1250
1.51625 1.314611736819522e-35 3.134732254434205e-36 1.914307568521623e-31 1458
1.6541 1.572146744950957e-35 4.053396042032171e-36 1.84917676265602e-31 1814
1.79194 2.008574287478158e-35 4.931706466408655e-36 1.893397174183981e-31 2178
1.92978 2.358473330825656e-35 5.928816798982603e-36 1.84800314209056e-31 2498
2.06762 2.896021821317028e-35 7.32683969157253e-36 1.901978785537232e-31 2622
2.20546 3.291976040174394e-35 8.814323589000465e-36 1.85791266371383e-31 3338
2.3433 3.840760147768354e-35 1.07394410964769e-35 1.881162508169282e-31 3722
2.48114 4.681704032278724e-35 1.251869727237297e-35 1.978725131462842e-31 4170
2.61898 5.275102858854398e-35 1.458548620771904e-35 1.965095037384382e-31 4358
2.75683 6.280827896439779e-35 1.801673678809126e-35 2.078209089593031e-31 5034
2.89467 7.155870356362809e-35 1.914883918958187e-35 2.088088458763963e-31 5714
3.03251 8.097716752399523e-35 2.274570675490608e-35 2.131219129663273e-31 5982
3.17035 9.254747383347749e-35 2.569708318864766e-35 2.193212398782259e-31 6602
3.30819 1.049114339170139e-34 2.922681399092415e-35 2.253485911719475e-31 7130
3.44603 1.178189312844103e-34 3.353152316256156e-35 2.310547150718364e-31 8034
3.58387 1.35758733789532e-34 3.726948441061618e-35 2.42783093473655e-31 8606
3.72172 1.451841497776004e-34 4.252223041636324e-35 2.398412675462426e-31 9066
3.85956 1.677715775283053e-34 4.711566220043974e-35 2.54497964512375e-31 9962
3.9974 1.829537974360826e-34 5.249176193907486e-35 2.570809328050432e-31 10550
4.13524 1.980755221529407e-34 5.856882767340866e-35 2.587429871705269e-31 11226
4.27308 2.192590706821126e-34 6.425129866132133e-35 2.661305063989283e-31 12146
4.41092 2.384868407007184e-34 7.032257119067533e-35 2.700192350684166e-31 12303
4.54876 2.627752708935082e-34 7.591310308726711e-35 2.776826246265178e-31 12584
4.6866 2.866882035374507e-34 8.365151723963643e-35 2.841652210916839e-31 12120
4.82445 3.017658218660959e-34 9.359823063241647e-35 2.818855540724448e-31 11180
4.96229 3.288200034156058e-34 1.003616606046546e-34 2.886767096497994e-31 11096
5.10013 3.581898453593684e-34 1.076398762946498e-34 2.96204627009514e-31 10056
5.23797 4.032117945065898e-34 1.188606805706929e-34 3.145394413967351e-31 9716
5.37581 4.133314646275248e-34 1.292752042961288e-34 3.058987006425708e-31 8604
5.51365 4.544522364209441e-34 1.392940407234486e-34 3.18207159623665e-31 8060
5.65149 4.936907942057148e-34 1.48994379707876e-34 3.277448861401168e-31 7320
5.78933 5.085874237690313e-34 1.603446550120931e-34 3.215234012068157e-31 6356
5.92718 5.476664536763736e-34 1.780836763739184e-34 3.297389527347323e-31 5348
6.06502 6.351067222697088e-34 1.885998508894589e-34 3.627183171614507e-31 4308
6.20286 5.890722296718882e-34 2.067727327420816e-34 3.230994827761117e-31 3563
6.3407 6.569753067940673e-34 2.10793859572019e-34 3.428427975082449e-31 2448
6.47854 6.886818475090846e-34 2.221025649477501e-34 3.433630331138277e-31 1868
6.61638 7.484229855676511e-34 2.569337002574909e-34 3.575797179231844e-31 1358
6.75422 7.783352677990636e-34 2.739817801597929e-34 3.563573684984626e-31 1062
6.89206 8.484406677948186e-34 2.800382947118392e-34 3.719602101889801e-31 776
7.02991 8.738670510812901e-34 2.932823602321853e-34 3.681320838660934e-31 432
7.16775 1.0198021065434e-33 3.296628416035598e-34 4.108655999259811e-31 200
7.30559 7.658633797609762e-34 3.379139437927127e-34 2.992960642808701e-31 168
7.44343 7.561059485528902e-34 3.866709189155353e-34 2.864685098856023e-31 56
7.58127 7.90751901090823e-34 8.230340812003484e-34 3.017007780962021e-31 7


0.137841 2.210892332256846e-08 2.466144117472168e-08 1.20230442398564 18
0.275683 8.316050536495078e-07 3.419910109285816e-08 1.240470615841879 62
0.413524 5.829227167740004e-07 3.516094838787255e-07 0.7211088080775181 98
0.551365 2.761064606452682e-06 6.241049164199359e-07 0.8308450807445107 210
0.689207 4.726747466267385e-06 1.065466419281845e-06 0.7336573902367662 350
0.827048 6.000752339759674e-06 1.630486338951701e-06 0.587502005908731 450
0.964889 5.263465018020461e-06 1.482073302633407e-06 0.3323679392433811 602
1.10273 5.707741274422799e-36 1.43901665622108e-36 2.353682712653043e-31 762
1.24057 6.89063837952539e-36 1.693016845816769e-36 2.019370818856737e-31 1142
1.37841 9.905679790070133e-36 2.293568234473508e-36 2.120887182736772e-31 1250
1.51625 1.212606101310102e-35 3.175295799694176e-36 2.065394528816622e-31 1458
1.6541 1.491062984185701e-35 3.8697380603032e-36 2.000463515352445e-31 1814
1.79194 1.849575960616855e-35 4.948022515795574e-36 2.018675831766018e-31 2178
1.92978 2.133921304858295e-35 6.138115201018329e-36 1.948389774270904e-31 2498
2.06762 2.694672337914689e-35 7.448394716879177e-36 2.036452107865677e-31 2622
2.20546 3.102650811651104e-35 8.461579076311922e-36 1.981402387833939e-31 3338
2.3433 3.838863109685847e-35 9.980646622430479e-36 2.088087548240589e-31 3722
2.48114 4.471321848143978e-35 1.194935156265318e-35 2.12124037760865e-31 4170
2.61898 5.192049705553651e-35 1.384350875956439e-35 2.155374034339353e-31 4358
2.75683 6.305876167801942e-35 1.652705158638531e-35 2.306408473701597e-31 5034
2.89467 6.665900686907889e-35 1.87731842983583e-35 2.19255562577636e-31 5714
3.03251 8.139234503580264e-35 2.058895800448577e-35 2.365102319403449e-31 5982
3.17035 8.826399026377727e-35 2.406802403776949e-35 2.331810937738863e-31 6602
3.30819 1.006130521456701e-34 2.793738630565632e-35 2.411476805021575e-31 7130
3.44603 1.137566144257195e-34 3.211005130391888e-35 2.485096012795242e-31 8034
3.58387 1.26135820112099e-34 3.624837714506336e-35 2.523868270846802e-31 8606
3.72172 1.411360555893006e-34 4.035455027892991e-35 2.589898794552754e-31 9066
3.85956 1.62664594565756e-34 4.45136450507041e-35 2.738757166536207e-31 9962
3.9974 1.750627690362613e-34 4.999333613222203e-35 2.734032697404856e-31 10550
4.13524 1.904787464806503e-34 5.509298696260207e-35 2.759515457381411e-31 11226
4.27308 2.135574123304927e-34 6.097645768694789e-35 2.873717139109908e-31 12146
4.41092 2.27698862212892e-34 6.716445947090194e-35 2.862751825317185e-31 12303
4.54876 2.505348240420149e-34 7.222316455660228e-35 2.937092231289329e-31 12584
4.6866 2.717447673517994e-34 8.077835313194413e-35 2.991384847433622e-31 12120
4.82445 2.970132844751414e-34 8.557176499652781e-35 3.062336169933752e-31 11180
4.96229 3.185344111697996e-34 9.456691995322085e-35 3.094861339158243e-31 11096
5.10013 3.425390175319449e-34 1.025734100236109e-34 3.137461009905576e-31 10056
5.23797 3.735468284733597e-34 1.153705320680179e-34 3.236035649181981e-31 9716
5.37581 3.967032661398084e-34 1.212128730765811e-34 3.247180723003601e-31 8604
5.51365 4.285146413749844e-34 1.33468833626866e-34 3.324510275724445e-31 8060
5.65149 4.694043029527058e-34 1.40814891299371e-34 3.447411571872325e-31 7320
5.78933 4.963331323947572e-34 1.513595253892405e-34 3.466129808132591e-31 6356
5.92718 5.38286978662888e-34 1.646525073911027e-34 3.57528656279924e-31 5348
6.06502 5.927655139643484e-34 1.819164050497484e-34 3.748400685381273e-31 4308
6.20286 5.780599497528066e-34 1.913177860424035e-34 3.497157021613214e-31 3563
6.3407 6.275122120725534e-34 1.989107894070125e-34 3.6184697807524e-31 2448
6.47854 6.629196434802825e-34 2.14329601899678e-34 3.654028032919214e-31 1868
6.61638 7.409903899393529e-34 2.316278247779844e-34 3.898924230478014e-31 1358
6.75422 7.220437514009976e-34 2.656988303869755e-34 3.661061791685041e-31 1062
6.89206 8.524435958393151e-34 2.668128490087856e-34 4.119538136818997e-31 776
7.02991 8.95460620933898e-34 2.656111964782227e-34 4.150242124869685e-31 432
7.16775 9.468447393719216e-34 3.27267806966406e-34 4.223488356141311e-31 200
7.30559 7.230237901708989e-34 3.034578696749945e-34 3.117501089142198e-31 168
7.44343 1.058559022795463e-33 2.526248508102313e-34 4.315245156156456e-31 56
7.58127 2.513976569451426e-33 3.159842780884512e-34 9.769673937869762e-31 7


0.137841 6.663891271251019e-09 2.485319513068091e-08 1.200337024744598 18
0.275683 7.438663455142733e-07 2.649687964449519e-08 1.239127983044489 62
0.413524 4.247222032027719e-07 3.306282427923927e-07 0.7183688453817288 98
0.551365 2.497854670113336e-06 5.293893045297028e-07 0.8322849555761658 210
0.689207 4.049027024835691e-06 9.608244326144031e-07 0.7296944995180168 350
0.827048 5.359850638261015e-06 1.40851489203044e-06 0.588051855277208 450
0.964889 4.631895466120105e-06 1.298504132505091e-06 0.3315170702561004 602
1.10273 5.340725670394247e-36 1.390492553423656e-36 2.510943434976724e-31 762
1.24057 6.775102175956631e-36 1.64211471771986e-36 2.226978425588743e-31 1142
1.37841 9.397204967451962e-36 2.209298796657243e-36 2.28081566397333e-31 1250
1.51625 1.148395913250402e-35 3.075190265455784e-36 2.217963088083785e-31 1458
1.6541 1.419588966048411e-35 3.809647782658706e-36 2.157572705923231e-31 1814
1.79194 1.794184579119058e-35 4.798216626205414e-36 2.200073409883912e-31 2178
1.92978 2.140498429185737e-35 5.793858289920638e-36 2.162028061380233e-31 2498
2.06762 2.616449866435881e-35 7.058014119812393e-36 2.199732941164409e-31 2622
2.20546 3.092517210577553e-35 7.836914757242954e-36 2.174069809847716e-31 3338
2.3433 3.616570481477199e-35 9.420172024673749e-36 2.193073379385508e-31 3722
2.48114 4.256229480237003e-35 1.150380877932245e-35 2.254069804699541e-31 4170
2.61898 4.905798741479435e-35 1.327634728322032e-35 2.271459108680301e-31 4358
2.75683 5.995001531972784e-35 1.636351328833406e-35 2.451381991985222e-31 5034
2.89467 6.548824976258669e-35 1.737773990098306e-35 2.369732047115977e-31 5714
3.03251 7.338421746968583e-35 2.101462603822233e-35 2.402078851334036e-31 5982
3.17035 8.31435976788012e-35 2.322152865752836e-35 2.439043479015972e-31 6602
3.30819 9.519034848460784e-35 2.702755673960064e-35 2.530267693040433e-31 7130
3.44603 1.106645444023955e-34 3.013688276944088e-35 2.662497668536106e-31 8034
3.58387 1.201260870750004e-34 3.498754445357685e-35 2.660208574547876e-31 8606
3.72172 1.368415440259598e-34 3.842946857221166e-35 2.767071621132158e-31 9066
3.85956 1.538425928145785e-34 4.285927489736131e-35 2.860933173589537e-31 9962
3.9974 1.686882128624168e-34 4.786197107174842e-35 2.902627522197559e-31 10550
4.13524 1.814075614655104e-34 5.290314575168732e-35 2.899020432449559e-31 11226
4.27308 2.089283636343862e-34 5.76101167220967e-35 3.087417400147268e-31 12146
4.41092 2.219863288933016e-34 6.332961770689754e-35 3.064044875599754e-31 12303
4.54876 2.402875291860786e-34 6.984609151559101e-35 3.101882242274299e-31 12584
4.6866 2.651558305700707e-34 7.637163489678702e-35 3.203373469483324e-31 12120
4.82445 2.85774775896613e-34 8.16803699082172e-35 3.237364842917003e-31 11180
4.96229 3.025752307164908e-34 9.055674367636899e-35 3.232891143601697e-31 11096
5.10013 3.290228918732205e-34 9.760398548804306e-35 3.309356239280349e-31 10056
5.23797 3.631055182012693e-34 1.087666729018738e-34 3.448820631540297e-31 9716
5.37581 3.847042421527053e-34 1.155159453089781e-34 3.454190413476224e-31 8604
5.51365 4.2509164388284e-34 1.226471716955683e-34 3.60550023756576e-31 8060
5.65149 4.36141471423565e-34 1.394166239396706e-34 3.527624333314544e-31 7320
5.78933 4.798787046483983e-34 1.461310498291073e-34 3.676787092934444e-31 6356
5.92718 5.072581511455943e-34 1.613480882153556e-34 3.70342155486551e-31 5348
6.06502 5.626190660663058e-34 1.723629646538459e-34 3.901823569511245e-31 4308
6.20286 5.635260558705501e-34 1.832261681815112e-34 3.736277538599655e-31 3563
6.3407 6.224980792156121e-34 1.875698741327184e-34 3.92635438403641e-31 2448
6.47854 6.603792097710861e-34 1.982893503417428e-34 3.977159459014062e-31 1868
6.61638 7.162367104194955e-34 2.191114502314982e-34 4.125740467344951e-31 1358
6.75422 6.956672970431599e-34 2.485633021053772e-34 3.86161613757018e-31 1062
6.89206 7.986879903502361e-34 2.542440417629214e-34 4.232278146258053e-31 776
7.02991 8.128161976680973e-34 2.538859082742379e-34 4.133882369233016e-31 432
7.16775 8.800238868686341e-34 3.149303822145878e-34 4.305673404465067e-31 200
7.30559 7.506573792445232e-34 2.773960520075615e-34 3.526196759062052e-31 168
7.44343 1.040570417802348e-33 2.175314404418786e-34 4.629156967965651e-31 56
7.58127 2.840996469397106e-33 2.423176574331355e-34 1.201108324364342e-30 7


0.137841 4.876437805809939e-09 2.231988439199219e-08 1.2010730743759 18
0.275683 6.131658219119584e-07 3.513885803071229e-08 1.232966374811337 62
0.413524 3.657594098311703e-07 2.961755765194705e-07 0.7192698438539051 98
0.551365 2.241147479341323e-06 4.632544295746526e-07 0.8322029822661988 210
0.689207 3.478338713699134e-06 8.809673382708836e-07 0.7257157302554167 350
0.827048 4.86197043131428e-06 1.222628486070302e-06 0.5891541052151474 450
0.964889 4.118863521800899e-06 1.149512333289606e-06 0.3308533797149961 602
1.10273 5.225453669921826e-36 1.367752864845152e-36 2.770998088541581e-31 762
1.24057 6.689890317853465e-36 1.553503693007718e-36 2.434028582331493e-31 1142
1.37841 9.022408082879913e-36 2.130265505582074e-36 2.450067411552758e-31 1250
1.51625 1.113441607115034e-35 3.009920003136461e-36 2.411678186781715e-31 1458
1.6541 1.361847248965715e-35 3.698129487465398e-36 2.318961575920391e-31 1814
1.79194 1.736325274950412e-35 4.603968241470865e-36 2.363666473231808e-31 2178
1.92978 2.189042542993774e-35 5.358165977168585e-36 2.394846718677195e-31 2498
2.06762 2.669537925558673e-35 6.483339189246316e-36 2.432744927499529e-31 2622
2.20546 2.980555249923525e-35 7.608000680937341e-36 2.32201699816538e-31 3338
2.3433 3.393102572714538e-35 9.258635586692479e-36 2.294840795623257e-31 3722
2.48114 4.231659402425763e-35 1.080229849561442e-35 2.450961165751822e-31 4170
2.61898 4.878434251045073e-35 1.25780490999548e-35 2.470333827083026e-31 4358
2.75683 5.857012868693254e-35 1.529945033416073e-35 2.620655219671047e-31 5034
2.89467 6.411909596515141e-35 1.702860470676287e-35 2.554053205506087e-31 5714
3.03251 7.223208232065464e-35 1.970184592999133e-35 2.582901872305636e-31 5982
3.17035 7.984634627223945e-35 2.223601009063597e-35 2.574068269471736e-31 6602
3.30819 9.421124427278363e-35 2.494279979333575e-35 2.726345099581033e-31 7130
3.44603 1.053037348438541e-34 2.929463946859261e-35 2.787163495117979e-31 8034
3.58387 1.195109678130132e-34 3.26347515077353e-35 2.881424065324561e-31 8606
3.72172 1.307966150373462e-34 3.664912152009536e-35 2.898202232481354e-31 9066
3.85956 1.465092503191434e-34 4.192448406835231e-35 2.992940283618756e-31 9962
3.9974 1.642045772573753e-34 4.586265655138898e-35 3.088647822842011e-31 10550
4.13524 1.754248782922278e-34 5.084540485605205e-35 3.065956385834835e-31 11226
4.27308 1.996939734831833e-34 5.534448087104109e-35 3.22797645843912e-31 12146
4.41092 2.155070046325745e-34 6.082211777981754e-35 3.248485445239505e-31 12303
4.54876 2.316989460836435e-34 6.601751580783546e-35 3.262684037718752e-31 12584
4.6866 2.522985364366435e-34 7.330454197995066e-35 3.330862584721625e-31 12120
4.82445 2.754576505122606e-34 7.804149310787182e-35 3.404487429649265e-31 11180
4.96229 2.910984905981123e-34 8.723762945551756e-35 3.3948476482721e-31 11096
5.10013 3.210821575365702e-34 9.276690802285452e-35 3.517640296481626e-31 10056
5.23797 3.496165415441349e-34 1.038215658889207e-34 3.619970348866626e-31 9716
5.37581 3.712338082089907e-34 1.107489126378271e-34 3.632933555307024e-31 8604
5.51365 3.934790869128525e-34 1.20578661656623e-34 3.650249266851321e-31 8060
5.65149 4.433052357584843e-34 1.273332366625776e-34 3.884318890928157e-31 7320
5.78933 4.564762985474796e-34 1.427181103769278e-34 3.816282587815696e-31 6356
5.92718 5.029516299406259e-34 1.496998684226876e-34 3.986161753873983e-31 5348
6.06502 5.325944221519968e-34 1.655158653963454e-34 4.025552015614699e-31 4308
6.20286 5.777741582811423e-34 1.691457054689885e-34 4.15042250128605e-31 3563
6.3407 5.838512702104928e-34 1.836364900601038e-34 4.016280829843589e-31 2448
6.47854 6.667341371626862e-34 1.845147847277491e-34 4.35449109476416e-31 1868
6.61638 7.19103205102121e-34 2.065457891797245e-34 4.496585463485022e-31 1358
6.75422 6.926466502496521e-34 2.40165611738541e-34 4.178106505442738e-31 1062
6.89206 8.0202744639952e-34 2.365314367520807e-34 4.609094459495199e-31 776
7.02991 8.060650515845932e-34 2.299521290323837e-34 4.443043383940816e-31 432
7.16775 8.761276613180366e-34 2.881886011689456e-34 4.648196568553875e-31 200
7.30559 7.18534352300009e-34 2.986161143062534e-34 3.69374896686975e-31 168
7.44343 9.603991585721588e-34 2.252125679935653e-34 4.652331962260892e-31 56
7.58127 2.986743804963586e-33 3.074719840944818e-34 1.373425480911042e-30 7


0.137841 1.291314156176587e-08 1.78489384528736e-08 1.203974469228036 18
0.275683 4.621749801732417e-07 5.308808290491041e-08 1.223719468089821 62
0.413524 3.803850702186538e-07 2.518841928499496e-07 0.7232417920244828 98
0.551365 1.99034063425243e-06 4.184603683531376e-07 0.8308218616997471 210
0.689207 2.998409392126882e-06 8.173392598832352e-07 0.7219442306660139 350
0.827048 4.468221859953096e-06 1.064972662912726e-06 0.5906390627142251 450
0.964889 3.699829400996002e-06 1.025503759065407e-06 0.330407137398525 602
1.10273 4.979244873267533e-36 1.361815959242562e-36 2.987814494985614e-31 762
1.24057 6.614548826694413e-36 1.533316174406686e-36 2.654713968048187e-31 1142
1.37841 8.710910010436137e-36 2.108171891564967e-36 2.641431295065851e-31 1250
1.51625 1.095399179513752e-35 2.931966703040555e-36 2.618009278789434e-31 1458
1.6541 1.343975402935342e-35 3.570746357537436e-36 2.518680036729678e-31 1814
1.79194 1.661511928962686e-35 4.326812713705525e-36 2.487670084527055e-31 2178
1.92978 2.126890122951396e-35 5.207180123414138e-36 2.570593539207715e-31 2498
2.06762 2.524585840111545e-35 6.371857512625183e-36 2.558576855215934e-31 2622
2.20546 2.78675357963166e-35 7.544640862773465e-36 2.422140849204175e-31 3338
2.3433 3.315576019254539e-35 8.754577784724915e-36 2.452785571578097e-31 3722
2.48114 3.938254955179156e-35 1.07926730647174e-35 2.535622639274175e-31 4170
2.61898 4.594928924446223e-35 1.240847487979875e-35 2.572814703950723e-31 4358
2.75683 5.534648985951708e-35 1.517491668242897e-35 2.734200041398466e-31 5034
2.89467 6.102006957002112e-35 1.646337028412788e-35 2.665206752416368e-31 5714
3.03251 7.116329470748086e-35 1.839596730245159e-35 2.761593718694465e-31 5982
3.17035 8.024293032096208e-35 2.058303510558453e-35 2.792876321598276e-31 6602
3.30819 9.066930829541843e-35 2.428146576180049e-35 2.867660505327356e-31 7130
3.44603 1.025626856141097e-34 2.779685032909952e-35 2.950628450234939e-31 8034
3.58387 1.157612353274792e-34 3.143396767101989e-35 3.039326624038329e-31 8606
3.72172 1.276040305506608e-34 3.476340445683343e-35 3.070003044284716e-31 9066
3.85956 1.430717438288882e-34 3.989764266191634e-35 3.173085354664179e-31 9962
3.9974 1.568182162319477e-34 4.413346915038904e-35 3.210638752662717e-31 10550
4.13524 1.716417471620194e-34 4.844728397931191e-35 3.254304198866045e-31 11226
4.27308 1.921170685514284e-34 5.300739813286675e-35 3.373167475414795e-31 12146
4.41092 2.07738203214246e-34 5.835438518871631e-35 3.399995907831263e-31 12303
4.54876 2.268860655034278e-34 6.335500112861754e-35 3.463539715380101e-31 12584
4.6866 2.448775738836451e-34 7.033936143964309e-35 3.506548616656421e-31 12120
4.82445 2.677793115502487e-34 7.499307043653216e-35 3.587948162243318e-31 11180
4.96229 2.843914050305501e-34 8.319104088031169e-35 3.591901519770825e-31 11096
5.10013 3.130293701559623e-34 8.873376039584036e-35 3.7139405775882e-31 10056
5.23797 3.433778159872251e-34 9.800778828545594e-35 3.844363142678683e-31 9716
5.37581 3.665529557076999e-34 1.062493589526495e-34 3.8809992464321e-31 8604
5.51365 3.803811654395259e-34 1.146545736044284e-34 3.82024758870811e-31 8060
5.65149 4.293912630553038e-34 1.234579358105141e-34 4.075106719249151e-31 7320
5.78933 4.681995450269258e-34 1.306824051211113e-34 4.212357451977768e-31 6356
5.92718 4.905044883871569e-34 1.415272440935152e-34 4.20178934178246e-31 5348
6.06502 5.307065290743719e-34 1.532047828385039e-34 4.326066473682872e-31 4308
6.20286 5.479968281973468e-34 1.652560837167453e-34 4.266479656445778e-31 3563
6.3407 5.731631124015832e-34 1.742149095957829e-34 4.259952463542921e-31 2448
6.47854 5.900800427232217e-34 1.920497868314245e-34 4.201108121095049e-31 1868
6.61638 6.452095756100309e-34 2.105913036600577e-34 4.389069109555501e-31 1358
6.75422 7.163793965657338e-34 2.104312872957509e-34 4.640085961710792e-31 1062
6.89206 7.562298665410412e-34 2.424949221220149e-34 4.716010575838575e-31 776
7.02991 7.538142221247112e-34 2.337578812926676e-34 4.506895977550334e-31 432
7.16775 8.22483213994057e-34 2.81593844529432e-34 4.726227446310816e-31 200
7.30559 6.253042881898919e-34 2.877060021599473e-34 3.49753852250751e-31 168
7.44343 7.2760561975808e-34 2.551723006068848e-34 3.865745592142326e-31 56
7.58127 2.35966006007526e-33 3.904606217147138e-34 1.180123321611624e-30 7


0.137841 2.599524113592686e-08 1.251525894715278e-08 1.208108237284103 18
0.275683 3.146207946041261e-07 7.344138218464599e-08 1.213506859234353 62
0.413524 4.404319929263388e-07 2.028392685013096e-07 0.7293107872928103 98
0.551365 1.751081506452731e-06 3.883750866450948e-07 0.8285414024439259 210
0.689207 2.599933358481886e-06 7.633537038474e-07 0.7186430755787669 350
0.827048 4.148591730769211e-06 9.306448994202057e-07 0.5923124128386507 450
0.964889 3.356247763032547e-06 9.200171890275212e-07 0.3301908269315418 602
1.10273 4.868424117715099e-36 1.367250692741442e-36 3.257932774431756e-31 762
1.24057 6.326770389248154e-36 1.501621890497394e-36 2.826359806307256e-31 1142
1.37841 8.474595067929907e-36 2.077221081959298e-36 2.838705923687483e-31 1250
1.51625 1.102861716026356e-35 2.763917339401902e-36 2.845499661877046e-31 1458
1.6541 1.331959967099275e-35 3.449692253950233e-36 2.725699598517707e-31 1814
1.79194 1.636907551080287e-35 4.232361946111597e-36 2.681356086488815e-31 2178
1.92978 2.002397815343464e-35 5.217061700119424e-36 2.694127425384733e-31 2498
2.06762 2.354056085057987e-35 6.488464090924698e-36 2.670210959202863e-31 2622
2.20546 2.707912104760543e-35 7.115582473842896e-36 2.555003983275661e-31 3338
2.3433 3.23502900460225e-35 8.388327721561898e-36 2.60093787393098e-31 3722
2.48114 3.880403873394915e-35 1.023082717800719e-35 2.707957106345781e-31 4170
2.61898 4.550748615354981e-35 1.160458955159052e-35 2.748011554601539e-31 4358
2.75683 5.479113579996857e-35 1.410628588601087e-35 2.917290441010809e-31 5034
2.89467 5.964282401624193e-35 1.568476625231931e-35 2.824125928899784e-31 5714
3.03251 6.559266728714313e-35 1.855149287130542e-35 2.804634697993845e-31 5982
3.17035 7.353797348066644e-35 2.081891043280773e-35 2.820940104497836e-31 6602
3.30819 8.650103738922685e-35 2.369302133169175e-35 2.979268434286674e-31 7130
3.44603 1.002703541843091e-34 2.646040361220112e-35 3.118477508143841e-31 8034
3.58387 1.135476089636289e-34 2.997977643310515e-35 3.220932475378436e-31 8606
3.72172 1.238700903309221e-34 3.343993956759243e-35 3.224424482108137e-31 9066
3.85956 1.397257342620144e-34 3.844448173407219e-35 3.349788022765261e-31 9962
3.9974 1.548517794353681e-34 4.126891926378354e-35 3.412487825474513e-31 10550
4.13524 1.669084966302373e-34 4.675313288189162e-35 3.420433448407623e-31 11226
4.27308 1.865563400575049e-34 5.080809519215632e-35 3.536871413929729e-31 12146
4.41092 2.01811583400206e-34 5.58149032306145e-35 3.5647499542993e-31 12303
4.54876 2.203385243243699e-34 6.098122980770278e-35 3.63073909941241e-31 12584
4.6866 2.39737401235849e-34 6.68632280699501e-35 3.697821585666743e-31 12120
4.82445 2.570418333839296e-34 7.299283669848275e-35 3.721729853080452e-31 11180
4.96229 2.76408861240211e-34 7.936488185702132e-35 3.762360262490733e-31 11096
5.10013 3.040892797772002e-34 8.641666710632437e-35 3.892444989836905e-31 10056
5.23797 3.313343657431845e-34 9.475544417885242e-35 4.001248119320039e-31 9716
5.37581 3.590371667119693e-34 1.011875184461612e-34 4.090979115294925e-31 8604
5.51365 3.684622428966984e-34 1.107010240426539e-34 3.98847988861311e-31 8060
5.65149 4.109304049338384e-34 1.20749828858337e-34 4.208682279403625e-31 7320
5.78933 4.392048920487002e-34 1.279310604353614e-34 4.267670464920646e-31 6356
5.92718 4.670554870391748e-34 1.380715263346088e-34 4.315736855799595e-31 5348
6.06502 5.065736806827633e-34 1.500517562762082e-34 4.453151747952023e-31 4308
6.20286 5.25301450657561e-34 1.611112543663197e-34 4.407433935757036e-31 3563
6.3407 5.563156784304924e-34 1.706134224765644e-34 4.453853472529144e-31 2448
6.47854 6.090817616514778e-34 1.744938288001542e-34 4.638634375811738e-31 1868
6.61638 6.70445614452944e-34 1.937775190117346e-34 4.879712140034898e-31 1358
6.75422 6.997564948322718e-34 2.062256426164558e-34 4.877939456099491e-31 1062
6.89206 7.251019734077422e-34 2.252356938868483e-34 4.859345794562975e-31 776
7.02991 7.229064743835223e-34 2.16989287950669e-34 4.641780090219189e-31 432
7.16775 8.921486550570551e-34 2.404038372577787e-34 5.457779459348649e-31 200
7.30559 8.725824796692287e-34 2.140121797825033e-34 5.103319556094644e-31 168
7.44343 6.379030603306349e-34 2.730784905660492e-34 3.681026989032501e-31 56
7.58127 9.608706465325155e-34 6.476457725667585e-34 5.508424397873303e-31 7


0.137841 3.938429065945786e-08 7.417608276559538e-09 1.212381367168282 18
0.275683 1.910578108769653e-07 9.035322345068441e-08 1.204425876182208 62
0.413524 5.178577806318461e-07 1.546396124335254e-07 0.7362532073252026 98
0.551365 1.532067770662318e-06 3.670424655450476e-07 0.8258723769130845 210
0.689207 2.277045190486655e-06 7.140244191954068e-07 0.7160747301630208 350
0.827048 3.879137716175564e-06 8.166510576386572e-07 0.5939585648391607 450
0.964889 3.073661856628014e-06 8.286360016286046e-07 0.3302018893374153 602
1.10273 4.741113222071837e-36 1.349017076709428e-36 3.513930657336227e-31 762
1.24057 6.3880064939205e-36 1.456252143188306e-36 3.099646317780107e-31 1142
1.37841 8.288581062907976e-36 2.047461621689313e-36 3.057013401154184e-31 1250
1.51625 1.114477716423859e-35 2.631580988085887e-36 3.08607363162401e-31 1458
1.6541 1.302598822538521e-35 3.365137868453819e-36 2.903292109090157e-31 1814
1.79194 1.645271271478869e-35 4.15900164451491e-36 2.923066867257598e-31 2178
1.92978 1.893675232250952e-35 5.192063707582809e-36 2.816252968610053e-31 2498
2.06762 2.311602359303073e-35 6.107692392730489e-36 2.823972132125412e-31 2622
2.20546 2.664645925062268e-35 6.777852024028274e-36 2.71348482886367e-31 3338
2.3433 3.162608302227933e-35 8.271884070866975e-36 2.771047123579962e-31 3722
2.48114 3.817500696245762e-35 9.787333159800089e-36 2.877346065727446e-31 4170
2.61898 4.287392034896553e-35 1.151161380134487e-35 2.837344743608763e-31 4358
2.75683 5.115419097536379e-35 1.396421988595983e-35 2.979717582186145e-31 5034
2.89467 5.705504594140668e-35 1.520737030499432e-35 2.931982523793484e-31 5714
3.03251 6.704709213733331e-35 1.699223074662866e-35 3.048068599532081e-31 5982
3.17035 7.516551115394556e-35 1.902002218324039e-35 3.065592181100014e-31 6602
3.30819 8.55090203740079e-35 2.247410763101566e-35 3.162459987359366e-31 7130
3.44603 9.405665243222903e-35 2.65684803382702e-35 3.187955000251237e-31 8034
3.58387 1.069845909150173e-34 2.99522304618367e-35 3.298994126809663e-31 8606
3.72172 1.191456058425425e-34 3.238651276138219e-35 3.347542267393936e-31 9066
3.85956 1.33944982938407e-34 3.678855799619016e-35 3.459863279316427e-31 9962
3.9974 1.476820344827387e-34 4.058411981371757e-35 3.516818477925167e-31 10550
4.13524 1.635315211175587e-34 4.473822295321885e-35 3.598457113605288e-31 11226
4.27308 1.791430599381555e-34 4.986740464840636e-35 3.663016706999829e-31 12146
4.41092 1.96855111554277e-34 5.383943188559635e-35 3.735849759956476e-31 12303
4.54876 2.145356855477145e-34 5.86055647416629e-35 3.796755378429475e-31 12584
4.6866 2.351530655401188e-34 6.460994621467992e-35 3.89399095392711e-31 12120
4.82445 2.514654887797005e-34 7.090513351339473e-35 3.910493338782249e-31 11180
4.96229 2.732012253507585e-34 7.576122873544446e-35 3.983728441886475e-31 11096
5.10013 2.970769167617308e-34 8.405227992311466e-35 4.082620759432073e-31 10056
5.23797 3.207665202760903e-34 9.204905801603508e-35 4.159971441472925e-31 9716
5.37581 3.496436809774716e-34 9.830966419986283e-35 4.275538516387303e-31 8604
5.51365 3.683815010497164e-34 1.056664553751954e-34 4.265829633955849e-31 8060
5.65149 3.914212964247263e-34 1.177250954383957e-34 4.307931361509089e-31 7320
5.78933 4.192552109926699e-34 1.267791876974503e-34 4.379849722583799e-31 6356
5.92718 4.526943036704378e-34 1.325639037629304e-34 4.483075452629157e-31 5348
6.06502 4.969323015814088e-34 1.421929415286197e-34 4.673834617602935e-31 4308
6.20286 5.227176761158968e-34 1.511240470548881e-34 4.686322557516072e-31 3563
6.3407 5.578302538131656e-34 1.592374125835507e-34 4.768045093007754e-31 2448
6.47854 5.659467658763391e-34 1.732621515540608e-34 4.634523360831311e-31 1868
6.61638 6.119402825581476e-34 1.987999264888257e-34 4.801672709872093e-31 1358
6.75422 6.635372203789665e-34 2.039350083904904e-34 4.964464902835602e-31 1062
6.89206 7.012618036337934e-34 2.137993053455178e-34 5.028873319864542e-31 776
7.02991 6.952969284448312e-34 2.228679738451759e-34 4.797227291247502e-31 432
7.16775 7.3587802499378e-34 2.566808883801402e-34 4.878227065656796e-31 200
7.30559 7.877601041464864e-34 2.458310840586239e-34 4.977827726738271e-31 168
7.44343 8.271383527742641e-34 1.766310446410407e-34 4.962126692881406e-31 56
7.58127 1.950496818193517e-33 3.472766073162658e-34 1.121167414104241e-30 7


0.137841 4.924988038536293e-08 3.450800496346781e-09 1.215790161548985 18
0.275683 1.055897126121861e-07 9.977260191446614e-08 1.198161812501993 62
0.413524 5.878310845820049e-07 1.124517865731243e-07 0.7427978362514913 98
0.551365 1.342106521159406e-06 3.494609167052373e-07 0.8233473479691693 210
0.689207 2.024747132376577e-06 6.65827566279714e-07 0.7144570573811384 350
0.827048 3.640536114541651e-06 7.211787062128372e-07 0.5953516772804295 450
0.964889 2.840389041963417e-06 7.483409579237337e-07 0.3304230315675442 602
1.10273 4.770813665369521e-36 1.302750996926389e-36 3.814207665345732e-31 762
1.24057 6.386394634506896e-36 1.405778266010147e-36 3.33436184191607e-31 1142
1.37841 8.073610652059992e-36 2.076314645824404e-36 3.276046149292991e-31 1250
1.51625 1.103683446547783e-35 2.580553619487265e-36 3.315465829079132e-31 1458
1.6541 1.290249049836176e-35 3.321882679841754e-36 3.137081317744886e-31 1814
1.79194 1.629878635668018e-35 3.971412713752112e-36 3.118837966509297e-31 2178
1.92978 1.86132840578206e-35 5.012017321749755e-36 2.990471816589953e-31 2498
2.06762 2.305721311848813e-35 5.703181770021699e-36 3.001091758142992e-31 2622
2.20546 2.594831481209692e-35 6.738536620972155e-36 2.877665496419975e-31 3338
2.3433 3.059462454733601e-35 8.247686290063176e-36 2.92144981617725e-31 3722
2.48114 3.647179771702066e-35 9.812149673520498e-36 2.99745511220648e-31 4170
2.61898 4.214630662993133e-35 1.116344446495427e-35 3.006495311111018e-31 4358
2.75683 5.107525010518079e-35 1.322807592066279e-35 3.180668846422545e-31 5034
2.89467 5.541970931659279e-35 1.498763910279919e-35 3.079362159195115e-31 5714
3.03251 6.3328263876121e-35 1.706152474615792e-35 3.130707567795225e-31 5982
3.17035 6.947946329293882e-35 1.933191819121834e-35 3.095260265523654e-31 6602
3.30819 8.079770355839599e-35 2.247565676985434e-35 3.243202866738898e-31 7130
3.44603 9.618222392481912e-35 2.419415326823917e-35 3.448187643133209e-31 8034
3.58387 1.0823253058918e-34 2.786238227278054e-35 3.545404036137122e-31 8606
3.72172 1.165526839020435e-34 3.156913877294277e-35 3.514676578360423e-31 9066
3.85956 1.312733216342023e-34 3.525357926055498e-35 3.629744971991096e-31 9962
3.9974 1.436865076404783e-34 3.907995635615227e-35 3.667033299543093e-31 10550
4.13524 1.604187555673229e-34 4.253658621533761e-35 3.771888683408501e-31 11226
4.27308 1.747323492237482e-34 4.811334011359618e-35 3.825653452114346e-31 12146
4.41092 1.94615800737129e-34 5.186307524486066e-35 3.947258503545423e-31 12303
4.54876 2.068857124769537e-34 5.7786839569123e-35 3.929427534866294e-31 12584
4.6866 2.26421002210007e-34 6.322309677219306e-35 4.020030875993798e-31 12120
4.82445 2.490485658720741e-34 6.730415159156791e-35 4.129315331325995e-31 11180
4.96229 2.667534710308525e-34 7.344452611732919e-35 4.158738123763564e-31 11096
5.10013 2.894900077945845e-34 8.081286880937714e-35 4.250762581033204e-31 10056
5.23797 3.126858008941451e-34 8.905003995404885e-35 4.333886892020343e-31 9716
5.37581 3.381431669441271e-34 9.595889200825151e-35 4.423115371563343e-31 8604
5.51365 3.620765279323585e-34 1.017895855376955e-34 4.474617780179342e-31 8060
5.65149 3.799854459053703e-34 1.137971964063272e-34 4.467814615746679e-31 7320
5.78933 4.230656075376375e-34 1.197962977810902e-34 4.701519627626678e-31 6356
5.92718 4.480882662973182e-34 1.258935202411853e-34 4.727146603049944e-31 5348
6.06502 4.807201500470496e-34 1.381871805404926e-34 4.829344307474341e-31 4308
6.20286 5.040856211748265e-34 1.466434945307118e-34 4.82588800781668e-31 3563
6.3407 5.435094306849037e-34 1.560940409089592e-34 4.959802479459486e-31 2448
6.47854 5.579368246927192e-34 1.66884908154145e-34 4.870081779646585e-31 1868
6.61638 6.50954993288755e-34 1.775972285990494e-34 5.401066696708026e-31 1358
6.75422 6.374366364221792e-34 1.992584461073027e-34 5.094000683950825e-31 1062
6.89206 7.056673854098776e-34 2.022578180720718e-34 5.382207699036229e-31 776
7.02991 7.557246814078774e-34 1.947550897018387e-34 5.50653626400371e-31 432
7.16775 8.607607126527008e-34 2.163424911444906e-34 5.993105954628168e-31 200
7.30559 8.091169013938314e-34 2.175155121070537e-34 5.419038095359478e-31 168
7.44343 5.265437114127641e-34 2.303654552903259e-34 3.481766162296238e-31 56
7.58127 1.215353499396246e-33 5.034394914639742e-34 7.705783504132516e-31 7


0.137841 5.326358525180729e-08 1.150091814551765e-09 1.217630549860652 18
0.275683 6.403127271872045e-08 9.984936489083279e-08 1.195693827015227 62
0.413524 6.315278868442176e-07 8.019822161495642e-08 0.7478375030401115 98
0.551365 1.187693720510907e-06 3.318942611076523e-07 0.8214262430451205 210
0.689207 1.837128006488242e-06 6.166432691775056e-07 0.7139227122462796 350
0.827048 3.417456215925635e-06 6.430505828531218e-07 0.5962734279444519 450
0.964889 2.646614844220836e-06 6.771078931345928e-07 0.3308215554488723 602
1.10273 4.651508797884266e-36 1.305223278111003e-36 4.078038338943723e-31 762
1.24057 6.294199280683386e-36 1.424326327587926e-36 3.598287796291729e-31 1142
1.37841 7.597774379096374e-36 2.046590545893733e-36 3.414669769386676e-31 1250
1.51625 1.06957342264584e-35 2.612043316736314e-36 3.534838961285078e-31 1458
1.6541 1.280523391948935e-35 3.223796766173297e-36 3.335763716417557e-31 1814
1.79194 1.612904431950803e-35 4.011692476083922e-36 3.348230971641461e-31 2178
1.92978 1.856394657511106e-35 4.849561723877718e-36 3.194266411142516e-31 2498
2.06762 2.258504722096974e-35 5.656796425638025e-36 3.181028990221742e-31 2622
2.20546 2.528771279242859e-35 6.656401822398745e-36 3.040220643235111e-31 3338
2.3433 3.043529561237756e-35 7.901001293290447e-36 3.104922890256744e-31 3722
2.48114 3.569201077975004e-35 9.484942501963387e-36 3.152138295387038e-31 4170
2.61898 4.143213417635842e-35 1.074531310117138e-35 3.164721719741711e-31 4358
2.75683 4.915313018039878e-35 1.287344277230006e-35 3.297982571222994e-31 5034
2.89467 5.492165148343068e-35 1.422403770597186e-35 3.25103829817542e-31 5714
3.03251 6.253963383974668e-35 1.659134380634917e-35 3.31061395065766e-31 5982
3.17035 6.977340052747564e-35 1.811829577006203e-35 3.296642151529466e-31 6602
3.30819 8.236393562984133e-35 2.079779311953361e-35 3.490361601453575e-31 7130
3.44603 8.734495325903382e-35 2.529242057312265e-35 3.424183308997615e-31 8034
3.58387 1.012262564339683e-34 2.830948991797489e-35 3.591404540367867e-31 8606
3.72172 1.130550718338774e-34 3.077956639443528e-35 3.650427182195598e-31 9066
3.85956 1.253002841574261e-34 3.455620522141075e-35 3.718475846826921e-31 9962
3.9974 1.381975515988634e-34 3.834242570618894e-35 3.77795639183381e-31 10550
4.13524 1.53705316925501e-34 4.215304702952428e-35 3.875653992286312e-31 11226
4.27308 1.717134026377462e-34 4.637156409683115e-35 4.006122064880326e-31 12146
4.41092 1.826460645725333e-34 5.212149523246492e-35 3.982933679452286e-31 12303
4.54876 2.051309742636057e-34 5.503933217753705e-35 4.141160743382198e-31 12584
4.6866 2.186043429423181e-34 6.138717139533467e-35 4.142563735789691e-31 12120
4.82445 2.425428846044797e-34 6.533553899482314e-35 4.287075769232997e-31 11180
4.96229 2.53640599177317e-34 7.32609852404782e-35 4.233858702297333e-31 11096
5.10013 2.833694990811896e-34 7.828686247008101e-35 4.430411020475007e-31 10056
5.23797 3.087832565839719e-34 8.565819192912439e-35 4.549869119325686e-31 9716
5.37581 3.287624085249108e-34 9.279954283773987e-35 4.578462877778265e-31 8604
5.51365 3.546948350166622e-34 1.001282472875978e-34 4.669433626652546e-31 8060
5.65149 3.745853715112358e-34 1.090739576462202e-34 4.680419882248771e-31 7320
5.78933 4.187950186682985e-34 1.155143496637044e-34 4.945034488576561e-31 6356
5.92718 4.37261480847474e-34 1.223383718847754e-34 4.90761238696559e-31 5348
6.06502 4.680395897591905e-34 1.350339455660192e-34 5.005230646569435e-31 4308
6.20286 4.865517544245702e-34 1.451672945186945e-34 4.964262636670042e-31 3563
6.3407 5.349134139489489e-34 1.516337183019341e-34 5.188515756405578e-31 2448
6.47854 5.445904505978871e-34 1.584097283941979e-34 5.047798289477438e-31 1868
6.61638 6.085811061529413e-34 1.785902817565619e-34 5.389331831160835e-31 1358
6.75422 6.828256887453108e-34 1.771032645919755e-34 5.744973544478995e-31 1062
6.89206 6.830114465289086e-34 1.982219576054501e-34 5.541384997636757e-31 776
7.02991 6.843992120817434e-34 2.118782035817402e-34 5.345612279572798e-31 432
7.16775 6.915150619485907e-34 2.542340752591707e-34 5.217266525265258e-31 200
7.30559 6.803457466790283e-34 2.684129598983575e-34 4.938219031907475e-31 168
7.44343 7.113491765219073e-34 1.531807877805691e-34 4.826778833199241e-31 56
7.58127 1.727878083032408e-33 3.137257147382244e-34 1.124069007818951e-30 7


0.137841 5.082989100024002e-08 6.286649007130522e-10 1.217626687258486 18
0.275683 6.373187418750977e-08 9.09429777807618e-08 1.197152831270447 62
0.413524 6.380519699218025e-07 6.00021341366965e-08 0.7506100534888371 98
0.551365 1.071379747493182e-06 3.120852178696973e-07 0.8204155889503162 210
0.689207 1.706320124461399e-06 5.656820883203218e-07 0.7144888200537309 350
0.827048 3.198405873417963e-06 5.812968499566905e-07 0.5965354597559025 450
0.964889 2.483798239511355e-06 6.136395116873796e-07 0.3313490486925659 602
1.10273 4.596150664415812e-36 1.286872350245426e-36 4.361614506922452e-31 762
1.24057 6.204816179147763e-36 1.416648247498107e-36 3.843301629192147e-31 1142
1.37841 7.354948852705601e-36 1.999295289481793e-36 3.588158147882378e-31 1250
1.51625 1.029427311869016e-35 2.580580452254987e-36 3.712432022827021e-31 1458
1.6541 1.275016064364571e-35 3.149077714759028e-36 3.56726198531102e-31 1814
1.79194 1.554814581270261e-35 3.953819707190195e-36 3.516357980175297e-31 2178
1.92978 1.850477010436619e-35 4.628465348392561e-36 3.390886419702734e-31 2498
2.06762 2.187241120473986e-35 5.656694124428953e-36 3.341824390875914e-31 2622
2.20546 2.477292960924167e-35 6.518164826434313e-36 3.199765673258022e-31 3338
2.3433 3.024347698007005e-35 7.630289871719909e-36 3.291572292037033e-31 3722
2.48114 3.535692432643502e-35 9.137541327621184e-36 3.331120286243306e-31 4170
2.61898 3.977115736944262e-35 1.054111478418945e-35 3.269619404591121e-31 4358
2.75683 4.699179213122098e-35 1.270384921353873e-35 3.398729475861204e-31 5034
2.89467 5.307057339580119e-35 1.411063825513694e-35 3.379152427736689e-31 5714
3.03251 6.217851676615215e-35 1.572489453530932e-35 3.490157426244757e-31 5982
3.17035 6.66773988381736e-35 1.796990951678349e-35 3.388032744854971e-31 6602
3.30819 7.679254245721134e-35 2.130559489136247e-35 3.529757291618542e-31 7130
3.44603 9.268539773313097e-35 2.273790107382706e-35 3.781968666499024e-31 8034
3.58387 1.015767257861996e-34 2.655552901191014e-35 3.808346212832817e-31 8606
3.72172 1.116974918839804e-34 2.93991735234169e-35 3.828080746553898e-31 9066
3.85956 1.236359245958779e-34 3.289019533142537e-35 3.893073405824675e-31 9962
3.9974 1.373656896299715e-34 3.660481388053445e-35 3.981778987099588e-31 10550
4.13524 1.495710351594735e-34 4.095864879010817e-35 4.016566440638764e-31 11226
4.27308 1.671881579444968e-34 4.511134715121894e-35 4.151081828256448e-31 12146
4.41092 1.834127968624674e-34 4.984198401265634e-35 4.234466222439054e-31 12303
4.54876 1.949859206593047e-34 5.520377709905976e-35 4.210938802825012e-31 12584
4.6866 2.166879802225926e-34 5.915678165056711e-35 4.354141518321638e-31 12120
4.82445 2.340933233415827e-34 6.534076401717753e-35 4.412948873745381e-31 11180
4.96229 2.492114579513588e-34 7.117996196037862e-35 4.416782536827163e-31 11096
5.10013 2.775429168219359e-34 7.687978338028387e-35 4.611150770216163e-31 10056
5.23797 3.034762328270911e-34 8.286580779995197e-35 4.744038381547499e-31 9716
5.37581 3.192656754408242e-34 9.111334759207938e-35 4.725930708096924e-31 8604
5.51365 3.491671679673786e-34 9.636731385552638e-35 4.871683219813866e-31 8060
5.65149 3.659591536263354e-34 1.04291050170931e-34 4.846144868181182e-31 7320
5.78933 4.065119761577984e-34 1.135632959214425e-34 5.097949274254123e-31 6356
5.92718 4.323204914679815e-34 1.185620595256513e-34 5.141164444889703e-31 5348
6.06502 4.534516722955399e-34 1.327264392539258e-34 5.148626784447409e-31 4308
6.20286 4.690197972533413e-34 1.426985563636331e-34 5.083112686183266e-31 3563
6.3407 5.190369975750588e-34 1.49844202177892e-34 5.344486733552742e-31 2448
6.47854 5.242090951614779e-34 1.51636950696725e-34 5.149849788112142e-31 1868
6.61638 5.885985400755667e-34 1.807519678354566e-34 5.541062846420131e-31 1358
6.75422 6.279184903299426e-34 1.847627196495217e-34 5.637037915058546e-31 1062
6.89206 6.286343103213936e-34 2.022799663242049e-34 5.437680091212601e-31 776
7.02991 6.230450095614763e-34 2.13912317237445e-34 5.190334024245643e-31 432
7.16775 7.054924256357703e-34 2.259901649779574e-34 5.595294871791397e-31 200
7.30559 8.88188071904304e-34 2.128215680129239e-34 6.658457435839527e-31 168
7.44343 6.478019762822697e-34 1.75750165015236e-34 4.698528281843483e-31 56
7.58127 8.52674669117893e-34 4.296712636384822e-34 6.179628583735965e-31 7


