0.114651 0.0002861862672630676 9.435789503378887e-06 1.517850363354593 18
0.229303 0.001144472273919401 7.3204010063043e-05 1.893678121696615 62
0.343954 0.002760476066497479 0.0002762134208725898 2.007263951567668 98
0.458606 0.005318280304711761 0.001060826055416345 2.168044632032748 210
0.573257 0.008823619275354 0.002798876433096029 2.339206462088603 350
0.687908 0.01125631371615159 0.005299127764891711 2.08756876249348 450
0.80256 0.01651104848404174 0.009142516546005052 2.231382125603037 602
0.917211 0.02087024810713796 0.01581642470763342 2.150625313103267 762
1.03186 0.005821342911061536 0.005904812811935957 0.4764829536641474 1142
1.14651 6.420113704093912e-34 3.146885681911794e-34 4.24067766599147e-32 1250
1.26117 8.129472805173003e-34 3.789256407732749e-34 4.42357645955287e-32 1458
1.37582 9.403481152129497e-34 4.395786355358546e-34 4.286725436394648e-32 1814
1.49047 1.053169094061241e-33 5.190728892683261e-34 4.096687652305324e-32 2178
1.60512 1.168793691415309e-33 5.586906982095371e-34 3.921220834084221e-32 2498
1.71977 1.404370635322828e-33 6.935002006403493e-34 4.092503345988116e-32 2622
1.83442 1.327754132990932e-33 6.021038692622149e-34 3.396189127958574e-32 3191
1.94907 1.193660193734969e-33 6.192354221934243e-34 2.706668629961172e-32 3044
2.06373 1.033646428022313e-33 5.334340230896403e-34 2.092703743540352e-32 2736
2.17838 1.089653555692825e-33 5.080261005745633e-34 1.977126102269364e-32 2276
2.29303 1.184538647631203e-33 5.932943584281624e-34 1.937785320653261e-32 2016
2.40768 1.438988526735017e-33 6.213059112166138e-34 2.136008777027773e-32 1640
2.52233 1.355944548829699e-33 6.346713659510411e-34 1.833524226128388e-32 1056
2.63698 1.249966570112173e-33 6.616994961662789e-34 1.545983028610302e-32 683
2.75163 1.353184579338148e-33 6.91306511604202e-34 1.539128574811438e-32 350
2.86628 1.408442471823746e-33 6.508810731197005e-34 1.478148338619706e-32 192
2.98094 1.272440636955951e-33 5.593289160309721e-34 1.231462925063184e-32 44
3.09559 1.799636481438996e-33 7.325790200091258e-34 1.602396293651269e-32 25


0.114651 0.01073022759347611 3.79735149579909e-06 2159.734963141191 18
0.229303 0.007984825332088687 1.089656574105873e-05 351.3323845595622 62
0.343954 0.004724421228902442 1.093717841677098e-05 86.48576094715767 98
0.458606 0.00225358606646548 3.0150657808817e-05 22.86500780657052 210
0.573257 0.001811070282477396 2.681339183161788e-05 11.74139252132866 350
0.687908 0.001285120520980425 2.80384921904549e-05 5.789906884480912 450
0.80256 0.001270112709006594 3.048199148108323e-05 4.152985205377452 602
0.917211 0.001180276450105543 4.592974347667827e-05 2.942684901127721 762
1.03186 0.0003950166191135194 1.186701450299626e-05 0.7762091409717596 1142
1.14651 2.520247521949489e-32 1.152007668642469e-33 4.031520630755842e-29 1250
1.26117 3.297500173811778e-32 1.749527343461385e-33 4.341522995715215e-29 1458
1.37582 4.456961910577849e-32 2.586763923718299e-33 4.911617597891515e-29 1814
1.49047 5.460966627277629e-32 3.899253253615704e-33 5.135324146520359e-29 2178
1.60512 6.999136367265447e-32 5.353358018877068e-33 5.672866453115634e-29 2498
1.71977 8.575419025405458e-32 6.827789345761716e-33 6.033295828791279e-29 2622
1.83442 1.034456693078309e-31 9.04662592344007e-33 6.385422628925408e-29 3191
1.94907 1.246535130775958e-31 1.198144309053337e-32 6.820155939768516e-29 3044
2.06373 1.521228397067176e-31 1.550261517756448e-32 7.427303177235134e-29 2736
2.17838 1.646327216477219e-31 1.992966814817267e-32 7.208439767786155e-29 2276
2.29303 1.979533773571185e-31 2.469998911026983e-32 7.81050323293691e-29 2016
2.40768 2.248938692050263e-31 3.020353044833416e-32 8.051315286485428e-29 1640
2.52233 2.593365870466735e-31 3.597417112614845e-32 8.453611086546319e-29 1056
2.63698 2.807596264310461e-31 4.16821628109137e-32 8.368369344624956e-29 683
2.75163 3.439327207369422e-31 5.352464591635222e-32 9.425705914834321e-29 350
2.86628 3.777495784879847e-31 6.06874050627682e-32 9.548725729762245e-29 192
2.98094 4.650313788857795e-31 7.980941317492418e-32 1.083895573101501e-28 44
3.09559 4.03809694138585e-31 1.188656466511862e-31 8.694511090447996e-29 25


0.114651 0.005998264879926902 8.326613558016513e-07 2363.332176257732 18
0.229303 0.001691821829188575 6.16393125171465e-06 149.953029572371 62
0.343954 0.001798110923558494 4.448689777762651e-06 64.87809447238445 98
0.458606 0.002249440956345039 3.446401903371002e-06 44.03075106815156 210
0.573257 0.0008616349089930329 7.053883018362146e-06 10.95073484151136 350
0.687908 0.0007718702938992811 6.010203423246479e-06 6.785168952817807 450
0.80256 0.0006670006009345049 7.819798017109109e-06 4.269417882433774 602
0.917211 0.0007351183393661159 9.879034223250915e-06 3.573145072610686 762
1.03186 0.0001652030978774507 3.699085863192435e-06 0.6384068931890169 1142
1.14651 2.679557774965519e-32 6.480840137662577e-34 8.398657026726645e-29 1250
1.26117 3.494920441419106e-32 9.597438925795163e-34 9.013796927500225e-29 1458
1.37582 4.274156331632444e-32 1.401752316202252e-33 9.234553520243834e-29 1814
1.49047 5.854997563844912e-32 1.95027148180945e-33 1.077426117404888e-28 2178
1.60512 7.352427510140091e-32 2.698116327321586e-33 1.16651702226865e-28 2498
1.71977 8.547948075064211e-32 3.511627946930905e-33 1.177979896448699e-28 2622
1.83442 1.099988786921874e-31 4.612880643284272e-33 1.329204007417297e-28 3191
1.94907 1.276884522469998e-31 6.348409796422738e-33 1.368428942919242e-28 3044
2.06373 1.516615646555382e-31 7.779322520548963e-33 1.450093167185388e-28 2736
2.17838 1.851789906291312e-31 9.975879900748938e-33 1.586377274129e-28 2276
2.29303 1.98595866224332e-31 1.264187763066006e-32 1.534668556549605e-28 2016
2.40768 2.272506058515237e-31 1.579662526299397e-32 1.593563474753404e-28 1640
2.52233 2.697506286733566e-31 1.946398253937053e-32 1.722382727522904e-28 1056
2.63698 2.843832272521895e-31 2.189089309942211e-32 1.660301591819505e-28 683
2.75163 3.214873072445276e-31 3.001074372841607e-32 1.727517445901016e-28 350
2.86628 3.027190368920139e-31 3.11231600630785e-32 1.501049910546476e-28 192
2.98094 3.458684718827573e-31 5.191143691229659e-32 1.58565164868856e-28 44
3.09559 4.329655829292004e-31 6.929430808121163e-32 1.826790286271693e-28 25


0.114651 0.002998161339818537 7.689071868111611e-07 1777.710435744567 18
0.229303 0.001469344510387973 2.401450185908255e-06 191.8670166604703 62
0.343954 0.001167288797587501 2.106537001794222e-06 62.79971211323316 98
0.458606 0.001112802111088038 2.554011351443944e-06 32.62717028961047 210
0.573257 0.0005323971075647542 3.547127106670973e-06 10.11385994395071 350
0.687908 0.000413781193901759 3.376013780692166e-06 5.446934248279242 450
0.80256 0.0003876667833360509 3.971034844502843e-06 3.708263998680606 602
0.917211 0.0004511427516821567 4.864818960555392e-06 3.272663392273384 762
1.03186 0.0001024789801379719 1.750840731486771e-06 0.5908670683171789 1142
1.14651 2.605631787849751e-32 4.069527021739972e-34 1.215949479203392e-28 1250
1.26117 3.346606203575567e-32 6.041933415480596e-34 1.285304367926653e-28 1458
1.37582 3.999566234697536e-32 8.220118864878705e-34 1.286227605815242e-28 1814
1.49047 5.57935838099361e-32 1.248676457369658e-33 1.529302208888229e-28 2178
1.60512 6.598861395694733e-32 1.756799048534826e-33 1.560522379797634e-28 2498
1.71977 8.369481621317355e-32 2.177180292675005e-33 1.717130205512326e-28 2622
1.83442 9.943455872638782e-32 2.889088107875789e-33 1.790101349607127e-28 3191
1.94907 1.221632953975622e-31 3.908741875099475e-33 1.949402577686607e-28 3044
2.06373 1.387057618672452e-31 4.979244959034639e-33 1.976001963696846e-28 2736
2.17838 1.701187886414269e-31 6.197601144662157e-33 2.170828299429284e-28 2276
2.29303 1.857618277531914e-31 7.999470312666231e-33 2.138254701583997e-28 2016
2.40768 2.174289863842759e-31 1.004626946589143e-32 2.270814257023677e-28 1640
2.52233 2.701870410514044e-31 1.161759241381361e-32 2.567651625062229e-28 1056
2.63698 2.772177595315916e-31 1.353597630099363e-32 2.409747206608957e-28 683
2.75163 3.50049842717063e-31 1.890345712516384e-32 2.798813551486821e-28 350
2.86628 3.108573479346655e-31 1.998912684969747e-32 2.294712033349637e-28 192
2.98094 4.956470321455202e-31 1.982600011689162e-32 3.363518883633085e-28 44
3.09559 5.542288102092411e-31 3.051662141097356e-32 3.465777938047713e-28 25


0.114651 0.0001850184688888353 1.263583876753046e-06 198.0191673561027 18
0.229303 0.001385955865965485 1.258505832532911e-06 239.0491181083701 62
0.343954 0.0007724191015590065 1.351633938597311e-06 55.42377540457554 98
0.458606 0.0005627171194876604 2.150445929466353e-06 22.16725786934973 210
0.573257 0.0004112290396789418 1.891590465160483e-06 10.36439552084269 350
0.687908 0.0003744280002048578 1.653974205024824e-06 6.521196329559633 450
0.80256 0.0004018136121870443 1.547235410320625e-06 5.071336038689475 602
0.917211 0.0003231563353856331 2.898034055577459e-06 3.118444106362787 762
1.03186 7.208827741882525e-05 1.037268273149586e-06 0.5532809457681193 1142
1.14651 2.68109879191685e-32 3.129590502068541e-34 1.662236859010034e-28 1250
1.26117 3.427021765845707e-32 4.760919422530318e-34 1.749195503303564e-28 1458
1.37582 4.131704775932552e-32 6.4698131109131e-34 1.765667633078749e-28 1814
1.49047 5.620348365735585e-32 9.399158421928907e-34 2.046705206236189e-28 2178
1.60512 6.876743575332883e-32 1.380154943120295e-33 2.160761326037311e-28 2498
1.71977 8.895919217088876e-32 1.722385936905022e-33 2.424747984335603e-28 2622
1.83442 1.011255330294503e-31 2.283510628535749e-33 2.419487157386787e-28 3191
1.94907 1.25474170276203e-31 3.082043672903564e-33 2.660699116718068e-28 3044
2.06373 1.391322777188027e-31 4.049209124916542e-33 2.635046583446961e-28 2736
2.17838 1.721680337577084e-31 4.852852617822563e-33 2.919603321489265e-28 2276
2.29303 1.852274078497056e-31 6.423967916648514e-33 2.83430326798561e-28 2016
2.40768 2.402994056909201e-31 7.128622487312538e-33 3.330929053862682e-28 1640
2.52233 2.658614415458912e-31 9.855947815163512e-33 3.359887121907836e-28 1056
2.63698 2.843815481600506e-31 1.064813340483155e-32 3.284896885142418e-28 683
2.75163 3.32909098087404e-31 1.549106959077145e-32 3.539929240555859e-28 350
2.86628 3.63125403993027e-31 1.599267170427474e-32 3.559278405723435e-28 192
2.98094 5.671299116117262e-31 2.057761429129505e-32 5.117810804579913e-28 44
3.09559 5.764700614366152e-31 2.537313749547933e-32 4.791022162770377e-28 25


0.114651 0.002639851795454959 2.631101554976709e-08 2566.971684680436 18
0.229303 0.001350673712812496 6.603947398226673e-07 289.1384390867594 62
0.343954 0.0006164385699815233 8.747609862800274e-07 55.19765436533956 98
0.458606 0.0006415460763106209 9.688162167769805e-07 31.20269026282779 210
0.573257 0.0003345325321875149 1.272037638807531e-06 10.5204370276233 350
0.687908 0.0003169234302487096 9.839917505842871e-07 6.876165847946379 450
0.80256 0.0002047193579955517 1.620027168016904e-06 3.258732245549108 602
0.917211 0.0002763018967778993 1.7590398673153e-06 3.320937913501459 762
1.03186 4.43080591873262e-05 7.654147551091897e-07 0.4275458977734829 1142
1.14651 2.49191373883534e-32 2.452542860751063e-34 1.928194735771527e-28 1250
1.26117 3.324824114547553e-32 3.702174357644079e-34 2.116853645231755e-28 1458
1.37582 3.985272334170762e-32 5.156000210892459e-34 2.125009249140604e-28 1814
1.49047 5.483856954772131e-32 7.466139363950886e-34 2.491364518356787e-28 2178
1.60512 6.867154282686776e-32 1.03139223572755e-33 2.689854715443839e-28 2498
1.71977 8.287635893914386e-32 1.432023210883193e-33 2.820312400646675e-28 2622
1.83442 9.814540221217326e-32 1.769273697131532e-33 2.929009814754072e-28 3191
1.94907 1.172638617413879e-31 2.437015689586001e-33 3.103056280786074e-28 3044
2.06373 1.413121900320176e-31 2.964534772371221e-33 3.335644095236205e-28 2736
2.17838 1.587639902195308e-31 3.967587192590241e-33 3.36086285087679e-28 2276
2.29303 1.912786427052947e-31 4.684317287734044e-33 3.647482249101067e-28 2016
2.40768 2.269911272660906e-31 5.657541389328243e-33 3.925986946841511e-28 1640
2.52233 2.739329986719729e-31 7.479969455454347e-33 4.315798778136684e-28 1056
2.63698 2.910354974941602e-31 9.041130471348025e-33 4.194332165954456e-28 683
2.75163 3.66062567358339e-31 1.018268298634961e-32 4.846194062520293e-28 350
2.86628 4.502966284618208e-31 9.890588347340111e-33 5.491979190680644e-28 192
2.98094 5.580859621567977e-31 1.765244193185055e-32 6.284708169370645e-28 44
3.09559 6.176996299852445e-31 1.577859692436328e-32 6.393601037591652e-28 25


0.114651 0.0002500337906644352 5.342103638258302e-07 345.146091612429 18
0.229303 0.001116353014244062 4.015477712517971e-07 286.1158612864658 62
0.343954 0.0005321766577468306 5.912457979823762e-07 57.0561919074064 98
0.458606 0.0005611898518476302 6.813998994000362e-07 32.69177217750153 210
0.573257 0.0002749152481099229 9.05705775897624e-07 10.36751829484137 350
0.687908 0.0002722970714056822 6.523960852691942e-07 7.074955404819201 450
0.80256 0.0002085718371180484 9.402438326836103e-07 3.956153298253569 602
0.917211 0.0002157342155181113 1.299704353171812e-06 3.112181706353857 762
1.03186 8.106848986399573e-05 2.64607179146909e-07 0.9201089182898017 1142
1.14651 2.532207836468199e-32 2.007749853076249e-34 2.347078364973968e-28 1250
1.26117 3.451990754166457e-32 2.913039371813496e-34 2.631192915898907e-28 1458
1.37582 4.103836158984842e-32 4.192869429957937e-34 2.620828577802641e-28 1814
1.49047 5.070893600459592e-32 6.443505586096271e-34 2.763694436689629e-28 2178
1.60512 6.803529788261473e-32 8.303332992534149e-34 3.192758867451619e-28 2498
1.71977 8.251585296440274e-32 1.149449123523184e-33 3.363984741591569e-28 2622
1.83442 9.76448355527752e-32 1.410185273397449e-33 3.490889189103776e-28 3191
1.94907 1.199122321354442e-31 1.891817409146212e-33 3.799645396121229e-28 3044
2.06373 1.31469808611907e-31 2.474084196826671e-33 3.720853381219235e-28 2736
2.17838 1.601600442232756e-31 3.072362556872223e-33 4.0602216892996e-28 2276
2.29303 1.918380983385661e-31 3.869712963399009e-33 4.383271118072858e-28 2016
2.40768 2.206412888955675e-31 4.534056956980149e-33 4.572658315775938e-28 1640
2.52233 2.493208552610679e-31 6.265491612940119e-33 4.710256274656453e-28 1056
2.63698 2.716322226575677e-31 7.09100493844202e-33 4.691271441443153e-28 683
2.75163 2.981911091357573e-31 1.041805800524261e-32 4.743792589241959e-28 350
2.86628 3.281121638439506e-31 1.160154613424349e-32 4.81350410853075e-28 192
2.98094 4.431510421810946e-31 1.678825726510615e-32 5.994015506371873e-28 44
3.09559 4.616888774060029e-31 1.390717617880673e-32 5.73648277125182e-28 25


0.114651 0.001373390926103562 1.309730106167027e-07 1883.668052483395 18
0.229303 0.001053838052271867 2.842889684217717e-07 314.5874304235235 62
0.343954 0.0004449244968490127 4.44884368093848e-07 55.64810013263221 98
0.458606 0.0004246039759004727 5.700133110380172e-07 28.91571309576706 210
0.573257 0.0003531311586262155 4.092219224969791e-07 15.3630246501726 350
0.687908 0.0001956917747847514 5.928813249414434e-07 5.951276989246337 450
0.80256 0.0001932033056528651 6.369993270815251e-07 4.263396751716601 602
0.917211 0.0002063697766535533 8.570502554000547e-07 3.461069102894375 762
1.03186 2.867433732528173e-05 4.090611767579509e-07 0.3878659783974064 1142
1.14651 2.552851731793575e-32 1.776541892837007e-34 2.758591548385485e-28 1250
1.26117 3.447508528910047e-32 2.556371261764559e-34 3.06348852647249e-28 1458
1.37582 4.154415912692746e-32 3.578044060207626e-34 3.091703277554459e-28 1814
1.49047 5.434262973752383e-32 5.292099482703523e-34 3.448134168754492e-28 2178
1.60512 6.533587109063911e-32 7.490397136375568e-34 3.576395184193713e-28 2498
1.71977 8.348741416163731e-32 9.553113560903688e-34 3.965487074112559e-28 2622
1.83442 9.956262988587854e-32 1.243622856364195e-33 4.148847776715957e-28 3191
1.94907 1.165621412733249e-31 1.647622132086254e-33 4.306257687545179e-28 3044
2.06373 1.365583336192001e-31 2.128859699076016e-33 4.503309841482032e-28 2736
2.17838 1.573520357791601e-31 2.775461457815316e-33 4.651734050446273e-28 2276
2.29303 1.83430331122134e-31 3.500022911223586e-33 4.888363500829012e-28 2016
2.40768 2.058966025506792e-31 3.939124461811187e-33 4.976057647083497e-28 1640
2.52233 2.478161035273145e-31 5.308515275834312e-33 5.456443998024519e-28 1056
2.63698 2.742129373931038e-31 6.084459741129027e-33 5.519329524087385e-28 683
2.75163 2.963185276153582e-31 8.938932752979781e-33 5.494542610145599e-28 350
2.86628 3.789557868542195e-31 8.900686732825958e-33 6.468116812393859e-28 192
2.98094 3.312174641762187e-31 1.423561573530816e-32 5.234796311668549e-28 44
3.09559 5.601442268401623e-31 9.958716751413939e-33 8.096770495117728e-28 25


0.114651 0.0004985131185778385 2.397328502561642e-07 817.8034696311123 18
0.229303 0.000376547648214561 4.852429218406711e-07 133.4234114896085 62
0.343954 0.0003490357737254955 3.723479664913767e-07 50.03744101752394 98
0.458606 0.0003591894763601909 4.390355290980108e-07 27.9510900519429 210
0.573257 0.0001734030656394133 5.648317506291401e-07 8.752127106432493 350
0.687908 0.000136213624776646 5.51842166366014e-07 4.762534657247533 450
0.80256 0.0001725879484962462 4.788518557588401e-07 4.34763505846816 602
0.917211 0.0001672797096191852 7.180572207379593e-07 3.209899176947014 762
1.03186 4.682312288347964e-05 2.11504470365741e-07 0.7107375975512406 1142
1.14651 2.487856191878855e-32 1.524799744307205e-34 3.070407920876203e-28 1250
1.26117 3.229930232583989e-32 2.193071790400517e-34 3.279166181178506e-28 1458
1.37582 4.16636070859819e-32 3.044361490213701e-34 3.539953178996615e-28 1814
1.49047 5.249913444036068e-32 4.615618360738539e-34 3.805319635219646e-28 2178
1.60512 6.533266655553433e-32 6.018910208527575e-34 4.081047835389787e-28 2498
1.71977 7.555792781002077e-32 8.79723052504966e-34 4.103945480202559e-28 2622
1.83442 9.604550530384909e-32 1.076685183025409e-33 4.571554047350444e-28 3191
1.94907 1.141419840598726e-31 1.409208280719389e-33 4.815601292555566e-28 3044
2.06373 1.321999759448237e-31 1.775893639717857e-33 4.978107899807743e-28 2736
2.17838 1.550061338838968e-31 2.307098678974447e-33 5.23165391609537e-28 2276
2.29303 1.76629212241177e-31 3.038454543980564e-33 5.376805299337044e-28 2016
2.40768 2.067898331358479e-31 3.292402638158845e-33 5.705384302219371e-28 1640
2.52233 2.592933510775509e-31 4.211649786922719e-33 6.513722441992256e-28 1056
2.63698 2.584023997484809e-31 5.187287767331566e-33 5.941064984387178e-28 683
2.75163 3.047283844415169e-31 7.223404670330107e-33 6.447268745682666e-28 350
2.86628 3.197915136774361e-31 8.411940828659171e-33 6.243887322096481e-28 192
2.98094 2.756782578034954e-31 1.187976698222807e-32 4.982991788127703e-28 44
3.09559 5.347022423042382e-31 1.11709436533394e-32 8.838793341109204e-28 25


0.114651 0.0007647358199670687 1.370698957255173e-07 1366.709033941378 18
0.229303 0.0004297401867024181 3.274023839110666e-07 168.3469936797698 62
0.343954 0.0002781753290775242 3.190231377965027e-07 45.02378642168823 98
0.458606 0.000289708865654151 3.798897988278835e-07 25.41957708527885 210
0.573257 0.0002199622978777151 3.209678751724644e-07 12.34408281348883 350
0.687908 0.000183191143332093 2.880698197713861e-07 7.12258918960896 450
0.80256 0.0001520633732195538 3.856192433048522e-07 4.308372999554236 602
0.917211 0.0001422336037062003 5.916859983098771e-07 3.072112654663566 762
1.03186 5.318430084058872e-05 1.194482278889513e-07 0.9036404187899388 1142
1.14651 2.589227104741971e-32 1.321962310449837e-34 3.590398610305141e-28 1250
1.26117 3.211271105858801e-32 2.06490632677097e-34 3.668101241668764e-28 1458
1.37582 3.972921085344436e-32 2.866952717106608e-34 3.79926539212026e-28 1814
1.49047 5.434239021369347e-32 4.107797574208212e-34 4.427397779884045e-28 2178
1.60512 6.597768999881899e-32 5.403598983647916e-34 4.633805545120753e-28 2498
1.71977 7.785336958892645e-32 7.505171446613382e-34 4.751418851729808e-28 2622
1.83442 9.57601062342918e-32 9.695252849141525e-34 5.12548421294945e-28 3191
1.94907 1.128469112096488e-31 1.291513542020472e-33 5.354801562685312e-28 3044
2.06373 1.33292974660372e-31 1.634288296554576e-33 5.644609652549838e-28 2736
2.17838 1.529739792971235e-31 2.127668625216639e-33 5.807360567847433e-28 2276
2.29303 1.799405838124964e-31 2.647234933495734e-33 6.156937188567199e-28 2016
2.40768 1.9628162369786e-31 3.162197426557203e-33 6.094501636864773e-28 1640
2.52233 2.386662421521074e-31 3.938299632739831e-33 6.747045641459108e-28 1056
2.63698 2.679914204423138e-31 4.664214465810695e-33 6.926541822059876e-28 683
2.75163 3.117093274137435e-31 5.850324378433769e-33 7.409121160929007e-28 350
2.86628 3.961619535236429e-31 6.425236368956036e-33 8.676444491150291e-28 192
2.98094 4.444952229991062e-31 6.085400034467942e-33 8.965916862734775e-28 44
3.09559 5.313315117897153e-31 1.166396380442055e-32 9.884851212733014e-28 25


0.114651 0.0005434263394885119 1.306061570452752e-07 1093.028597381372 18
0.229303 0.001009735245502149 1.922309788454092e-08 426.8518538924647 62
0.343954 0.0002772805487953083 2.455781276058594e-07 49.67661252881366 98
0.458606 0.0002363194194727674 3.351121550294713e-07 23.1048880010625 210
0.573257 0.0001783214048485535 3.074461517994681e-07 11.15422200706651 350
0.687908 0.0001226214068778427 3.218519555285807e-07 5.334308304292085 450
0.80256 0.0001139039092788421 3.784541834999135e-07 3.601262315166455 602
0.917211 0.0001304898315991961 4.716107561618929e-07 3.128787400148807 762
1.03186 4.745680506818744e-05 9.805634282246948e-08 0.8956312893687808 1142
1.14651 2.29012939620153e-32 1.260580396096033e-34 3.534064003741651e-28 1250
1.26117 3.143014828856406e-32 1.812267055822837e-34 3.987097908991867e-28 1458
1.37582 3.898837768064778e-32 2.534334576156825e-34 4.140829905143311e-28 1814
1.49047 5.064566535409116e-32 3.812015865252521e-34 4.587080402864192e-28 2178
1.60512 6.365199342641787e-32 4.856954073690412e-34 4.966428138694511e-28 2498
1.71977 7.880912284265971e-32 6.350797629881823e-34 5.338404690199291e-28 2622
1.83442 9.411936160385189e-32 8.494515616383547e-34 5.594395470768691e-28 3191
1.94907 1.108462626448461e-31 1.127306645040234e-33 5.841070568021473e-28 3044
2.06373 1.306951961272669e-31 1.453470554527926e-33 6.147098053509771e-28 2736
2.17838 1.536896159690417e-31 1.766050696309891e-33 6.47564113566118e-28 2276
2.29303 1.790772838941476e-31 2.303498734683707e-33 6.803619882065254e-28 2016
2.40768 1.987794567351416e-31 2.627524886083216e-33 6.850158517675353e-28 1640
2.52233 2.31647979365575e-31 3.490898352629106e-33 7.273742179024745e-28 1056
2.63698 2.581342065016276e-31 4.153244644152716e-33 7.411080522623433e-28 683
2.75163 3.360596863298688e-31 4.269085278183753e-33 8.856585188117546e-28 350
2.86628 3.620264116789399e-31 6.062523615347858e-33 8.812638032638533e-28 192
2.98094 2.94662558610699e-31 7.249773381739972e-33 6.628609752265299e-28 44
3.09559 4.671995341177029e-31 1.194462409678097e-32 9.67092122663752e-28 25


0.114651 0.0004763122012783441 1.170605781636512e-07 1056.62813265348 18
0.229303 7.087951580360864e-05 3.275675346700604e-07 40.71532548697655 62
0.343954 0.0003070170552832204 1.71806756320129e-07 60.11807888420286 98
0.458606 0.0002151622505862534 2.793147426416136e-07 23.13581059617985 210
0.573257 0.0001721737828565855 2.436413487266437e-07 11.82641189873623 350
0.687908 0.0001298972463876556 2.313858304336922e-07 6.188655629587839 450
0.80256 0.0001130669522142559 2.88100976940077e-07 3.921403458190298 602
0.917211 0.0001290673818325707 3.591880136369441e-07 3.396320656297051 762
1.03186 3.581084936500284e-05 1.057659286767403e-07 0.7456295239144072 1142
1.14651 2.282244096593343e-32 1.153924815210432e-34 3.873241720201886e-28 1250
1.26117 3.196324370281882e-32 1.646069065706564e-34 4.45781474610654e-28 1458
1.37582 3.943234514078848e-32 2.193186529123158e-34 4.602348670836995e-28 1814
1.49047 5.282738816704007e-32 3.319468053300231e-34 5.25685771495999e-28 2178
1.60512 6.259812860688953e-32 4.492995849330104e-34 5.372300209322346e-28 2498
1.71977 7.696093134771277e-32 5.868500337187953e-34 5.734341400389855e-28 2622
1.83442 9.642787002017327e-32 7.846035090557726e-34 6.302009143381319e-28 3191
1.94907 1.153128990915393e-31 1.02315036435875e-33 6.679441926249892e-28 3044
2.06373 1.27932231297417e-31 1.343231683637799e-33 6.618413559234753e-28 2736
2.17838 1.484860907444435e-31 1.635997177126516e-33 6.882242245787432e-28 2276
2.29303 1.807526926857172e-31 2.06911095282781e-33 7.550045672866891e-28 2016
2.40768 1.87252267883324e-31 2.525159208672668e-33 7.101516259816488e-28 1640
2.52233 2.371272122211133e-31 3.165217193197813e-33 8.185807738115184e-28 1056
2.63698 2.575888168859384e-31 3.734637262227989e-33 8.131419407893103e-28 683
2.75163 3.335908397062203e-31 4.01253373998257e-33 9.669100028955488e-28 350
2.86628 3.450975495198046e-31 5.6405132362489e-33 9.241288149059977e-28 192
2.98094 2.917103710892664e-31 6.139524355763548e-33 7.212155687267241e-28 44
3.09559 4.52023854412878e-31 9.882628086358492e-33 1.028381463523044e-27 25


0.114651 0.0004897634972792775 8.699984508301485e-08 1178.988719096978 18
0.229303 0.0005649814366402711 1.166246391938511e-07 289.3898070043111 62
0.343954 0.0002725268123061137 1.436759595537479e-07 58.23359299398721 98
0.458606 0.000230014043896121 2.102715420751889e-07 26.85320877783629 210
0.573257 0.0001949901954888683 1.5355848463088e-07 14.52915040438108 350
0.687908 0.000118008517302087 1.99466529555894e-07 6.134382022932622 450
0.80256 0.0001123529317348456 2.221566321288271e-07 4.2416616880204 602
0.917211 0.0001149143261840308 3.106369654019291e-07 3.300034730041554 762
1.03186 2.230337155632669e-05 1.228497069469245e-07 0.511185397505612 1142
1.14651 2.328144465393003e-32 1.006900153599819e-34 4.305428958993595e-28 1250
1.26117 3.349735891401577e-32 1.40674458624743e-34 5.088975657061997e-28 1458
1.37582 3.743645320809665e-32 2.096149532511091e-34 4.76968868032962e-28 1814
1.49047 5.070794049344668e-32 3.068560332002926e-34 5.50564631624619e-28 2178
1.60512 6.235797775100392e-32 3.950251379910948e-34 5.834479220552373e-28 2498
1.71977 7.263373561185635e-32 5.544614798401058e-34 5.906716879334688e-28 2622
1.83442 9.568343258936986e-32 7.087062696336545e-34 6.819444834831524e-28 3191
1.94907 1.10309800167211e-31 9.489639882694682e-34 6.971499719234151e-28 3044
2.06373 1.249584167133297e-31 1.214567572824051e-33 7.050691465303647e-28 2736
2.17838 1.499553819214068e-31 1.447534114136796e-33 7.577307730466959e-28 2276
2.29303 1.718858824410381e-31 1.850644959009107e-33 7.831421683072122e-28 2016
2.40768 1.984413133610264e-31 2.107777737046629e-33 8.198619132802664e-28 1640
2.52233 2.442694951681492e-31 2.797073582148612e-33 9.192025814024171e-28 1056
2.63698 2.482454271308783e-31 3.24965947532591e-33 8.545366558804392e-28 683
2.75163 2.953934523656847e-31 4.143231418255792e-33 9.350873534141107e-28 350
2.86628 3.861784668000339e-31 4.582452354996054e-33 1.126270862290766e-27 192
2.98094 3.617788336645841e-31 5.354862826800944e-33 9.7366549190941e-28 44
3.09559 4.911674467460755e-31 8.403672644851337e-33 1.217265777344048e-27 25


0.114651 0.0003807967366812213 8.629210523032295e-08 1002.391869247525 18
0.229303 0.0004772994953677831 8.80166677359563e-08 265.0518093016825 62
0.343954 0.0002315464176917724 1.282553807952003e-07 53.6997421564288 98
0.458606 0.0002646808716541578 1.414732753999506e-07 33.2868975053084 210
0.573257 0.000186963562207552 1.235964900515353e-07 15.07693249160891 350
0.687908 0.0001114383472927549 1.610399160477137e-07 6.268220908821173 450
0.80256 9.349993701109603e-05 2.110826597921968e-07 3.832701511305013 602
0.917211 9.648420992058927e-05 2.897686641335538e-07 3.007908838998345 762
1.03186 2.181857467786807e-05 1.028588286126386e-07 0.5408472942734769 1142
1.14651 2.38265049147013e-32 8.80535398492123e-35 4.768197462239066e-28 1250
1.26117 3.294748958516423e-32 1.322428488846692e-34 5.42304060149222e-28 1458
1.37582 3.793612119821545e-32 1.920633844746661e-34 5.233725278216903e-28 1814
1.49047 5.208376766663026e-32 2.693054363458397e-34 6.120302612168156e-28 2178
1.60512 6.206605803806301e-32 3.66795316477725e-34 6.290039238572884e-28 2498
1.71977 7.792788577501023e-32 4.757773499319562e-34 6.855072082009494e-28 2622
1.83442 9.281821887903739e-32 6.640249272753934e-34 7.167281897822177e-28 3191
1.94907 1.08394575004316e-31 8.855681953498957e-34 7.421170169920389e-28 3044
2.06373 1.216433978002391e-31 1.149103054678815e-33 7.436938074833543e-28 2736
2.17838 1.446593134225381e-31 1.375755143731872e-33 7.920699581015885e-28 2276
2.29303 1.64569522852698e-31 1.739937850853869e-33 8.124669019804405e-28 2016
2.40768 1.971111465183587e-31 2.006752091816871e-33 8.822311589490478e-28 1640
2.52233 2.355567073500699e-31 2.620346830253206e-33 9.603618435899169e-28 1056
2.63698 2.524065881090992e-31 3.002853705073576e-33 9.409243256511857e-28 683
2.75163 2.742148300600152e-31 4.156301744353427e-33 9.412063297660167e-28 350
2.86628 3.741860238251812e-31 4.434063754441431e-33 1.182439158275955e-27 192
2.98094 3.194313787481187e-31 5.096468312904366e-33 9.320583450985242e-28 44
3.09559 3.721740145565778e-31 8.688622969351331e-33 1.002109326771602e-27 25


0.114651 0.0003404098639113712 7.995333616759783e-08 972.4480690729184 18
0.229303 0.0001653693320451209 1.907601891589828e-07 104.9522196765595 62
0.343954 0.0002565474713023924 9.540136864866539e-08 63.77905795915652 98
0.458606 0.0002690511005977912 1.056430754657469e-07 36.36501838008721 210
0.573257 0.0001621932230154678 1.220991655954016e-07 14.10713381651056 350
0.687908 7.925553265613709e-05 1.789050726421907e-07 4.837440799075144 450
0.80256 8.24612377871546e-05 1.901371667505593e-07 3.644626086163204 602
0.917211 0.0001041396541608234 2.137784975466822e-07 3.482905803841098 762
1.03186 3.148156646050663e-05 5.733953517942538e-08 0.8319573826639192 1142
1.14651 2.405416351099459e-32 7.895006873403194e-35 5.180568727098208e-28 1250
1.26117 3.12953049796934e-32 1.229742203065304e-34 5.549037687549332e-28 1458
1.37582 3.765419672098195e-32 1.733459210623371e-34 5.592023609331882e-28 1814
1.49047 4.879778016159952e-32 2.542705360763695e-34 6.178650444330186e-28 2178
1.60512 6.006257998678629e-32 3.434809441264222e-34 6.556347689434569e-28 2498
1.71977 7.488169094181896e-32 4.500429816302056e-34 7.095784484020642e-28 2622
1.83442 9.236302528787816e-32 6.09968106124308e-34 7.678716496165149e-28 3191
1.94907 1.13631734740613e-31 7.664793372133516e-34 8.368555056200468e-28 3044
2.06373 1.198138861901901e-31 1.045192913069726e-33 7.886446556924539e-28 2736
2.17838 1.448159045842424e-31 1.242669677276304e-33 8.535498607443788e-28 2276
2.29303 1.678745651798623e-31 1.512344714874785e-33 8.917679666147362e-28 2016
2.40768 1.986036771346801e-31 1.804438569495424e-33 9.568179192759055e-28 1640
2.52233 2.255856888645084e-31 2.45533779311649e-33 9.906065199328303e-28 1056
2.63698 2.423193983503242e-31 2.768017888690311e-33 9.728173902074687e-28 683
2.75163 3.290766312351322e-31 3.267114333026162e-33 1.213326960622996e-27 350
2.86628 3.138586620688985e-31 4.693834154279227e-33 1.070029143611109e-27 192
2.98094 3.267668950104501e-31 4.855094566454728e-33 1.026587486751619e-27 44
3.09559 5.838359599580792e-31 5.656386221515411e-33 1.683512331426138e-27 25


