0.0155852 4.241669737486837e-06 3.259956815584144e-09 8.774279130472314 18
0.0311704 1.930931232305687e-05 2.647103433978286e-08 12.55257216155868 62
0.0467556 4.863502652099719e-05 9.752307421279954e-08 13.95220728384905 98
0.0623408 9.536141336079657e-05 3.717825564608925e-07 15.29204194713193 210
0.077926 0.000159980873369417 9.728361800708308e-07 16.68277817819036 350
0.0935112 0.0002052729501487916 1.832330790835803e-06 14.96797129576893 450
0.109096 0.0003020841006134373 3.151199693774361e-06 16.07787254604075 602
0.124682 0.000382719537614706 5.44081889512001e-06 15.52105779086881 762
0.140267 0.0004721894475767152 1.008474077293078e-05 15.20559965626222 1142
0.155852 0.0005863512804376447 1.457728986352598e-05 15.35749605735392 1250
0.171437 0.0006894035455995905 2.148965408410326e-05 14.87959623273881 1458
0.187022 0.0008995145890433807 2.951749790349937e-05 16.27250493714092 1814
0.202608 0.001007433937694025 4.121209297036667e-05 15.55286812464516 2178
0.218193 0.001223545652746708 5.548583403535467e-05 16.30002768181002 2498
0.233778 0.001413924748984849 7.668893208555432e-05 16.36915812479581 2622
0.249363 0.001565136167645147 9.578327397878108e-05 15.9167412619192 3338
0.264948 0.001743402877058144 0.000119411656356125 15.73354180835062 3722
0.280534 0.00199654434838881 0.0001521949326636864 16.09147571113354 4170
0.296119 0.002200580440110913 0.0001879798427547102 15.90468287681388 4358
0.311704 0.002376689519382455 0.0002359306045762192 15.48970788583626 5034
0.327289 0.002707512778165698 0.0002842341913940692 16.01661081426631 5714
0.342874 0.002944351768626966 0.0003389805250596424 15.87349278364447 5982
0.35846 0.003327774833510997 0.000412858547153704 16.40447371663073 6602
0.374045 0.003516246431477175 0.0004707300742378532 15.91136816744723 7130
0.38963 0.003855521671951777 0.0005716833550504675 16.08343917660869 8034
0.405215 0.004114818326983461 0.0006840314084725994 15.87916122187045 8606
0.4208 0.004454698695028519 0.0007870839087410238 15.94117443370626 9066
0.436386 0.004810829349585376 0.0009249912048864558 16.00740059693847 9962
0.451971 0.005148042247834989 0.001040932886640091 15.96987316517193 10550
0.467556 0.005470202826016143 0.001182597285668014 15.85418067187994 11226
0.483141 0.006002253198035457 0.001345958494322624 16.28985177587931 12146
0.498726 0.006348272274795834 0.001522982635703108 16.16227474756999 12303
0.514312 0.006621570681799677 0.001713927739671897 15.84766941104912 12584
0.529897 0.007026395683244856 0.001955862548014816 15.84708565219139 12120
0.545482 0.0075129628555285 0.002243593206129182 15.98941480734474 11180
0.561067 0.007620901800287949 0.002432426810424164 15.32984875915669 11096
0.576652 0.008062467339220716 0.002710899546977035 15.35529654067908 10056
0.592238 0.008791343730982198 0.003061705313355502 15.87383947573982 9716
0.607823 0.009279467755278751 0.003301460330472366 15.90546225740709 8604
0.623408 0.009965491409360877 0.003748272553522699 16.23479676973594 8060
0.638993 0.0102149166157835 0.004049266506173006 15.84013927723357 7320
0.654578 0.01092283932039422 0.004533243316715498 16.14738881450108 6356
0.670164 0.0113978632803923 0.004935510880217099 16.07256368699555 5348
0.685749 0.01182940326416986 0.005296853971330616 15.92566328379977 4308
0.701334 0.01271681324772595 0.005457876328637297 16.3686833261601 3563
0.716919 0.01251956002898802 0.006343703920479854 15.42846445987847 2448
0.732504 0.01413627435353951 0.006546978029243609 16.67860586488 1868
0.74809 0.01378397876654653 0.007492971068982194 15.58092697312017 1358
0.763675 0.01396080229482646 0.006886434703356929 15.13885673166168 1062
0.77926 0.0153678419679738 0.00885823041486568 16.02726296739078 776
0.794845 0.01452812964158928 0.009826310668455553 14.58384071017053 432
0.81043 0.01595336920257761 0.006568375546008126 15.35215061640895 200
0.826016 0.02065291487823816 0.009972539370401271 19.0986088683325 168
0.841601 0.01544815602098845 0.00485477614551796 13.78465583599178 56
0.857186 0.0259938456890046 0.00106489456430421 22.37361268631076 7


0.0155852 1908761665296178 6513265943325.008 2.629943512374252e+22 18
0.0311704 7354517397759899 23890126334901.77 2.205417965740045e+22 62
0.0467556 1.397301434142223e+16 42010871080847.85 1.742599486700244e+22 98
0.0623408 1.963090550125447e+16 53241566830071.17 1.337613451791912e+22 210
0.077926 1.905332785300354e+16 43073681666489.08 8.342849386910944e+21 350
0.0935112 1.274629303179109e+16 22278164135068.12 3.878463062066098e+21 450
0.109096 8950657941621006 11095580832138.36 1.981085176934785e+21 602
0.124682 4501270045421042 3079107288207.907 7.573796983686566e+20 762
0.140267 1812457189225148 395197771898.3001 2.417323342573478e+20 1142
0.155852 585912652261675.8 28068594917.80729 6.348337940064607e+19 1250
0.171437 141351265474544.5 138189863539.3213 1.261051296563114e+19 1458
0.187022 22541961388046.43 166324689593.6116 1.684866537514671e+18 1814
0.202608 883150465033.4095 87678825813.15804 5.642476647124153e+16 2178
0.218193 969025131534.4174 28003847495.15999 5.331132812457106e+16 2498
0.233778 1269979669444.829 4027275079.438538 6.066378578840572e+16 2622
0.249363 627513657018.8405 464742878.5665366 2.632216663653008e+16 3338
0.264948 166599630478.4139 1207334908.259139 6200663723608237 3722
0.280534 23047022769.17059 1115349286.684428 766311291322382.2 4170
0.296119 8159334954.02076 538969637.7900096 243286592334479 4358
0.311704 9799253097.744923 169397613.0432627 263286081364484 5034
0.327289 7605637059.939895 49914055.21100727 185439270180438.2 5714
0.342874 4294919007.633534 31796180.64605967 95424544893184.48 5982
0.35846 2024605419.004554 26532503.96152909 41129332809832.62 6602
0.374045 1110060430.871576 18591804.35843649 20699197228773.26 7130
0.38963 541740257.4479189 14479086.39114562 9312331214537.225 8034
0.405215 285295746.0675461 11205673.08269658 4536713404071.379 8606
0.4208 158208336.3208753 8539941.11962747 2332964294215.601 9066
0.436386 111794381.6726683 6708118.446211538 1532784313769.015 9962
0.451971 96175190.98797284 5563415.311456949 1229286141977.158 10550
0.467556 89129919.80751444 3851574.326879792 1064243172355.579 11226
0.483141 82410268.47255954 3795462.361977421 921401668632.2258 12146
0.498726 72817050.34188718 2224125.900858427 763657334048.54 12303
0.514312 43874667.6625295 789815.3759881044 432512197886.8124 12584
0.529897 10026358.57940347 415083.9701814837 93145358487.31741 12120
0.545482 4663795.294393373 179856.683800223 40883051011.01952 11180
0.561067 2290642.005904573 74949.73326917084 18977926300.56222 11096
0.576652 859223.2628343317 57910.21158845954 6740480606.175398 10056
0.592238 622242.2744874934 33584.54167649599 4627583718.291781 9716
0.607823 565023.6411705908 16355.04168829375 3988599179.121123 8604
0.623408 497486.2191183083 9208.910182175447 3337633294.769805 8060
0.638993 342625.3906070844 6748.955906451945 2187995564.815894 7320
0.654578 241396.411228541 5622.065814107535 1469592926.132497 6356
0.670164 219013.9210408428 5485.648992494129 1271827343.896451 5348
0.685749 109988.4493320287 4828.535053879934 609802026.8914711 4308
0.701334 77348.07994249124 3433.510800930241 410009916.0452925 3563
0.716919 23012.40117370899 1591.525067926647 116790726.6755772 2448
0.732504 14024.49883846141 1029.741335364356 68145122.10777304 1868
0.74809 12734.18918692962 590.4397520505913 59275298.86354538 1358
0.763675 11477.91906864008 155.482071475716 51252259.00980653 1062
0.77926 11397.63341546975 79.66808223721227 48945014.14101266 776
0.794845 8237.096286536831 144.4382304684896 34046639.1260264 432
0.81043 6627.805679096332 190.1727398394312 26264825.36540521 200
0.826016 6463.929532541942 369.7254424010948 24615609.63859274 168
0.841601 3399.648601570746 300.8122479806005 12493650.3977774 56
0.857186 3416.356153810507 372.2589683800711 12111929.75931535 7


0.0155852 8.863630074534862e+17 169657115068649.6 2.135764250234361e+25 18
0.0311704 2.285879869808378e+18 283257282175089.6 1.202720890356549e+25 62
0.0467556 2.270565327138927e+18 94004216810059.08 4.972361032051604e+24 98
0.0623408 1.352169440762796e+18 13887247240532.37 1.618443523461195e+24 210
0.077926 2.406295722396153e+17 91355083124502.33 1.851402222026131e+23 350
0.0935112 4434875041215946 62065172452412.45 2.377516220035169e+21 450
0.109096 6578027363261326 12585316392490.39 2.559306660952069e+21 602
0.124682 3487807765576190 842862293169.8217 1.031351308217644e+21 762
0.140267 200018721052788.5 1887319064353.719 4.692042371189327e+19 1142
0.155852 123483434887579.3 320670536110.8146 2.351773750497367e+19 1250
0.171437 55474290476834.12 57901501059.27815 8.697774383761762e+18 1458
0.187022 2784554319529.201 88128092004.77551 3.662666287981682e+17 1814
0.202608 5188698220517.025 8440848278.68581 5.812501761367365e+17 2178
0.218193 1305658801113.323 7259991522.799134 1.261795514397947e+17 2498
0.233778 213336364976.2685 4430516724.286599 1.791939092691319e+16 2622
0.249363 262462082540.1112 520304179.2651703 1.934832602537518e+16 3338
0.264948 51727657644.36646 668331752.3313032 3384079277165578 3722
0.280534 21895617246.36877 280550944.4950058 1278996326879385 4170
0.296119 15221961889.74637 91686975.71165422 797099559733199.6 4358
0.311704 6173360822.745437 56871071.60045809 291476431930981.8 5034
0.327289 2429983053.841702 35745647.34490462 104135853770892.9 5714
0.342874 1193466147.130232 22698365.21766473 46608541187015.51 5982
0.35846 974302258.0729272 9554863.779466836 34783522623849.2 6602
0.374045 698790428.9754833 4751118.758666863 22897734024660.09 7130
0.38963 315534715.4622242 4652304.900180785 9531584567631.75 8034
0.405215 159488988.6719545 3758376.824454945 4456924015692.553 8606
0.4208 105788027.4824457 2626496.845401091 2741210826869.652 9066
0.436386 92383515.88651715 1846823.896271522 2225618163341.846 9962
0.451971 88777867.57650171 1401205.070851083 1993800653365.222 10550
0.467556 77688595.45732248 921294.4264948969 1629974353143.339 11226
0.483141 74397552.07654765 899849.4972741482 1461607004701.54 12146
0.498726 51682718.58320457 611261.3014745327 952453504492.3282 12303
0.514312 21289844.64394451 311846.6156728638 368824671119.9006 12584
0.529897 6640237.537337834 117136.9832473822 108401793797.6703 12120
0.545482 2599071.425387124 59987.98549201249 40038229645.33566 11180
0.561067 1148595.773554944 26923.92140001859 16723250535.04397 11096
0.576652 613929.7694798786 15975.23526742824 8463022273.84579 10056
0.592238 356031.3352482656 11326.45791359072 4653015709.523154 9716
0.607823 216947.8668642702 8030.991854407193 2691541754.146403 8604
0.623408 205440.2008640439 4867.190267909858 2422249508.979526 8060
0.638993 170411.9864686376 2704.97616942194 1912430789.373761 7320
0.654578 129629.4061814462 1951.571558934632 1386828864.6414 6356
0.670164 121297.994499715 1786.79349069956 1237829161.804165 5348
0.685749 60437.5330679345 1593.673697035409 588844396.5716449 4308
0.701334 48043.8026282241 965.7165556487166 447531670.8900894 3563
0.716919 12693.41429518308 526.7539156665833 113208063.3292537 2448
0.732504 8896.497843022917 300.0235282533611 75963361.74658874 1868
0.74809 7990.983584719564 165.1943792962379 65364755.28180052 1358
0.763675 5231.049987243991 100.9331736687849 41049001.77201748 1062
0.77926 3359.160631922498 148.1252506523558 25352662.7613934 776
0.794845 871.2690750081899 197.8567112734422 6332306.924375619 432
0.81043 317.421670864659 198.6863693767516 2214113.854555944 200
0.826016 207.1980339561187 257.5034712302882 1390964.184276351 168
0.841601 442.1774684792896 155.9570486019954 2857801.103641781 56
0.857186 755.0094617433978 166.3741725873963 4705654.293006645 7


0.0155852 2.202487615918382e+18 41923073485649.58 7.592006505055457e+25 18
0.0311704 2.307378538946447e+18 384576147731737 1.73774176168997e+25 62
0.0467556 2.056290064438553e+17 640997172962027.9 6.464576100957435e+23 98
0.0623408 1.646196320122121e+17 282977642256579.1 2.82300586297729e+23 210
0.077926 1.616846871090575e+17 20024120207439.05 1.780174377231513e+23 350
0.0935112 3811667870576708 32448251882747.9 2.923320520156716e+21 450
0.109096 7933215140211969 2758863246254.801 4.415993980452344e+21 602
0.124682 644418786457046.8 3032701010458.106 2.728848736150559e+20 762
0.140267 420353797850124.5 335091468940.9711 1.410089760161297e+20 1142
0.155852 37859424264154.21 297220090030.3945 1.032429790629152e+19 1250
0.171437 36117151682396.09 26018359160.34306 8.103564057667211e+18 1458
0.187022 3769460197401.816 38935238040.1824 7.089182349164082e+17 1814
0.202608 3643949343899.219 4156835383.979371 5.84140274424332e+17 2178
0.218193 422985692994.1535 5378859937.577328 5.852342910025782e+16 2498
0.233778 456235125121.527 787565895.80481 5.48060723606223e+16 2622
0.249363 75264045327.71791 824254047.2278239 7942768062294009 3338
0.264948 53742744010.11864 210589941.1292922 5030384251509387 3722
0.280534 17433793338.10064 131264526.6044665 1457210950494524 4170
0.296119 7656288086.977448 63807455.82757908 573787951552438.5 4358
0.311704 4721468614.369107 23962302.46922264 318995100703873.4 5034
0.327289 1658893041.869197 18183680.94844891 101732987750758.8 5714
0.342874 980151205.5610839 9859631.318358699 54771949629034.72 5982
0.35846 750895723.1199957 4108640.828242201 38360710727756.8 6602
0.374045 368116906.0631554 3382124.658094122 17262550517553.9 7130
0.38963 170360320.5857942 2666002.122957593 7364865700476.897 8034
0.405215 136054270.9258777 1592840.919800928 5440331240383.728 8606
0.4208 120382532.2803043 847333.8605028156 4463188066487.191 9066
0.436386 92106365.99164182 650802.9770407556 3175007970936.84 9962
0.451971 71250719.62483224 610549.9350359704 2289767262777.928 10550
0.467556 45757304.26409077 548066.0352854783 1373854238394.519 11226
0.483141 44144608.68095151 532548.8218559859 1241094121239.095 12146
0.498726 29250923.24798811 370239.5599777751 771429283094.301 12303
0.514312 13171868.71555129 168963.4852029966 326546435903.8484 12584
0.529897 4057864.17369551 64213.97190945953 94798801367.61771 12120
0.545482 1643134.263093385 32193.18794931448 36222738168.64562 11180
0.561067 794188.1670176258 13117.34035122254 16546890306.92455 11096
0.576652 458462.4490873188 7319.186164534952 9043613792.594673 10056
0.592238 272112.8868516074 5076.821874367512 5088889982.533784 9716
0.607823 178351.996927535 3493.075133353477 3166238949.670315 8604
0.623408 102358.9151664191 3176.036438442537 1727182700.389665 8060
0.638993 83893.62552008851 1984.301183738162 1347370460.054125 7320
0.654578 75169.44667599784 1235.468752441636 1150839577.737712 6356
0.670164 82380.35878994278 902.2342824388621 1203016093.848442 5348
0.685749 45838.46287635509 696.8076576714946 639080152.0438806 4308
0.701334 35186.42032141101 430.0057430103353 469025383.2116589 3563
0.716919 9746.169158515246 238.3217163779377 124383213.6550262 2448
0.732504 5610.947850286963 164.4477743307136 68560115.3629532 1868
0.74809 4024.119248441822 123.8109845861017 47106945.67282899 1358
0.763675 4030.940137416946 37.39300946007956 45263834.36095279 1062
0.77926 3488.646500776184 38.86523637554269 37675028.8936476 776
0.794845 1804.198384302991 62.87673848088764 18755130.75281778 432
0.81043 994.3259834374944 75.64576111400561 9911261.149418632 200
0.826016 177.6929679529364 126.0714549281164 1705988.14766863 168
0.841601 27.96165044823403 85.11010640758703 261183.3073056081 56
0.857186 106.5186584142707 94.33113968764489 952406.2459818622 7


0.0155852 1.260758807307464e+16 338282642515313.3 6.91897720310609e+23 18
0.0311704 8.32931709567862e+17 306038317365603.2 8.170323759605211e+24 62
0.0467556 1.108373822039336e+18 28861231058959.96 4.520345707861449e+24 98
0.0623408 1.695078839010309e+17 195460284900678.2 3.781630411886333e+23 210
0.077926 8.743425501602902e+16 25061250358197.04 1.252799959797421e+23 350
0.0935112 5014488377962439 18575667957208.89 4.999191504065484e+21 450
0.109096 5869949366311064 1883915183903.747 4.251776991704046e+21 602
0.124682 477772153878414.6 1724832672988.115 2.632657381584363e+20 762
0.140267 279754070702772.2 302979741862.4077 1.221201981748656e+20 1142
0.155852 79578402433487.89 72421119370.76808 2.821912873568485e+19 1250
0.171437 8078200794293.469 59429866993.79103 2.360208377791153e+18 1458
0.187022 7660759358730.465 11183273955.60505 1.873603458714973e+18 1814
0.202608 1927155718124.897 4815095077.721576 4.020380802655795e+17 2178
0.218193 455014947395.2408 2785672700.250598 8.189736332286798e+16 2498
0.233778 307080089969.7882 633873824.5376818 4.800192546605328e+16 2622
0.249363 72163628406.96072 419521661.0565101 9908149205547414 3338
0.264948 36554450081.33747 149519368.6773828 4452366763457088 3722
0.280534 12630780938.06351 79933547.08619736 1373785470021487 4170
0.296119 7540745581.607334 29402349.45981143 735283400311588.5 4358
0.311704 2284675729.97907 21660095.34993556 200890920540668.5 5034
0.327289 1792276644.099172 7592813.532359732 143001791385037.5 5714
0.342874 729565483.4435874 6104020.262901622 53049779385729.9 5982
0.35846 415381450.3599841 3443661.082860167 27615140015894 6602
0.374045 340696506.5216963 1583487.248730843 20787894314086.36 7130
0.38963 151758742.1527357 1447391.589062232 8536384305919.013 8034
0.405215 88959644.002386 1059550.825684298 4628908727044.688 8606
0.4208 83039850.6830734 570137.0919539632 4006152336631.122 9066
0.436386 69962311.98215613 385729.4308888742 3138105151108.673 9962
0.451971 53949167.10099798 365296.1618696434 2255981886008.489 10550
0.467556 34428081.1279386 330992.9069419152 1345064885584.75 11226
0.483141 34319833.42086576 310888.9133464267 1255504976364.139 12146
0.498726 23637557.84398695 209910.8573327551 811151028239.7927 12303
0.514312 11689078.85997904 86361.91346469506 377061203239.5261 12584
0.529897 3675455.041645394 32660.59818582602 111724173346.9705 12120
0.545482 1578671.882429888 15661.33842032528 45281720651.74657 11180
0.561067 644706.0747002851 7379.918442294495 17478192041.39901 11096
0.576652 344490.1654499394 4407.980404559213 8842287678.323551 10056
0.592238 204705.6951745285 3062.972614662754 4981426057.892787 9716
0.607823 135996.4280876229 2069.526217955187 3141529935.602103 8604
0.623408 87877.74540610905 1742.015908486382 1929408298.809707 8060
0.638993 75853.04308098867 1007.430775464213 1585116417.789118 7320
0.654578 63735.07149957664 645.9048999272278 1269669576.344471 6356
0.670164 62927.98739806072 541.6273971957526 1195746596.327258 5348
0.685749 31343.70080072761 473.3848310384761 568634327.0927744 4308
0.701334 24543.07279261823 293.9677584388986 425701045.3226864 3563
0.716919 6594.52396743538 155.5582144313412 109514557.6936328 2448
0.732504 4221.214008105096 98.36306747774762 67115365.62095818 1868
0.74809 2914.119799910863 77.06024713383934 44389045.21613598 1358
0.763675 2964.004457224325 24.82218357206209 43308594.10478962 1062
0.77926 2438.826552655384 28.14566345050345 34271388.830358 776
0.794845 1060.023858591821 44.26230550614974 14339441.79027674 432
0.81043 514.9482289989664 50.11322399026354 6680291.386556093 200
0.826016 107.9394301819149 74.92800462994333 1349427.850094765 168
0.841601 291.6966025754118 44.06898158694266 3509735.828450137 56
0.857186 562.8416713860795 44.73901213517082 6530756.878962155 7


0.0155852 9.8305269890677e+17 9166378496482.383 5.433675701547669e+25 18
0.0311704 6.574681299652911e+17 291371419854434.7 7.944932871448081e+24 62
0.0467556 1.985480249654709e+17 230973706378181.7 9.992776092199512e+23 98
0.0623408 3.366823431677837e+17 36642922960829.72 9.242967110667875e+23 210
0.077926 3.376771782538549e+16 37390145198655.41 5.961932833117986e+22 350
0.0935112 8008129642412315 9955312688256.723 9.824398328582652e+21 450
0.109096 4165049726236088 1693780663947.744 3.715482166873053e+21 602
0.124682 591706529358561.9 912469801351.311 4.013844834456937e+20 762
0.140267 144291331119750.1 298435560207.9058 7.758754155151992e+19 1142
0.155852 53336782627412.2 71655644637.58823 2.329433958667255e+19 1250
0.171437 18815160890949.05 16521219077.72157 6.765186238149455e+18 1458
0.187022 3792702936833.258 11766576225.03101 1.142582308386235e+18 1814
0.202608 1079102357776.79 4546324140.773256 2.772923779520387e+17 2178
0.218193 598334229590.2612 1226460524.007056 1.325918031653578e+17 2498
0.233778 218372411508.5311 496758602.0697356 4.203963868519886e+16 2622
0.249363 61338209304.9755 270996153.0743035 1.037123887758421e+16 3338
0.264948 29717388748.02235 97269420.13034442 4457532858228616 3722
0.280534 10261289360.27816 52989556.44869749 1374439254111468 4170
0.296119 5643808924.93114 21569981.62309709 677734341532243.2 4358
0.311704 2333381792.263339 11924928.83052687 252644424113578.4 5034
0.327289 1168109462.859098 6464237.944089481 114785678768687.3 5714
0.342874 619808769.0888876 3848481.406429921 55501287019207.24 5982
0.35846 424552446.6195435 1834689.341110428 34756170029612.09 6602
0.374045 171630142.8935794 1625031.950239948 12898563679819.49 7130
0.38963 158190521.9908041 740508.5547178256 10957209101069.04 8034
0.405215 100698460.3896454 536157.628887109 6452017154962.203 8606
0.4208 49691997.95686196 490419.9581562688 2952589631755.408 9066
0.436386 42502609.31261002 342212.1826270797 2347933281268.548 9962
0.451971 42587709.99793074 243226.1161004608 2193164047565.613 10550
0.467556 31392712.32848665 193216.1132487489 1510358324938.372 11226
0.483141 30904664.85276904 184024.3696856595 1392261655046.824 12146
0.498726 18715055.29767156 141733.6371648734 790909171766.2006 12303
0.514312 7488403.494878369 70923.532523879 297493529844.0997 12584
0.529897 2887743.309305658 22301.30029902348 108101453793.7635 12120
0.545482 1272647.315660982 10374.11140462808 44954518148.48648 11180
0.561067 513555.4469360626 4975.732841212444 17145801591.11616 11096
0.576652 266222.3260247364 3062.581323749075 8415343733.825613 10056
0.592238 179757.6801587256 1858.396931576747 5386864334.92343 9716
0.607823 111499.0541851387 1345.062255137139 3171882978.520869 8604
0.623408 79813.85197177871 1057.73279854751 2157963367.638019 8060
0.638993 47294.24539899232 842.5116829281646 1217194754.896877 7320
0.654578 34888.09766987586 629.1360316837928 855979431.1713498 6356
0.670164 44039.70237344948 438.1656959181864 1030588344.90749 5348
0.685749 25973.18443370653 302.4944617248985 580282521.9911141 4308
0.701334 19253.18024455199 202.6970864847645 411258650.4341625 3563
0.716919 6036.842773918862 92.18000641705032 123457837.7981642 2448
0.732504 3630.954522208752 61.29759617020711 71093915.18750951 1868
0.74809 3314.217846358259 34.72647939287391 62165347.5408857 1358
0.763675 1110.895723035631 39.50184011343442 19993473.02056578 1062
0.77926 1050.348702784847 34.90122486619802 18179720.28171948 776
0.794845 1595.746620387665 15.35545831026086 26579581.88521128 432
0.81043 1789.163709487687 7.814004077041028 28570444.5077929 200
0.826016 2636.50511082241 3.035825874545147 40455580.67893437 168
0.841601 1431.868205550707 7.477365908457681 21202465.06528984 56
0.857186 1363.488819759915 13.31115581528668 19477354.71225867 7


0.0155852 1.942900735700784e+16 191118045959097.4 1.429167174921327e+24 18
0.0311704 8.056674026375785e+17 87625629485190.42 1.155685255717448e+25 62
0.0467556 3.364496824485521e+17 138047099482061.2 2.009153297665895e+24 98
0.0623408 1.151308268147612e+17 83027946794380.34 3.757899052542294e+23 210
0.077926 3.29392321740158e+16 27348530695151.19 6.908362378384707e+22 350
0.0935112 1.110834636087479e+16 4183268167896.249 1.618426277302884e+22 450
0.109096 2829254812393543 1662226219057.524 2.998651810215243e+21 602
0.124682 537618255286378.6 616522297790.0929 4.33233839508548e+20 762
0.140267 113784290206054.5 215540135007.1102 7.268856029356197e+19 1142
0.155852 30800888786525.21 68493034464.6456 1.598431212878808e+19 1250
0.171437 12298517993826.46 18112253298.2004 5.253974624407749e+18 1458
0.187022 4762987472199.043 5845828776.587031 1.704310208122054e+18 1814
0.202608 1435113984234.659 2078640835.280562 4.37996678534052e+17 2178
0.218193 394658658341.9701 1081613828.999033 1.039089775119815e+17 2498
0.233778 140535233820.7408 466481278.7630301 3.21449653787284e+16 2622
0.249363 58143040345.00681 175969342.2296866 1.167850228886347e+16 3338
0.264948 23840680421.78944 71968792.77730092 4248383815893420 3722
0.280534 8293413707.266272 38782351.6218105 1319710048092583 4170
0.296119 4649089207.135955 15692842.57433656 663241909682981.1 4358
0.311704 2051486613.830388 8151214.302808225 263875130816472.2 5034
0.327289 922387581.2352862 4800190.852860907 107681546997907.1 5714
0.342874 617410819.4519843 2320326.714490427 65675974147012.56 5982
0.35846 267900978.9277003 1705486.835033158 26057442543594.72 6602
0.374045 187680859.1007898 941667.2091591723 16754722608763.6 7130
0.38963 122939942.7248892 582827.2277537887 10116629591426.74 8034
0.405215 62084884.17158762 492491.543040148 4726234966261.205 8606
0.4208 58011499.05614243 258048.4984188337 4094478660673.917 9066
0.436386 42567145.59826124 208704.5597803666 2793423054157.56 9962
0.451971 31324379.94666124 201585.2334081232 1916454233980.224 10550
0.467556 25257943.69094683 143154.4988157894 1443665506676.301 11226
0.483141 23488194.32405359 143115.7507986493 1257096559168.269 12146
0.498726 16711201.85942825 94441.88963240822 838976309037.3398 12303
0.514312 7058244.308386361 46737.47321559388 333109291734.3342 12584
0.529897 2082781.876041748 18088.81384253154 92628706477.15672 12120
0.545482 1033896.97282513 7617.142419089709 43386924116.46116 11180
0.561067 427961.5009077448 3566.600796138473 16974190426.51086 11096
0.576652 232507.9235889471 2086.58460973668 8731189457.340931 10056
0.592238 149077.0651187765 1343.573398470634 5307302284.9658 9716
0.607823 89394.15977605681 998.2006956407763 3021158706.078431 8604
0.623408 61528.81743031205 802.2628892775314 1976365872.84409 8060
0.638993 52354.53645147724 465.2650609980347 1600618156.447908 7320
0.654578 42573.66089043549 313.0457690874246 1240799371.988482 6356
0.670164 34599.55884906676 341.7478552115077 961901501.81558 5348
0.685749 21477.20434288084 218.8238643116773 570041260.1569691 4308
0.701334 13405.40131506643 174.0639503663862 340190439.9945056 3563
0.716919 5413.210783629563 61.57852711794074 131513552.5567673 2448
0.732504 2913.31231589317 45.53212333350344 67766764.53049725 1868
0.74809 2761.441608627886 25.01980819273735 61534225.32570478 1358
0.763675 828.9702399717003 29.48879249351072 17725022.40249381 1062
0.77926 1142.977563240163 20.79548827698862 23500145.24445111 776
0.794845 1639.450583700802 6.432569052780691 32440030.82071495 432
0.81043 1568.440739496489 4.68046225582725 29753993.70327322 200
0.826016 1663.107322739168 10.82241528787653 30317925.65023308 168
0.841601 599.7929204058767 14.69475880188958 10552518.62992595 56
0.857186 415.2259370073245 20.79225007374676 7048450.259698478 7


0.0155852 5.932402256146829e+17 9581073345024.15 4.514713553684831e+25 18
0.0311704 2.082934489821597e+17 226419138384715.8 3.476014548426946e+24 62
0.0467556 4.12778505889166e+17 42727820204337.55 2.853717620968741e+24 98
0.0623408 1.194176187357963e+17 63562598856779.76 4.5139838657589e+23 210
0.077926 4.236733680711159e+16 13641296027591.55 1.028853605204985e+23 350
0.0935112 9922092541227468 2543942877023.626 1.674321241907497e+22 450
0.109096 1796677301174483 1680859492475.167 2.206042525314069e+21 602
0.124682 448051907874464.9 480405969470.4953 4.182083213428704e+20 762
0.140267 100298558401674.7 158865732135.6815 7.421232341301253e+19 1142
0.155852 28411551659500.77 47858985213.93732 1.707682428968337e+19 1250
0.171437 7495781932705.586 17380801571.24411 3.709715533354594e+18 1458
0.187022 3137367082206.415 5861498652.45728 1.3004455428541e+18 1814
0.202608 958350018978.61 2099815955.141087 3.388169599892001e+17 2178
0.218193 403819641460.6359 696525477.4863572 1.231368848964779e+17 2498
0.233778 142887088760.3446 304516217.6553867 3.785213621507591e+16 2622
0.249363 52115425364.13001 124813508.6043726 1.21241070079291e+16 3338
0.264948 18007738795.77774 60669033.93223613 3716997944749954 3722
0.280534 7945579196.783109 26775211.10466624 1464374506491458 4170
0.296119 4147214486.734388 11206596.73608295 685262641083056 4358
0.311704 1594196751.094601 6685455.115668927 237515772389957.4 5034
0.327289 827180192.373154 3476933.961524259 111846757925129.3 5714
0.342874 536938441.3510723 1709680.275283279 66154194064261.38 5982
0.35846 220664969.9889142 1312157.374410523 24860012149081.52 6602
0.374045 182927474.709845 616377.0132677814 18913910094418.14 7130
0.38963 90249200.85576443 501133.8496811511 8602232423113.11 8034
0.405215 65902488.92301465 310208.0483241141 5810344215491.907 8606
0.4208 48411618.10196058 202575.4868733888 3957676592662.33 9066
0.436386 31653865.93898197 180227.8644894408 2406075342383.938 9962
0.451971 29157695.29873518 137303.4534781443 2066145918335.633 10550
0.467556 20325629.0407862 114204.8080957324 1345619216580.647 11226
0.483141 17844363.04448864 118756.245016035 1106206799918.399 12146
0.498726 12314847.26940997 80622.26563098564 716125262457.1669 12303
0.514312 5619328.149192534 36466.74367353035 307173197462.3284 12584
0.529897 2059025.490131685 12052.52102829102 106059859010.775 12120
0.545482 786245.6801931289 6354.996591234048 38216896732.16363 11180
0.561067 378278.0141518485 2586.40320099278 17377788034.7858 11096
0.576652 195578.1677236133 1594.071852621955 8506689677.311202 10056
0.592238 124081.5061754278 1039.302540325718 5116533045.043204 9716
0.607823 76530.56669560238 749.5985141448322 2995725272.665407 8604
0.623408 57207.21317104858 562.5697471302165 2128297941.497278 8060
0.638993 44649.19075723697 354.8128859807485 1581066701.57621 7320
0.654578 36634.63173780569 232.4155058045478 1236670303.346001 6356
0.670164 23472.74384664613 312.9811277596141 755877389.1361707 5348
0.685749 16716.8856807172 180.0959972499019 513920108.2578838 4308
0.701334 9673.78516597966 145.3151006495455 284353881.4025307 3563
0.716919 4256.387898759172 51.2708465416513 119775691.2172297 2448
0.732504 2860.114327671271 29.69744378619661 77054979.23662524 1868
0.74809 1841.002392697874 25.24358731160244 47518464.97911432 1358
0.763675 1530.575768016093 11.65405478593236 37897338.33194347 1062
0.77926 668.8359111389923 19.77039866379254 15929737.87307732 776
0.794845 775.8886803454594 13.19529173787507 17784268.96295143 432
0.81043 1012.659274935784 7.878298127131784 22251614.9030623 200
0.826016 1932.569699694193 1.242048988523476 40803615.69468025 168
0.841601 1164.372846040975 2.223836744020617 23723747.77751824 56
0.857186 1131.817789342606 5.084514526242724 22246449.73010947 7


0.0155852 2.701299702326452e+16 122029316715119.7 2.506716426768511e+24 18
0.0311704 6.556229760755881e+17 31870880562858.45 1.238047765627446e+25 62
0.0467556 6.399593049336398e+16 137090682817863.7 5.055761281646779e+23 98
0.0623408 1.530530696772687e+17 28124171576913.42 6.573260781914162e+23 210
0.077926 2.731979217797185e+16 13817342065616.23 7.542671355422055e+22 350
0.0935112 5099463691805739 3799493998507.556 9.784599689887104e+21 450
0.109096 1421206454575653 1438907169831.959 1.983647114984502e+21 602
0.124682 392260399937677.4 380537830316.1729 4.161644828239918e+20 762
0.140267 90981281777278.52 121677109446.0136 7.651511304113516e+19 1142
0.155852 27160746081673.35 34636225190.08195 1.855463482052841e+19 1250
0.171437 6622367496154.221 13302349627.58064 3.725256946744647e+18 1458
0.187022 2419650631700.534 4960129871.008861 1.140073205606253e+18 1814
0.202608 836758567748.0265 1604210994.140084 3.362498253082365e+17 2178
0.218193 266133940200.9185 694856583.5391831 9.225382960889203e+16 2498
0.233778 112964243417.6711 258339403.2455877 3.401572333645308e+16 2622
0.249363 42880625250.70899 103860515.0361294 1.133910537622933e+16 3338
0.264948 18003538912.95787 42027437.58443766 4223638493216848 3722
0.280534 8191211419.057804 17521980.30891224 1715800617568976 4170
0.296119 3182835066.11015 9884008.61450568 597802524194628.5 4358
0.311704 1349140184.637746 5367537.264181669 228473353618290.4 5034
0.327289 802933540.1219852 2458273.73850172 123397643713672.7 5714
0.342874 428277098.0714134 1466066.867913142 59978045992085.88 5982
0.35846 206070512.2362913 976215.518247486 26387200292872.55 6602
0.374045 157139403.530816 489964.8433583553 18467602091103.32 7130
0.38963 77147607.24809591 398068.7356801249 8358248939129.897 8034
0.405215 62408157.39890327 221468.5016863346 6253907267959.068 8606
0.4208 37853158.80064811 177237.768562604 3517452601283.131 9066
0.436386 29822979.34231836 129904.7737576862 2576583031648.386 9962
0.451971 24827157.04751541 110526.2789672742 1999672156694.717 10550
0.467556 17020371.9275304 92116.84058237298 1280775855517.374 11226
0.483141 17390146.53033391 84041.56361553422 1225311499609.372 12146
0.498726 11135318.15514687 61129.5059483519 736003015773.3125 12303
0.514312 5036887.3945382 28083.12237921435 312953459093.5271 12584
0.529897 1687456.204407534 9932.5366182335 98798171900.08957 12120
0.545482 796534.1844390595 4314.610528697228 44005393436.87746 11180
0.561067 291108.8910908718 2264.837979065775 15201066846.81144 11096
0.576652 173089.6896000281 1228.087511281234 8557179469.984235 10056
0.592238 112875.9174859996 774.7372020727249 5290368999.82458 9716
0.607823 67344.11982279317 580.3761441195213 2996308698.918571 8604
0.623408 46961.74645197483 461.7581708974187 1985884638.423417 8060
0.638993 37126.30631113071 291.5955096617718 1494321424.708807 7320
0.654578 33349.73776032877 170.7291654234714 1279591894.172394 6356
0.670164 23593.15951499349 217.8818196376868 863531645.1945541 5348
0.685749 15635.2169576707 131.7702974060345 546333553.8365096 4308
0.701334 8878.178554590879 110.9047147473541 296621319.6440139 3563
0.716919 4156.523301570156 34.93428276232095 132943135.4720593 2448
0.732504 1968.480523431446 28.91936016658269 60283254.20916942 1868
0.74809 1945.988261815753 16.18377851155843 57088617.19716273 1358
0.763675 787.673120168393 15.10889259411076 22170673.8382652 1062
0.77926 1323.439740324485 6.817640392124948 35819461.71034388 776
0.794845 743.3072431919538 9.665486956144727 19364911.87087362 432
0.81043 424.4512262983571 11.71994858654389 10603079.83255262 200
0.826016 136.5265097529537 19.34867372905616 3280736.895606428 168
0.841601 349.5836504153831 9.586250497445114 8097723.683066218 56
0.857186 633.9884658744885 8.058167215143861 14165074.85682848 7


0.0155852 4.01425211335489e+17 10112991687412.75 3.892416432929205e+25 18
0.0311704 9.541075698010742e+16 164580690351143.4 2.038022129628294e+24 62
0.0467556 3.556655949462612e+17 15107848760548.09 3.13060287508617e+24 98
0.0623408 5.933720969367169e+16 49055100823176.35 2.858112297355432e+23 210
0.077926 2.411088133624778e+16 11717862731852.29 7.457286432427486e+22 350
0.0935112 3650049663883536 3659321494488.332 7.847467954930721e+21 450
0.109096 1683973107117594 931242057095.8175 2.632428048123256e+21 602
0.124682 379951315630907.9 287979516669.0325 4.515433018608038e+20 762
0.140267 88160765658423.53 92131460511.73157 8.305184939707584e+19 1142
0.155852 24699161124301.41 27291699052.64781 1.890123338597927e+19 1250
0.171437 6335903632782.165 10189248971.60339 3.992399870423618e+18 1458
0.187022 2334661488719.735 3744178053.842702 1.232213048578058e+18 1814
0.202608 860295780644.8698 1114074510.622104 3.872393272388554e+17 2178
0.218193 308743715105.0634 435564724.4440656 1.198738585738171e+17 2498
0.233778 108414427033.32 192921044.2756748 3.65688855454573e+16 2622
0.249363 39050830255.51895 80789318.47720873 1.156761646296969e+16 3338
0.264948 14802870081.59352 35907590.17697733 3890364874621516 3722
0.280534 5613493627.347433 17979674.59310819 1317353946987498 4170
0.296119 2817598248.022213 7981461.588915271 592822692313468 4358
0.311704 1485977783.763802 3534242.243715201 281873444348695.6 5034
0.327289 709805973.7829332 1969799.708508714 122199268774060.6 5714
0.342874 331784999.8229169 1322774.891787747 52053325376241.25 5982
0.35846 213747556.5312927 685478.7874006501 30658753449003.74 6602
0.374045 125510338.2155517 438504.7979479757 16524208786170.39 7130
0.38963 72734174.30503817 305119.6347868941 8827205351020.719 8034
0.405215 54403966.36758246 181119.9070689189 6107222161404.635 8606
0.4208 32267793.75467793 147333.3208009392 3358940137801.443 9066
0.436386 27535336.99569095 100051.4739841976 2664891289363.943 9962
0.451971 21888062.4175261 89437.78675619465 1974880840268.778 10550
0.467556 15599750.54943517 71501.21717343305 1314977535681.181 11226
0.483141 15387266.56070733 67750.19944674103 1214523531630.848 12146
0.498726 9863269.581362048 49141.83282119404 730296044203.4648 12303
0.514312 4721387.987686224 21405.86316815734 328611012100.5299 12584
0.529897 1468018.167763455 8043.311724488778 96283151649.7444 12120
0.545482 644994.2396210727 3810.243976485338 39917960850.21009 11180
0.561067 290026.1445579971 1631.976578216327 16964572301.32105 11096
0.576652 151939.5032882113 997.6017583747342 8414578057.211775 10056
0.592238 99259.69686194 627.1560633715156 5211459509.358295 9716
0.607823 66840.5868878333 417.6269913093971 3331310729.212872 8604
0.623408 42817.67912934197 363.2296649760395 2028291701.141785 8060
0.638993 29727.5976628403 256.2164546788794 1340399111.471854 7320
0.654578 24259.87238158431 174.8979607024311 1042765349.722176 6356
0.670164 25724.92430398865 139.5894171537624 1054695512.296705 5348
0.685749 16738.51309155141 84.51529522416166 655171151.1911249 4308
0.701334 10158.05480252938 72.84600172466725 380158098.009163 3563
0.716919 3677.270269728008 27.9572180094104 131753373.8262649 2448
0.732504 1941.15993306826 21.29593390847448 66590873.27370722 1868
0.74809 1452.960639631811 15.62241803238881 47750879.06238881 1358
0.763675 1213.253330093087 6.92475377437618 38249342.13484731 1062
0.77926 685.6654927084577 10.5817330212344 20791299.8766411 776
0.794845 363.9036409984624 10.73576156421275 10622356.09814408 432
0.81043 582.2322134255436 7.096840921843586 16290811.13716513 200
0.826016 1391.717774062917 2.018652596059672 37414402.18552287 168
0.841601 995.1591210892927 0.4717575182334459 25816607.18876919 56
0.857186 1023.462424695615 1.669310665706678 25613447.34664484 7


0.0155852 3.132398722644466e+16 84853896000186.53 3.544761185695102e+24 18
0.0311704 4.955519668634766e+17 22054419052995.5 1.160956343966126e+25 62
0.0467556 5.761042166304143e+16 89788544235291.78 5.64360751987313e+23 98
0.0623408 1.142226688988738e+17 21432096146021.11 6.085706207828084e+23 210
0.077926 2.435982862712824e+16 8603308970013.263 8.342096559570584e+22 350
0.0935112 5751175906191073 1856188135741.241 1.368504384762644e+22 450
0.109096 1712219713308366 649713194122.4874 2.963624884034522e+21 602
0.124682 369878138497464 219645049204.0202 4.867256060769135e+20 762
0.140267 91573887794097.56 66222649082.30943 9.551706905664035e+19 1142
0.155852 22131470261852.69 22543096205.24794 1.875397552804425e+19 1250
0.171437 5923882356470.925 8158707479.608848 4.133287202009485e+18 1458
0.187022 2355741659781.824 2766439444.935744 1.376686500428062e+18 1814
0.202608 743526847941.1166 962302874.676568 3.706039631487533e+17 2178
0.218193 280282797594.8304 354975880.9004396 1.205017319076116e+17 2498
0.233778 93868879859.61246 164474159.4899544 3.50611957978513e+16 2622
0.249363 34822900521.07595 67128006.22202754 1.142229368112987e+16 3338
0.264948 14185074093.97777 27948188.09836086 4127971269506132 3722
0.280534 6412874682.403934 11759580.70275666 1666278781587078 4170
0.296119 2722002281.380057 6113645.044077677 634152550895628 4358
0.311704 1183695332.660557 3246281.861656143 248641750891659.8 5034
0.327289 550401342.9331187 1839068.498318037 104931504022444.4 5714
0.342874 344227679.5515401 964831.6025161841 59797841328151.9 5982
0.35846 206148363.4522667 518210.2570669172 32741192135718.64 6602
0.374045 100291360.5627437 399233.6063739876 14621625751816.25 7130
0.38963 71369555.73377435 230739.3050733297 9590835175944.65 8034
0.405215 47862864.71197688 152356.4011927602 5949582852912.697 8606
0.4208 28785241.16814165 121050.1323569595 3317993036220.84 9066
0.436386 24762349.92283702 81946.70675821084 2653704032477.831 9962
0.451971 20643023.24003857 70071.30943600384 2062400494890.15 10550
0.467556 14541297.40055562 56810.15233848589 1357285377780.325 11226
0.483141 13506597.49826358 56669.18979365561 1180496022633.324 12146
0.498726 8683254.573403405 40775.77305446254 711924894274.4921 12303
0.514312 4203028.858436629 17669.11950513977 323926996804.9243 12584
0.529897 1225406.919631998 7047.085249563288 88997923050.78458 12120
0.545482 593820.7070401364 3028.055048070763 40694538929.6029 11180
0.561067 252117.9928289442 1385.99086170992 16329956408.25546 11096
0.576652 143464.0615786078 777.8695349006339 8797726261.720211 10056
0.592238 83475.9914123482 550.6234868537264 4853191973.279626 9716
0.607823 54399.81043840738 376.5989180722175 3002306337.946 8604
0.623408 46400.37567172271 246.6126180870894 2433768596.601407 8060
0.638993 30120.40351126388 188.3340134123385 1503810834.830743 7320
0.654578 17334.181031878 172.8498885404412 825086397.7426002 6356
0.670164 18683.56725025636 142.3713820328631 848250943.9668491 5348
0.685749 11379.04608795816 93.44159129058256 493220550.5783111 4308
0.701334 7975.548952216735 66.74170421993539 330520474.8076981 3563
0.716919 3457.070483123118 21.83707323708685 137155006.6963865 2448
0.732504 1749.54184216473 17.30133503346006 66458185.59860455 1868
0.74809 1316.529870648118 12.69354367620518 47910281.2639745 1358
0.763675 1057.763295740352 6.033578801794224 36926228.35242445 1062
0.77926 500.6789121929254 9.70920547785297 16812419.48115989 776
0.794845 693.1626730282331 5.302881187546438 22399514.33701304 432
0.81043 812.4045554242474 3.083400510514646 25168194.33996688 200
0.826016 1214.631183353284 2.115836839190164 36158034.62517413 168
0.841601 471.5920667589298 4.507402272265924 13548386.1061736 56
0.857186 310.1069906526825 7.276923044326127 8595673.365274366 7


0.0155852 2.908549955267577e+17 10091930783340.99 3.428171587534008e+25 18
0.0311704 7.883479630992997e+16 117354711311484.6 2.04689291714466e+24 62
0.0467556 2.25969468044012e+17 27167978008331.75 2.416787987307649e+24 98
0.0623408 5.785100760300242e+16 31079121234190.28 3.383764626949486e+23 210
0.077926 1.669416820129487e+16 9023316028314.508 6.272972340553242e+22 350
0.0935112 4513254774430049 1780663139988.529 1.178153178990203e+22 450
0.109096 1087144055441312 780650755021.6466 2.064633334169037e+21 602
0.124682 312050875406054.3 197741748204.5149 4.504530667966016e+20 762
0.140267 94615147736443.05 46582556809.83131 1.082467481918129e+20 1142
0.155852 20032315990453.92 18954498118.65468 1.86205215411455e+19 1250
0.171437 5363290590327.451 6848446715.045774 4.104856600081333e+18 1458
0.187022 2288389331401.83 2140237444.771482 1.466889514822106e+18 1814
0.202608 623401058562.5933 871764926.0306996 3.408592402017823e+17 2178
0.218193 205232257748.9446 367865229.5453949 9.679796302446779e+16 2498
0.233778 83452195892.95135 139716755.0236651 3.419182986111466e+16 2622
0.249363 32557339143.99416 54112354.16732494 1.171400927882841e+16 3338
0.264948 12202808921.8873 24397435.37528391 3895377801941724 3722
0.280534 4673516768.229418 12132180.73435079 1332159944247062 4170
0.296119 2253626172.911193 5560880.62400681 575941672010487.6 4358
0.311704 1096479227.390313 2686933.585246592 252642334573727.1 5034
0.327289 596962178.7072418 1302762.36414016 124829446431929 5714
0.342874 321520079.7062659 781542.1722008975 61265778949377.28 5982
0.35846 152853882.693401 522360.0490879826 26631610851483.71 6602
0.374045 101643381.8607548 305800.8078547975 16254301399428.22 7130
0.38963 65052837.66927804 190110.5458056222 9589210717861.459 8034
0.405215 42759462.39686341 130069.7701996908 5830380965902.824 8606
0.4208 27378412.17933304 96902.70670462775 3461635193597.357 9066
0.436386 21340951.67948935 71761.01842946683 2508735135532.356 9962
0.451971 18883472.19353362 58110.44570703891 2069450097593.604 10550
0.467556 14507768.12199709 43360.53903406332 1485362669391.278 11226
0.483141 13013971.97139861 44982.24069064367 1247659625016.05 12146
0.498726 8129655.618940136 33309.72177835315 731129907517.0394 12303
0.514312 3637018.66918504 15339.48272495981 307474627645.1003 12584
0.529897 1096234.286851507 5944.400261083169 87333111295.1208 12120
0.545482 541821.3329848102 2514.232008682673 40729618367.26614 11180
0.561067 230581.4303731162 1140.684867614699 16382428673.55252 11096
0.576652 118757.2865600247 706.9862787300987 7988633024.285284 10056
0.592238 79113.43625165212 439.2174480244042 5045274948.351993 9716
0.607823 54245.6657416723 287.5342704376167 3283870139.722536 8604
0.623408 35047.69365535593 246.9773620838871 2016563129.502921 8060
0.638993 25240.79724747686 168.9891699300834 1382350526.216414 7320
0.654578 23444.01572277046 97.57855193532168 1223936900.617021 6356
0.670164 19256.29451135427 106.331535427215 958956386.8507954 5348
0.685749 11549.73737589584 71.54155417960102 549124060.1920066 4308
0.701334 8160.400650323079 49.71671090910205 370946228.9346131 3563
0.716919 3193.331364434432 17.90976258696731 138969648.0470697 2448
0.732504 1437.178224889153 15.63355965808932 59885424.82032502 1868
0.74809 1303.067978829592 9.746322593760839 52015151.61571123 1358
0.763675 920.5251505785512 5.360323796952094 35250040.26618168 1062
0.77926 466.2158724280112 7.987818592274517 17172287.19289225 776
0.794845 677.9080247689923 4.011579365835223 24029318.55385347 432
0.81043 750.4995112526295 2.479376027663443 25503670.4350526 200
0.826016 998.8618267400383 2.704271891154058 32617104.54851934 168
0.841601 304.7646172698242 4.841514155021208 9604988.524117142 56
0.857186 149.8735241960515 7.211985030378226 4558292.813349499 7


0.0155852 3.287021056428518e+16 62604990781046.98 4.406079354538979e+24 18
0.0311704 3.656509436984413e+17 23124594391616.42 1.023019593605214e+25 62
0.0467556 1.021687119218734e+17 49297363847215.19 1.191118626841593e+24 98
0.0623408 7.428804710203235e+16 20888649765449.36 4.726771280096402e+23 210
0.077926 2.025505376866125e+16 5958552086197.792 8.28111463061481e+22 350
0.0935112 2591452341967548 2212728452112.699 7.366245908469653e+21 450
0.109096 832713876465678.2 748538854720.2584 1.721480541500757e+21 602
0.124682 233736738904140.6 197541256027.0598 3.672757068775365e+20 762
0.140267 86921760010763.05 38589436769.70297 1.082317105428703e+20 1142
0.155852 18494156469683.32 15999036460.40199 1.870969615587407e+19 1250
0.171437 4693789205537.795 6017689512.587745 3.910003067401142e+18 1458
0.187022 2141433014749.044 1762171519.237078 1.493961743441308e+18 1814
0.202608 558584778287.5148 752559829.5167403 3.324103767434462e+17 2178
0.218193 181917732371.2647 318367351.6584381 9.338483590609378e+16 2498
0.233778 78284487697.52788 115490879.5719173 3.490816814783525e+16 2622
0.249363 27743328520.9893 49264970.4897274 1.086432482506101e+16 3338
0.264948 11039140786.01361 20955751.42184869 3835305233440778 3722
0.280534 5242451895.103845 8426687.002564622 1626216191366368 4170
0.296119 2184444603.365009 4458958.342918662 607573360701756.2 4358
0.311704 997253759.1618348 2265404.929656526 250082678436485.8 5034
0.327289 469232509.8513286 1275674.495456015 106796364594479.4 5714
0.342874 249623757.8084299 768759.5478446056 51772081025055.34 5982
0.35846 158246413.2025596 398552.4550574262 30005855961800.64 6602
0.374045 99611099.75843722 239934.6645805134 17336353819085.16 7130
0.38963 57150698.63080514 167198.5921640859 9168863466947.697 8034
0.405215 36835156.28087244 116861.9916164778 5466475689276.061 8606
0.4208 27272351.49618044 75665.92149138633 3752802162107.55 9066
0.436386 19475158.35999541 60977.35383583309 2491688432225.652 9962
0.451971 15077311.32866673 55487.93119262683 1798393723505.276 10550
0.467556 13394706.41909168 36518.37054587532 1492573430197.24 11226
0.483141 13096494.03673502 34757.24716864361 1366479630916.469 12146
0.498726 8671247.271522244 24580.45238453212 848710676517.8967 12303
0.514312 3349521.824658094 12944.4760462127 308189019619.9363 12584
0.529897 1015385.842765026 4980.093835992476 88039249701.6067 12120
0.545482 488802.6972209309 2162.287451352191 39990866435.43539 11180
0.561067 199001.10328703 1024.76872611519 15388207292.69528 11096
0.576652 110618.7827312076 589.4436600993039 8098604791.725959 10056
0.592238 73826.99770095732 366.5415696911454 5124116465.629935 9716
0.607823 46248.66454098275 261.0722553899265 3047189154.377188 8604
0.623408 35500.543404825 190.4430580226161 2223036869.464193 8060
0.638993 26410.6553201241 125.2758225106224 1574167884.865163 7320
0.654578 16662.88836840897 110.0724428564334 946834736.4709845 6356
0.670164 14462.77528412953 107.2648749267664 783916403.3289528 5348
0.685749 8963.970802510968 68.74123691310803 463859830.4283902 4308
0.701334 6417.716712785742 47.63424592164067 317516295.9873911 3563
0.716919 2349.604292552169 18.95240155440199 111292108.2961488 2448
0.732504 1535.078833758119 11.8195143979303 69613664.67749017 1868
0.74809 1216.578563150915 8.038516594400832 52853266.89625542 1358
0.763675 828.7614409143181 4.643899880963035 34540296.38357195 1062
0.77926 495.09395020457 6.240149851584328 19846245.84196518 776
0.794845 427.2082404542617 4.940883700175945 16482395.57494604 432
0.81043 611.3122831488161 2.705518119675264 22609701.1536204 200
0.826016 1069.754370595602 1.033014263360988 38017698.03605778 168
0.841601 464.2277659448731 2.599623566497633 15921453.10705011 56
0.857186 318.0362535191376 4.63954832301795 10523527.2426964 7


0.0155852 2.210745658771237e+17 9717899052663.729 3.068672125029091e+25 18
0.0311704 8.553341791072091e+16 83875691359136.17 2.607636646513011e+24 62
0.0467556 1.246859898765172e+17 37595055855692.02 1.570613064901663e+24 98
0.0623408 6.195794572529454e+16 19156208378048.12 4.263000510321254e+23 210
0.077926 1.452744157058207e+16 6557063085672.974 6.423584026774928e+22 350
0.0935112 4035825988132048 1229823614542.951 1.239667797618725e+22 450
0.109096 1265348385103336 400791468501.1364 2.827054443879041e+21 602
0.124682 223549108081874.7 164948592727.683 3.797753542861567e+20 762
0.140267 65884185340071.09 42078817299.64841 8.870736487918707e+19 1142
0.155852 17331684047852.49 13545565472.19347 1.895705703086805e+19 1250
0.171437 3992944077330.608 5474192949.057733 3.596457000343337e+18 1458
0.187022 1966262273968.846 1517491770.374484 1.483127393813873e+18 1814
0.202608 526393235873.5537 631694321.5196645 3.386815886594221e+17 2178
0.218193 189342980870.5786 244589950.7175233 1.050802952557232e+17 2498
0.233778 72475898945.12383 98745580.82112847 3.494178566740211e+16 2622
0.249363 25995377555.80796 41618156.7809104 1.100621006461676e+16 3338
0.264948 10926807914.98367 16811098.32447685 4104352419503018 3722
0.280534 4170798333.341534 8498238.607665831 1398922194829648 4170
0.296119 2078951107.42115 3729456.625859284 625168460933493 4358
0.311704 970307928.737987 1865824.477628518 263074850810290.3 5034
0.327289 491632626.8357229 974559.589726189 120972642038905.1 5714
0.342874 283761029.5726874 538817.137377222 63624928214828.73 5982
0.35846 146553383.1988177 338635.9518347926 30044678842981.22 6602
0.374045 81477834.43213083 232454.5925144099 15332358444074.21 7130
0.38963 54224237.92793052 139799.1209155644 9405537320018.912 8034
0.405215 35661769.01754616 96030.68022412293 5721911689308.091 8606
0.4208 23610903.82649472 68396.18592223478 3512802684305.58 9066
0.436386 19226189.35955584 49319.04718390289 2659489249187.85 9962
0.451971 14775729.83624692 45086.24015541634 1905469151644.892 10550
0.467556 9986837.371409036 37868.95041654044 1203249515041.971 11226
0.483141 10628850.7700984 33782.37541800371 1199079162012.52 12146
0.498726 8044281.503904824 20849.78107365862 851264894126.5922 12303
0.514312 3474178.283070542 9984.143230060225 345600694613.587 12584
0.529897 987863.1714874882 4107.560397843898 92605297308.92345 12120
0.545482 453412.8834121514 1848.834430939962 40107040611.07388 11180
0.561067 181573.7221556668 887.3344477610578 15180533745.26176 11096
0.576652 105954.2798172265 488.2742270254051 8386782106.988253 10056
0.592238 67162.51633763233 318.8758968300983 5040021852.493514 9716
0.607823 42583.41289164162 223.9266694471701 3033478189.727067 8604
0.623408 34802.31590675301 153.9028291457632 2356206692.768528 8060
0.638993 21269.43803414051 123.2712413313745 1370700827.295763 7320
0.654578 13717.42432540702 101.959770749407 842771627.9860187 6356
0.670164 16556.01445763513 75.20597904641572 970177143.013394 5348
0.685749 11049.24814097463 44.84512442645337 618145140.6270765 4308
0.701334 7617.295028134513 32.60487025677038 407439236.3828955 3563
0.716919 2467.49126856666 14.4594390519108 126360497.3260384 2448
0.732504 1497.927993665892 9.480794145687506 73442597.68653211 1868
0.74809 1037.021783097127 7.47881732027928 48711094.43181644 1358
0.763675 637.839360484856 4.905965659133732 28742628.46662591 1062
0.77926 706.7507517661721 3.533392763175598 30627299.49921308 776
0.794845 220.4838650317814 5.541879189269789 9199340.3713629 432
0.81043 344.0132400255775 3.963860187265659 13758033.8678936 200
0.826016 836.7203070100301 1.972981950225492 32150776.2378544 168
0.841601 700.8074621418906 0.1671604446922953 25984812.61266343 56
0.857186 729.7713958894957 0.6869631139676005 26103369.73972227 7


0.0155852 3.271091501899179e+16 48243756356830.34 5.07669832206051e+24 18
0.0311704 2.691590616209957e+17 25571958676845.89 8.757679594829613e+24 62
0.0467556 1.29270111135125e+17 25290303373975.8 1.750138465142804e+24 98
0.0623408 4.623519545846004e+16 20515535986074.35 3.421515133380949e+23 210
0.077926 1.38152200011741e+16 5596698903130.987 6.567227039625626e+22 350
0.0935112 3251838811597362 1233526410080.94 1.073999203752526e+22 450
0.109096 1076998317346280 387335555431.1301 2.587110308342527e+21 602
0.124682 267521565902522.4 110011786612.644 4.885143947967058e+20 762
0.140267 45924542078509.15 46356755784.26278 6.649174559267057e+19 1142
0.155852 16216013635633.32 11642293445.42508 1.90686012142734e+19 1250
0.171437 3411672360498.777 5016191050.596957 3.303888954365684e+18 1458
0.187022 1790325602727.147 1344775871.223472 1.451841632512428e+18 1814
0.202608 502205856422.0402 532199763.191184 3.473779355162156e+17 2178
0.218193 191611431188.4083 192714836.3264894 1.14319304240446e+17 2498
0.233778 65919571869.09385 87418599.42337559 3.416773912704683e+16 2622
0.249363 25468376416.57498 34164813.66281557 1.159249618942862e+16 3338
0.264948 9994015308.700838 14752686.61163869 4035890642932990 3722
0.280534 4106284111.441562 6869540.949535502 1480660203589450 4170
0.296119 1696334855.603957 3623966.479425568 548446942474710.4 4358
0.311704 809268557.5799199 1769645.932134821 235899355367830.8 5034
0.327289 405179390.6144095 941801.382199207 107191414021513.6 5714
0.342874 219656303.1533062 559758.1169734816 52953451846400.1 5982
0.35846 124930205.6012076 321288.4334264303 27535901958164.91 6602
0.374045 81243171.18568413 188038.1791056017 16435758723286.3 7130
0.38963 49988911.1524231 121862.5234726904 9322018521904.945 8034
0.405215 32870043.53948889 83835.90952165665 5670022718798.225 8606
0.4208 23042087.94152353 56582.75946241758 3685542421583.035 9066
0.436386 15379522.7687331 48998.31723165006 2287243825180.648 9962
0.451971 15899087.8853365 33522.01819358765 2204211979526.707 10550
0.467556 10796495.08594078 28886.57126681892 1398417382215.151 11226
0.483141 9634295.893566689 29950.2505136126 1168501386845.238 12146
0.498726 6255494.919860637 21354.33181381775 711709673195.6731 12303
0.514312 3209470.942099593 8681.873426720666 343242753069.0599 12584
0.529897 1021133.005810474 3241.630461130759 102909267510.2901 12120
0.545482 438175.0200611869 1543.747426050991 41669170988.57443 11180
0.561067 171389.7531162236 757.0101634505789 15405000441.52692 11096
0.576652 98599.01060323624 422.5961441984663 8390621495.056934 10056
0.592238 62265.43412849572 276.6654592764845 5023397835.596034 9716
0.607823 40293.69019893219 191.1178818008726 3085888999.241446 8604
0.623408 30686.09042262628 140.7976783259599 2233558060.702101 8060
0.638993 19001.63988302272 110.3032499323287 1316519552.426047 7320
0.654578 16489.81714340366 70.8105811389685 1089103390.956622 6356
0.670164 15359.85582716714 65.75255210444212 967670699.8917487 5348
0.685749 9723.054221909149 41.55062175152915 584803566.863436 4308
0.701334 6842.993841116393 29.0792406594286 393509662.9785215 3563
0.716919 2199.730648440602 13.14620082455902 121108526.7411251 2448
0.732504 1424.522200151384 8.021114613307802 75087687.99368972 1868
0.74809 969.3109655499578 6.45396768359914 48949399.5818385 1358
0.763675 559.0223609082755 4.489103158213724 27082951.16430546 1062
0.77926 612.8049695918274 3.324192239081086 28550622.90034379 776
0.794845 577.0838592037653 2.258621516974771 25877281.2189115 432
0.81043 303.4077790514995 3.573453225924645 13045474.13609554 200
0.826016 123.0505622469642 6.273739285306824 5087202.637668837 168
0.841601 304.2421001662609 2.545909658393031 12129410.36774456 56
0.857186 537.9300082867233 1.54128549202001 20686801.33295879 7


0.0155852 1.742039747598023e+17 9170729654262.504 2.783648173172638e+25 18
0.0311704 9.415481393677818e+16 60667558188462.58 3.295537103682856e+24 62
0.0467556 6.651248632482559e+16 40098464278190.09 9.653137009922059e+23 98
0.0623408 6.304371253198514e+16 11753587567304.63 4.988162373990105e+23 210
0.077926 1.533197155618149e+16 4038448288402.821 7.795813230774134e+22 350
0.0935112 2022882868081788 1504847200161.19 7.151273170257503e+21 450
0.109096 537125828476398.6 557796286402.4705 1.381307908347033e+21 602
0.124682 239632204216242.2 100897244310.8975 4.681669528544916e+20 762
0.140267 44904168676518.53 39979966358.98958 6.955333629468041e+19 1142
0.155852 14931231837525.02 10300725786.37824 1.878439480768385e+19 1250
0.171437 3160890998195.863 4437344232.550133 3.27487436405651e+18 1458
0.187022 1617651810797.48 1220540589.41677 1.403467209886457e+18 1814
0.202608 477008302862.6576 456678253.4495964 3.529918016357779e+17 2178
0.218193 182172281038.4724 164907519.9812181 1.162783228216058e+17 2498
0.233778 60196874524.54262 78155333.99781007 3.338130131650401e+16 2622
0.249363 23617543947.53199 30179919.42558792 1.150096368985603e+16 3338
0.264948 8475952245.121709 14156252.19301234 3662102814520098 3722
0.280534 3816060645.3639 6068064.534197904 1472126190490586 4170
0.296119 1747521320.291261 2892593.939008868 604432444155056.8 4358
0.311704 803573139.4691051 1473306.715892226 250593859386644.7 5034
0.327289 413565363.2288012 759436.7186927692 117047641503135.9 5714
0.342874 225755107.2344074 447739.0088593252 58222784313021.98 5982
0.35846 128122132.2850219 253177.7296236735 30210718981750.11 6602
0.374045 75960206.01915438 164099.0379423843 16440332963373.63 7130
0.38963 44880683.50966786 111472.8760132439 8954144814774.91 8034
0.405215 30143297.56821254 74325.04754948456 5562874048833.591 8606
0.4208 20277793.86301151 52701.74935141786 3470008585533.432 9066
0.436386 16549890.24246847 37649.2500301968 2633101274394.146 9962
0.451971 11296724.19845982 37800.42213106521 1675671943710.683 10550
0.467556 10611388.08107609 23861.29848035927 1470422365018.845 11226
0.483141 10432758.29721235 22610.76868453912 1353673848253.762 12146
0.498726 6630624.807575862 16799.79092702691 807056107261.3074 12303
0.514312 2596341.81486112 8694.805621970992 297075514090.5326 12584
0.529897 960908.9131942035 2801.940552006018 103603633150.0421 12120
0.545482 421960.1625894048 1307.332717661213 42929602193.67747 11180
0.561067 162513.7700792049 653.6404421010322 15627400464.98889 11096
0.576652 90062.07635952275 377.6500283359234 8199507776.397428 10056
0.592238 58318.75116046248 241.2971796898359 5033614638.501471 9716
0.607823 38707.47198765623 162.4073710911266 3171438064.274477 8604
0.623408 27270.76159723289 128.9423613338583 2123635899.660337 8060
0.638993 19351.94016731054 89.05510867765328 1434405644.437535 7320
0.654578 17158.27022733987 54.07443617372078 1212377741.508728 6356
0.670164 13314.99903516548 61.98544056292954 897450092.1434952 5348
0.685749 7497.309594411905 43.50199193821999 482451347.1997463 4308
0.701334 5140.257678184764 31.17477908507891 316254665.1661741 3563
0.716919 2247.388059196813 10.42347595891028 132371764.7116536 2448
0.732504 1148.333893185857 8.063401995873953 64759816.27117118 1868
0.74809 956.7176844891197 5.328592920584183 51687263.35411016 1358
0.763675 643.8348454778579 3.147452017571728 33368759.00431404 1062
0.77926 417.0361874325685 3.919304473869985 20788547.56478215 776
0.794845 434.3493323956052 2.613830535848251 20838160.44348373 432
0.81043 526.6279028187903 1.525247110594364 24221223.26870146 200
0.826016 666.3145094807462 1.925891323814752 29448442.69565527 168
0.841601 136.086752446595 3.227123232356313 5805906.529395144 56
0.857186 25.83275489476683 4.501329176989048 1065702.072258506 7


0.0155852 3.161039016247954e+16 38439645333413.41 5.580299868816498e+24 18
0.0311704 1.997287745834096e+17 27144835753878.42 7.411446591890295e+24 62
0.0467556 1.326601061087869e+17 13769543686306.44 2.046339844243781e+24 98
0.0623408 2.960659129565789e+16 19240334098301.11 2.499151068482282e+23 210
0.077926 9241445582850942 5314165968066.329 5.009022191912621e+22 350
0.0935112 3320021567775148 773191710840.0238 1.249542321617062e+22 450
0.109096 877502260217024.9 329484167606.15 2.402512673590278e+21 602
0.124682 156117385576137.7 124594053185.2497 3.250231161829778e+20 762
0.140267 56355465522717.82 27113781322.46395 9.29695372059849e+19 1142
0.155852 13597673693252.06 9343972482.60955 1.822397533926603e+19 1250
0.171437 3386778136610.674 3616824441.608892 3.737612773533294e+18 1458
0.187022 1445676004845.01 1134444300.224982 1.336188576243281e+18 1814
0.202608 449735762105.5584 400111887.2379258 3.545378390941624e+17 2178
0.218193 167448841977.646 149247083.6055775 1.138598672757178e+17 2498
0.233778 55732789376.96994 69815644.96077055 3.292387057338782e+16 2622
0.249363 21392820325.08747 27629336.61113776 1.109795100110624e+16 3338
0.264948 7862314073.72677 12618462.75689688 3618784186630502 3722
0.280534 3405564225.119946 5664062.453078022 1399579938266336 4170
0.296119 1663087520.881296 2543474.366881405 612781960401633.8 4358
0.311704 802380444.6473039 1220177.865460051 266551598440483.2 5034
0.327289 374911399.3467646 696784.1779662288 113037085320458 5714
0.342874 218148142.5946325 384988.1015862408 59933462746639.52 5982
0.35846 111801529.7363583 243707.0736610466 28084395603737.7 6602
0.374045 66602023.58199188 154881.9427866704 15356427113597.39 7130
0.38963 44718342.54264452 91698.76538795092 9504019836774.354 8034
0.405215 29157151.02554106 63621.6096356973 5732133319699.059 8606
0.4208 19692121.10328389 44951.64714079578 3589751363473.13 9066
0.436386 13985636.73506288 36432.99659814916 2370472588817.725 9962
0.451971 14025659.07064321 25707.7404377092 2216115070997.369 10550
0.467556 8206496.814243634 25222.39751693696 1211484973876.648 11226
0.483141 8226796.75891933 23516.69802621495 1137185808527.345 12146
0.498726 6093888.404774257 14907.66271780027 790154764565.9993 12303
0.514312 2676783.361998868 7087.035396516319 326268342711.5869 12584
0.529897 807166.9359110717 2729.955464665589 92711858470.5822 12120
0.545482 377884.1818871893 1204.376671423204 40955857255.43063 11180
0.561067 155526.5503179221 566.8612335565298 15931831502.45742 11096
0.576652 82660.31977262346 339.4069681375356 8017010583.561889 10056
0.592238 54907.71116497242 211.9115762411774 5048606586.948518 9716
0.607823 36798.60106192166 141.0540536100528 3211870309.880853 8604
0.623408 24858.13796214225 116.7651450384347 2062157208.573485 8060
0.638993 18802.18757114884 75.92614820122714 1484632385.654776 7320
0.654578 15788.31008204659 49.06542499288807 1188416601.673803 6356
0.670164 11963.41852193209 56.79892833520642 859005152.3741877 5348
0.685749 6607.973204908189 40.03198111330154 452991611.6586529 4308
0.701334 4247.52465593938 30.05497602469453 278400435.891611 3563
0.716919 1946.663422831634 9.980396691787647 122147043.7561718 2448
0.732504 1282.645962317142 5.994104739744329 77053402.59769109 1868
0.74809 832.8218436240387 5.061640328267398 47932132.38944723 1358
0.763675 493.3251331777173 3.445057015225201 27238779.17158751 1062
0.77926 568.1118045799356 2.379905499093599 30165474.30606351 776
0.794845 366.8119152046395 2.582516956946389 18747431.93454739 432
0.81043 225.9933833789589 2.992091803109845 11074931.03420492 200
0.826016 338.8012411602655 3.412238693671584 15953417.21057495 168
0.841601 505.6612246773343 0.4955747857430399 22973091.63370201 56
0.857186 662.9180851794262 0.01652455266526437 29053408.7465446 7


0.0155852 1.412176290541043e+17 8557590034508.504 2.553533578917137e+25 18
0.0311704 9.944980034370414e+16 44621383434729.77 3.930812388954514e+24 62
0.0467556 3.980821395708726e+16 37142599762235.59 6.546750730307137e+23 98
0.0623408 5.883707648646503e+16 7985876586060.145 5.262903892795564e+23 210
0.077926 1.376121992562125e+16 3052978155352.523 7.910801570024212e+22 350
0.0935112 2146915291189545 1046157110166.669 8.578924096071353e+21 450
0.109096 936997545885325.4 237151117029.5151 2.72237477736551e+21 602
0.124682 165370090094366.9 102613837648.3498 3.653470073436526e+20 762
0.140267 54815352575238.71 22618537544.0203 9.596900975531085e+19 1142
0.155852 12509102568210.38 8511922402.705395 1.779289636399442e+19 1250
0.171437 3957758182300.863 2657156204.875289 4.634755782246423e+18 1458
0.187022 1279618790620.718 1073554958.256193 1.255242077651889e+18 1814
0.202608 420665346428.479 357772092.5431595 3.519470953700916e+17 2178
0.218193 153041564763.836 137438527.0616776 1.104430564205863e+17 2498
0.233778 52214910232.61446 62360593.3782679 3.273630577838101e+16 2622
0.249363 19755448379.21127 24997546.12186812 1.087676054949119e+16 3338
0.264948 7968232019.022264 10452187.59466588 3892167146923350 3722
0.280534 3466705849.41675 4632081.341764112 1511967181546281 4170
0.296119 1541338452.587231 2279389.628342573 602732419042610 4358
0.311704 682479859.6364439 1193858.304602419 240625946103783.5 5034
0.327289 350792589.9231568 615331.1075267087 112247330779766.4 5714
0.342874 177808060.7610174 388699.277701742 51847492833565.74 5982
0.35846 109470080.6349002 205537.2370664615 29183553453853.22 6602
0.374045 68229229.11207443 126136.8818701266 16695233738055.02 7130
0.38963 38765080.83366769 88957.40006837875 8743978731730.679 8034
0.405215 26546215.57892111 58829.63239448192 5538756957752.404 8606
0.4208 17555107.28067712 41873.50237957876 3396378388637.048 9066
0.436386 14782043.54109561 29092.17781537769 2658921739498.483 9962
0.451971 9769566.063369129 30220.39816194815 1638382812634.827 10550
0.467556 9666041.49383286 17959.28872055378 1514310637016.081 11226
0.483141 8901871.163350832 18505.87229521308 1305870137279.268 12146
0.498726 5651283.477050374 13601.9582164059 777678406798.1631 12303
0.514312 2545806.187959395 6153.354682739752 329320214652.7 12584
0.529897 805018.6668833725 2317.546562775431 98130617249.0645 12120
0.545482 336805.3551182062 1127.162962326004 38741443273.26923 11180
0.561067 148572.2886758096 496.7819590717652 16152148046.4237 11096
0.576652 78496.50141124202 299.3999777368094 8079744917.552958 10056
0.592238 51382.04250737328 189.2442388647225 5013987429.000132 9716
0.607823 34464.10339509146 125.9776506749232 3192473239.641754 8604
0.623408 23222.58940456028 104.6073329749196 2044550743.654283 8060
0.638993 17665.85272243831 67.69720283963282 1480397829.980201 7320
0.654578 14376.91481362637 45.64300128941652 1148510407.203155 6356
0.670164 11089.24438854894 51.18794000741081 845039755.7404722 5348
0.685749 6201.432726679073 35.60767051195178 451177302.2706248 4308
0.701334 4205.64748754221 25.67132636862614 292545399.9740488 3563
0.716919 1686.255688270029 9.528280812774657 112294250.4285604 2448
0.732504 1160.632931108504 5.59767240534299 73997524.2328711 1868
0.74809 800.0087595481241 4.411220936292378 48865252.20793071 1358
0.763675 532.7933222221196 2.658425254919144 31219829.20819436 1062
0.77926 423.7729022795003 2.763260365424096 23881765.07535335 776
0.794845 334.9063157897494 2.327377209189663 18165937.66317377 432
0.81043 457.609721903064 1.236841104066134 23795142.7463184 200
0.826016 604.5237497478449 1.412234412123021 30206070.70748021 168
0.841601 121.4294242376692 2.5223562941561 5857012.650588015 56
0.857186 18.57837843487226 3.553877593985055 867082.6799898733 7


0.0155852 3.00351317280423e+16 31450931234815.62 5.94723918736301e+24 18
0.0311704 1.502466152622983e+17 27602698081952.39 6.264059379529807e+24 62
0.0467556 1.211513680087088e+17 9446268725750.395 2.097845379833475e+24 98
0.0623408 2.288200314421228e+16 16636424287066.37 2.169507667629819e+23 210
0.077926 8688125447329604 4106685897592.87 5.286060525859282e+22 350
0.0935112 1900851723408347 1003669632456.589 8.035127914222257e+21 450
0.109096 420281781141642.6 412285065812.718 1.292716453471282e+21 602
0.124682 209725444342469.7 65143160801.82558 4.899812250135689e+20 762
0.140267 39048400710676.91 26935790059.27323 7.232817123994042e+19 1142
0.155852 11707947228634.1 7711017142.502404 1.761525813503573e+19 1250
0.171437 4371769269615.15 1914071182.39712 5.414759679367926e+18 1458
0.187022 1138666118493.335 1016966636.608095 1.181527754003565e+18 1814
0.202608 389487255991.0235 326764000.5293063 3.446850380604052e+17 2178
0.218193 141272863410.0295 126204656.4367551 1.078391825033042e+17 2498
0.233778 49247432662.03583 55892862.44218422 3.265897672849254e+16 2622
0.249363 18646010693.87027 22335361.37110696 1.085880096545901e+16 3338
0.264948 7922081752.727991 8840998.011498952 4092994399246960 3722
0.280534 3372175236.226562 3984818.361277257 1555650781642168 4170
0.296119 1367334670.66943 2151702.738728396 565582863151690.9 4358
0.311704 597805294.8557048 1138955.070248212 222951777917044.5 5034
0.327289 310369266.73096 589297.9669854933 105051118130284.5 5714
0.342874 185056625.2747568 320013.6187944111 57075094002478.46 5982
0.35846 99534467.74664223 192628.9791653805 28067675262265.41 6602
0.374045 60690606.30549644 120522.0631739386 15708559400417.57 7130
0.38963 40398243.7233393 71914.65944804403 9638247386150.477 8034
0.405215 25033991.73962348 52068.16644114019 5524869199294.641 8606
0.4208 18632027.23877816 33463.199827039 3812761708429.147 9066
0.436386 11651814.69938066 30665.1667636736 2217030888069.109 9962
0.451971 12501657.66993025 20274.58495475587 2217440529648.94 10550
0.467556 7547081.061867263 19547.8235727061 1250693342219.008 11226
0.483141 7538791.334906127 18244.99236990549 1169808311206.148 12146
0.498726 5313614.459763883 12146.54503440793 773438605873.6935 12303
0.514312 2289064.66431091 5849.463930217011 313213073237.6128 12584
0.529897 778517.6983811135 2010.640586730013 100379890581.6588 12120
0.545482 331222.0764201735 978.0483427312561 40299010140.93285 11180
0.561067 139393.6667989173 446.8174133793351 16029462090.10647 11096
0.576652 77998.00731385328 256.0787342807544 8491952846.470337 10056
0.592238 47576.89771175501 172.3423426546634 4910808172.508593 9716
0.607823 31973.90776863485 114.7645604231318 3132858172.067809 8604
0.623408 22181.12131718354 92.76802679282454 2065628015.031237 8060
0.638993 16389.8073200442 61.65098745319395 1452788118.638009 7320
0.654578 13492.83809553544 41.18527977211203 1140133799.995468 6356
0.670164 10566.40620983992 45.48637576880018 851695267.0382355 5348
0.685749 5909.563726309966 31.65394758638175 454770434.7907711 4308
0.701334 4142.938591931202 22.25696068853238 304822150.9268872 3563
0.716919 1602.482938293275 8.453537866824158 112877990.3178238 2448
0.732504 1002.532252601091 5.466284727570743 67610360.05395004 1868
0.74809 808.2575859885114 3.684101113641524 52219248.65994801 1358
0.763675 481.5083088500862 2.503940377773194 29844410.26333551 1062
0.77926 395.1911204038898 2.476919379851794 23557223.38590505 776
0.794845 485.9043318145666 1.180788408107505 27875849.02077705 432
0.81043 244.2524240911285 2.145773298123766 13436052.98010516 200
0.826016 107.8735568007881 3.786901575572688 5705208.572494866 168
0.841601 258.037541506441 1.446327530455487 13161297.06932281 56
0.857186 460.4044006974129 0.7164973977454566 22651910.42048109 7


0.0155852 1.171361945554404e+17 7936385779206.424 2.364954577649759e+25 18
0.0311704 1.01006148198936e+17 33464960001161.95 4.450268565444442e+24 62
0.0467556 3.106929744294668e+16 31766603628356.28 5.706782376154046e+23 98
0.0623408 4.981088806347186e+16 6932040403798.319 4.97064253928417e+23 210
0.077926 1.01112960456474e+16 3145287715929.606 6.485793451235289e+22 350
0.0935112 2698240062193546 558702934030.9434 1.202303017613723e+22 450
0.109096 710409599900769.9 245838156992.0289 2.302782107173853e+21 602
0.124682 152665503931140.8 79591468470.57355 3.762283388174394e+20 762
0.140267 35262460379562.09 25509747443.24431 6.888522821338372e+19 1142
0.155852 10989447613785.49 7003991717.739451 1.74371431295899e+19 1250
0.171437 4067008956766.599 1748344445.144552 5.312372538467845e+18 1458
0.187022 1048259840150.272 942029894.287461 1.147131331259923e+18 1814
0.202608 356087644135.4988 304880953.6703089 3.32340083503444e+17 2178
0.218193 132561763562.5757 114758025.1129361 1.067150627233542e+17 2498
0.233778 46553883368.88524 50420142.85638717 3.255837785443734e+16 2622
0.249363 17739504016.92264 19984902.43554664 1.089490466067202e+16 3338
0.264948 7458770699.523312 8018787.495794893 4064034649598730 3722
0.280534 2934179263.032472 3934089.932653422 1427555599258928 4170
0.296119 1200342057.539238 2079680.435253182 523637412711354.5 4358
0.311704 620539682.8511556 951090.8507828423 244056120473226.2 5034
0.327289 322278085.0523137 488360.4427648176 115033057171463.3 5714
0.342874 189060591.9612353 266011.5879555647 61491769316858.87 5982
0.35846 97173253.51497433 167966.2488887244 28897556497416.77 6602
0.374045 56456423.68439524 109752.8740741285 15410536628054.69 7130
0.38963 34034994.11887053 72792.87328140288 8563804433375.812 8034
0.405215 24183410.64859818 46614.09548844108 5628520820104.488 8606
0.4208 14447382.10484955 36182.30870250477 3118056671994.278 9066
0.436386 13580424.24265629 22759.17250202055 2724900980448.626 9962
0.451971 9092289.673871802 23645.93504389731 1700893443366.679 10550
0.467556 7983424.437951507 15839.86114397177 1395191835208.22 11226
0.483141 7628256.37025113 15461.85436079279 1248295923847.498 12146
0.498726 5087990.993311269 10843.88647090792 781029999296.0693 12303
0.514312 2230274.420694858 5083.711183709411 321827458621.3138 12584
0.529897 712176.8680708527 1884.791384476007 96840501404.22751 12120
0.545482 307107.6768808912 890.9818922633636 39405278446.05 11180
0.561067 130295.4502720553 407.7536840548013 15801322016.66948 11096
0.576652 74625.31875442427 228.391696855957 8568321111.923177 10056
0.592238 44726.86417647294 156.1255449778633 4868696844.803448 9716
0.607823 29661.64201004163 105.4021622571092 3064991058.736989 8604
0.623408 21605.42867114479 81.43076261299956 2121850153.724204 8060
0.638993 15026.43816385892 57.22764944351049 1404671150.554386 7320
0.654578 12713.03705925863 37.25683303009748 1132892789.143023 6356
0.670164 10340.30203750054 39.78664295483037 878968386.2423786 5348
0.685749 5814.299238484448 27.76162194928531 471863565.4923032 4308
0.701334 4105.268735817943 19.42411121765989 318538036.5656208 3563
0.716919 1526.360841601934 7.59633690497933 113385928.5712946 2448
0.732504 1018.655135765892 4.573830715854681 72447003.6974635 1868
0.74809 730.352721531768 3.492780461303148 49762833.22047491 1358
0.763675 420.1021976311845 2.4397879860837 27460610.6026969 1062
0.77926 464.1864213305655 1.779482662361071 29179215.03312473 776
0.794845 213.1033275807356 2.337410569924074 12895578.02982624 432
0.81043 264.3579400290955 1.751231825131415 15335405.63522686 200
0.826016 578.9041820409402 0.9152744292417492 32266504.26428415 168
0.841601 447.1434953161425 0.2531685221561 24049491.28834994 56
0.857186 398.1908563042149 0.8629520828118432 20660871.75218848 7


0.0155852 2.82555632816767e+16 26294625073054.18 6.205163308986329e+24 18
0.0311704 1.149681681212362e+17 27190799473677.56 5.322178115905685e+24 62
0.0467556 1.033551280087e+17 8611648650891.325 1.985413177488258e+24 98
0.0623408 2.293881632608433e+16 13146269681069.68 2.41175352178383e+23 210
0.077926 9614003118761746 2788216588404.384 6.486139888185846e+22 350
0.0935112 1357881921259579 945815662298.704 6.369246377000835e+21 450
0.109096 740231676780104.4 189047651888.4663 2.523474124323346e+21 602
0.124682 118297446537241.1 85494312707.85448 3.066936401400749e+20 762
0.140267 43516336443078.02 18109852954.34904 8.939185149254776e+19 1142
0.155852 10369833396006.95 6357327169.291818 1.730596469890127e+19 1250
0.171437 3060293523668.146 2101392371.679668 4.204959979037518e+18 1458
0.187022 1018050901425.093 840095252.7520361 1.171737124708422e+18 1814
0.202608 322335582156.7593 288915959.0146883 3.164239848077298e+17 2178
0.218193 126606719401.3878 103153212.1237455 1.071975738977217e+17 2498
0.233778 43972334485.01254 45870796.6926867 3.23451982637621e+16 2622
0.249363 16875382137.85648 18040878.38139953 1.090076690393853e+16 3338
0.264948 6801342071.129706 7598886.287545868 3897762474285954 3722
0.280534 2513770495.446243 3916215.96454163 1286404506149822 4170
0.296119 1188431253.677819 1827176.244579424 545271817095529.2 4358
0.311704 656772159.0775635 767418.6368199668 271666724163640.8 5034
0.327289 327648576.6051407 406299.1933688913 123001097233315.9 5714
0.342874 157137637.9960956 275365.5034630516 53757744381273.4 5982
0.35846 92864159.66069257 150717.9076540465 29045760491698.11 6602
0.374045 57716169.9133023 92450.50601121354 16569576700957.24 7130
0.38963 35280682.64614481 60285.45260842707 9336521672316.113 8034
0.405215 23259645.02097577 41268.68646592811 5693754157193.517 8606
0.4208 16473680.95041692 27742.08519273968 3739216350266.749 9066
0.436386 11062163.13417633 23872.38030029502 2334631890240.907 9962
0.451971 10133421.83796686 18563.0841482451 1993702910176.148 10550
0.467556 7414981.983815277 14745.22637751401 1362947413182.619 11226
0.483141 7298223.337481013 13935.88889803467 1256116935905.308 12146
0.498726 4791408.299252424 9919.743479020221 773583062628.6296 12303
0.514312 2070419.762891996 4711.318147918841 314229693581.2714 12584
0.529897 663037.3368322001 1732.916023763836 94826704306.49763 12120
0.545482 310165.5029944422 758.8683430057785 41857319870.43176 11180
0.561067 122866.3972198395 371.5454309404687 15671822910.50648 11096
0.576652 65738.62440342009 221.1297473503315 7938902319.717966 10056
0.592238 43950.73534414823 136.924556236655 5031850509.419383 9716
0.607823 28191.16772832103 95.36358110721503 3063855859.653834 8604
0.623408 21264.23347402369 71.10977976938752 2196436305.560025 8060
0.638993 13826.92411702849 53.3130987440153 1359468627.828314 7320
0.654578 11368.44998720213 36.02764980015946 1065535502.517199 6356
0.670164 10260.19333612512 34.50849722565719 917302030.4357803 5348
0.685749 6135.303796801039 23.06449676309612 523679026.127181 4308
0.701334 4365.800346609939 16.00821191480976 356281606.5789199 3563
0.716919 1474.98690198884 6.791409852387355 115241686.0008031 2448
0.732504 1006.535797361645 3.965355735720929 75290380.40297258 1868
0.74809 673.7002775842172 3.248742762705429 48279595.36424465 1358
0.763675 448.2970812925761 1.970791376238171 30819768.1843764 1062
0.77926 397.1880129698193 1.833263334559488 26260868.22734204 776
0.794845 250.3617219237846 1.866387492188409 15933403.97265653 432
0.81043 386.8552589699484 0.9112847156769737 23601093.93480246 200
0.826016 519.236911622206 0.9990704269035059 30439380.56520071 168
0.841601 96.86122632025388 1.869555434510315 5481600.273501045 56
0.857186 8.125444684113795 2.628262945030608 446421.5848312693 7


0.0155852 9.902572541930024e+16 7336654411708.157 2.208451518940047e+25 18
0.0311704 9.964968745086861e+16 25636957280658.77 4.843031570173368e+24 62
0.0467556 3.084820226394826e+16 25935430591046.99 6.249877605655582e+23 98
0.0623408 3.846378060783942e+16 7375944872457.384 4.237028636894858e+23 210
0.077926 7004925373716737 3257102217982.871 4.960947416340953e+22 350
0.0935112 2092234688411687 582609617774.4755 1.028985052784852e+22 450
0.109096 337933935343364.1 321821286775.4195 1.209878276378672e+21 602
0.124682 165491943765594 53942018285.00589 4.500016679565201e+20 762
0.140267 38422513668742.11 17721937067.93133 8.281801202259295e+19 1142
0.155852 9993872846390.445 5703458847.347011 1.749941090604211e+19 1250
0.171437 2190564305816.073 2387956901.537478 3.158830490275466e+18 1458
0.187022 1021439409480.057 729097916.0978154 1.233467565680862e+18 1814
0.202608 293236414591.5703 273813105.2631649 3.020377557748068e+17 2178
0.218193 122726480894.8785 91802502.43921816 1.090262300140778e+17 2498
0.233778 41421486969.13346 42131845.40562519 3.19688831117722e+16 2622
0.249363 16044060649.11833 16425056.6125154 1.08739345860258e+16 3338
0.264948 6192028880.729302 7238251.435845201 3723338045751641 3722
0.280534 2325612153.472651 3646525.844318927 1248719970628231 4170
0.296119 1273191071.017 1477751.664560002 612881577472335.4 4358
0.311704 622151626.9967377 699040.9785078855 270014286226078.6 5034
0.327289 273214083.4057107 424845.9856089749 107620797717762.2 5714
0.342874 141075090.1423043 262758.8338798858 50639672721919.62 5982
0.35846 82388053.70585625 147267.6916082611 27038346777728.25 6602
0.374045 51278445.84895258 90653.64192335072 15446459187333.71 7130
0.38963 32614599.15950545 56921.66986095671 9055941151695.295 8034
0.405215 20136739.48158988 41013.18651437306 5172107982103.302 8606
0.4208 15337192.09706728 25873.83624016572 3652640629934.22 9066
0.436386 10344979.26036002 22154.05460015016 2290758384534.649 9962
0.451971 9796504.879677298 16707.72597065719 2022283074521.25 10550
0.467556 6759676.457520257 13841.49926765005 1303670506746.049 11226
0.483141 6315988.636702641 13801.46044038796 1140599735008.962 12146
0.498726 4534338.751072772 9027.221842130453 768114949231.3289 12303
0.514312 2088817.055900646 4052.405167721688 332622069315.4833 12584
0.529897 673223.2312113532 1486.129842835245 101021233330.5589 12120
0.545482 271048.2985697676 753.7253030912607 38379842546.40976 11180
0.561067 119605.6557241258 330.0896456303656 16006755743.12085 11096
0.576652 64758.45920497142 195.2560888902554 8205408767.62328 10056
0.592238 42231.66603207761 123.5051769789975 5073023284.316177 9716
0.607823 27593.07124957989 84.54688649611352 3146445358.891874 8604
0.623408 20688.5174089698 63.08779640442016 2242145004.940848 8060
0.638993 13300.41230926996 48.11524935586881 1372067944.037575 7320
0.654578 9475.002260270363 37.09596637496781 931812525.1129183 6356
0.670164 9886.960046282615 30.96100937281815 927441150.1399748 5348
0.685749 6645.386480083715 18.32835500059545 595120587.3150126 4308
0.701334 4760.97704520045 12.57216336208227 407644290.0791528 3563
0.716919 1450.177522838615 6.003162165026397 118879537.9074479 2448
0.732504 951.7942652032048 3.644792329301733 74700275.39332233 1868
0.74809 646.8546427244718 2.924512220190023 48637421.98466451 1358
0.763675 459.6202930542305 1.643003803615287 33153019.1721674 1062
0.77926 342.9599685239824 1.827674662300903 23792223.24709147 776
0.794845 383.1710208986741 1.017964918276654 25583021.12489878 432
0.81043 310.1124460519423 1.108681685295909 19851112.02102915 200
0.826016 176.4307250623742 2.41831876868728 10855131.74493145 168
0.841601 45.50837623239612 1.91363132978866 2703665.529001299 56
0.857186 157.1113919299943 1.665417894899833 8997820.966822686 7


0.0155852 2.642465144881684e+16 22381761332392.04 6.376908773777435e+24 18
0.0311704 8.968503339397578e+16 26205128193925.01 4.566030869214022e+24 62
0.0467556 8.46943933398228e+16 9141530871799.658 1.787646055589801e+24 98
0.0623408 2.60547171859429e+16 9577548053002.457 3.007225660022029e+23 210
0.077926 9750902348570360 1997510507665.265 7.22517490971089e+22 350
0.0935112 1811340901399834 583457498713.6556 9.327460085906951e+21 450
0.109096 663041704107546.8 162474641488.3986 2.482918556352502e+21 602
0.124682 137700238092249.9 57158014533.46427 3.920448926551059e+20 762
0.140267 28578225884177.86 20084320500.65864 6.4503540447146e+19 1142
0.155852 9537475960411.398 5221326905.704017 1.748383178039702e+19 1250
0.171437 2292545029855.063 2074963111.033728 3.460716379090907e+18 1458
0.187022 1004844644459.488 644479409.7847469 1.270334199671478e+18 1814
0.202608 275441613992.528 253964285.1225001 2.970230902276841e+17 2178
0.218193 119718415980.3611 81525569.80243272 1.113424036099873e+17 2498
0.233778 38892096653.42229 39058312.41537313 3.142529723075912e+16 2622
0.249363 15285401311.53447 15027667.27937099 1.08458018055548e+16 3338
0.264948 5721996086.884177 6818027.013941525 3602189924980269 3722
0.280534 2313537434.703276 3217242.668182657 1300487334142920 4170
0.296119 1307883808.525426 1230339.009191271 659097442266189.6 4358
0.311704 529101180.3332049 721061.0666658216 240415543735518.6 5034
0.327289 226802197.0263297 436683.4739942757 93536715680950.81 5714
0.342874 150017339.5764703 217841.0241960074 56373267160234.1 5982
0.35846 82882400.15562999 127354.6127042426 28476064788277.14 6602
0.374045 50041112.55323488 80412.80232629695 15780771364590.68 7130
0.38963 30710436.14442864 52456.64671943986 8927316984806.945 8034
0.405215 20634576.70416192 35358.53754972952 5548494098426.826 8606
0.4208 12212361.19802939 27631.12241322814 3045082821665.687 9066
0.436386 11968070.40561176 16557.5563515584 2774339340074.886 9962
0.451971 7950802.350567621 17585.55170256232 1718359697671.954 10550
0.467556 6712905.197515439 12273.85394521278 1355375077014.198 11226
0.483141 6732247.493532524 11342.49324936981 1272772177803.385 12146
0.498726 4298716.547248431 8315.043818594044 762365681939.6266 12303
0.514312 1744019.366850248 4174.372762092366 290755740124.0502 12584
0.529897 585630.9763179994 1468.398009397894 92002428728.64417 12120
0.545482 272268.6921570321 653.8806334995786 40360740257.00454 11180
0.561067 114271.8813843844 301.3231020276162 16010404058.76001 11096
0.576652 64993.26451875735 169.8114398359272 8621393588.14996 10056
0.592238 37936.00468750534 119.3725298375246 4770884335.355717 9716
0.607823 26021.13696829473 78.24301881755987 3106413679.705582 8604
0.623408 19454.10460557802 58.43605719982725 2207285771.938341 8060
0.638993 13380.61118907333 41.84573813559521 1445079717.012349 7320
0.654578 8549.801394766335 35.44709472343648 880285160.825417 6356
0.670164 8909.287192086857 29.87056224986596 874950947.9490211 5348
0.685749 6392.266259937162 16.53656062060967 599308098.8490858 4308
0.701334 4534.168368196926 11.49159669655779 406438087.9343811 3563
0.716919 1424.008075909837 5.329199628725986 122209957.7176247 2448
0.732504 900.1019528539878 3.370122052082577 73957671.94548815 1868
0.74809 621.5419441056707 2.650386095790361 48926572.63084248 1358
0.763675 436.3527729145611 1.511943166934596 32951368.65061408 1062
0.77926 334.8403115417688 1.630118895993219 24318562.00000571 776
0.794845 391.6850623257208 0.8188000920519086 27378024.83175724 432
0.81043 200.274192383624 1.44736640150357 13422846.0304702 200
0.826016 99.09736022033086 2.514419172482245 6385101.629844302 168
0.841601 224.9677586518473 0.9148006952266317 13980317.95611058 56
0.857186 402.694413752646 0.3642956439057324 24139250.01720066 7


0.0155852 8.506594255552085e+16 6772291727226.266 2.077157224215136e+25 18
0.0311704 9.63312475972237e+16 20084967515633.61 5.119785579726039e+24 62
0.0467556 3.368869644743861e+16 20631566900636.94 7.457843620063175e+23 98
0.0623408 2.753274260345384e+16 8237156069316.937 3.319426582201932e+23 210
0.077926 5533415861791176 3002860134025.593 4.288064300279719e+22 350
0.0935112 1234636074155082 721885972931.5444 6.646204261490276e+21 450
0.109096 521746940954081.4 187055953452.2034 2.041760143784681e+21 602
0.124682 99870485464984.28 66987356768.03342 2.971747884477629e+20 762
0.140267 34100115815571.64 15359505137.22911 8.040043863674025e+19 1142
0.155852 8700278627721.22 5024400205.070296 1.666452504101765e+19 1250
0.171437 3012767873028.55 1405196475.238706 4.750621943045733e+18 1458
0.187022 934898164961.3083 606166893.7757334 1.23489642836778e+18 1814
0.202608 272196416701.6986 226906275.7111918 3.066713510070763e+17 2178
0.218193 115757941007.3541 73569177.69138877 1.124830621247756e+17 2498
0.233778 36464637633.49197 36459458.16940624 3.078466504747784e+16 2622
0.249363 14633782448.45247 13766808.86197183 1.084876706845197e+16 3338
0.264948 5376328545.73938 6352847.595705356 3536293514590400 3722
0.280534 2349535238.438158 2791481.395212611 1379865034885176 4170
0.296119 1243601420.651636 1135665.266830031 654789170050088.4 4358
0.311704 442828376.4975004 741692.9190890465 210245780523717.1 5034
0.327289 233787279.3218298 377658.0230305917 100734544706109.6 5714
0.342874 154413722.0202394 184398.3906253411 60623852190135.84 5982
0.35846 80930487.65696079 114180.9813826244 29051252553103.05 6602
0.374045 47734671.95768091 73757.19714084163 15728025978126.33 7130
0.38963 29639485.00233477 47463.96579849295 9002073372004.186 8034
0.405215 21611314.77894952 29166.38503624694 6071356312444.746 8606
0.4208 13602620.31393614 22250.87018321084 3543544133750.643 9066
0.436386 9519274.485079564 18491.14813674784 2305699254857.593 9962
0.451971 8618209.626030266 14443.04124242414 1945997328510.651 10550
0.467556 6521025.068082825 11038.97717140624 1375629180647.165 11226
0.483141 6120102.024152436 11009.80483761015 1208909749741.084 12146
0.498726 4215047.098749897 7468.946957321085 781021611770.4808 12303
0.514312 1947333.753505163 3320.603432213753 339186794785.6606 12584
0.529897 614120.8380571003 1248.250506005647 100799327394.2091 12120
0.545482 253364.8826455511 617.960817598143 39241903489.72316 11180
0.561067 106111.0161041721 283.4831872699726 15533362051.33024 11096
0.576652 56858.7399432875 168.7872363369462 7880533527.338681 10056
0.592238 37402.77328617982 106.5595752486735 4914575327.517076 9716
0.607823 23573.2583660064 75.407800881903 2940341436.854431 8604
0.623408 17872.98273486598 55.79728618466807 2118788948.218108 8060
0.638993 12957.83900809074 37.8242577377607 1462128444.684841 7320
0.654578 9616.135359517995 28.23979532774902 1034398526.691778 6356
0.670164 8109.378744464711 28.58985692272445 832093576.5846248 5348
0.685749 5023.493182450083 18.45289222346094 492106544.6256917 4308
0.701334 3437.246973973641 13.26567903152422 321935117.5012124 3563
0.716919 1387.081178204773 4.78690830199229 124374833.7364444 2448
0.732504 855.9330324138584 3.10973800512299 73480224.83357264 1868
0.74809 591.5974889920566 2.440557222182002 48656370.91826417 1358
0.763675 407.296792879138 1.42940447494586 32135693.87178497 1062
0.77926 335.7552711808021 1.425567543043655 25477464.23837373 776
0.794845 333.1553878405905 0.9329370421892116 24331002.28972451 432
0.81043 157.3686678863444 1.474726229512681 11020598.996605 200
0.826016 195.8192211464838 1.859465702295557 13177472.16822831 168
0.841601 347.0149747952439 0.2624872812750954 22529374.65206398 56
0.857186 462.0172218717253 0.0004291182547355218 28935804.68088478 7


0.0155852 2.46267958218452e+16 19342037415233 6.480671054483902e+24 18
0.0311704 7.142458070311156e+16 24884377966766.57 3.967671373793026e+24 62
0.0467556 6.787975801408339e+16 9969159686341.857 1.561835772330971e+24 98
0.0623408 2.929428486674088e+16 6575102823012.688 3.68241989420665e+23 210
0.077926 8744025099919881 1728906275500.346 7.060179847272729e+22 350
0.0935112 2000642969619514 375192342637.0273 1.122333814377867e+22 450
0.109096 328392083370662.1 241880789987.4546 1.341017501142059e+21 602
0.124682 136651355651628.2 44458800408.02435 4.239040594800508e+20 762
0.140267 34689439045403.9 13159991843.35306 8.529440804218877e+19 1142
0.155852 8114338104672.813 4735942985.639847 1.620924939072512e+19 1250
0.171437 3092777933379.499 1154128948.154369 5.085744887080413e+18 1458
0.187022 840527118104.8524 592551619.3609163 1.157915711684284e+18 1814
0.202608 277652252088.3951 196940217.8741407 3.262228942948483e+17 2178
0.218193 108866096404.8659 69183295.57699572 1.103248111297433e+17 2498
0.233778 34325207120.17765 34089152.92479146 3.022179870109718e+16 2622
0.249363 14101178089.54304 12597680.60550714 1.090228690915476e+16 3338
0.264948 5108891745.769973 5888747.899497146 3504539209594699 3722
0.280534 2357873366.854585 2450083.404064433 1444123669779665 4170
0.296119 1123418671.351183 1125216.65319042 616896960871155 4358
0.311704 404720525.9127504 707387.6593998604 200400225376491.5 5034
0.327289 260993588.9448275 298625.0759885662 117272584221819.6 5714
0.342874 140805147.3483008 179742.3286898163 57653308185682.66 5982
0.35846 72922617.86963896 112467.2995815669 27300206507002.66 6602
0.374045 43485551.42425471 71723.61202058505 14942871194600.51 7130
0.38963 27462147.11198615 45409.36096571373 8698648254671.238 8034
0.405215 17585294.32072623 31773.86576304885 5152502132497.269 8606
0.4208 14296618.92925517 18509.48244591993 3883964518419.621 9066
0.436386 8738017.13563258 17451.26928692711 2207275675438.025 9962
0.451971 8618917.36402481 12748.28179403836 2029606925930.52 10550
0.467556 5853003.568223333 10817.12813574733 1287690786074.292 11226
0.483141 5756645.653802037 10262.91156887075 1185893801174.853 12146
0.498726 4023154.478512124 6852.479121017433 777439291177.0101 12303
0.514312 1737755.837169101 3275.659896867021 315670375179.1805 12584
0.529897 565117.9032094615 1180.955495802298 96735483307.2989 12120
0.545482 248410.6728660676 554.7597957643075 40124531205.38328 11180
0.561067 106887.885196264 249.0790677466745 16317988977.98113 11096
0.576652 59271.64530548705 144.122813525645 8567111108.010325 10056
0.592238 36560.04119609411 96.16732232371452 5009860059.212773 9716
0.607823 23795.2152726677 66.0282990408535 3095283512.225724 8604
0.623408 17143.76724859846 51.34871044802182 2119512305.291019 8060
0.638993 11814.04907321503 36.51056507472476 1390261285.855894 7320
0.654578 9845.695918331017 24.11813777016825 1104500624.238927 6356
0.670164 8438.948263082257 24.3719915934291 903031926.7949508 5348
0.685749 4396.755568537552 18.25294896727604 449195349.7002644 4308
0.701334 2993.628650037553 13.14205611689563 292419032.3593833 3563
0.716919 1350.514522099158 4.333942095961376 126289521.1827656 2448
0.732504 804.0893345062125 2.913707856891024 71990644.38256073 1868
0.74809 561.9104551423898 2.264040929430982 48197057.04042443 1358
0.763675 386.6110258804416 1.331079551293775 31811999.3561203 1062
0.77926 330.529617744108 1.274958751107743 26156514.97405684 776
0.794845 280.0024635103075 1.02197978707412 21326821.50514967 432
0.81043 156.3221928943351 1.333044066566682 11416711.30530199 200
0.826016 290.358179032766 1.27926397180412 20374839.96945722 168
0.841601 371.0781130340351 0.08106429247622002 25124612.95016973 56
0.857186 409.5318001801837 0.1429350962162497 26749009.11858209 7


