0.0512129 1.030463066826033e-05 9.135735292400663e-07 0.7331386035394334 18
0.102426 6.665067332104942e-05 8.328626521335512e-06 1.28006919959688 62
0.153639 0.0002165295944037648 2.409028198255259e-05 1.785332098746202 98
0.204852 0.0005074836253248376 8.411744540798557e-05 2.327864019126788 210
0.256064 0.0009975842540042349 0.0001928784612946236 2.962045765129421 350
0.307277 0.001429945269671513 0.0003273623782955076 2.962106302826051 450
0.35849 0.002272875907787359 0.0005203193998294731 3.429402706218692 602
0.409703 0.003066032665560729 0.0008501829377710446 3.52279731171698 762
0.460916 0.003973525485198638 0.001496292709926236 3.625008337677109 1142
0.512129 0.005132192710496483 0.002087899550822724 3.805381534321156 1250
0.563342 0.006214161447578525 0.002991777392058699 3.796211567822959 1458
0.614555 0.008308893154464637 0.00401698321170955 4.251625433908869 1814
0.665768 0.009495530720955121 0.005499245776516171 4.146386391885873 2178
0.716981 0.01172371890465185 0.007281893403366757 4.41625672322871 2498
0.768193 0.01373250552858173 0.009930818425128777 4.495440715236105 2622
0.819406 0.01537480874057999 0.01226007798203988 4.420510096748396 3338
0.870619 0.01730148147133822 0.01514268235006668 4.413924814954957 3722
0.921832 0.01998419437079935 0.01913034124146146 4.552691706252085 4170
0.973045 0.02218217295351339 0.02346555402203978 4.531478629289326 4358
1.02426 0.001309384516389694 0.001408657281021009 0.2411399424694623 5034
1.07547 7.617389403118504e-34 5.279843483837926e-34 1.272048972889694e-31 5714
1.12668 8.487281755781366e-34 5.683036221639196e-34 1.291346151207095e-31 5982
1.1779 8.860590359596284e-34 6.07218722847543e-34 1.23255408148864e-31 6602
1.22911 1.029758853191376e-33 6.666852227649964e-34 1.314759211708157e-31 7130
1.28032 1.046713759388356e-33 6.841798225713312e-34 1.231851949384826e-31 8034
1.33154 1.179228619603872e-33 7.661384281783354e-34 1.28365932299263e-31 8606
1.38275 1.211598308413007e-33 8.025580419498527e-34 1.222948737908726e-31 9066
1.43396 1.264777384344528e-33 8.490995820226537e-34 1.186962556977996e-31 9962
1.48517 1.368386594246962e-33 9.091694586040643e-34 1.197212634968221e-31 10550
1.53639 1.434280569560011e-33 9.808795056061378e-34 1.172318282315973e-31 11226
1.5876 1.505082186759633e-33 1.026729441080154e-33 1.151937841773819e-31 12146
1.63881 1.531184783076851e-33 1.088405746803006e-33 1.099308940474768e-31 12303
1.69003 1.513358852419147e-33 1.0652753620173e-33 1.021356492490306e-31 12584
1.74124 1.429228377416452e-33 1.062757507546332e-33 9.089501649977759e-32 12120
1.79245 1.409615135629526e-33 1.003728352434776e-33 8.458817226986606e-32 11180
1.84366 1.328019419263643e-33 9.265258402237856e-34 7.531945546133006e-32 11096
1.89488 1.274397847461317e-33 8.628627178397295e-34 6.843297503146063e-32 10056
1.94609 1.268441491689796e-33 8.618235894718553e-34 6.457150064369038e-32 9716
1.9973 1.362539496120445e-33 9.084462056251961e-34 6.584215812503412e-32 8604
2.04852 1.396076160934032e-33 9.354417019162075e-34 6.41192684840615e-32 8060
2.09973 1.501017325782615e-33 9.818754623978353e-34 6.561703685783307e-32 7320
2.15094 1.491408099232156e-33 1.046694541521579e-33 6.215498858954197e-32 6356
2.20215 1.550484047445849e-33 1.061894553395197e-33 6.163571267903183e-32 5348
2.25337 1.566151278913463e-33 1.116481936514521e-33 5.943739101272679e-32 4308
2.30458 1.460950761238712e-33 1.055247053102542e-33 5.301182735549879e-32 3563
2.35579 1.546150454272036e-33 1.011284657690233e-33 5.37100688210134e-32 2448
2.40701 1.492745170344091e-33 1.015149630512693e-33 4.964633589559616e-32 1868
2.45822 1.476359178018724e-33 1.09738142160971e-33 4.704208483558054e-32 1358
2.50943 1.691079369764186e-33 1.053117597502629e-33 5.169046675798489e-32 1062
2.56065 1.611897754755869e-33 1.160021250230797e-33 4.738644653052683e-32 776
2.61186 1.664521375254192e-33 1.23119696227376e-33 4.709762566697894e-32 432
2.66307 1.903625016500314e-33 1.037078603703656e-33 5.163683754346553e-32 200
2.71428 1.670234596340401e-33 1.133546374352534e-33 4.353815884401331e-32 168
2.7655 1.980278363861466e-33 1.213876116964487e-33 4.981226790864532e-32 56
2.81671 9.486915217470931e-34 5.106253966775231e-34 2.302223925564283e-32 7


0.0512129 4.427190841603837e-05 1.385811801066737e-05 138.5865980950426 18
0.102426 0.000587947668650636 6.345297897195991e-05 185.3557216397123 62
0.153639 0.002154340575565009 4.301738585172997e-05 227.579031170139 98
0.204852 0.005212660365000969 3.055899408704384e-05 287.3028735098371 210
0.256064 0.003759204686353955 0.0005958094912842917 138.8071289741421 350
0.307277 0.0003685617324547514 0.001146461250757397 16.71232387045586 450
0.35849 0.004892823854453503 0.0004928042242678301 86.59730927685682 602
0.409703 0.00633870515953698 0.000220214051786415 83.5982054590835 762
0.460916 0.0008806418322503084 0.0009185539066766413 10.40851833669861 1142
0.512129 0.004495823468825448 0.0002359263317727067 38.01614849655067 1250
0.563342 0.002514517267350035 0.0004781100356247674 17.67728436848764 1458
0.614555 0.001615213636077352 0.0005486073761305267 9.589863136496668 1814
0.665768 0.003258266254671395 0.0002039326648498852 16.1276568603522 2178
0.716981 0.0009125633780335036 0.0005730505881937992 4.016033177673775 2498
0.768193 0.00307325972086179 0.0001795036210155453 11.37323594167453 2622
0.819406 0.001233632403973698 0.0004901334359463649 4.065076925514145 3338
0.870619 0.002261087155691259 0.0003144187425159966 6.530583265067303 3722
0.921832 0.001745910492302349 0.0004647478034435227 4.517987299948484 4170
0.973045 0.002308246830885274 0.0003994769071179867 5.33428060093464 4358
1.02426 0.0001097607209718786 2.729196479147362e-05 0.229001913083506 5034
1.07547 7.241460036012945e-33 1.676701732320184e-33 1.369507718290624e-29 5714
1.12668 8.465785837496241e-33 1.974472361758918e-33 1.458044312849193e-29 5982
1.1779 9.189661207923062e-33 2.206545871574395e-33 1.446477989282709e-29 6602
1.22911 1.075683985110419e-32 2.549124181466446e-33 1.553162457865339e-29 7130
1.28032 1.137675373333051e-32 2.994125239400347e-33 1.51423615331407e-29 8034
1.33154 1.286024901663044e-32 3.406507182603924e-33 1.582638315294142e-29 8606
1.38275 1.443244069211484e-32 3.786989704672308e-33 1.646242238480808e-29 9066
1.43396 1.563674353155711e-32 4.263316814938367e-33 1.657986922187971e-29 9962
1.48517 1.771052233482176e-32 4.85291647930645e-33 1.750149377891139e-29 10550
1.53639 1.982996931285979e-32 5.378905997292828e-33 1.830132861861079e-29 11226
1.5876 2.151081841723706e-32 6.087856488674702e-33 1.858669207193595e-29 12146
1.63881 2.327610696680351e-32 6.643628363971082e-33 1.886229522858309e-29 12303
1.69003 2.504811475469051e-32 7.32750848524894e-33 1.907825951496064e-29 12584
1.74124 2.719510746855275e-32 8.090537393578836e-33 1.951552567298345e-29 12120
1.79245 2.976821000554219e-32 8.889336660694764e-33 2.015347523708547e-29 11180
1.84366 3.162398086320965e-32 9.991253950377436e-33 2.023450534439707e-29 11096
1.89488 3.278121939051547e-32 1.101858199342284e-32 1.98587026061034e-29 10056
1.94609 3.622772554723547e-32 1.194492880232561e-32 2.080134925442163e-29 9716
1.9973 3.916427988006755e-32 1.322787045546702e-32 2.134495282353624e-29 8604
2.04852 4.294997565224569e-32 1.490804313535414e-32 2.22459820194985e-29 8060
2.09973 4.5328844149836e-32 1.644469829412468e-32 2.234658104890695e-29 7320
2.15094 4.749082237790884e-32 1.706922125055085e-32 2.231592642850198e-29 6356
2.20215 5.217943553191539e-32 1.803453370425978e-32 2.338341380151657e-29 5348
2.25337 5.381584754269231e-32 2.001490106570583e-32 2.302516946764805e-29 4308
2.30458 5.775723389198446e-32 2.290708470729573e-32 2.362722422929455e-29 3563
2.35579 6.197779727450571e-32 2.405849766216568e-32 2.42690639121364e-29 2448
2.40701 6.28132435601843e-32 2.663582901546902e-32 2.355071371320503e-29 1868
2.45822 6.844225756162048e-32 2.739121189331735e-32 2.457903738324931e-29 1358
2.50943 7.352289627031359e-32 2.758767486758427e-32 2.53248640493774e-29 1062
2.56065 7.084853447018812e-32 3.348072979917679e-32 2.347835818030171e-29 776
2.61186 8.165445773510814e-32 3.912061749064776e-32 2.604240298449264e-29 432
2.66307 8.669528343733304e-32 3.838406396253938e-32 2.650213587444318e-29 200
2.71428 1.134272550720476e-31 4.030214678858153e-32 3.330455969439286e-29 168
2.7655 8.905097626185847e-32 3.31259281126595e-32 2.523253022319646e-29 56
2.81671 2.859130602996499e-32 1.56332090688814e-32 7.8178302064159e-30 7


0.0512129 2.324769219871183e-05 4.36870084965768e-06 148.7841678338361 18
0.102426 0.0002959470163957264 1.402892204832663e-05 187.2079013307463 62
0.153639 0.000928044409835832 1.848689250461921e-06 195.6348469661592 98
0.204852 0.001517617690661412 8.053582391980163e-05 175.1374895090538 210
0.256064 0.0002799235378048625 0.0003859940570790737 38.48664358337778 350
0.307277 0.001823916309663453 0.0001768726559380528 89.35522224814925 450
0.35849 0.00233312440113058 0.0001267246448584647 79.97638341101653 602
0.409703 0.0004678360086173363 0.0003746918563117417 14.88661480601595 762
0.460916 0.002009983479157311 8.338666773828108e-05 40.59653806172358 1142
0.512129 0.0004652660189630361 0.0002897496709831874 8.490281495529597 1250
0.563342 0.001634409606685655 6.90052215643625e-05 21.87820365552313 1458
0.614555 0.000553399892970658 0.0002146296904504478 6.496990514509766 1814
0.665768 0.001062885299187911 0.0001104626043017745 10.1868400144637 2178
0.716981 0.0008191471942605402 0.0001299029913413267 6.792062323655624 2498
0.768193 0.0006430472803271725 0.0001645625976045427 4.65920285458875 2622
0.819406 0.0008591903860671471 0.0001108866532683987 5.391626258734109 3338
0.870619 0.0007598123270568313 0.0001397021237564848 4.238892069652153 3722
0.921832 0.0007728785724178734 0.0001511162610449578 3.845122892255947 4170
0.973045 0.0009468273262189149 0.0001408983573614214 4.20473315527603 4358
1.02426 3.206959954556323e-05 1.189452224822148e-05 0.1297432890336995 5034
1.07547 6.413825191463729e-33 1.164850720531632e-33 2.328922869909311e-29 5714
1.12668 7.395189568014496e-33 1.349838004945969e-33 2.444543706406355e-29 5982
1.1779 8.093219430025298e-33 1.532923753542263e-33 2.444304929723552e-29 6602
1.22911 9.082121719685724e-33 1.787877711441849e-33 2.516374985461986e-29 7130
1.28032 9.914883081123326e-33 2.003933591446305e-33 2.530717282635585e-29 8034
1.33154 1.11281977334267e-32 2.281896805181782e-33 2.625815691021319e-29 8606
1.38275 1.260019280188823e-32 2.564124046810353e-33 2.75506851323582e-29 9066
1.43396 1.373880686715703e-32 2.909905846624915e-33 2.792069033962756e-29 9962
1.48517 1.54031190040545e-32 3.305904503084525e-33 2.916977144988691e-29 10550
1.53639 1.671495058549552e-32 3.649612749047673e-33 2.956238598407363e-29 11226
1.5876 1.861752069947638e-32 4.041278783181184e-33 3.081804674554681e-29 12146
1.63881 2.053787659601856e-32 4.342003125657877e-33 3.187466339584012e-29 12303
1.69003 2.17999664386939e-32 4.785602203924636e-33 3.179890589657969e-29 12584
1.74124 2.326423533756232e-32 5.399326584055089e-33 3.197371458291459e-29 12120
1.79245 2.539697453690566e-32 5.918271328820576e-33 3.29270814050397e-29 11180
1.84366 2.814693079613127e-32 6.611529609100105e-33 3.448162051169352e-29 11096
1.89488 2.912793339801338e-32 7.09768938481477e-33 3.378017626112866e-29 10056
1.94609 3.210057582266151e-32 7.741224608044659e-33 3.528338523054411e-29 9716
1.9973 3.423387797667163e-32 8.518240421196494e-33 3.571446205818494e-29 8604
2.04852 3.799395405965675e-32 9.410969086633234e-33 3.766326529831506e-29 8060
2.09973 3.775735935645588e-32 1.001420303135344e-32 3.562790409748535e-29 7320
2.15094 4.170429714321278e-32 1.076879181841577e-32 3.750424961797555e-29 6356
2.20215 4.452542150440301e-32 1.178737795367745e-32 3.818974484955018e-29 5348
2.25337 4.822476158049857e-32 1.219316354555619e-32 3.947689238253369e-29 4308
2.30458 5.306290052619664e-32 1.398532434613755e-32 4.152873859198969e-29 3563
2.35579 5.353037038479075e-32 1.597557683534456e-32 4.011695622160644e-29 2448
2.40701 5.611286074563231e-32 1.607802240750804e-32 4.025029763654296e-29 1868
2.45822 6.080508365090288e-32 1.762392501911895e-32 4.178154497003098e-29 1358
2.50943 5.951225954156651e-32 1.860274418006447e-32 3.92331308364838e-29 1062
2.56065 6.836201323612617e-32 1.977661516999159e-32 4.332707684063922e-29 776
2.61186 7.212397472547899e-32 2.324429327555134e-32 4.40048157029369e-29 432
2.66307 6.621357485485782e-32 2.2463372468096e-32 3.873203420172305e-29 200
2.71428 7.50127320632529e-32 2.16766562658904e-32 4.214151629530557e-29 168
2.7655 6.675656636588798e-32 2.726084446712676e-32 3.621722617042695e-29 56
2.81671 3.177547390432328e-32 1.304631134534043e-32 1.66290953782858e-29 7


0.0512129 1.647403865726335e-05 1.942986050980259e-06 153.9174186713818 18
0.102426 0.0001918998354596945 4.08173353288646e-06 185.0991700282208 62
0.153639 0.0005049216226613534 3.118781430623325e-06 167.4922585181399 98
0.204852 0.0005512191956977748 8.72114677230205e-05 113.9781775472183 210
0.256064 0.0002672157105606115 0.0001969860715354836 48.72179820441201 350
0.307277 0.001531049553917306 2.546083417788922e-05 108.5333096186165 450
0.35849 0.0004534428371483553 0.0001950407001498181 28.46202551966887 602
0.409703 0.001158307768621022 7.41808278898134e-05 45.12019828168028 762
0.460916 0.0004536497964984786 0.0001474865871122501 15.11408480254112 1142
0.512129 0.001012045261262023 4.658648761727804e-05 24.68871905175601 1250
0.563342 0.0002969817674269037 0.0001326961453283605 6.519285475210348 1458
0.614555 0.0006432384163529124 6.793960393770819e-05 10.84558013398505 1814
0.665768 0.0005654929303694697 6.518218729317885e-05 8.102995019567388 2178
0.716981 0.0003430445137465715 9.094728601988537e-05 4.318024016796744 2498
0.768193 0.0004872438152030863 7.011965067428093e-05 5.209134186167378 2622
0.819406 0.0004463914871850519 6.749597777103917e-05 4.180347455434398 3338
0.870619 0.0004643792337173727 7.098489856667892e-05 3.846980919528006 3722
0.921832 0.0004474377560593241 8.090899725346856e-05 3.30985220609476 4170
0.973045 0.0004772303313655947 8.7513639594302e-05 3.158316790838866 4358
1.02426 1.73938140442642e-05 6.530219312561265e-06 0.1051158865357305 5034
1.07547 5.348894156587125e-33 9.944298431597024e-34 2.885822154137175e-29 5714
1.12668 6.344792310372565e-33 1.115332194234477e-33 3.112450702085672e-29 5982
1.1779 7.238688057054518e-33 1.22904432570918e-33 3.241202660038031e-29 6602
1.22911 7.862195174737159e-33 1.435512140160783e-33 3.229863952642949e-29 7130
1.28032 8.790268985806696e-33 1.606956530156137e-33 3.325096645905511e-29 8034
1.33154 1.013691739052089e-32 1.861161676558347e-33 3.543677667630437e-29 8606
1.38275 1.105152650481992e-32 2.077579928789662e-33 3.579997270810184e-29 9066
1.43396 1.198761637215425e-32 2.359491205290488e-33 3.608956106127876e-29 9962
1.48517 1.404634647406858e-32 2.583925565282662e-33 3.937735913551996e-29 10550
1.53639 1.529790735331523e-32 2.895615523831506e-33 4.004667558859093e-29 11226
1.5876 1.677578355589428e-32 3.199189978951063e-33 4.110080677341218e-29 12146
1.63881 1.794814566735491e-32 3.523207387910983e-33 4.12353457551736e-29 12303
1.69003 1.950735690081905e-32 3.852047719430885e-33 4.211021101664474e-29 12584
1.74124 2.09973604989248e-32 4.176109418780748e-33 4.269510071619222e-29 12120
1.79245 2.318876028462536e-32 4.662128219377928e-33 4.447631360640085e-29 11180
1.84366 2.47068177318197e-32 5.096031962217591e-33 4.477675412125403e-29 11096
1.89488 2.67148176242843e-32 5.573796310034266e-33 4.582576078832233e-29 10056
1.94609 2.817658530419605e-32 6.102807715591573e-33 4.581531934407254e-29 9716
1.9973 3.054707647963241e-32 6.661931625634225e-33 4.713639204534223e-29 8604
2.04852 3.33749088265119e-32 7.239138571657611e-33 4.893120172625667e-29 8060
2.09973 3.521909605535386e-32 7.516398619605671e-33 4.913202572085127e-29 7320
2.15094 3.740307470907963e-32 8.431506745631414e-33 4.974123955721797e-29 6356
2.20215 4.00599514649093e-32 8.955784292777853e-33 5.080279193978447e-29 5348
2.25337 4.346204747185374e-32 9.765780556058145e-33 5.260957854035396e-29 4308
2.30458 4.807104289711117e-32 1.042711667782522e-32 5.561531540368196e-29 3563
2.35579 5.036125430575032e-32 1.169299408023042e-32 5.578408418492037e-29 2448
2.40701 4.763491463382832e-32 1.251553113310173e-32 5.052994115803222e-29 1868
2.45822 5.48512064200126e-32 1.326987288391328e-32 5.571518342224858e-29 1358
2.50943 5.232838353545531e-32 1.493245490868373e-32 5.101306768921252e-29 1062
2.56065 6.615364114543526e-32 1.408823307522341e-32 6.19526558579992e-29 776
2.61186 6.608293634391344e-32 1.759389507068273e-32 5.959502249841674e-29 432
2.66307 6.372989193111236e-32 1.731693987300782e-32 5.509758588892858e-29 200
2.71428 7.315187098921678e-32 1.603924525148605e-32 6.073046605162885e-29 168
2.7655 9.088094071683287e-32 1.032260538357765e-32 7.271058317217217e-29 56
2.81671 8.894317503829748e-32 1.849221429418262e-32 6.871134585192602e-29 7


0.0512129 1.301803208907431e-05 9.686674039063659e-07 156.8282643704762 18
0.102426 0.0001372882416396785 1.134571169195784e-06 181.1498115337645 62
0.153639 0.000300361681925155 6.652983906878014e-06 144.4728921631929 98
0.204852 0.0002130425943325032 7.854646972004337e-05 82.14961172562214 210
0.256064 0.0004039804427155029 9.614475738008399e-05 74.10037906265786 350
0.307277 0.0009072442543875649 3.202629169497024e-05 88.36141126022676 450
0.35849 0.000220637978967989 0.0001383750895722982 21.8487815206734 602
0.409703 0.000858925511511547 3.556235714456164e-05 44.50843163396639 762
0.460916 0.0003617386801401343 8.6553381658456e-05 16.01115312973649 1142
0.512129 0.0003828297439221354 7.356708877893906e-05 13.18650512783157 1250
0.563342 0.0005428779369329068 3.464060779115928e-05 14.55872577074819 1458
0.614555 0.0002630555054301436 6.847814654363627e-05 6.185970316448982 1814
0.665768 0.0002993001879959533 5.446141198787005e-05 5.821830724757326 2178
0.716981 0.0003593726255377184 3.895598465772793e-05 5.894699594706511 2498
0.768193 0.0003339295297506276 4.368026412536633e-05 4.756138697703226 2622
0.819406 0.0002771709442190241 4.698456233008101e-05 3.472974449708864 3338
0.870619 0.0003113369956297433 4.571079876300683e-05 3.435174726236688 3722
0.921832 0.0002950624622738796 5.294547664167305e-05 2.909041751512813 4170
0.973045 0.0003352485001568647 5.389713857204329e-05 2.948119096893681 4358
1.02426 1.04688772997432e-05 4.411577521328867e-06 0.08499299903253674 5034
1.07547 4.963549821452188e-33 8.469596129129381e-34 3.558234055473826e-29 5714
1.12668 5.723742466128122e-33 9.302430955704245e-34 3.729362828205206e-29 5982
1.1779 6.548187501054407e-33 1.074315274197679e-33 3.894395528934893e-29 6602
1.22911 7.186566391554044e-33 1.233915029083767e-33 3.919555886086637e-29 7130
1.28032 7.923021200265622e-33 1.380583958886984e-33 3.978670435759872e-29 8034
1.33154 9.445352042347654e-33 1.559621545629712e-33 4.379830579618512e-29 8606
1.38275 1.016968098582081e-32 1.778021462829824e-33 4.370467200893951e-29 9066
1.43396 1.123518174240231e-32 1.934193766394183e-33 4.48409697396771e-29 9962
1.48517 1.239833295972561e-32 2.225216360858324e-33 4.61107246034526e-29 10550
1.53639 1.378320753888662e-32 2.530314106636249e-33 4.78614410343489e-29 11226
1.5876 1.537818020459504e-32 2.777926064321669e-33 4.995812227575e-29 12146
1.63881 1.654942428746666e-32 2.957284195157879e-33 5.039703104989379e-29 12303
1.69003 1.759307183822828e-32 3.304331629199332e-33 5.034950347237233e-29 12584
1.74124 1.895520658802963e-32 3.50754182952602e-33 5.108519776393973e-29 12120
1.79245 2.081291292236273e-32 3.974664953960482e-33 5.29112839141292e-29 11180
1.84366 2.270887144017556e-32 4.286335515185366e-33 5.4534303627638e-29 11096
1.89488 2.417890640004799e-32 4.790826711954892e-33 5.496544725158466e-29 10056
1.94609 2.639185234667369e-32 4.983526452775252e-33 5.683923614137311e-29 9716
1.9973 2.889761779430808e-32 5.50680377172323e-33 5.906029460656558e-29 8604
2.04852 2.991781296765612e-32 6.201717877970673e-33 5.81188072421681e-29 8060
2.09973 3.19681012906745e-32 6.564699875663414e-33 5.90881954485256e-29 7320
2.15094 3.45697542687327e-32 6.806374056015139e-33 6.088141133877536e-29 6356
2.20215 3.705090248878336e-32 7.517328399198848e-33 6.223119600981902e-29 5348
2.25337 4.016008886967008e-32 8.015459203154122e-33 6.437665104250271e-29 4308
2.30458 4.28659240795028e-32 8.63541726490605e-33 6.568379974780894e-29 3563
2.35579 4.59208200361192e-32 9.261957604761557e-33 6.734877441920335e-29 2448
2.40701 4.484650272927685e-32 1.001207901664732e-32 6.298516088087592e-29 1868
2.45822 5.032248780435424e-32 1.125364862389216e-32 6.769284755018041e-29 1358
2.50943 5.267117909513531e-32 1.203940744309555e-32 6.796331519310726e-29 1062
2.56065 6.175692464815081e-32 1.212979549206046e-32 7.657859947086968e-29 776
2.61186 6.251687760347027e-32 1.21381332985946e-32 7.459728151877178e-29 432
2.66307 6.736576332726546e-32 1.337002234791769e-32 7.706094480346495e-29 200
2.71428 6.316416392357473e-32 1.575539110175238e-32 6.947696717482942e-29 168
2.7655 6.222083670884768e-32 1.645462867437271e-32 6.603846728429088e-29 56
2.81671 5.97033746639298e-32 2.020626469822215e-32 6.119289201832988e-29 7


0.0512129 1.081934254116576e-05 4.950785421679448e-07 158.5070156422381 18
0.102426 0.0001029186539198085 2.71462077482846e-07 176.2006722003669 62
0.153639 0.0001849271934496104 9.333538850441081e-06 125.8813703823568 98
0.204852 8.512118997060426e-05 6.626572422593938e-05 67.37075588028495 210
0.256064 0.0004553884841660186 4.565887350186491e-05 93.62555520164361 350
0.307277 0.0004609802371623758 5.116029273091534e-05 61.98867539918301 450
0.35849 0.0003287610619437622 7.470462589861642e-05 33.6763092300519 602
0.409703 0.0004057339649064401 5.707953967052947e-05 28.42323076654869 762
0.460916 0.0004216122782752744 3.8747009053986e-05 22.13608812776999 1142
0.512129 0.0001887868305005621 6.550440271335388e-05 8.836575838371331 1250
0.563342 0.0003034662202817376 3.844106821106124e-05 10.48123311643888 1458
0.614555 0.0003201820160649439 2.97590758783938e-05 9.055838443881857 1814
0.665768 0.0002161981431610629 3.891046733512056e-05 5.302357090729253 2178
0.716981 0.0001948333749698729 3.784366097880386e-05 4.096142171416433 2498
0.768193 0.0002090841910776587 3.648261598227677e-05 3.77241547788197 2622
0.819406 0.0002170656530665137 3.117500177010838e-05 3.397576538950855 3338
0.870619 0.0002040159164294874 3.613273968559461e-05 2.835682748207578 3722
0.921832 0.0002389299638401368 3.401106316467979e-05 2.935986666109305 4170
0.973045 0.0002509431461810588 3.7300251031042e-05 2.758129125549748 4358
1.02426 1.278982190107241e-05 2.340459297759979e-06 0.1269160453652808 5034
1.07547 4.641185937711406e-33 7.632787759120422e-34 4.15860409100952e-29 5714
1.12668 5.215977072230126e-33 8.514616414628979e-34 4.248717781345595e-29 5982
1.1779 5.964230560414865e-33 9.485503277042971e-34 4.430550214661068e-29 6602
1.22911 6.670842147979411e-33 1.110031277875063e-33 4.543362357949256e-29 7130
1.28032 7.35434502794253e-33 1.206676247021399e-33 4.609008717318122e-29 8034
1.33154 8.512762170102163e-33 1.404510536850212e-33 4.928131806451822e-29 8606
1.38275 9.37053181647812e-33 1.607105933716533e-33 5.026031048047342e-29 9066
1.43396 1.030532110851943e-32 1.74860567566945e-33 5.132165090130637e-29 9962
1.48517 1.167127656283685e-32 1.96133191292431e-33 5.412703749533581e-29 10550
1.53639 1.28819991067634e-32 2.19980599131261e-33 5.576891442194407e-29 11226
1.5876 1.416770703982939e-32 2.430553212557763e-33 5.738674421147867e-29 12146
1.63881 1.516733571285448e-32 2.651492509650653e-33 5.759264281090791e-29 12303
1.69003 1.642844885317667e-32 2.898049483949246e-33 5.860304779586596e-29 12584
1.74124 1.735547066636447e-32 3.122386427630223e-33 5.830808754044446e-29 12120
1.79245 1.953325117019929e-32 3.410451017143028e-33 6.187117566068773e-29 11180
1.84366 2.076539291567582e-32 3.72724113516474e-33 6.214194220347096e-29 11096
1.89488 2.249391163265235e-32 4.205704883531206e-33 6.371782551029407e-29 10056
1.94609 2.424633991846645e-32 4.41882113640745e-33 6.506943481706532e-29 9716
1.9973 2.642497647187477e-32 4.86478949692377e-33 6.729289907479502e-29 8604
2.04852 2.824241202377024e-32 5.339696732280628e-33 6.833711653042659e-29 8060
2.09973 3.028824836500213e-32 5.684186884196453e-33 6.972803050921182e-29 7320
2.15094 3.282084064018857e-32 5.878586512920278e-33 7.198482791889864e-29 6356
2.20215 3.472548150358463e-32 6.395210326646757e-33 7.263565608959168e-29 5348
2.25337 3.613839461229585e-32 7.157991696018827e-33 7.216985848542936e-29 4308
2.30458 3.853629917643153e-32 7.254807897340547e-33 7.353984610705525e-29 3563
2.35579 4.044410704326823e-32 8.286771286273419e-33 7.389894360629831e-29 2448
2.40701 4.338768690651427e-32 8.321427530888522e-33 7.585654645074553e-29 1868
2.45822 4.819904626849918e-32 9.840490719306392e-33 8.07351960848077e-29 1358
2.50943 5.163388351118979e-32 9.903469459710894e-33 8.292682834354247e-29 1062
2.56065 5.052799826882005e-32 1.147412688913271e-32 7.808387451562503e-29 776
2.61186 5.411451780857825e-32 1.163506059783437e-32 8.045041473120015e-29 432
2.66307 6.241701753850877e-32 1.288139971327154e-32 8.893558116188945e-29 200
2.71428 6.341086409785731e-32 1.345163783534349e-32 8.681346109717273e-29 168
2.7655 7.718631441294963e-32 8.88583705986202e-33 1.017770955860073e-28 56
2.81671 1.121100038903772e-31 1.004292882476158e-32 1.425194180497172e-28 7


0.0512129 9.220237249052523e-06 2.440955934708295e-07 159.3860531967197 18
0.102426 7.891909912628656e-05 1.835655663069712e-07 170.7048184482857 62
0.153639 0.0001143023489613293 1.100778937321695e-05 111.0889359734249 98
0.204852 4.097862460965623e-05 5.400483726418284e-05 62.85148457607661 210
0.256064 0.0004398433304616475 2.180071093819253e-05 104.0043182234779 350
0.307277 0.0002118490805019159 5.932804978583545e-05 42.2358961792127 450
0.35849 0.0003973180586204327 3.59637676704473e-05 44.77595384445336 602
0.409703 0.0001745293430673414 6.323568602827801e-05 17.54289825359299 762
0.460916 0.0003386716908532215 2.74057922122354e-05 21.4811118932093 1142
0.512129 0.0002517301510922177 3.412991832505429e-05 13.102394308625 1250
0.563342 0.0001413440701297254 4.265824828239049e-05 6.391039192533059 1458
0.614555 0.0002110772661227521 2.789698501826625e-05 7.327180966859559 1814
0.665768 0.0002161496397355531 2.219446818164138e-05 6.263736928561417 2178
0.716981 0.00017321674952461 2.521564729732649e-05 4.349258671425872 2498
0.768193 0.000173651720033173 2.570161236774378e-05 3.76097337026392 2622
0.819406 0.0001565837638309308 2.525796866288527e-05 2.967280021177806 3338
0.870619 0.0001781867165675014 2.41771833315873e-05 2.96206919276069 3722
0.921832 0.0001669903947184583 2.839655746491994e-05 2.482731070136203 4170
0.973045 0.0001863046613385818 2.938243384117306e-05 2.467670865838864 4358
1.02426 1.288318379576929e-05 1.291557077816764e-06 0.1519939096673069 5034
1.07547 4.351317895974529e-33 6.767123243365657e-34 4.682870748586945e-29 5714
1.12668 4.857330514616518e-33 7.979849985777881e-34 4.755643117045916e-29 5982
1.1779 5.489439832228787e-33 8.630946051003229e-34 4.898322335610009e-29 6602
1.22911 6.304802506428769e-33 9.923220278687969e-34 5.153045129069895e-29 7130
1.28032 6.753395896093977e-33 1.106225510699626e-33 5.081903943334558e-29 8034
1.33154 7.980846847018749e-33 1.284801375912052e-33 5.543973340216282e-29 8606
1.38275 8.826010453678617e-33 1.4536569397592e-33 5.678313136271066e-29 9066
1.43396 9.61483505894694e-33 1.586405927696417e-33 5.743560270870619e-29 9962
1.48517 1.065241466697194e-32 1.809726519981984e-33 5.927148591136305e-29 10550
1.53639 1.211735050587013e-32 1.966558623966138e-33 6.28875069571704e-29 11226
1.5876 1.334067499773722e-32 2.209562457890242e-33 6.477789241833759e-29 12146
1.63881 1.395315495787734e-32 2.421602773879967e-33 6.352805315173429e-29 12303
1.69003 1.525813497628194e-32 2.66100502181131e-33 6.524944875492567e-29 12584
1.74124 1.654444031431557e-32 2.815516512001875e-33 6.660129261132418e-29 12120
1.79245 1.809035142241434e-32 3.125893810898952e-33 6.867760077898495e-29 11180
1.84366 1.936723895912745e-32 3.386712238268652e-33 6.945159735518096e-29 11096
1.89488 2.095239133535726e-32 3.716521346794019e-33 7.110113272438986e-29 10056
1.94609 2.275037617426382e-32 4.048287063574314e-33 7.315106324890515e-29 9716
1.9973 2.469512760048862e-32 4.334293766331401e-33 7.532977871270292e-29 8604
2.04852 2.656168953498716e-32 4.907020850394609e-33 7.699541015896727e-29 8060
2.09973 2.816227474197718e-32 5.137337033623255e-33 7.766053240001046e-29 7320
2.15094 3.06217290309615e-32 5.306824170037054e-33 8.043958901158146e-29 6356
2.20215 3.218027127442651e-32 5.835344738605287e-33 8.062418447536469e-29 5348
2.25337 3.345711081090601e-32 6.493428565445786e-33 8.002906240446573e-29 4308
2.30458 3.735330619562086e-32 6.448730540659356e-33 8.533837301056024e-29 3563
2.35579 3.847619664730679e-32 7.330900119132497e-33 8.417447126211716e-29 2448
2.40701 4.075830234630932e-32 7.694143396501907e-33 8.533825583352842e-29 1868
2.45822 4.455621597067596e-32 8.62499789070762e-33 8.935923843774253e-29 1358
2.50943 4.809513859261081e-32 8.829459144628793e-33 9.248555590361572e-29 1062
2.56065 4.936421134084199e-32 9.970212296848985e-33 9.130895062210379e-29 776
2.61186 4.995010339952656e-32 9.643303273205786e-33 8.888393693240269e-29 432
2.66307 5.873787137572265e-32 1.115136586712073e-32 1.00177063504577e-28 200
2.71428 6.595885198247057e-32 1.061977120498058e-32 1.08003102170828e-28 168
2.7655 7.548946537100086e-32 1.007793768528542e-32 1.191885867890437e-28 56
2.81671 5.029354002539869e-32 1.340278061160155e-32 7.681089955286157e-29 7


0.0512129 7.951084778365672e-06 1.082762915443361e-07 159.6926092476368 18
0.102426 6.105653766121146e-05 4.079734611010036e-07 164.9650763499614 62
0.153639 6.932686686267666e-05 1.186316660375248e-05 99.60971406775647 98
0.204852 3.27081102050725e-05 4.293089906117647e-05 64.50095296533999 210
0.256064 0.0003890236610318338 1.187413350991784e-05 106.4989821479185 350
0.307277 9.784805749987597e-05 5.73479144380968e-05 31.66971108841149 450
0.35849 0.0003838541148100202 1.898557892149814e-05 49.27525967593282 602
0.409703 0.000121732948684863 5.269846285596519e-05 15.62352232511093 762
0.460916 0.0002260719476959295 2.824390336366573e-05 17.50542136554491 1142
0.512129 0.0002582498190688843 1.879291970566665e-05 15.31937391104872 1250
0.563342 0.0001472191913502323 2.875483187385787e-05 7.543075654606342 1458
0.614555 0.0001322606793176749 2.745966771167426e-05 5.592245829223955 1814
0.665768 0.0001427443125301197 2.207803670604747e-05 4.958232939281877 2178
0.716981 0.0001474791260207658 1.869196603292574e-05 4.326797643752117 2498
0.768193 0.0001433893352104307 1.973187893357137e-05 3.636585568007155 2622
0.819406 0.0001292856196046693 1.940550637546333e-05 2.867869183147459 3338
0.870619 0.0001291672986303048 2.120128195503202e-05 2.533252415453451 3722
0.921832 0.000148195516640074 2.028934974175577e-05 2.565041517064105 4170
0.973045 0.0001485530762253592 2.33638175803615e-05 2.304196006403109 4358
1.02426 6.997449588916629e-06 1.538109793462822e-06 0.09850378049182013 5034
1.07547 4.025225227806848e-33 6.377242569158164e-34 5.070087396809504e-29 5714
1.12668 4.641416835253046e-33 7.174077251200904e-34 5.307727375279188e-29 5982
1.1779 4.995666871420209e-33 8.0380427027345e-34 5.213057661490981e-29 6602
1.22911 5.701843137998132e-33 9.284940853695232e-34 5.449511493424258e-29 7130
1.28032 6.454154350896837e-33 1.007002584821309e-33 5.669242834718111e-29 8034
1.33154 7.363380865675724e-33 1.192026215246662e-33 5.975151399717074e-29 8606
1.38275 8.180330015924348e-33 1.361482237982919e-33 6.146638953683541e-29 9066
1.43396 9.000972792616873e-33 1.472191525088954e-33 6.276888631532837e-29 9962
1.48517 1.012751056520245e-32 1.653790472348185e-33 6.574572060080378e-29 10550
1.53639 1.128015258209988e-32 1.815960176620639e-33 6.831389285228487e-29 11226
1.5876 1.255879711666723e-32 2.053193919520043e-33 7.114987172527638e-29 12146
1.63881 1.323588431266976e-32 2.219791934575368e-33 7.028692726822314e-29 12303
1.69003 1.476141139297763e-32 2.420528342859077e-33 7.359688809709717e-29 12584
1.74124 1.554885898072016e-32 2.579824867082772e-33 7.299484224847395e-29 12120
1.79245 1.693047469796587e-32 2.886661950089563e-33 7.495720213282942e-29 11180
1.84366 1.812764721919508e-32 3.145780290251574e-33 7.580944346470061e-29 11096
1.89488 1.983405421681592e-32 3.355135934057127e-33 7.845769347518196e-29 10056
1.94609 2.134235524313805e-32 3.679708255185457e-33 7.999937505508233e-29 9716
1.9973 2.326723778064858e-32 4.025805313087101e-33 8.274004167857364e-29 8604
2.04852 2.595563531689919e-32 4.335388929270031e-33 8.765358519389348e-29 8060
2.09973 2.724659643456853e-32 4.611006885336167e-33 8.754628942839646e-29 7320
2.15094 2.815341636391999e-32 5.006927325415796e-33 8.622452562672956e-29 6356
2.20215 3.034474959761033e-32 5.325989973285585e-33 8.85997616708849e-29 5348
2.25337 3.264233201394398e-32 5.800870178091784e-33 9.095952291236163e-29 4308
2.30458 3.328582006392983e-32 6.358419959727123e-33 8.868635153426444e-29 3563
2.35579 3.794517370095928e-32 6.639635402770431e-33 9.669972145722858e-29 2448
2.40701 3.813757612864381e-32 7.090501351644532e-33 9.305215446723106e-29 1868
2.45822 4.11207006922908e-32 8.057533490830504e-33 9.611568487326365e-29 1358
2.50943 4.684581687794874e-32 8.087905152018185e-33 1.04939613263187e-28 1062
2.56065 4.543187140206414e-32 9.259885707811248e-33 9.79330852757405e-29 776
2.61186 4.726575300584397e-32 8.994455360637899e-33 9.799564830105219e-29 432
2.66307 5.771295336959924e-32 1.034493658372926e-32 1.146583338417241e-28 200
2.71428 5.515751277942821e-32 9.638677289286707e-33 1.052686905245058e-28 168
2.7655 8.402738914167811e-32 7.264083831255753e-33 1.543742924324407e-28 56
2.81671 5.91342308598074e-32 9.347211869647217e-33 1.049408416618184e-28 7


0.0512129 6.884224648771601e-06 3.812422588921071e-08 159.5660229711272 18
0.102426 4.722555189089304e-05 7.496804302287925e-07 159.2104541281322 62
0.153639 4.035226222709264e-05 1.209270088035111e-05 91.04605826662328 98
0.204852 3.950610790858613e-05 3.337885680920306e-05 69.67968260196609 210
0.256064 0.000324470646293934 9.053282832949198e-06 103.3629653803961 350
0.307277 6.232124134524305e-05 4.956048569584304e-05 28.90065599393657 450
0.35849 0.0003214231417871013 1.47377216747628e-05 47.72440936189597 602
0.409703 0.0001431848567173238 3.689251501724389e-05 19.07851078974465 762
0.460916 0.0001514427019520861 2.811231404591761e-05 14.29255284758124 1142
0.512129 0.000195117311336439 1.79482179377316e-05 13.54385564516545 1250
0.563342 0.0001671347538493335 1.681930147519671e-05 9.42608956640089 1458
0.614555 0.0001192473224534221 2.091113662279332e-05 5.75669985608447 1814
0.665768 0.0001025291786521299 2.024236720643784e-05 4.186281435932265 2178
0.716981 0.0001103628317742452 1.691703599097823e-05 3.765418599049902 2498
0.768193 0.0001071772346222337 1.775506311500411e-05 3.157128588811724 2622
0.819406 0.0001101320188786371 1.531993748316542e-05 2.800578274472343 3338
0.870619 0.0001098530141221963 1.679764142192498e-05 2.469538216409204 3722
0.921832 0.0001107712596371845 1.829135213821494e-05 2.215574732686256 4170
0.973045 0.0001263538249679852 1.849079159232735e-05 2.24429686696825 4358
1.02426 7.538319045855244e-06 9.832854223742836e-07 0.11981430141537 5034
1.07547 3.848731397274255e-33 5.809721450910508e-34 5.551789983823765e-29 5714
1.12668 4.3630909966932e-33 6.733627193402377e-34 5.717705400977747e-29 5982
1.1779 4.866077419531849e-33 7.321716934394789e-34 5.809596508759766e-29 6602
1.22911 5.602383524877566e-33 8.419816390087978e-34 6.122922298562352e-29 7130
1.28032 6.158095070078456e-33 9.422130006908624e-34 6.191254405762215e-29 8034
1.33154 7.018435706775854e-33 1.109874366528942e-33 6.516454874231325e-29 8606
1.38275 7.84549871380229e-33 1.26749899665456e-33 6.744212893615115e-29 9066
1.43396 8.557445966605905e-33 1.386031048165343e-33 6.827580477641183e-29 9962
1.48517 9.456614953148015e-33 1.543353373335093e-33 7.023526653630226e-29 10550
1.53639 1.064804384503369e-32 1.703959852009301e-33 7.375572197286149e-29 11226
1.5876 1.180361012508477e-32 1.905760669079652e-33 7.646880317813308e-29 12146
1.63881 1.265418466750354e-32 2.047961333490536e-33 7.681028038006668e-29 12303
1.69003 1.41015319085485e-32 2.230774350415945e-33 8.035570719264804e-29 12584
1.74124 1.469953603881786e-32 2.41762538723483e-33 7.888767213703428e-29 12120
1.79245 1.595882874394518e-32 2.719758232276382e-33 8.077377400562108e-29 11180
1.84366 1.717177070471623e-32 2.930744534847478e-33 8.207229368110489e-29 11096
1.89488 1.872103130272766e-32 3.123496841839008e-33 8.462783422371052e-29 10056
1.94609 2.036556721098601e-32 3.433948495523205e-33 8.722449415716045e-29 9716
1.9973 2.168895662844272e-32 3.814697788835808e-33 8.815469501416944e-29 8604
2.04852 2.423593300967802e-32 4.127300447969247e-33 9.353657241967654e-29 8060
2.09973 2.50566221235384e-32 4.426664878112384e-33 9.2021693525888e-29 7320
2.15094 2.718906979003181e-32 4.565268431400077e-33 9.509716242807808e-29 6356
2.20215 2.814902081083171e-32 4.957055768246061e-33 9.390114339314296e-29 5348
2.25337 3.075927850814116e-32 5.357057619439643e-33 9.790343508395828e-29 4308
2.30458 3.255655140446409e-32 5.572075752595494e-33 9.901914924974168e-29 3563
2.35579 3.477774971097204e-32 6.294957101596745e-33 1.012605990605329e-28 2448
2.40701 3.705103121848074e-32 6.436439172273521e-33 1.032183489035242e-28 1868
2.45822 4.190471107540094e-32 6.893262388444399e-33 1.117584643761851e-28 1358
2.50943 4.335991334485629e-32 8.294639747533172e-33 1.110037199735961e-28 1062
2.56065 4.623240639200462e-32 8.276183377466824e-33 1.137397954232888e-28 776
2.61186 4.666027702058329e-32 8.290534357962532e-33 1.104435092737771e-28 432
2.66307 5.704114959669915e-32 1.001940937917617e-32 1.294055097890096e-28 200
2.71428 4.929772959009388e-32 9.688232215355198e-33 1.075032408312487e-28 168
2.7655 5.366558248197913e-32 9.810588161456379e-33 1.128505776362667e-28 56
2.81671 8.605868843386122e-32 8.085933178576308e-33 1.740871036044764e-28 7


0.0512129 5.953739531982377e-06 7.780886964027441e-09 159.1038661407625 18
0.102426 3.626331687872353e-05 1.116461937735915e-06 153.6250046729116 62
0.153639 2.195003318450788e-05 1.185374695071261e-05 85.04665662964601 98
0.204852 5.155698852894667e-05 2.537738490099221e-05 76.60874065483672 210
0.256064 0.0002588144192189538 9.599796535774909e-06 96.77818857479954 350
0.307277 6.629522667170578e-05 3.955333257029434e-05 31.42127192871823 450
0.35849 0.0002443843776892876 1.610488986078475e-05 42.62374749031628 602
0.409703 0.0001727266920950566 2.33730589003991e-05 23.6967631309661 762
0.460916 0.0001175504520599126 2.496754774604196e-05 13.03264065337746 1142
0.512129 0.0001267994276183211 2.047954593641895e-05 10.54534621834536 1250
0.563342 0.0001483226548675127 1.300183664719947e-05 9.431353226522786 1458
0.614555 0.0001171931908437115 1.506237103105378e-05 6.285961697279483 1814
0.665768 9.840666661956213e-05 1.516878558782417e-05 4.483921617322325 2178
0.716981 8.634786407962153e-05 1.512961335221616e-05 3.37398488622624 2498
0.768193 9.543781448424939e-05 1.408821452812553e-05 3.167483172099411 2622
0.819406 8.481324798406914e-05 1.401200695694556e-05 2.46260144325488 3338
0.870619 9.746486640827679e-05 1.33306919271884e-05 2.467651892654958 3722
0.921832 9.653547552610722e-05 1.482343404246837e-05 2.177489799024626 4170
0.973045 0.0001032055156753742 1.59639495776054e-05 2.075459026185348 4358
1.02426 6.102368826602584e-06 8.635209056311022e-07 0.1097616866284267 5034
1.07547 3.552676217363505e-33 5.61805562239202e-34 5.793107948118468e-29 5714
1.12668 4.095142962414069e-33 6.318890107865749e-34 6.057303306659359e-29 5982
1.1779 4.49110639820097e-33 7.119928077380249e-34 6.057068839662369e-29 6602
1.22911 5.113450388649921e-33 8.249461941081491e-34 6.313075235114126e-29 7130
1.28032 5.664156782758429e-33 9.32602276337013e-34 6.431106553513713e-29 8034
1.33154 6.690982941577862e-33 1.046229165346152e-33 7.002211709332151e-29 8606
1.38275 7.605657329550515e-33 1.157972686346726e-33 7.360322480667806e-29 9066
1.43396 8.173285691563244e-33 1.302149091543102e-33 7.345997333188336e-29 9962
1.48517 9.049020105337912e-33 1.44908166649471e-33 7.569199884800592e-29 10550
1.53639 1.033311500750637e-32 1.592252482425169e-33 8.057286835999946e-29 11226
1.5876 1.149586847705702e-32 1.753319730936687e-33 8.380660542778292e-29 12146
1.63881 1.200120638890898e-32 1.948219942585178e-33 8.203593266319287e-29 12303
1.69003 1.313811454328775e-32 2.135419801238588e-33 8.431999713070406e-29 12584
1.74124 1.415414270477623e-32 2.257860850289032e-33 8.548299673804599e-29 12120
1.79245 1.553509416221605e-32 2.545888910756013e-33 8.847194903263046e-29 11180
1.84366 1.642166841838555e-32 2.740626995902686e-33 8.832539699946958e-29 11096
1.89488 1.786487085461032e-32 2.966918671790413e-33 9.088759704100735e-29 10056
1.94609 1.953176867167049e-32 3.23784741452525e-33 9.412598989457809e-29 9716
1.9973 2.104892602874925e-32 3.587566839035425e-33 9.624608335011117e-29 8604
2.04852 2.328635844571072e-32 3.868281614412271e-33 1.011024201623532e-28 8060
2.09973 2.422555266995261e-32 4.19734318321159e-33 1.000882086979967e-28 7320
2.15094 2.60211526278021e-32 4.301165934832647e-33 1.023810127640481e-28 6356
2.20215 2.714575851688083e-32 4.698152274036573e-33 1.018607248821334e-28 5348
2.25337 2.929043586149298e-32 5.053941492183213e-33 1.048719757163831e-28 4308
2.30458 3.06881608622598e-32 5.413771734946869e-33 1.050163087143042e-28 3563
2.35579 3.336938570925088e-32 5.98272281994528e-33 1.092865896863664e-28 2448
2.40701 3.581863759647482e-32 6.06149028922223e-33 1.122132854684439e-28 1868
2.45822 3.825963815615076e-32 6.883031250794847e-33 1.148347687524967e-28 1358
2.50943 4.527874962333496e-32 7.339093586660413e-33 1.30232286657862e-28 1062
2.56065 4.186701701977817e-32 7.839400219669232e-33 1.158781150023792e-28 776
2.61186 4.406317159526023e-32 8.114056943846415e-33 1.173192186213456e-28 432
2.66307 4.852849463485428e-32 9.913833928053022e-33 1.239251874195494e-28 200
2.71428 5.118052221840933e-32 8.701577299399032e-33 1.25409038128597e-28 168
2.7655 5.36522038806334e-32 1.065829918062099e-32 1.269302710684205e-28 56
2.81671 2.825135224735938e-32 1.4965649583441e-32 6.513341827418888e-29 7


