0.0323131 4.23088710715192e-06 1.41012358239413e-07 1.066333728796537 18
0.0646262 2.731756476282336e-05 1.2831453960261e-06 2.028499888422477 62
0.0969393 8.854848985866118e-05 3.723815494887037e-06 2.871120199828826 98
0.129252 0.0002070224186324827 1.301804943512399e-05 3.745363044536377 210
0.161565 0.0004057458639556769 2.993071852899092e-05 4.76522728166948 350
0.193879 0.0005800360162344932 5.093282699695648e-05 4.759281531929241 450
0.226192 0.0009198749022192352 8.114942635184134e-05 5.50489710248937 602
0.258505 0.001238273056690414 0.0001328465714896814 5.645117931428783 762
0.290818 0.00160182653084538 0.0002342705205868446 5.79834329735344 1142
0.323131 0.002065605516851888 0.000327368626353415 6.079893415469084 1250
0.355444 0.002497879534536662 0.0004696752179855998 6.058186293786274 1458
0.387757 0.003336145884996481 0.0006312817278137806 6.780200757548863 1814
0.42007 0.003808919524864791 0.0008650390607572895 6.606044024126891 2178
0.452383 0.004698877622418603 0.001146398482117022 7.031678423107765 2498
0.484696 0.005500206662593605 0.001564491535791216 7.152777627667866 2622
0.51701 0.006154338426071175 0.001932617852259374 7.030017095564633 3338
0.549323 0.006921800207581722 0.002388201575919721 7.016218995130713 3722
0.581636 0.007991357836394672 0.003018555601156736 7.233945583428434 4170
0.613949 0.008866856128395542 0.003704014220483665 7.197615295605796 4358
0.646262 0.009633033050737207 0.004622416012237859 7.051417335244191 5034
0.678575 0.0110322134081081 0.005539386354579922 7.329584870450456 5714
0.710888 0.01205088906595079 0.006577823019595994 7.296467019228496 5982
0.743201 0.01367363680621342 0.007979988221338521 7.569939334111226 6602
0.775514 0.01449878393072209 0.009067713557366604 7.368038272123154 7130
0.807827 0.0159482831289387 0.01097690195106662 7.471434571434714 8034
0.840141 0.01706888246800749 0.01309667271843699 7.397500221621404 8606
0.872454 0.01852503641475146 0.01503238753832838 7.444836851030955 9066
0.904767 0.02005124074680581 0.01762737963978013 7.492690312778795 9962
0.93708 0.02150050866676629 0.01979679911090346 7.49019568975927 10550
0.969393 0.02288760203505101 0.02245017944024298 7.449432689894594 11226
1.00171 0.01035630452763827 0.01066820787049461 3.156344902069021 12146
1.03402 1.942760782487284e-33 1.152701315373151e-33 5.551897265767069e-31 12303
1.06633 2.021530725031371e-33 1.221360324146474e-33 5.430711044080043e-31 12584
1.09865 2.049123865404647e-33 1.28868279103204e-33 5.18730061553072e-31 12120
1.13096 2.184792117653749e-33 1.342963397738241e-33 5.218740092051779e-31 11180
1.16327 2.1668854242266e-33 1.465618835223737e-33 4.892259088268631e-31 11096
1.19558 2.249331270048049e-33 1.486818869330784e-33 4.808115070381588e-31 10056
1.2279 2.378976214792197e-33 1.507339890393606e-33 4.820875701111955e-31 9716
1.26021 2.41950650841772e-33 1.578177611473699e-33 4.654286055413708e-31 8604
1.29252 2.386394826769687e-33 1.576944051835829e-33 4.363063523460992e-31 8060
1.32484 2.435453932100844e-33 1.566156739695882e-33 4.238308556904304e-31 7320
1.35715 2.295675799281867e-33 1.450528728349288e-33 3.80857964495153e-31 6356
1.38946 2.307906513699165e-33 1.37829463314619e-33 3.652149756210175e-31 5348
1.42178 2.200418216590524e-33 1.429080789737824e-33 3.324309064540918e-31 4308
1.45409 2.165450988001407e-33 1.326351212243533e-33 3.127887789563789e-31 3563
1.4864 2.340334237933291e-33 1.397971280992125e-33 3.236366558041465e-31 2448
1.51872 2.308639320464324e-33 1.369983777211573e-33 3.056609918486101e-31 1868
1.55103 2.30118418236318e-33 1.470475159971834e-33 2.918875108783351e-31 1358
1.58334 2.488274944683037e-33 1.500975842609085e-33 3.027818474383205e-31 1062
1.61565 2.283942834092542e-33 1.57677936143631e-33 2.672868217410659e-31 776
1.64797 2.549691162160056e-33 1.664542432362751e-33 2.871842068360219e-31 432
1.68028 2.039948014307086e-33 1.434317252974215e-33 2.203061412679391e-31 200
1.71259 2.826817531906331e-33 1.417806245594325e-33 2.933258583959808e-31 168
1.74491 2.49627018989365e-33 1.122782216878668e-33 2.499534639656565e-31 56
1.77722 4.847548143595376e-33 6.02282646374549e-34 4.682069605948438e-31 7


0.0323131 0.0224116161871466 0.02459385115743379 349069.1413481393 18
0.0646262 0.009553719452441777 0.1621316899444315 148411.7526026746 62
0.0969393 0.4250810834835954 0.3699674286762523 180398.523054933 98
0.129252 4.146778706195778 0.5269228082330266 614795.8451468222 210
0.161565 14.01193354076987 0.2132806980884084 1263004.226692584 350
0.193879 16.20670152019659 0.04361024215950996 1008783.163715789 450
0.226192 8.594103651189812 0.4767192237966997 391525.2794800932 602
0.258505 0.6296212772304924 0.7592241547339621 24611.79178430552 762
0.290818 4.427694987776018 0.2874111263363611 121143.0673985526 1142
0.323131 6.244084048659645 0.03786376037227501 137946.2905355777 1250
0.355444 1.357330841240319 0.2365672346008147 24928.38609030204 1458
0.387757 0.8442509351890322 0.1847376027288552 12997.61552498756 1814
0.42007 2.028522007950384 0.01949951809607323 26342.47195333216 2178
0.452383 0.5868789295864937 0.08001847919411929 6603.303295557002 2498
0.484696 0.2988885044815992 0.06432195418638592 2927.39783711255 2622
0.51701 0.5736215699721172 0.01202876638748898 4901.090633387188 3338
0.549323 0.198420501075412 0.02837172199203161 1508.523478197606 3722
0.581636 0.1489672024922134 0.01896512504808419 1010.481494752808 4170
0.613949 0.1687723418337209 0.009294069234045157 1024.546598159641 4358
0.646262 0.09555650106680627 0.01067019808327316 523.4770001281789 5034
0.678575 0.07991731816933703 0.007310500596789167 397.1092905281058 5714
0.710888 0.05133384022738076 0.007823880101766323 232.615531364103 5982
0.743201 0.04878275223898357 0.005860004635385884 201.975825900318 6602
0.775514 0.05141905540722536 0.003678028990166988 195.2528467741339 7130
0.807827 0.03752342447074768 0.004174101626521792 131.3924531982916 8034
0.840141 0.03043151822899212 0.004087107334905208 98.58244250543014 8606
0.872454 0.02729160162171718 0.003758074351547025 81.97246522424109 9066
0.904767 0.0254113959401826 0.003751195196136045 70.96346027308478 9962
0.93708 0.02452603826288709 0.003563475733001727 63.84382848226819 10550
0.969393 0.0258325134529927 0.003217862295894027 62.8066031236183 11226
1.00171 0.01234793798542382 0.001078286160822415 28.10109389249434 12146
1.03402 3.490242855947147e-29 4.799486301733195e-30 7.453325326276345e-26 12303
1.06633 3.817923083460987e-29 5.301379349314768e-30 7.663673978342924e-26 12584
1.09865 4.088079028851144e-29 5.947436338877559e-30 7.732474887013593e-26 12120
1.13096 4.323328970198406e-29 6.793428630977813e-30 7.716358658154097e-26 11180
1.16327 4.833349729176565e-29 7.373043183441995e-30 8.152801814915539e-26 11096
1.19558 5.109699709083912e-29 8.096700088061511e-30 8.160048656545521e-26 10056
1.2279 5.393211306374633e-29 8.939165326725146e-30 8.165227919192911e-26 9716
1.26021 5.918262343510485e-29 1.031039872562961e-29 8.505573208652715e-26 8604
1.29252 6.176404285539479e-29 1.100250618731102e-29 8.436257050499018e-26 8060
1.32484 6.727035745562371e-29 1.209336315416455e-29 8.745619603066095e-26 7320
1.35715 7.103402675184414e-29 1.323214879934509e-29 8.803671663606455e-26 6356
1.38946 7.916930616497981e-29 1.412419150845005e-29 9.358624305780421e-26 5348
1.42178 8.35248529684636e-29 1.554373413469783e-29 9.426182398378953e-26 4308
1.45409 8.490354595722145e-29 1.720097902617324e-29 9.161353469974188e-26 3563
1.4864 9.057374836942422e-29 1.878714473896272e-29 9.356447110200869e-26 2448
1.51872 9.900651142112337e-29 1.995949757243826e-29 9.791414976553169e-26 1868
1.55103 1.048415970401214e-28 2.173165024473641e-29 9.933242578186876e-26 1358
1.58334 1.235078911542378e-28 2.493671809641681e-29 1.122543277849661e-25 1062
1.61565 1.105909421816229e-28 2.877968851994998e-29 9.668125250709799e-26 776
1.64797 1.253685771701973e-28 2.780882329993085e-29 1.054744522430879e-25 432
1.68028 1.205912917812633e-28 3.68437541471958e-29 9.728847924751945e-26 200
1.71259 1.373178706890276e-28 2.839958738848108e-29 1.064243066870137e-25 168
1.74491 1.262287442517263e-28 3.655542567239135e-29 9.4422699884649e-26 56
1.77722 3.529114768463047e-28 2.030845425640089e-29 2.545094236633985e-25 7


0.0323131 0.1148606657400567 0.003716964555906164 861424.750151086 18
0.0646262 0.9924709561576284 0.009601100581742869 1238918.659288038 62
0.0969393 2.852458256109707 0.001100793388650033 1400238.380215984 98
0.129252 4.508964584590387 0.05928852882154559 1204027.72360089 210
0.161565 1.473702666520438 0.3214618394658015 276397.2718198856 350
0.193879 1.236707814035078 0.3042565823402895 157287.041292802 450
0.226192 5.5393029844786 0.05154092060096024 470094.1810522426 602
0.258505 2.725918111100023 0.1481261769494631 177121.2814167837 762
0.290818 0.8019550177293746 0.1713087382366574 42263.02360862939 1142
0.323131 2.435512447575348 0.02141352712988043 100663.1538859256 1250
0.355444 0.3234830877890632 0.1008920353441207 11375.10018646467 1458
0.387757 1.029404096784783 0.02590739420940632 29349.71470235217 1814
0.42007 0.3646142149346717 0.03974088791516412 8919.668366327718 2178
0.452383 0.3791201792552452 0.01906719720314469 7956.127531815405 2498
0.484696 0.2298743057771968 0.01695944539991472 4193.786169234687 2622
0.51701 0.1441347907673922 0.01138342801435257 2308.353360828687 3338
0.549323 0.1167808925422529 0.007718094574737652 1657.144847162754 3722
0.581636 0.0776297477155373 0.005859638518515316 983.5419339858614 4170
0.613949 0.05491381204875325 0.00471944387513426 623.7795212270368 4358
0.646262 0.05103051922339691 0.002976471636501173 521.9203131749299 5034
0.678575 0.02724582487687766 0.003209047620497231 253.3081448419992 5714
0.710888 0.03310385182397269 0.001874707911314163 279.8544811618897 5982
0.743201 0.02388190815869703 0.001864685118431328 184.6577511034203 6602
0.775514 0.01736817889207283 0.001733812876856555 123.3027091740199 7130
0.807827 0.01589388533194892 0.00148158839231585 103.9724723349009 8034
0.840141 0.01622806780350472 0.001180428352734464 98.13743278275574 8606
0.872454 0.01405405899629819 0.001142780163662091 78.80934905958274 9066
0.904767 0.01245609721284626 0.001196184407237972 64.95102700785068 9962
0.93708 0.0112338039198028 0.001199187420570884 54.61164666587469 10550
0.969393 0.01058625957000817 0.001197172486362478 48.07801303258216 11226
1.00171 0.005809561952618134 0.0003462262925728404 24.6833202464183 12146
1.03402 3.324216973103192e-29 3.187616688358845e-30 1.325437206712795e-25 12303
1.06633 3.5231280155866e-29 3.670377870290963e-30 1.320520180407179e-25 12584
1.09865 3.807951075642113e-29 4.030482543658969e-30 1.344854116158374e-25 12120
1.13096 4.131602904180628e-29 4.446502246441009e-30 1.376773043919973e-25 11180
1.16327 4.477158358807488e-29 4.923309094522646e-30 1.410006379793801e-25 11096
1.19558 4.801166685307336e-29 5.426725176829028e-30 1.431513308888883e-25 10056
1.2279 5.160687765628163e-29 5.899441538139672e-30 1.45868138775133e-25 9716
1.26021 5.709485263758095e-29 6.473880039284219e-30 1.531822821756323e-25 8604
1.29252 6.058157407003773e-29 7.080055512603418e-30 1.544738238674586e-25 8060
1.32484 6.387311037012352e-29 7.749094661523483e-30 1.550214218371619e-25 7320
1.35715 6.635059588413217e-29 8.425301100923924e-30 1.53513919893566e-25 6356
1.38946 7.210840614626112e-29 9.160829149404322e-30 1.591312377634473e-25 5348
1.42178 7.688901527135365e-29 9.936660991030911e-30 1.619897704542009e-25 4308
1.45409 8.236599245295302e-29 1.062871475146045e-29 1.659029866366633e-25 3563
1.4864 9.641273564493349e-29 1.089901339963844e-29 1.858903165542779e-25 2448
1.51872 9.602921016990907e-29 1.244308196569055e-29 1.77276968420519e-25 1868
1.55103 1.004141682956323e-28 1.361417647896847e-29 1.775906110907558e-25 1358
1.58334 1.107371341903759e-28 1.601116456812505e-29 1.878875395856062e-25 1062
1.61565 1.219265695797945e-28 1.478786532250808e-29 1.989214428469029e-25 776
1.64797 1.143510893211902e-28 1.709530186310614e-29 1.795863685253025e-25 432
1.68028 1.246350080954511e-28 2.039326638655123e-29 1.876686714588786e-25 200
1.71259 1.30819088385149e-28 1.834496334387556e-29 1.892548507095266e-25 168
1.74491 1.610055800683476e-28 1.223161311354561e-29 2.246938669354662e-25 56
1.77722 7.012420688441544e-29 4.951331417349754e-29 9.466111205273249e-26 7


0.0323131 0.08511899598303505 0.001141555526985068 919202.0143870047 18
0.0646262 0.3510360864159114 0.01741528252766367 750896.162566414 62
0.0969393 0.2321171527140909 0.07574300950356951 272268.7966687272 98
0.129252 0.203600819334279 0.1583221363093842 151553.9058918789 210
0.161565 2.812990404383118 0.06811488713112665 711668.7001618317 350
0.193879 3.06308053261472 0.04364663046809995 529373.4495123127 450
0.226192 0.4353239185806959 0.1827622229369531 63193.98928961693 602
0.258505 2.169954450632077 0.04455519511292199 205987.3558400011 762
0.290818 0.9286067092053385 0.07018721671843195 70575.29080038836 1142
0.323131 0.8502813888542935 0.0430944819589786 52005.07724318992 1250
0.355444 0.5753995801752054 0.03283799453983091 28928.11492004702 1458
0.387757 0.4261893802234786 0.02455749997168463 17914.03527309399 1814
0.42007 0.2438601073160611 0.01970699399252637 8750.438416444271 2178
0.452383 0.2437975833579673 0.009119054363611294 7500.07502613828 2498
0.484696 0.09327585005920537 0.01173805910182145 2510.476336887168 2622
0.51701 0.1091049445328686 0.004671224904450633 2557.904748667802 3338
0.549323 0.0611706290341059 0.004616265470369776 1274.441080854671 3722
0.581636 0.04508958473815856 0.003243211826390675 837.9643537638403 4170
0.613949 0.03785992831647636 0.002161505738330168 629.9435544134125 4358
0.646262 0.02424541925583551 0.002010627887171614 364.0400538374605 5034
0.678575 0.02111862547206911 0.001378805318304407 287.3991603296781 5714
0.710888 0.01553394795691217 0.001299604353006973 192.7142414831142 5982
0.743201 0.01463330276519659 0.0009631856515732598 165.805881565722 6602
0.775514 0.01195727034268437 0.0008131654153038214 124.3323652013298 7130
0.807827 0.008681688160180548 0.0008499337949053899 83.27237717720071 8034
0.840141 0.009354282213646179 0.0006527421521028964 82.9008430688433 8606
0.872454 0.00877247340080021 0.0005791184789018276 72.06695824607887 9066
0.904767 0.007946420580797016 0.0005993847695223621 60.69998239461933 9962
0.93708 0.006727152211755421 0.0006375732021004669 47.91989371139736 10550
0.969393 0.006719588881932934 0.0006055364967631966 44.70573212261272 11226
1.00171 0.003757703071221341 0.0001639924419877899 23.3826709201906 12146
1.03402 3.094893925953313e-29 2.5795523564673e-30 1.807798471737004e-25 12303
1.06633 3.240604402354734e-29 2.852453094727889e-30 1.779333649066612e-25 12584
1.09865 3.557259701042841e-29 3.141050453458055e-30 1.840317101426538e-25 12120
1.13096 3.815447205740537e-29 3.547928249473505e-30 1.862515191251776e-25 11180
1.16327 4.164397996642771e-29 3.859253571431521e-30 1.921131581324287e-25 11096
1.19558 4.563771664590549e-29 4.235220073230724e-30 1.993132975834325e-25 10056
1.2279 4.745995372563949e-29 4.53049024056517e-30 1.964920346705568e-25 9716
1.26021 5.237994408143817e-29 5.163836192342583e-30 2.058522793936908e-25 8604
1.29252 5.690192939995109e-29 5.45860645113332e-30 2.125127873996928e-25 8060
1.32484 6.10016094368538e-29 5.891653453658581e-30 2.168396799158898e-25 7320
1.35715 6.181620045177304e-29 6.353621825291174e-30 2.094770458323942e-25 6356
1.38946 6.559696267063083e-29 7.029880156978579e-30 2.120298558588373e-25 5348
1.42178 7.183412467079113e-29 7.75472774080459e-30 2.216618222556548e-25 4308
1.45409 7.810673065632548e-29 8.112628287316182e-30 2.30412749788204e-25 3563
1.4864 8.474347032920269e-29 8.673618318929807e-30 2.393194031449433e-25 2448
1.51872 8.386586334703013e-29 9.691470400150149e-30 2.267702259626205e-25 1868
1.55103 8.930676806393289e-29 1.018135539350309e-29 2.313316930306879e-25 1358
1.58334 9.853482103617053e-29 1.188030368875527e-29 2.44859725595737e-25 1062
1.61565 1.002008116014585e-28 1.154901710712781e-29 2.394430852502338e-25 776
1.64797 1.088462309166809e-28 1.282123175248837e-29 2.503433241779075e-25 432
1.68028 1.157019213399066e-28 1.36581212805808e-29 2.55115740969471e-25 200
1.71259 1.108277944571358e-28 1.60326417549381e-29 2.348623544975335e-25 168
1.74491 6.636303491475788e-29 1.531379762783783e-29 1.357894201434583e-25 56
1.77722 2.331833082215697e-28 1.116708065104929e-29 4.596674418294827e-25 7


0.0323131 8.313498204521527e-05 0.003730011484888877 451240.4139268277 18
0.0646262 0.05278734223684851 0.02077747002116988 348689.4953158724 62
0.0969393 0.576774704059775 0.02646526278903539 625632.049733392 98
0.129252 1.924946431740761 0.008005147672957201 1007049.661373671 210
0.161565 1.356685883879198 0.07492163555858403 470607.9032573487 350
0.193879 0.366132336686434 0.1186807310333172 101746.9387319841 450
0.226192 2.114718056380416 0.01890021212332793 349163.3110055574 602
0.258505 0.4358456796841096 0.08682227198123962 58682.27782871251 762
0.290818 0.9891895712871374 0.02424659841173013 98202.61700258887 1142
0.323131 0.2664345117687303 0.04613534234274325 22239.02562619487 1250
0.355444 0.5786946717481027 0.009856723576328533 38157.94999990675 1458
0.387757 0.1488307935389846 0.02427432750691917 8428.008738710363 1814
0.42007 0.2522983927187199 0.0075072678783048 11877.440618465 2178
0.452383 0.1229541566418746 0.008422751771616901 5013.045748014692 2498
0.484696 0.07734770226951874 0.006732621283993305 2741.161014537322 2622
0.51701 0.06895141094161478 0.003324879270137279 2133.978683842239 3338
0.549323 0.04410135575760468 0.002815788266878129 1211.580927143815 3722
0.581636 0.03169270240324228 0.00201804961536102 776.7253091957957 4170
0.613949 0.02202815327604562 0.001634477745022313 484.0588072324065 4358
0.646262 0.01996679331355025 0.001068759319421837 394.7729541328511 5034
0.678575 0.01246032275263294 0.00100863326277824 223.8463477779934 5714
0.710888 0.01176139361220174 0.0007589896079973539 192.2548090638211 5982
0.743201 0.009890266550274023 0.0006254361999670932 147.7415074987807 6602
0.775514 0.007020230383884342 0.0005972971653046581 96.32005331101502 7130
0.807827 0.007638415555604715 0.0004273000291779503 96.44653575239872 8034
0.840141 0.005992111312215965 0.0004471473403014299 70.01906806148197 8606
0.872454 0.004913997614810527 0.0004462642733211636 53.26078794329023 9066
0.904767 0.005438038970091164 0.0003822514048542461 54.7466704379284 9962
0.93708 0.005622227231926893 0.0003352053070586428 52.73758968485777 10550
0.969393 0.00492410698590839 0.0003641980731213264 43.16290581666303 11226
1.00171 0.001729778669790919 0.0001653402364881523 14.20385677559113 12146
1.03402 2.824155592447368e-29 2.221715391029744e-30 2.173950604995102e-25 12303
1.06633 3.013423014544518e-29 2.369815160494062e-30 2.180190191993369e-25 12584
1.09865 3.218194196374292e-29 2.680626609182122e-30 2.193935690434686e-25 12120
1.13096 3.650664013029963e-29 2.925805282771115e-30 2.347940785039182e-25 11180
1.16327 3.882255858630362e-29 3.209163999384198e-30 2.359745000129235e-25 11096
1.19558 4.240156199585772e-29 3.627024758825479e-30 2.439981086885953e-25 10056
1.2279 4.440942478541653e-29 3.812417707575277e-30 2.422492173668931e-25 9716
1.26021 4.832163710956296e-29 4.360440038110637e-30 2.50212762616065e-25 8604
1.29252 5.234391457613437e-29 4.629565342911779e-30 2.575685674833335e-25 8060
1.32484 5.615645076511126e-29 5.020213338510093e-30 2.63004461366297e-25 7320
1.35715 5.815309541135626e-29 5.240480790061729e-30 2.596199709236424e-25 6356
1.38946 6.435691375258662e-29 5.620827202173695e-30 2.740309516910128e-25 5348
1.42178 6.674526965259503e-29 6.24450969225637e-30 2.713304740027168e-25 4308
1.45409 7.022351598076045e-29 6.978267675015918e-30 2.729385719120538e-25 3563
1.4864 7.520033229830027e-29 7.524186109666655e-30 2.798061113485067e-25 2448
1.51872 7.952280480197971e-29 7.935885211541653e-30 2.832671982373077e-25 1868
1.55103 8.649431612561251e-29 8.26604806893949e-30 2.951356394317538e-25 1358
1.58334 9.737855945541447e-29 9.09897432467194e-30 3.187419262375474e-25 1062
1.61565 9.667213917985863e-29 9.971181640682444e-30 3.043312746331787e-25 776
1.64797 1.098340629762439e-28 1.027588332485679e-29 3.327474875458847e-25 432
1.68028 1.03856578396366e-28 1.019662389102101e-29 3.016564856807366e-25 200
1.71259 1.264778087821912e-28 1.014497777337056e-29 3.529303969654674e-25 168
1.74491 1.094259402672004e-28 8.390616987112071e-30 2.946297358651445e-25 56
1.77722 1.410625931374654e-28 2.322330169840663e-29 3.666947473050243e-25 7


0.0323131 0.04118041021591115 0.0004886500864664937 828803.3208809665 18
0.0646262 0.3156776847861771 0.0002413235931898723 1004009.329805662 62
0.0969393 0.6374445547046214 0.007852695411383523 811432.6171500641 98
0.129252 0.3980304163835313 0.0600324304090598 330231.0037024986 210
0.161565 0.5683692240751698 0.07534156577682623 270957.146853402 350
0.193879 1.666622121086396 0.009778480361154635 473739.8307560619 450
0.226192 0.3345466694679889 0.07992166500473794 78949.95538669176 602
0.258505 1.10322025069839 0.01847034762948131 172380.1775490955 762
0.290818 0.2973734089190676 0.04138249303163647 38427.85790572265 1142
0.323131 0.6061339642617583 0.009773838653798047 60487.57619134644 1250
0.355444 0.1349182482355832 0.02343384774080247 11526.64105014011 1458
0.387757 0.2486489815524234 0.009434419576892674 17127.97060901059 1814
0.42007 0.1557244735613376 0.00695528904012154 9141.801311346348 2178
0.452383 0.07213117128598666 0.007122443545516352 3678.281770032531 2498
0.484696 0.07660245582609411 0.003616627846000991 3359.645076187189 2622
0.51701 0.04523177121526665 0.002691998323225186 1742.677269943691 3338
0.549323 0.03400856134654066 0.001910943174258346 1160.543265938631 3722
0.581636 0.02281757858427254 0.001465757588101055 695.1162797443983 4170
0.613949 0.01613047296821756 0.001167360328373012 440.5077739283222 4358
0.646262 0.01449779223878485 0.0007739317703901944 356.1048572837615 5034
0.678575 0.009544530063149025 0.0006928696452089085 212.9447740426313 5714
0.710888 0.009083223076409491 0.0005125661296650892 184.3432791936817 5982
0.743201 0.006472391153640514 0.0004969274932632104 120.1945851466865 6602
0.775514 0.005743315772794695 0.0003870501932441892 97.79433480496266 7130
0.807827 0.005242357957429953 0.0003297833099916831 82.22870636636888 8034
0.840141 0.004163090562154147 0.0003336693254397569 60.43296039932195 8606
0.872454 0.004377976226963122 0.0002656745507549303 58.85543228698868 9066
0.904767 0.004242108285868185 0.000256027858144447 53.00834430279792 9962
0.93708 0.003384887027802153 0.0002905196976057039 39.46172208562404 10550
0.969393 0.003723470376837722 0.0002516275480845649 40.51609293959449 11226
1.00171 0.00170759135768133 8.830544461164817e-05 17.38518068532239 12146
1.03402 2.659179285201e-29 1.917560206355194e-30 2.54092115452227e-25 12303
1.06633 2.868502781882689e-29 2.091067574381789e-30 2.576128239132156e-25 12584
1.09865 3.08533875430805e-29 2.331093007671905e-30 2.610785876570125e-25 12120
1.13096 3.421466160539487e-29 2.531856693668059e-30 2.731404173458551e-25 11180
1.16327 3.620273032348677e-29 2.80278908759537e-30 2.731410137620753e-25 11096
1.19558 3.923333815902874e-29 3.129700281697699e-30 2.802298696363157e-25 10056
1.2279 4.131935190186615e-29 3.367269869683009e-30 2.79770413985896e-25 9716
1.26021 4.602087195448495e-29 3.708400909359745e-30 2.957539085474678e-25 8604
1.29252 4.964323216645819e-29 3.965481336719122e-30 3.031778529333723e-25 8060
1.32484 5.247168622148777e-29 4.347725982870634e-30 3.050068648713279e-25 7320
1.35715 5.487420347570815e-29 4.655644117995798e-30 3.040620278201834e-25 6356
1.38946 6.062710932511907e-29 4.904713736168832e-30 3.203896624537936e-25 5348
1.42178 6.255905298267447e-29 5.383415809403193e-30 3.156245667399942e-25 4308
1.45409 6.824869049119947e-29 5.864450022988408e-30 3.291860787863498e-25 3563
1.4864 7.358823564423725e-29 6.194892646663486e-30 3.39774139173176e-25 2448
1.51872 7.442529116258487e-29 6.648903307911366e-30 3.290079123903576e-25 1868
1.55103 8.675073879683768e-29 6.819734598838691e-30 3.673146012994637e-25 1358
1.58334 8.494889177299269e-29 8.318883598146926e-30 3.451342779072212e-25 1062
1.61565 9.177158273826015e-29 8.652587594351277e-30 3.585377902641787e-25 776
1.64797 1.036327592413269e-28 9.504361057388188e-30 3.896521480975234e-25 432
1.68028 9.182516928301439e-29 1.07933361387507e-29 3.311010798262608e-25 200
1.71259 1.02302264013634e-28 9.849182299184477e-30 3.54351023421095e-25 168
1.74491 1.23091771268252e-28 8.975300293228661e-30 4.113071244790393e-25 56
1.77722 1.335685891049904e-28 3.382791711684147e-29 4.314119918269783e-25 7


0.0323131 0.02367268165113503 0.0008167485195725307 727623.7745927189 18
0.0646262 0.06067281971451952 0.009958613861779131 450954.179986905 62
0.0969393 0.008767038911481079 0.03159732195993311 170007.8292264226 98
0.129252 0.4927537415548549 0.03529220023847481 446293.6139574973 210
0.161565 1.303513941493815 0.01133907610324233 651600.2265253777 350
0.193879 0.1683660316093313 0.06786010307682133 80227.022338664 450
0.226192 0.999007911413469 0.02017209045108796 248654.6081679608 602
0.258505 0.3150206827829399 0.04380452646704548 63280.37758462755 762
0.290818 0.5546840945364668 0.01335886712690637 82201.83344922744 1142
0.323131 0.1471649297417501 0.02530797745854428 18624.66715597125 1250
0.355444 0.2843426819835261 0.007796847751223864 27993.65974575001 1458
0.387757 0.1659564296746479 0.008545666049748501 13739.19186505764 1814
0.42007 0.07491636210209014 0.007933259679975454 5338.818467227177 2178
0.452383 0.08356844538787364 0.003815989026092722 5055.691607811848 2498
0.484696 0.06056907424067188 0.002649507445997486 3176.679708098402 2622
0.51701 0.03209428750391245 0.002218745861409892 1481.786175415794 3338
0.549323 0.02686489623321167 0.001417916818479057 1096.152973731895 3722
0.581636 0.01650791318935241 0.00118213444135265 602.0851258574469 4170
0.613949 0.01347440272148587 0.0008254261992470496 439.6139889288146 4358
0.646262 0.01069086999126293 0.0006197960051372108 314.0958142241872 5034
0.678575 0.007526750497365687 0.0005173580772311148 200.7313099470327 5714
0.710888 0.007058125311076096 0.0003872684315378527 171.2062805095112 5982
0.743201 0.004963568628245367 0.0003797119954228102 110.1970601123532 6602
0.775514 0.004636114608503828 0.000281625452093148 94.31561500597815 7130
0.807827 0.004000558482263292 0.0002535719980614356 74.99826049648296 8034
0.840141 0.003330240990319823 0.0002460772538479306 57.76126917295847 8606
0.872454 0.003406975870671596 0.0002009693482110125 54.72649310358278 9066
0.904767 0.002995405823463817 0.000213472564950138 44.7494606784934 9962
0.93708 0.002985269064063036 0.0001954078853599029 41.55230332960674 10550
0.969393 0.002963221137876201 0.000185630408837015 38.51790822867425 11226
1.00171 0.0009969985866164135 8.856417898550017e-05 12.14516901735029 12146
1.03402 2.493466829427384e-29 1.72897178118884e-30 2.84637817764705e-25 12303
1.06633 2.690934517762723e-29 1.933928243766793e-30 2.887208759679878e-25 12584
1.09865 2.923149487800321e-29 2.072387036845106e-30 2.954772517634399e-25 12120
1.13096 3.15523799103927e-29 2.293510591299318e-30 3.009110727732751e-25 11180
1.16327 3.427283866013865e-29 2.545609933255374e-30 3.088878123209039e-25 11096
1.19558 3.780741128323723e-29 2.78247986088659e-30 3.225503519271733e-25 10056
1.2279 4.01469777640337e-29 3.010022425485751e-30 3.246775118455188e-25 9716
1.26021 4.268509469803197e-29 3.419721118944041e-30 3.276934755899557e-25 8604
1.29252 4.747412184122209e-29 3.58917666519861e-30 3.46302801816244e-25 8060
1.32484 4.998695104152304e-29 3.831819012226546e-30 3.470424973467439e-25 7320
1.35715 5.253472776364912e-29 4.14954358972662e-30 3.476824969894979e-25 6356
1.38946 5.817905026174648e-29 4.354497592394401e-30 3.672029125516513e-25 5348
1.42178 6.019605028392222e-29 4.770269615356373e-30 3.627222256273816e-25 4308
1.45409 6.422814247944941e-29 5.268570810743392e-30 3.700137723343594e-25 3563
1.4864 6.687589480810082e-29 5.770242933605363e-30 3.68840630733888e-25 2448
1.51872 6.856958061778149e-29 6.062528110196859e-30 3.620571153433506e-25 1868
1.55103 7.469271460410162e-29 6.924253131223504e-30 3.77829370807052e-25 1358
1.58334 8.676686396130642e-29 6.283258807552961e-30 4.208907296030672e-25 1062
1.61565 8.751894529792754e-29 7.278450792125293e-30 4.083281278449244e-25 776
1.64797 9.483517790740678e-29 8.012943425878016e-30 4.258469831088439e-25 432
1.68028 1.114842406769325e-28 7.392273289041333e-30 4.797932053922933e-25 200
1.71259 1.098839253063306e-28 7.22176588742747e-30 4.544064833478255e-25 168
1.74491 9.316740304327505e-29 1.143782113647667e-29 3.720582366905831e-25 56
1.77722 3.646994800933542e-28 9.960772856942687e-30 1.403085495318028e-24 7


0.0323131 0.00150857154781503 0.001568060971094019 527150.336671902 18
0.0646262 0.06681257160979111 0.006868437376608236 506361.7978616183 62
0.0969393 0.4053592899719303 0.003780661470569415 737822.8481822439 98
0.129252 0.7771725412087762 0.007877816089696264 733188.0532831299 210
0.161565 0.1519279561388458 0.05693150210625202 141196.8883444384 350
0.193879 0.8541688050933707 0.01481865273753382 345153.7595436363 450
0.226192 0.4401837095208007 0.03594660702296337 134869.4571717527 602
0.258505 0.5624539718885496 0.01756861214504729 124234.3374750709 762
0.290818 0.2152861706585882 0.02334282523010548 38924.60303076296 1142
0.323131 0.3525962404410009 0.007116219740213827 49187.54650242565 1250
0.355444 0.1288289633714188 0.01163502636178301 15128.04290725744 1458
0.387757 0.1059431797912247 0.00837605019494796 10317.25298178272 1814
0.42007 0.1072149867078472 0.003621150908987735 8757.449341476678 2178
0.452383 0.06123205545334783 0.003339418929120908 4325.264957472668 2498
0.484696 0.03689463824668677 0.002781209103527209 2268.295226676138 2622
0.51701 0.02865233058480318 0.001593149404887138 1537.81108670323 3338
0.549323 0.01937784162586149 0.001252696326009636 922.4771751485653 3722
0.581636 0.01388025243378329 0.0009008576136961863 589.0953494714813 4170
0.613949 0.01162241514897873 0.000605542765838175 440.9914820072476 4358
0.646262 0.007939889882594706 0.0005300783867258534 271.8213256649235 5034
0.678575 0.006279455717396044 0.0003959633971382942 194.837385201029 5714
0.710888 0.00541616683509519 0.0003223117502726433 152.960594601961 5982
0.743201 0.004216710634245805 0.0002866145361585347 108.8855411775627 6602
0.775514 0.003623620533234549 0.0002293535810674375 85.79901372635707 7130
0.807827 0.00330665981197988 0.0001950874693255768 72.1076114965266 8034
0.840141 0.002668642743552004 0.0001954162512827272 53.85741241257048 8606
0.872454 0.002853610213904966 0.0001515635296712885 53.30766615119484 9066
0.904767 0.002389843610236925 0.0001699522704477322 41.53802755084452 9962
0.93708 0.002530059649798193 0.0001464573559212099 40.95129606427184 10550
0.969393 0.002266040936826698 0.000154668154086057 34.27420104779723 11226
1.00171 0.0009020389506085436 6.327312506282166e-05 12.7726915222274 12146
1.03402 2.396666032077009e-29 1.587062277658101e-30 3.181967412974438e-25 12303
1.06633 2.576131318103995e-29 1.744444132716613e-30 3.214566606003808e-25 12584
1.09865 2.742948803046357e-29 1.902336510455902e-30 3.224759983043043e-25 12120
1.13096 3.046769472659767e-29 2.076558322446591e-30 3.379086385767079e-25 11180
1.16327 3.346805820851802e-29 2.300912734827324e-30 3.507620581653452e-25 11096
1.19558 3.559887891443373e-29 2.550113655198316e-30 3.53210142491093e-25 10056
1.2279 3.800522647004812e-29 2.712519353564589e-30 3.574299749941127e-25 9716
1.26021 4.145944291399733e-29 2.994454559345712e-30 3.700907930909136e-25 8604
1.29252 4.509599604549487e-29 3.2747778272349e-30 3.825434003697787e-25 8060
1.32484 4.824635776837004e-29 3.450585035382366e-30 3.894949364943449e-25 7320
1.35715 4.835094167144242e-29 3.818829616214648e-30 3.721417493355806e-25 6356
1.38946 5.349425065143675e-29 4.091314626289203e-30 3.926620481239506e-25 5348
1.42178 5.646219615710847e-29 4.447473530215601e-30 3.956518042992069e-25 4308
1.45409 6.108892515273662e-29 4.811386692593568e-30 4.092351405238122e-25 3563
1.4864 6.388138113708697e-29 5.220646333405004e-30 4.09683686186438e-25 2448
1.51872 6.462015967831808e-29 5.415891324669543e-30 3.967519911152299e-25 1868
1.55103 6.943695219158986e-29 6.318765712279279e-30 4.084528598955786e-25 1358
1.58334 8.44362412521848e-29 5.723860709370693e-30 4.762345363881007e-25 1062
1.61565 8.255944638970266e-29 6.587525576952972e-30 4.478879501034879e-25 776
1.64797 9.749581212310077e-29 7.233126526696338e-30 5.089939938477911e-25 432
1.68028 1.037799298348773e-28 6.956012110014539e-30 5.193459653618323e-25 200
1.71259 8.413317706565409e-29 7.055165995896753e-30 4.046715941006283e-25 168
1.74491 8.930128550118363e-29 9.30985487150742e-30 4.145877657061249e-25 56
1.77722 2.318207432335881e-28 1.37013917744227e-29 1.037471618838917e-24 7


0.0323131 0.02399083766708347 7.377145929820625e-05 809256.8413033294 18
0.0646262 0.1543134801336149 0.0003772655350283429 844092.2708346335 62
0.0969393 0.2023477498858636 0.01026110449047644 497553.7749071601 98
0.129252 0.06202244086258984 0.03735807224477239 173755.254396059 210
0.161565 0.7150329928796644 0.01477129574024968 491626.825218569 350
0.193879 0.4254523890673181 0.02746702321341024 209132.6897172632 450
0.226192 0.3990858653885349 0.02719441171847986 139367.0776044534 602
0.258505 0.3452576673380427 0.02107406481109479 89366.68222758776 762
0.290818 0.3229183182845606 0.01104732495280276 64292.09219495785 1142
0.323131 0.110419362455944 0.01576234393618294 18684.11862478667 1250
0.355444 0.1652939975862694 0.006315909344435142 21779.53911619987 1458
0.387757 0.125588851847057 0.00468607679767448 13800.47304495602 1814
0.42007 0.0581790292527553 0.004655976939161201 5504.514801643032 2178
0.452383 0.04514273828797756 0.003049353322363614 3656.174080306022 2498
0.484696 0.03630580007635301 0.001946161588135917 2538.726182050578 2622
0.51701 0.02381169493942805 0.00129231015257141 1459.253852392613 3338
0.549323 0.01591676510804373 0.001030157412516019 865.3703724086005 3722
0.581636 0.01294957718430156 0.00064951879826833 626.0811455305851 4170
0.613949 0.009154207912311687 0.0005206216895823971 396.7198057065361 4358
0.646262 0.00662386519156552 0.000429846441164141 258.7902901851065 5034
0.678575 0.005417843714189434 0.0003098904340021011 191.7208830173556 5714
0.710888 0.00411630457501581 0.000285093504404319 132.7917244718529 5982
0.743201 0.003837274751563746 0.000212799038168653 112.9302650948133 6602
0.775514 0.002777100820380285 0.000200685468911891 75.08394109115849 7130
0.807827 0.002891415994940986 0.000149697104338617 71.88716762011191 8034
0.840141 0.002154416286903275 0.0001628016366830129 49.61386116900738 8606
0.872454 0.002409789648857539 0.000120642083026138 51.33501607272485 9066
0.904767 0.002000721807338673 0.0001371695016462736 39.66122526549201 9962
0.93708 0.002065949516814151 0.0001214358216867437 38.14086961766029 10550
0.969393 0.001878466310444518 0.0001259874575795949 32.40388547900854 11226
1.00171 0.0008213169765563779 4.680194656054141e-05 13.25461357923411 12146
1.03402 2.276804241044055e-29 1.492259140672018e-30 3.447332722478015e-25 12303
1.06633 2.443940922268843e-29 1.634980196185894e-30 3.477732624056605e-25 12584
1.09865 2.632939840055238e-29 1.772129848185166e-30 3.529723154977005e-25 12120
1.13096 2.862277048617224e-29 1.982129303161254e-30 3.62022984185799e-25 11180
1.16327 3.079994527187873e-29 2.19252761774346e-30 3.681380759948437e-25 11096
1.19558 3.431483166083999e-29 2.363346737790916e-30 3.882045072609438e-25 10056
1.2279 3.656788275905119e-29 2.529632163649219e-30 3.921328823207412e-25 9716
1.26021 3.958999625259689e-29 2.829162147797366e-30 4.029667985114244e-25 8604
1.29252 4.281698401850584e-29 3.026574182016831e-30 4.141271281711954e-25 8060
1.32484 4.387012776086768e-29 3.330917058125397e-30 4.038864760948694e-25 7320
1.35715 4.731320417746299e-29 3.453404664991505e-30 4.15150141050368e-25 6356
1.38946 5.225031965477139e-29 3.759650081393714e-30 4.37251844630612e-25 5348
1.42178 5.676316333796548e-29 3.949149480218528e-30 4.534156674444444e-25 4308
1.45409 5.761024283671354e-29 4.399775819127014e-30 4.40005846346523e-25 3563
1.4864 6.180926346725764e-29 4.630944080870876e-30 4.518860408810574e-25 2448
1.51872 6.482700266453466e-29 4.712417772650226e-30 4.536928046304091e-25 1868
1.55103 7.241159996590228e-29 5.648862927969682e-30 4.855160623233769e-25 1358
1.58334 7.934206717430118e-29 5.410043650590627e-30 5.101949158516541e-25 1062
1.61565 8.220740129765553e-29 6.099955490369174e-30 5.084062677038373e-25 776
1.64797 9.308181614517828e-29 7.046051112772914e-30 5.540342711973112e-25 432
1.68028 1.046661967447562e-28 6.590174608426142e-30 5.970957742227797e-25 200
1.71259 8.949238373455964e-29 6.894351713946962e-30 4.906906117179491e-25 168
1.74491 8.927096016846652e-29 8.763788598820094e-30 4.724773284744e-25 56
1.77722 2.107910688170546e-28 9.460524780607241e-30 1.075132498354071e-24 7


0.0323131 0.00870069214465184 0.0006804112871522184 647401.5324133688 18
0.0646262 0.01048724507039119 0.006694436091022404 365248.7632720758 62
0.0969393 0.04236637125311207 0.01535766981384734 260088.8231482092 98
0.129252 0.474826143791688 0.008618797918169101 600948.8597945283 210
0.161565 0.4471670616467055 0.02096353472697307 366239.0825022137 350
0.193879 0.2436774097585077 0.02899510548661803 146203.5835816937 450
0.226192 0.5326263964701161 0.01237094153249607 201170.5878365945 602
0.258505 0.2490853535301956 0.01978285043679596 74091.12951238887 762
0.290818 0.1967131173061248 0.01347354056405422 45189.49622486944 1142
0.323131 0.2367634510978256 0.005317788778352516 42559.99541214828 1250
0.355444 0.09536375980582229 0.007678515111854217 14431.54969747631 1458
0.387757 0.07116727856504775 0.005879379090497317 8960.728639060335 1814
0.42007 0.06597433074107976 0.002968910762452072 6952.650278824699 2178
0.452383 0.0457476850373868 0.002119208626805327 4146.449841302311 2498
0.484696 0.03051414655507702 0.001631484758817215 2400.766418781577 2622
0.51701 0.0184200894310357 0.001178684203886327 1272.605345496683 3338
0.549323 0.0154049698178482 0.0007486161229778843 939.1224390953813 3722
0.581636 0.009868465118926391 0.0006047541902698413 537.5074094859571 4170
0.613949 0.007251982495827399 0.000463958013970498 353.750589312051 4358
0.646262 0.006182712894457426 0.0003253132945880192 271.0935986081771 5034
0.678575 0.004502808365279293 0.0002634052738941025 179.132292600369 5714
0.710888 0.003503936853378322 0.0002371726375341795 127.0371048295817 5982
0.743201 0.003358878377421224 0.0001708373286946448 111.0300845971221 6602
0.775514 0.002301139239984177 0.0001707010094501632 69.93668275359933 7130
0.807827 0.002510514235265714 0.0001210688000052132 70.10624815525864 8034
0.840141 0.001786406488185845 0.0001382624399161904 46.23691634262506 8606
0.872454 0.00204044620923781 0.0001006747239742389 48.82873078284379 9066
0.904767 0.001703444194893176 0.0001139063425436708 37.93480473030925 9962
0.93708 0.001713327815913675 0.0001035868198935262 35.53800490231484 10550
0.969393 0.001636783562649297 0.0001022375358018479 31.70973179011748 11226
1.00171 0.0007093604086556441 3.828084934154086e-05 12.85681885988404 12146
1.03402 2.164382466238435e-29 1.416669538090305e-30 3.681197675269901e-25 12303
1.06633 2.344892236232893e-29 1.540743777065224e-30 3.747915617822758e-25 12584
1.09865 2.530656366196983e-29 1.665259869276623e-30 3.810429682377091e-25 12120
1.13096 2.682410197197482e-29 1.876338205496291e-30 3.810933214615217e-25 11180
1.16327 3.014975430347213e-29 2.017705693238938e-30 4.046885363594811e-25 11096
1.19558 3.331237034014589e-29 2.170883496053058e-30 4.232158819143746e-25 10056
1.2279 3.435873282905618e-29 2.45996939259058e-30 4.138537417075165e-25 9716
1.26021 3.793116862414121e-29 2.632675878023707e-30 4.33583596583603e-25 8604
1.29252 4.110241277080631e-29 2.851466707111047e-30 4.464596799519477e-25 8060
1.32484 4.339600060942282e-29 2.971586098569471e-30 4.485855689046615e-25 7320
1.35715 4.705686320980257e-29 3.155687091897501e-30 4.636231673596457e-25 6356
1.38946 5.030067736273366e-29 3.51192545763564e-30 4.726978660165875e-25 5348
1.42178 5.118799678672247e-29 3.816896695118172e-30 4.59252544068224e-25 4308
1.45409 5.568492752228433e-29 3.97148809577676e-30 4.77554232328734e-25 3563
1.4864 6.134768194067043e-29 4.334204393013931e-30 5.0362005021093e-25 2448
1.51872 6.271035570216566e-29 4.42821108856569e-30 4.928250325447769e-25 1868
1.55103 7.163175537735995e-29 5.075080071623649e-30 5.392603606166072e-25 1358
1.58334 6.96344252830706e-29 5.743438490159952e-30 5.030039033761069e-25 1062
1.61565 8.055947377696744e-29 5.548379830622832e-30 5.594053783631856e-25 776
1.64797 8.256979249838509e-29 6.588688247073815e-30 5.519432325183374e-25 432
1.68028 9.595999382155126e-29 6.649020033934187e-30 6.147880436313012e-25 200
1.71259 8.922930263197452e-29 6.86798232339467e-30 5.493915242167888e-25 168
1.74491 7.74014556706066e-29 8.166911981939709e-30 4.601036594533535e-25 56
1.77722 1.998554905456806e-28 7.358907562165294e-30 1.144412108549632e-24 7


