0.0362559 1.51897381362493e-05 1.082705189342924e-07 2.524208335022514 18
0.0725118 8.25100696259619e-05 9.209644361870811e-07 4.273519424774908 62
0.108768 0.0002279046698266426 3.178850938360475e-06 5.201173708906796 98
0.145024 0.0004683700997483259 1.18628709764639e-05 5.975118052874804 210
0.18128 0.0008119966610739363 3.026696213097912e-05 6.734977624560149 350
0.217535 0.001061228494018483 5.606365282945638e-05 6.154529036780906 450
0.253791 0.001578705675342966 9.539297161956644e-05 6.681352332683466 602
0.290047 0.002015795957607615 0.0001636035391599304 6.500715421973361 762
0.326303 0.002500826021097474 0.0003015203675398832 6.40481521368957 1142
0.362559 0.003118191225202498 0.0004342551673139718 6.494802183265108 1250
0.398815 0.003676752567949108 0.0006384145878485386 6.311006188794676 1458
0.435071 0.004808242975493594 0.0008750623273994524 6.916555723553421 1814
0.471327 0.00539482157305885 0.001219617600966807 6.622970908333286 2178
0.507583 0.006561404248895056 0.001639686063726356 6.950593077872292 2498
0.543839 0.007590953918610126 0.002263731750967967 6.988312433513153 2622
0.580094 0.008421016048592841 0.002777364547476473 6.804993663861713 3191
0.61635 0.009374133686684747 0.003402988483342463 6.717254554360213 3044
0.652606 0.01079190331666302 0.004162506228260427 6.904713198214566 2736
0.688862 0.01176543125597767 0.005356382479404391 6.748725608880181 2276
0.725118 0.01344926594896229 0.006385979481057598 6.956049084749123 2016
0.761374 0.01395614412556696 0.007541846374441955 6.551574816682503 1640
0.79763 0.01646773661508054 0.008954304642726349 7.042036984691878 1056
0.833886 0.01605331618084878 0.01106412674487836 6.279472889973758 683
0.870142 0.0184475140198308 0.01218057982189578 6.636142371673651 350
0.906397 0.02227086635494671 0.01508077030910116 7.392196974333402 192
0.942653 0.02725083253708987 0.01522780692820498 8.338421600215732 44
0.978909 0.01525184395784416 0.0137620337667424 4.297221922519324 25


0.0362559 371.0604908430894 1.310126576677298 833621502.7447636 18
0.0725118 507.604572622039 9.350679423848559 250023231.4598718 62
0.108768 41.10466473053732 16.52968111531822 10938731.61229557 98
0.145024 995.9850970906685 8.946149991469598 108696390.8842657 210
0.18128 1137.182312888139 2.082683024728215 79383027.33956732 350
0.217535 66.12728282562077 6.371157947497123 3272464.657202517 450
0.253791 203.1770150046756 1.72656971394569 7174395.571329211 602
0.290047 121.9535624051476 0.935679659595007 3271510.652769717 762
0.326303 16.57936828090506 1.203908016103671 354786.953340261 1142
0.362559 38.35988894629915 0.2608080429343541 662333.2672841187 1250
0.398815 16.58023815535789 0.3458133077583029 235891.3360318716 1458
0.435071 9.762055571033454 0.2899911183961205 116372.9714208645 1814
0.471327 6.664277791728809 0.2152876529159208 67750.655260792 2178
0.507583 4.914881057905596 0.1871640052188291 43100.45194343755 2498
0.543839 5.485917861311458 0.1441326492523507 41766.7721996272 2622
0.580094 4.22641043411894 0.09380055570613291 28230.99935122194 3191
0.61635 2.433130030439153 0.07669360929896903 14411.34372648026 3044
0.652606 1.292164201811753 0.04931879802550734 6833.105454141789 2736
0.688862 0.7480462899045239 0.04218808278299505 3546.792052303492 2276
0.725118 0.7814843831988491 0.02566129187329528 3338.75080958114 2016
0.761374 0.7308060991958195 0.01664544960135547 2832.725024960329 1640
0.79763 0.6036090674417927 0.01290685468110762 2131.124385345344 1056
0.833886 0.2561258099565455 0.01701351542532244 827.503475860152 683
0.870142 0.1386977108770086 0.01660702417404009 412.4188640851382 350
0.906397 0.1417830675721453 0.01648805928752486 388.9370708424719 192
0.942653 0.2158293136127166 0.007729656607944797 545.3110325907958 44
0.978909 0.2239803112689222 0.003121250272404777 520.680445367109 25


0.0362559 73.88814726682578 0.782525762300993 342550312.5768917 18
0.0725118 624.0815020269688 0.3795122862010067 565433793.283757 62
0.108768 579.274647635087 2.588369975936305 218427834.5386353 98
0.145024 136.168443658603 5.685207300483046 28919024.11076372 210
0.18128 435.8173880378811 1.033018941150228 57266596.75232025 350
0.217535 54.9609726101955 1.873367690757397 5080811.020594472 450
0.253791 111.2585747479797 0.4850215905961701 7384170.611358404 602
0.290047 34.50196110610294 0.4801450083402553 1744123.390018537 762
0.326303 21.13148878530844 0.2491144725273469 845597.8360995778 1142
0.362559 13.28847499553737 0.1459061716921376 431716.7258246981 1250
0.398815 7.818465404801779 0.1050358824082111 209126.4901430165 1458
0.435071 4.665804751921433 0.09254950335632517 104576.290599487 1814
0.471327 3.630568053448771 0.06142594317451076 69363.92939933948 2178
0.507583 3.386185843645165 0.04253635355264153 55771.08602728798 2498
0.543839 3.057550569339381 0.0400883027416232 43743.2965460723 2622
0.580094 1.905910989454103 0.03178621935992096 23931.34961387684 3191
0.61635 1.015453522821869 0.02637591299483908 11308.1548861643 3044
0.652606 0.639444303284035 0.01483293098552874 6355.352111308162 2736
0.688862 0.5026242914935463 0.009915754747140498 4476.392837254613 2276
0.725118 0.3730050758713795 0.008245825968528972 2995.173318094367 2016
0.761374 0.2288814834366399 0.008373408045084125 1668.584782177126 1640
0.79763 0.2350364826061861 0.00556403130400195 1560.002549183775 1056
0.833886 0.09526879963159418 0.005916564270037334 578.8664926903768 683
0.870142 0.1536642161910274 0.002295497496197333 857.503189997156 350
0.906397 0.1826206673383829 0.001550591495298803 940.1072061320425 192
0.942653 0.1119232231348849 0.002414737662916281 531.4033564696167 44
0.978909 0.05034531972922319 0.003111516770173415 220.1778309722384 25


0.0362559 71.73138575225282 0.3038322899562214 472955913.0984486 18
0.0725118 22.56668394560438 2.401274349857271 44265357.15184412 62
0.108768 365.6088314680457 0.981640516270976 202801145.8473481 98
0.145024 303.9396674392724 1.652070913119071 91960970.09900247 210
0.18128 202.5961194407076 0.8895012891736627 39208201.52934606 350
0.217535 33.11005788672257 1.014028103753048 4514659.096263467 450
0.253791 58.93803965950862 0.3182144072485069 5750788.54882386 602
0.290047 29.69150759731266 0.1752087425873374 2201098.018361135 762
0.326303 9.542154251572613 0.156681596227801 561962.6716119527 1142
0.362559 7.766076657680542 0.08248801246523627 370689.2536245032 1250
0.398815 4.246410467763398 0.05924980838512874 166904.5194385991 1458
0.435071 4.117481854097816 0.03255746022658245 135369.0151115014 1814
0.471327 2.056614184200738 0.03426770071199708 57722.95771747812 2178
0.507583 1.731215609882758 0.02618968414212806 41890.73037163578 2498
0.543839 1.705210661852436 0.02253191266184229 35829.35349442714 2622
0.580094 1.120505904041685 0.0170037783296509 20661.08764288105 3191
0.61635 0.6642518044297023 0.01284720038170527 10860.37058430928 3044
0.652606 0.4396274457647151 0.006853496932167928 6414.078271344676 2736
0.688862 0.2908875010684146 0.005464245703317246 3804.292148376332 2276
0.725118 0.2149881837582562 0.004454119981039697 2535.006484360538 2016
0.761374 0.210015739526216 0.002955565834468098 2246.272013631941 1640
0.79763 0.1615143849313094 0.002584132947499439 1573.652326913708 1056
0.833886 0.08346712668111075 0.002415188496397729 744.0507342689853 683
0.870142 0.1107147279786223 0.0008938335024418575 906.8528213852915 350
0.906397 0.05992368482165285 0.00216285747701158 453.3211774805989 192
0.942653 0.01510540901475673 0.002517968253327046 105.8194415269547 44
0.978909 0.007050360315343286 0.002081840283818715 45.62862313079037 25


0.0362559 31.15947911044452 0.276164705012833 300034428.9945644 18
0.0725118 247.3950148853535 0.09776242712002059 437737631.3383904 62
0.108768 49.7705064537775 1.990088667399672 40566809.07530481 98
0.145024 222.6729799135753 0.8630953009021481 88953724.8647211 210
0.18128 79.20196713739459 1.002229501192982 20446047.5679132 350
0.217535 45.66515479630367 0.4870127041921711 8134518.966328478 450
0.253791 41.12931223332976 0.1910330365339075 5296630.073624757 602
0.290047 18.85592821431997 0.1255670899341739 1845911.89490612 762
0.326303 6.898716650626403 0.09602104868030205 536227.8621984902 1142
0.362559 5.878310086722696 0.04661545287063907 370091.0399239436 1250
0.398815 3.337281091180304 0.03318328148336422 172990.0002067982 1458
0.435071 2.255913876682702 0.02707202924766732 97944.66661019449 1814
0.471327 1.694230106109604 0.01837533140868814 62699.2230704927 2178
0.507583 1.379308142863044 0.01453519511165895 44013.12926497054 2498
0.543839 1.162900143864982 0.01463146750179846 32237.42629571039 2622
0.580094 0.9208881430901315 0.00898905464151302 22390.63994158267 3191
0.61635 0.5736077149830118 0.006665221561433757 12364.95220793915 3044
0.652606 0.3076916203319023 0.004262470938332301 5921.689815371313 2736
0.688862 0.2027749023381147 0.003408178970424387 3498.255239844009 2276
0.725118 0.1706849396507453 0.002444772346389611 2654.04010046152 2016
0.761374 0.1587817258608771 0.001671838651994793 2239.740059905239 1640
0.79763 0.09857534968041808 0.001870096958148655 1267.186171040314 1056
0.833886 0.08099459616768566 0.001087287103707214 951.73642529419 683
0.870142 0.03386486153671941 0.001397224431690264 366.4930547226298 350
0.906397 0.08375424285482037 0.0004963500492420175 834.7549563085869 192
0.942653 0.06286320704924492 0.0004986171415376229 577.7369377421481 44
0.978909 0.03303363757505749 0.0007177858064366968 279.5612037973967 25


0.0362559 33.41030926550108 0.1462468043377666 381426368.6222496 18
0.0725118 14.40315055774299 1.102568930428909 49135054.7944434 62
0.108768 232.8869411559408 0.1373171691047075 211587471.7341529 98
0.145024 79.29487299981169 1.195946899420049 40419969.09523577 210
0.18128 82.82248722529259 0.5571494954115749 26439621.23516408 350
0.217535 57.02955261458303 0.1699890621070739 12553594.46462277 450
0.253791 24.54812607359168 0.1764011497148792 3937336.611335039 602
0.290047 12.01914799130707 0.1044076344415143 1464339.6370071 762
0.326303 5.180697921277249 0.06721744775599407 500559.6411200455 1142
0.362559 4.562669246226527 0.03106743462334718 356831.4729964519 1250
0.398815 2.579888736911476 0.0224726264310674 166122.0717746072 1458
0.435071 1.590579451282123 0.01965011914634193 85824.3958565036 1814
0.471327 1.399327041382912 0.01159148324642659 64305.56465183052 2178
0.507583 0.9491414757827734 0.01102331494500779 37634.43087362769 2498
0.543839 0.9554467181162928 0.009169991730478052 32889.5507883496 2622
0.580094 0.6475280549151828 0.006786093473418304 19559.01431678145 3191
0.61635 0.4044178120941556 0.00491877330796675 10829.94319812102 3044
0.652606 0.2338852652395096 0.002935248052943147 5590.624712837184 2736
0.688862 0.1602937358751008 0.002264512914532643 3434.265880400176 2276
0.725118 0.1237564725209187 0.001767200376826593 2390.249306298249 2016
0.761374 0.1035991512104946 0.001372908628538558 1815.430533741499 1640
0.79763 0.0781187001520975 0.001230733291293517 1247.072857193308 1056
0.833886 0.05237743259413757 0.0009009664228135505 764.6228749755528 683
0.870142 0.04838881770075325 0.0005790858805664414 649.3946663102544 350
0.906397 0.04435099390854445 0.0006900738995901106 549.2544711575745 192
0.942653 0.01229532489681105 0.0009510922683314809 140.8685577127598 44
0.978909 0.002501194746797148 0.0008649394332070034 26.7352349560196 25


0.0362559 17.17732974600867 0.1550665747706537 265390176.7471648 18
0.0725118 132.0673860344067 0.09236334098466059 350839207.14053 62
0.108768 17.420011722332 1.140015671634347 24371180.59243982 98
0.145024 137.0391463434527 0.4112966532908247 81498728.4159804 210
0.18128 68.43609269813621 0.3818347915893143 26121430.85156533 350
0.217535 28.14376449592815 0.2374003594255784 7457853.423471526 450
0.253791 15.38484818711424 0.1610141819066982 2960785.455508989 602
0.290047 8.713627585422573 0.08415010506267658 1270779.222910705 762
0.326303 4.47856327470855 0.04714262242004079 517001.5757964636 1142
0.362559 3.626134646471662 0.02282347092926423 338959.6636068498 1250
0.398815 1.97427176313871 0.01725678111725609 151982.0868041352 1458
0.435071 1.318407825974953 0.01398525336349115 85008.01491040175 1814
0.471327 1.065524735333911 0.009004601598995497 58529.24272538735 2178
0.507583 0.817616232122036 0.007492800928841082 38730.37720289917 2498
0.543839 0.7382504261152808 0.006985425184466361 30371.84706102587 2622
0.580094 0.4774139990008365 0.00534271002500361 17236.80948048359 3191
0.61635 0.3351249547968833 0.003471775502629745 10722.60494891733 3044
0.652606 0.1866732731069657 0.002156966960627549 5331.920368214862 2736
0.688862 0.1384084183426599 0.00153117762402244 3542.581624837086 2276
0.725118 0.1018327947801082 0.001266883275331482 2349.973472854894 2016
0.761374 0.07257691252017635 0.001148744746957407 1520.203154946887 1640
0.79763 0.05792021762252313 0.0009576594231148203 1105.025382189099 1056
0.833886 0.04579487513736508 0.0005997696223317419 798.6273302307929 683
0.870142 0.03310304205141955 0.0005069471131552632 530.9803575892222 350
0.906397 0.03490065662026037 0.00051460597757309 516.4461634990238 192
0.942653 0.009176840721258486 0.0006998077284817294 125.7086122949441 44
0.978909 0.004020680083918694 0.0005956031894212545 50.90185565184451 25


0.0362559 20.95565899401019 0.0848373389075685 346541189.0497289 18
0.0725118 13.72469501936962 0.6389227870561094 61687898.95183641 62
0.108768 138.240864776142 0.1223232039318726 175652748.6079899 98
0.145024 54.89329318927221 0.6760773031054298 39148805.12652913 210
0.18128 46.11195924178414 0.3647059701411332 20609609.54649014 350
0.217535 19.27095966986997 0.2148865855288554 5972963.185691148 450
0.253791 16.73267407976426 0.0970704221513507 3734311.640277639 602
0.290047 8.091542742885762 0.05871825106736611 1371673.214838417 762
0.326303 4.474168563570636 0.03041107491773278 599978.3303862849 1142
0.362559 2.821870070380764 0.01881858260819317 307028.9827474917 1250
0.398815 1.5180847133941 0.01421557758933725 136039.1377492752 1458
0.435071 1.12310248354836 0.01049378819489562 84235.56743959607 1814
0.471327 0.8460541392359843 0.007229570724758419 54075.29035433691 2178
0.507583 0.7093992359304647 0.005434685673950075 39082.51512404559 2498
0.543839 0.5560441734643468 0.005899503007851187 26621.45243218704 2622
0.580094 0.4013759381354727 0.00404039282335017 16856.06612661013 3191
0.61635 0.2652241020100823 0.002786299047128764 9872.561911095934 3044
0.652606 0.1527669366123346 0.00167070444407932 5075.708726046259 2736
0.688862 0.1112013925437322 0.001219698952691415 3310.933163466108 2276
0.725118 0.08341290209871129 0.0009806901250470148 2239.024745295156 2016
0.761374 0.06800349711530562 0.0007852677072082006 1656.222978767583 1640
0.79763 0.06069114419445616 0.0005815707934973022 1345.981838118067 1056
0.833886 0.04020783394340285 0.0004277006772647235 815.4498786732656 683
0.870142 0.02195161938664302 0.000468204777485857 409.8036013503975 350
0.906397 0.04421263874290591 0.0001825048743161556 760.3541409469414 192
0.942653 0.01702963229248888 0.0004053128308342497 270.4375438414639 44
0.978909 0.00280653616431514 0.0004657420438946709 41.43377525740485 25


0.0362559 10.57789855849034 0.1063184897451914 237536512.8322343 18
0.0725118 83.00748395385358 0.0838269540198241 296355013.6884609 62
0.108768 20.72264830588217 0.6809072311164228 35682601.98316963 98
0.145024 82.10489398115025 0.3234562475630574 65287341.95056758 210
0.18128 42.81464152703219 0.2672076991211088 21801680.28988013 350
0.217535 27.47608513772974 0.09582328814339466 9621592.41916036 450
0.253791 12.99261027781684 0.08457762246650889 3312990.372543661 602
0.290047 7.11439408246196 0.04467058918074366 1375407.92985235 762
0.326303 4.106576439078344 0.0215844742408792 627714.6800540782 1142
0.362559 2.061378685231734 0.01750050218867385 256159.2921061714 1250
0.398815 1.192632793184191 0.01209534368390739 121985.4739108765 1458
0.435071 1.003952935520925 0.007940754475862516 85853.94271065068 1814
0.471327 0.7017518632878785 0.005879184508698096 51159.8490961737 2178
0.507583 0.5938425444799584 0.004380709985160807 37312.29119625864 2498
0.543839 0.4579767644039242 0.004830973969913307 25009.5363473432 2622
0.580094 0.3546941131756692 0.003084787695194647 16983.94845199925 3191
0.61635 0.2157519826696879 0.002299429994909053 9159.841030344309 3044
0.652606 0.1301267392372909 0.001321866924141243 4930.185841356041 2736
0.688862 0.08985837673387319 0.001013298222915935 3051.396624400841 2276
0.725118 0.0710586098663057 0.0007775969425163667 2175.016884736782 2016
0.761374 0.06124834259188316 0.0005887881733211575 1700.705399324563 1640
0.79763 0.04210460314382678 0.0005702508528728577 1065.346022898627 1056
0.833886 0.02995283361418802 0.0003912950067390724 692.914103034979 683
0.870142 0.02650046534766657 0.0002752141999155223 563.5925256506879 350
0.906397 0.02228744052640819 0.0003381756234195176 437.4992303745371 192
0.942653 0.03309515034603992 7.775157127479125e-05 598.2699438514688 44
0.978909 0.02601260626440136 6.275589371159338e-05 432.7699474066308 25


0.0362559 15.20989723115018 0.05357985964082527 331452060.709811 18
0.0725118 12.23497108758745 0.4231016183605005 69553222.47020631 62
0.108768 86.44025854223641 0.1444958990627091 142105033.5621931 98
0.145024 44.8878406233052 0.4202817468858892 41046585.57279512 210
0.18128 34.97105479286098 0.229701576239304 20062962.57982316 350
0.217535 13.06001419521505 0.1475834200989797 5211962.308615305 450
0.253791 8.668488785100541 0.08670228656975981 2496688.191956718 602
0.290047 5.205716701093646 0.04304673646989349 1133573.304589928 762
0.326303 2.932341117360834 0.02199811018545173 504597.2963823521 1142
0.362559 1.595030098293143 0.01579590783703964 222952.9163369145 1250
0.398815 1.045155251969431 0.009810692498043793 120084.3608054492 1458
0.435071 0.930224136333891 0.005981786523913445 89315.37421312004 1814
0.471327 0.5881972229511379 0.004950669291506483 48176.20536119969 2178
0.507583 0.4913198793157236 0.003754504647075888 34681.29011088781 2498
0.543839 0.3994799128513195 0.003923653223023159 24501.97056478588 2622
0.580094 0.3226077997722966 0.002381556586120671 17346.12298476741 3191
0.61635 0.1763700625677817 0.001977327262113928 8412.167205077232 3044
0.652606 0.105958773504849 0.001147719118921431 4509.905936114148 2736
0.688862 0.07788513753459402 0.0008267831261130332 2970.390809444608 2276
0.725118 0.06218054965472167 0.0006282055957071563 2137.453481977896 2016
0.761374 0.04914777440616867 0.0005192386326755609 1532.981087816638 1640
0.79763 0.03987426620312537 0.0004250261193884708 1132.758769651516 1056
0.833886 0.02636977101131206 0.0003130457576894191 685.0546075005632 683
0.870142 0.02088548087778793 0.0002462983166714172 498.9382568836973 350
0.906397 0.01946072506740801 0.0002775074771025626 429.0075145136165 192
0.942653 0.006214443683543713 0.0003369330869023739 126.799881298037 44
0.978909 0.008677976248090845 0.0002173331191864528 162.4720401275189 25


0.0362559 6.888078101385522 0.08114831476600094 214930394.3774866 18
0.0725118 57.84390892962369 0.07213247703997321 260872624.1450349 62
0.108768 23.18417626226631 0.4359147501615938 47604748.83832303 98
0.145024 54.74367334180997 0.2602762522320871 54740451.66294875 210
0.18128 30.12467966909748 0.1965505330770349 19221856.06264094 350
0.217535 16.52854098052486 0.09162681547539717 7257097.894263853 450
0.253791 10.95347981669302 0.05005389016374832 3479258.297966968 602
0.290047 4.73320546998183 0.03494249133065169 1143779.772029235 762
0.326303 2.148223713267132 0.02156648608494608 411426.0113618486 1142
0.362559 1.542821292571018 0.01219643795717244 239136.262495524 1250
0.398815 1.03739047474817 0.007279000016816655 132148.9940857449 1458
0.435071 0.8209238169684678 0.00493209151598799 87471.94246937297 1814
0.471327 0.4863693234495609 0.004371010796510549 44228.89655251592 2178
0.507583 0.4119597662199399 0.003280499746204754 32278.9576289367 2498
0.543839 0.3474694710714552 0.003300707850684801 23652.08236818063 2622
0.580094 0.294967659597941 0.001885924472359377 17596.2444696071 3191
0.61635 0.1504463552503966 0.00169594005803964 7964.138903831778 3044
0.652606 0.09314032328814949 0.0009563385753985287 4399.065420291801 2736
0.688862 0.07113148793878105 0.0006624140348892456 3009.799453394713 2276
0.725118 0.05547194371088609 0.0005142089523438689 2115.753148713663 2016
0.761374 0.03974332483194336 0.0004659128117448805 1375.913105711751 1640
0.79763 0.03464745370757219 0.0003597536891304073 1092.192465781447 1056
0.833886 0.0232743616299813 0.0002613288286924245 670.9033973809721 683
0.870142 0.01729471171851918 0.0002176986846503454 458.514223061224 350
0.906397 0.01668019478911528 0.0002331259283299725 408.036618308151 192
0.942653 0.02521505629520315 5.259333185124429e-05 567.922748798391 44
0.978909 0.01720882968157902 7.259816189182148e-05 356.7890214309484 25


0.0362559 11.99958984843758 0.03533164620525321 324891326.7572733 18
0.0725118 10.47895232362949 0.3056092482476777 73449681.18242005 62
0.108768 57.62015134766583 0.1496018515371074 117046081.6065496 98
0.145024 36.44122409522606 0.2928747838916891 40783308.58721691 210
0.18128 25.52129793053189 0.174005404731215 17952573.11980518 350
0.217535 13.91542936657252 0.08152045938061472 6728473.850539547 450
0.253791 7.085183410552337 0.05979049712182728 2490570.093302149 602
0.290047 4.554260405931315 0.02717429617510958 1208416.604018521 762
0.326303 2.327385380794155 0.01540054170704841 488644.3967929881 1142
0.362559 1.500242384981954 0.009368818715697924 255345.2405639884 1250
0.398815 0.9735700896897723 0.005758912072890459 136238.7458921242 1458
0.435071 0.635498405281481 0.00489468392701597 74499.22042398204 1814
0.471327 0.4039590519936466 0.003935380081810781 40394.07488787259 2178
0.507583 0.3687452273252263 0.00275850581795289 31750.11846798251 2498
0.543839 0.2936988781813379 0.002921680701690443 21976.7876509741 2622
0.580094 0.2588208161460408 0.001619022214931171 16967.11447169668 3191
0.61635 0.1367736950302395 0.001418528626170071 7955.574431994011 3044
0.652606 0.08504257053893037 0.0007896382637730583 4413.137667761041 2736
0.688862 0.06408040451422004 0.0005535953742511439 2979.25921029488 2276
0.725118 0.04804701532302339 0.000448132855449136 2013.840635903681 2016
0.761374 0.03475177543344019 0.0004005116326231993 1322.084215386554 1640
0.79763 0.02912784563881304 0.0003227151470429093 1009.112724273255 1056
0.833886 0.02310718251278884 0.000196471565773534 731.6415923346054 683
0.870142 0.01651341756977288 0.0001733242094602537 480.9512367760345 350
0.906397 0.02465016102265194 9.190815273082105e-05 661.7455948468037 192
0.942653 0.004338442741118461 0.0002451662189358389 108.0612647934216 44
0.978909 0.001493729277032713 0.00021354314134061 34.56060081079616 25


0.0362559 4.612968307663126 0.0660381603892041 196436107.8041909 18
0.0725118 43.25714647167462 0.06066333940765237 236753223.0575124 62
0.108768 23.17759677494003 0.2980913477355113 55946889.09137326 98
0.145024 40.09554256750404 0.2090463837377818 48428293.57078053 210
0.18128 24.43191034364096 0.1404259881700209 18714155.90240693 350
0.217535 9.393281681277596 0.09091815092133755 5000971.546930477 450
0.253791 6.642281743205705 0.0499160643401523 2544512.820040016 602
0.290047 3.477162075576838 0.02752949725173378 1009127.445425742 762
0.326303 2.172096424723032 0.01256294566668201 496983.5557271744 1142
0.362559 1.221922069641149 0.008914740998283408 227005.3011620534 1250
0.398815 0.7613012153152273 0.005769949482457357 116301.6819802694 1458
0.435071 0.4689934510286883 0.00499737089106269 60056.1593734921 1814
0.471327 0.3684543809478363 0.003344431086862905 40160.4179209208 2178
0.507583 0.3552099888483783 0.002185899774246277 33324.63436576277 2498
0.543839 0.2544644027072239 0.002590028341113035 20761.40715079266 2622
0.580094 0.2107653176710781 0.001555549287395598 15067.44842108474 3191
0.61635 0.1296922070105931 0.001166297429225323 8220.467507141924 3044
0.652606 0.07711243808661589 0.0006720516450800815 4361.513004660379 2736
0.688862 0.05693444575278836 0.0004819005079975109 2885.297394645564 2276
0.725118 0.04159105289069598 0.0004002856411045396 1900.350812334381 2016
0.761374 0.03091678974618188 0.000347991287029313 1282.055347268234 1640
0.79763 0.02708189926227985 0.0002684002355819554 1022.491811317646 1056
0.833886 0.01985122617727056 0.0001782932779820348 685.1585489032241 683
0.870142 0.01722959818323951 0.0001235073213947074 546.6901088253852 350
0.906397 0.007894856452098189 0.0002293120281326579 231.8126490496762 192
0.942653 0.01205264277579154 0.0001230419598689188 325.4158139643508 44
0.978909 0.01558275606448237 3.120491308193627e-05 386.7845183963579 25


0.0362559 9.967574040039674 0.02377501979812472 322284827.55418 18
0.0725118 8.822169672374494 0.2345291605314878 74813245.32118082 62
0.108768 40.76409416955359 0.1431466183059679 99231493.5145734 98
0.145024 29.67901570165388 0.2210684099547764 39410101.21387579 210
0.18128 18.67670456179686 0.1439689583850955 15627743.9492876 350
0.217535 13.0197132346263 0.04985206926340374 7413434.637692221 450
0.253791 7.45301451943499 0.03380181811918321 3077980.700633407 602
0.290047 3.332302281949165 0.02281174714340378 1046406.500665531 762
0.326303 1.576974741246621 0.01366320475626791 392142.9256987651 1142
0.362559 1.040341864804286 0.008267020700200394 209475.9703285723 1250
0.398815 0.6063587988393746 0.005652684099115895 100461.8656589764 1458
0.435071 0.4484691671333665 0.004196265750032828 62149.41266022217 1814
0.471327 0.3809212913878722 0.002549530551997975 44904.25125265282 2178
0.507583 0.3226512352682191 0.001895329433690071 32771.32380587224 2498
0.543839 0.2453846665987261 0.002146207144815929 21666.53318113343 2622
0.580094 0.1714938854744854 0.001503526106252622 13280.99672963628 3191
0.61635 0.1224826928834517 0.0009745251161641839 8402.946963828294 3044
0.652606 0.06925280453359928 0.0005899182566654265 4240.621015157536 2736
0.688862 0.05100265033465428 0.0004246860150682623 2798.23043434731 2276
0.725118 0.03698730522427057 0.0003548666745105063 1829.675591508199 2016
0.761374 0.02781515920050624 0.0003051348260191925 1248.705870047083 1640
0.79763 0.02535433079874004 0.0002257532683200874 1036.14842851631 1056
0.833886 0.01682328398019398 0.0001663895963123063 628.7068922855124 683
0.870142 0.01310624531966296 0.0001323850113846953 450.4018626658931 350
0.906397 0.008482499656462359 0.0001851626295091484 269.4019008212871 192
0.942653 0.01886976723912539 2.566275667704546e-05 550.844917291899 44
0.978909 0.01277525098059542 4.190714566007973e-05 343.3027852698717 25


0.0362559 3.122632959730184 0.0559696112631947 181315292.943855 18
0.0725118 34.0309404806306 0.05058954582678715 219723160.477223 62
0.108768 21.83221667743826 0.2159704704447896 60964891.80807388 98
0.145024 31.22685938746691 0.170261277092181 44291981.39992964 210
0.18128 20.52699722245469 0.1046583424391914 18355192.56527755 350
0.217535 6.577931680821947 0.07780064930420932 4121838.365292192 450
0.253791 4.133082248475271 0.04723974885757294 1864246.247692462 602
0.290047 3.145895199449136 0.01928062680783747 1063063.813453737 762
0.326303 1.585128804251468 0.01106355484717942 423728.2199411949 1142
0.362559 1.005290164297803 0.00688998797889233 217760.7663778971 1250
0.398815 0.6283289625996696 0.004443243722218021 111899.3599996559 1458
0.435071 0.5072278328564849 0.002959072154950485 75503.63045467724 1814
0.471327 0.3723031297986863 0.002049261474813075 47215.8770049787 2178
0.507583 0.2436674397778044 0.002050254198002704 26677.00601523155 2498
0.543839 0.2432034130873472 0.001741403786609326 23101.02814654796 2622
0.580094 0.1618465932380095 0.001285970643089291 13488.19223209187 3191
0.61635 0.1103324523430926 0.00086675876818641 8147.633678198456 3044
0.652606 0.06225235842478927 0.0005266347762497456 4103.157897300953 2736
0.688862 0.04643890465821587 0.0003744089320684302 2742.243321405742 2276
0.725118 0.03375833286076546 0.0003121093348531717 1797.338641513451 2016
0.761374 0.02518773651101744 0.0002702289868122136 1217.054751538707 1640
0.79763 0.02302205041762935 0.0001995922812378102 1012.597250617708 1056
0.833886 0.01519255020471117 0.0001476059980415688 611.079190824153 683
0.870142 0.009312869719167335 0.0001423250655083334 344.7812567470019 350
0.906397 0.01568417877539686 8.417834045563193e-05 534.7633776544474 192
0.942653 0.01081305788596677 8.677459866996144e-05 340.0442600735679 44
0.978909 0.002997985982932341 0.0001236317616311705 87.17235993183687 25


