398107170103.2659346635 31622776559953.8481607164 00001
398107170103.2659346635 31622776559953.8481607164 00002
398107170103.2659346635 31622776559953.8481607164 00003
398107170103.2659346635 31622776559953.8481607164 00004
398107170103.2659346635 31622776559953.8481607164 00005
328599324415.6628699714 13335214305006.2335877953 00006
328599324415.6628699714 13335214305006.2335877953 00007
328599324415.6628699714 13335214305006.2335877953 00008
328599324415.6628699714 13335214305006.2335877953 00009
328599324415.6628699714 13335214305006.2335877953 00010
271227257671.3991764382 5623413244738.7985557844 00011
271227257671.3991764382 5623413244738.7985557844 00012
271227257671.3991764382 5623413244738.7985557844 00013
271227257671.3991764382 5623413244738.7985557844 00014
271227257671.3991764382 5623413244738.7985557844 00015
223872113614.5106406082 2371373702812.8876545366 00016
223872113614.5106406082 2371373702812.8876545366 00017
223872113614.5106406082 2371373702812.8876545366 00018
223872113614.5106406082 2371373702812.8876545366 00019
223872113614.5106406082 2371373702812.8876545366 00020
184784979557.5214702123 999999998871.4517924209 00021
184784979557.5214702123 999999998871.4517924209 00022
184784979557.5214702123 999999998871.4517924209 00023
184784979557.5214702123 999999998871.4517924209 00024
184784979557.5214702123 999999998871.4517924209 00025
152522295514.0779598480 421696502941.1934100734 00026
152522295514.0779598480 421696502941.1934100734 00027
152522295514.0779598480 421696502941.1934100734 00028
152522295514.0779598480 421696502941.1934100734 00029
152522295514.0779598480 421696502941.1934100734 00030
125892541036.6662757745 177827940811.3021402729 00031
125892541036.6662757745 177827940811.3021402729 00032
125892541036.6662757745 177827940811.3021402729 00033
125892541036.6662757745 177827940811.3021402729 00034
125892541036.6662757745 177827940811.3021402729 00035
