0.0203882 4.161861358365951e-07 8.216611623245532e-08 0.5757972441408969 18
0.0407764 2.764333033239107e-06 7.936580268041315e-07 0.8936426461140028 62
0.0611646 9.311755921689428e-06 2.146042833175614e-06 1.247381367801569 98
0.0815528 2.279458535659947e-05 7.396417738027151e-06 1.685092934152091 210
0.101941 4.749096781857568e-05 1.605536218865325e-05 2.257221645768272 350
0.122329 7.223953511622584e-05 2.572609856333547e-05 2.386833619285925 450
0.142717 0.0001214996483523936 3.838631119548819e-05 2.917050651398395 602
0.163106 0.0001738691709967763 5.940197696709631e-05 3.174804489504973 762
0.183494 0.0002389290689210384 9.779157738591635e-05 3.46078752321373 1142
0.203882 0.0003267368876753569 0.0001296968257125288 3.843487948360575 1250
0.22427 0.0004163638377098599 0.0001767037348049588 4.033044542996456 1458
0.244658 0.0005850953286102683 0.000226429563956168 4.745497735637385 1814
0.265047 0.0007009903935073324 0.0002960004243385741 4.850019349517672 2178
0.285435 0.000904185711576563 0.0003747520144551288 5.395556455884412 2498
0.305823 0.001102659483681542 0.0004908729786232293 5.716670389379564 2622
0.326211 0.001281803401638443 0.0005826196281394644 5.835739810162351 3338
0.346599 0.001496950688256495 0.0006959236139960572 6.046455347251919 3722
0.366988 0.001789068922118389 0.0008484419441722167 6.452307440282237 4170
0.387376 0.002047099002547902 0.001010092215346188 6.619608075031145 4358
0.407764 0.002290113571623198 0.001225191363080616 6.677225655622463 5034
0.428152 0.002697873138229255 0.001427031883615143 7.138633678950196 5714
0.44854 0.003022517919161517 0.001653728995142532 7.287860931206331 5982
0.468929 0.003511206311892485 0.001959257879307002 7.740494464896143 6602
0.489317 0.003806746104813165 0.002178820341865097 7.702806673333591 7130
0.509705 0.004276874276672356 0.002581056175712342 7.977441952552753 8034
0.530093 0.004668369448589679 0.003018424508558452 8.055003509134218 8606
0.550481 0.005159905453561963 0.003402395905833609 8.255400170104096 9066
0.57087 0.005681602019581453 0.003923566867593681 8.451761278690027 9962
0.591258 0.006190963864706509 0.004336598637307098 8.585540269375144 10550
0.611646 0.006689002845898157 0.004845475912101736 8.666302693489509 11226
0.632034 0.007455933668425278 0.005428028480056503 9.045110470923678 12146
0.652422 0.008001321824524385 0.006051395503862919 9.105507808215886 12303
0.672811 0.008460145531927398 0.006719438623539055 9.0504030003447 12584
0.693199 0.009096691138680744 0.007569497862172198 9.170145049172424 12120
0.713587 0.009844660722160175 0.008577393143066183 9.364600096752007 11180
0.733975 0.01010089760479326 0.009195594879238671 9.081347710070071 11096
0.754363 0.01080285413188125 0.01013618953198888 9.195536398784682 10056
0.774752 0.01189931046144546 0.01133306810005974 9.602507064497992 9716
0.79514 0.01267943293771399 0.01210694656690999 9.712833991302466 8604
0.815528 0.0137402844807442 0.01362211526598704 10.00369014653516 8060
0.835916 0.01420471344393136 0.0145906084620517 9.843885848054134 7320
0.856304 0.01531352354660438 0.01619791659873064 10.11683368826036 6356
0.876693 0.01610236434262918 0.01750709918092575 10.14723370679444 5348
0.897081 0.01682999658227271 0.0186549665086314 10.12529682353759 4308
0.917469 0.01821611504701663 0.01909500930323905 10.47763251888636 3563
0.937857 0.01805285287773595 0.02203660649304106 9.94175573359016 2448
0.958245 0.02050545591146328 0.02261369829686576 10.81074945389556 1868
0.978634 0.02010947282108148 0.02574721089073843 10.15764996514421 1358
0.999022 0.01074730259296685 0.01250208673041893 5.207590693257439 1062
1.01941 2.683935462714371e-33 2.505244991722356e-33 1.250634322728129e-30 776
1.0398 3.043145819897045e-33 2.416468871001715e-33 1.364733210076781e-30 432
1.06019 2.914963628815398e-33 2.077747732164559e-33 1.253301474719807e-30 200
1.08057 3.299887178847598e-33 2.884333767868604e-33 1.363407853979546e-30 168
1.10096 2.743742538246187e-33 2.281737738195945e-33 1.093834016207595e-30 56
1.12135 2.85261924934231e-33 6.487960325442788e-34 1.097036723084563e-30 7


0.0203882 1.311655175802082e-05 7.897603912155788e-06 270.4907170252811 18
0.0407764 0.0001125599072812277 8.341002315230615e-05 335.9626882773269 62
0.0611646 0.0002415120464556005 0.0002408914791180168 258.4315865814431 98
0.0815528 0.0005169135489363844 0.0007761300955505058 288.9777931041279 210
0.101941 0.0005113791839824999 0.001685267546021222 204.0533173555713 350
0.122329 0.0001990507516516908 0.002650672641535232 92.8431679490875 450
0.142717 3.408225150068443e-05 0.003812999702582974 50.62211739068079 602
0.163106 0.0006914181398888713 0.00479602079658587 99.67384178240033 762
0.183494 0.00332680651754726 0.00487533246309229 269.2433193889233 1142
0.203882 0.008946618713190305 0.004335438296666366 551.7694784709331 1250
0.22427 0.01640879999583369 0.00270262799997566 818.0840099997439 1458
0.244658 0.02531486802227539 0.0009773907452355029 1050.267023932383 1814
0.265047 0.03003530641929634 0.000124751380489226 1060.515158983496 2178
0.285435 0.02897555089773803 0.001410279640964905 882.8091055123311 2498
0.305823 0.02207342988594705 0.004904909380812176 586.0627490974668 2622
0.326211 0.01042389928031255 0.008740790760589676 245.7089480799391 3338
0.346599 0.002770058493362435 0.0122507042305676 61.34507188112299 3722
0.366988 0.002094043731920811 0.01240063453936894 41.97853428114839 4170
0.387376 0.009100763266722347 0.009772728516025722 152.0201119648029 4358
0.407764 0.01958313979777113 0.005804807203084626 291.5850816942972 5034
0.428152 0.02753422475362245 0.002427683757466699 370.9798948775644 5714
0.44854 0.02964991720890617 0.001907773517828328 363.8363575774826 5982
0.468929 0.02530875440601367 0.003722471608660136 284.1103991749936 6602
0.489317 0.01753906318811002 0.006269439261880352 181.0083213447926 7130
0.509705 0.01290961523914481 0.007998738951058147 123.0270855895457 8034
0.530093 0.01140035914658499 0.00853383950925937 100.5461527357015 8606
0.550481 0.01375759364414542 0.007489873099824907 112.2967443841738 9066
0.57087 0.0167637390426603 0.006646588652836197 127.059488120855 9962
0.591258 0.0180129856225584 0.006073911475067363 127.2032955018321 10550
0.611646 0.01724603532620716 0.006550590203212891 113.7839655261585 11226
0.632034 0.01645509749271198 0.00713613203451139 101.6666968898762 12146
0.652422 0.0141838164224687 0.007627795570236142 82.23185469029042 12303
0.672811 0.01316217835563708 0.007235273420198108 71.7221615703457 12584
0.693199 0.01432807290159177 0.005978021495467317 73.51491377297599 12120
0.713587 0.01297218003886715 0.006069370507526857 62.80866131731238 11180
0.733975 0.00999706484219358 0.006324289971639091 45.77154461993638 11096
0.754363 0.01028322440855484 0.0058122065821183 44.55766341166156 10056
0.774752 0.01250203916280642 0.004811026254773944 51.31770349691794 9716
0.79514 0.01326536603412528 0.004253274914477234 51.672597171839 8604
0.815528 0.01399372657647024 0.004252766793355514 51.80037258717632 8060
0.835916 0.01205368706849055 0.004684966681100921 42.47832140948908 7320
0.856304 0.01216234202470552 0.004632657250925309 40.8560938722563 6356
0.876693 0.01432571044951592 0.003986405522250395 45.88719911782421 5348
0.897081 0.0142438029117809 0.003502208680894439 43.55210023031572 4308
0.917469 0.01444479402720741 0.002820998193200717 42.22033561062988 3563
0.937857 0.01370934612435817 0.002853085880912786 38.36220844381486 2448
0.958245 0.01254835508055895 0.003183362107028617 33.62026039544568 1868
0.978634 0.01049885687901875 0.005033958737151412 26.96072013563673 1358
0.999022 0.002653376600505246 0.003233876028193489 6.546569030460645 1062
1.01941 4.382319751618045e-31 2.088136134891644e-31 1.038149309653736e-27 776
1.0398 4.836984040280962e-31 2.243061562697608e-31 1.102824068943246e-27 432
1.06019 5.155681838171058e-31 2.433866393135171e-31 1.126954188234435e-27 200
1.08057 4.43423174827754e-31 2.293516702071855e-31 9.314270633530667e-28 168
1.10096 4.933502497397241e-31 2.026293845008114e-31 9.997426575802175e-28 56
1.12135 6.988317150830205e-31 2.220082896077675e-31 1.366003911895975e-27 7


0.0203882 2.19809754149219e-06 4.391487521132654e-06 244.7166590699756 18
0.0407764 1.527191253091747e-05 4.539667908121164e-05 250.778482995419 62
0.0611646 2.182921996391125e-05 0.0001267575638453674 157.6066800110368 98
0.0815528 1.959483482303551e-05 0.000387986281532922 147.5282378278406 210
0.101941 1.468874042210182e-05 0.0007619564313464442 116.8628321876828 350
0.122329 0.0002363776935896971 0.001031894979825589 147.7585175005624 450
0.142717 0.001042015550083789 0.001194279976860617 283.3349552501392 602
0.163106 0.002846264837745775 0.001046403328138973 512.2715162462595 762
0.183494 0.005487800744363509 0.0005235859052173077 749.3621738044969 1142
0.203882 0.00846476185839345 7.840435492585953e-05 926.6279855144893 1250
0.22427 0.009327413537153679 0.0002323961746234807 839.2783202774629 1458
0.244658 0.007750597009280361 0.001456180005165831 588.661612322105 1814
0.265047 0.003493522940791378 0.003369862840331208 234.6911130177367 2178
0.285435 0.0004655415657777152 0.004817309888641437 37.73294702618244 2498
0.305823 0.001808612780336545 0.004665044278073128 95.39911944506414 2622
0.326211 0.006962130619238586 0.002534979141347621 295.7782473577588 3338
0.346599 0.01259902972186755 0.00071992110038334 469.3176931138722 3722
0.366988 0.01297002408327851 0.0005816169768629846 430.8838076842402 4170
0.387376 0.008518319408515627 0.002292969861970793 254.9878052188676 4358
0.407764 0.003701182178885573 0.00411823318848177 101.678901181619 5034
0.428152 0.002577364559334721 0.004384333990944768 64.85207097053178 5714
0.44854 0.005730475847397675 0.003287161253782647 128.2798432992692 5982
0.468929 0.009091390129686742 0.002047154318181935 184.7527297239454 6602
0.489317 0.009153387108965932 0.001825165862929522 170.5710999714901 7130
0.509705 0.007120789296712811 0.002572549201253506 122.546574663578 8034
0.530093 0.006279674503565677 0.002881787325092459 100.0392524169576 8606
0.550481 0.006922371430728182 0.002603859390089336 102.089009270512 9066
0.57087 0.00826934453495827 0.002239659611483728 113.1963541890018 9962
0.591258 0.008732146526602034 0.00203535874501202 111.3503915812113 10550
0.611646 0.007948375059936208 0.002403208398721296 94.73042379292139 11226
0.632034 0.00764627609644844 0.002619419913421919 85.33816205066763 12146
0.652422 0.006695053638707363 0.002807619536357104 70.12027969598611 12303
0.672811 0.005775213648801875 0.00282921736411461 56.87506496933322 12584
0.693199 0.006254862552915944 0.002324903127851221 57.97295865722678 12120
0.713587 0.005748565723715465 0.002338743545722341 50.27668818271046 11180
0.733975 0.005044862593600554 0.002228113581511317 41.7022837860041 11096
0.754363 0.005717195985152119 0.001812476986461372 44.69740314634516 10056
0.774752 0.006351291602083729 0.001534857275524654 47.04452069195286 9716
0.79514 0.005882314029383802 0.00161634460935135 41.36321642564864 8604
0.815528 0.005511945431095542 0.001880134313671765 36.84630894136605 8060
0.835916 0.004870532798884565 0.001973602509425096 30.99728615209691 7320
0.856304 0.004230966374305508 0.002236925654733391 25.68234548802306 6356
0.876693 0.003601270984157735 0.002614898134222375 20.8684907671446 5348
0.897081 0.003657667090112924 0.002392424569458249 20.22448826784025 4308
0.917469 0.004573604098235094 0.001787519926933206 24.14605781671478 3563
0.937857 0.005594682917595908 0.001251027761730039 28.25413249072018 2448
0.958245 0.005961077974535067 0.001015902145839202 28.81399782004609 1868
0.978634 0.006999335058195287 0.0009503387533501199 32.40615641559953 1358
0.999022 0.002454895847907355 0.0007291967712218734 10.90991394983023 1062
1.01941 4.097054509426661e-31 1.624524569254566e-31 1.751606313111757e-27 776
1.0398 3.904219734011925e-31 1.714245703348973e-31 1.606640446186051e-27 432
1.06019 5.161935739329135e-31 1.805383755297633e-31 2.035823535032362e-27 200
1.08057 4.393714019773527e-31 2.079658959225947e-31 1.665781311006344e-27 168
1.10096 5.756433379677763e-31 1.513973997028005e-31 2.104364985365873e-27 56
1.12135 8.144786180515966e-31 1.463636917409577e-31 2.871347664679559e-27 7


0.0203882 8.245814661659906e-08 2.942695010639999e-06 240.6103273595599 18
0.0407764 7.23719226631424e-08 2.916102506303723e-05 238.7647821134789 62
0.0611646 1.652234227426123e-06 7.660321264759498e-05 155.2748126498923 98
0.0815528 3.140802039303342e-05 0.0002152480737578054 183.944536548516 210
0.101941 0.0002216821890949139 0.0003603377672949908 257.9677476620593 350
0.122329 0.0007162296613510666 0.0003834045880602654 388.2313528151967 450
0.142717 0.001668686015219963 0.0003014595611121915 579.5096940569216 602
0.163106 0.003007439603755694 0.0001106059504476996 758.5242196946155 762
0.183494 0.003931873183453505 2.924997740832492e-05 775.5658534322442 1142
0.203882 0.00394136422089908 0.0003934452105308389 635.195775574929 1250
0.22427 0.002311919247191509 0.001250538450681599 318.8611910192758 1458
0.244658 0.0005058221648389507 0.002270954127510249 77.08543136685724 1814
0.265047 0.000583236707809644 0.002438647132365922 71.28060526183774 2178
0.285435 0.003613133948310836 0.00152663084664195 296.7337448935352 2498
0.305823 0.00730548117563199 0.0003850407971942248 507.9439277316422 2622
0.326211 0.007241201917131443 0.0002915469156129074 441.1394529915792 3338
0.346599 0.004296248478201867 0.00153057689719182 235.180956067323 3722
0.366988 0.001146549465034293 0.002673356685851154 60.25415347022193 4170
0.387376 0.001798872559705348 0.002446456737086189 81.27969858945765 4358
0.407764 0.004908251287992279 0.001311628551822145 192.1420740699747 5034
0.428152 0.006389334134800297 0.0006909061007336297 225.6300126773979 5714
0.44854 0.005080128261623718 0.001241358778648241 163.9489120598831 5982
0.468929 0.003394995775115111 0.00188288375285255 100.844655739078 6602
0.489317 0.003377907982246849 0.001763245959307609 91.8992907662409 7130
0.509705 0.00448598373174668 0.001328661364950302 111.834267668684 8034
0.530093 0.004363981302332849 0.001368984781089087 100.592747784141 8606
0.550481 0.003430797451973649 0.001706702491606242 73.52037603536898 9066
0.57087 0.003152125593671367 0.00189844216812964 62.86142284424911 9962
0.591258 0.003473070350035102 0.001757927496554187 64.41841705854003 10550
0.611646 0.004101165660188887 0.00155621790677669 70.88721783669125 11226
0.632034 0.004132286458268014 0.001601302916002897 66.85373814300696 12146
0.652422 0.004163448293538599 0.001491107863386964 63.13227458400165 12303
0.672811 0.003921559818052677 0.001399488214111898 55.87479945418828 12584
0.693199 0.003331782913960991 0.001440492898906008 44.75497699016407 12120
0.713587 0.003257442585129374 0.001363341106174468 41.26679503312444 11180
0.733975 0.002803749010054388 0.001320367419854861 33.57694153739143 11096
0.754363 0.002813282713013418 0.001229234744686591 31.87660403894832 10056
0.774752 0.003383527771836116 0.0009924419331306992 36.28751814988326 9716
0.79514 0.003500464569279636 0.0008891907134383708 35.61739004171621 8604
0.815528 0.003552475091478234 0.0009365357929241607 34.35092163272478 8060
0.835916 0.003065529810040609 0.001033592645634466 28.22640782885956 7320
0.856304 0.002714543778245721 0.001172728716073065 23.84003627918871 6356
0.876693 0.002557748391034396 0.001303286219949199 21.43420032434737 5348
0.897081 0.002715025672754859 0.001128230782915738 21.70310088220549 4308
0.917469 0.003254608376935396 0.0007869458068984561 24.84171298238811 3563
0.937857 0.003063289235028521 0.0007967901819547777 22.38457407210869 2448
0.958245 0.002591616867966101 0.0009355560662368744 18.14025035999825 1868
0.978634 0.001983041170222212 0.001378327393518257 13.32159016098974 1358
0.999022 0.000362431647423382 0.0008361750692128903 2.355964931970091 1062
1.01941 3.674889792104319e-31 1.450429661149161e-31 2.273161648180372e-27 776
1.0398 3.838973368673248e-31 1.560620495427129e-31 2.285507231177765e-27 432
1.06019 3.305439874676026e-31 1.757142536351699e-31 1.887657916357907e-27 200
1.08057 4.329593208035582e-31 1.768808761873147e-31 2.374175831907951e-27 168
1.10096 3.563300402964583e-31 1.564629053949056e-31 1.885722765805626e-27 56
1.12135 4.131034966176469e-31 2.865092562462997e-31 2.110712398985879e-27 7


0.0203882 2.390373140381254e-07 1.896453443660989e-06 249.9521268650062 18
0.0407764 4.609549890328838e-06 1.781002299909875e-05 271.4366369472525 62
0.0611646 2.308176454022394e-05 4.319716323098974e-05 208.7924568116018 98
0.0815528 0.0001198382864392004 0.0001080702220309365 304.0640939021187 210
0.101941 0.0004203163022248691 0.0001426755814620375 455.4757066191208 350
0.122329 0.0009183717861054398 9.816832669159665e-05 591.1388843350486 450
0.142717 0.001599907481581425 2.810522409836329e-05 709.4170728026361 602
0.163106 0.00215090668000941 2.580255106524913e-05 714.1692957075783 762
0.183494 0.001908682548541443 0.000282349038007368 510.4469043858736 1142
0.203882 0.001014402970367561 0.0008496058638711172 241.200246303652 1250
0.22427 0.0001186648327105141 0.001348353928997807 51.58148867418826 1458
0.244658 0.0006765226826962477 0.001386889389892517 119.8629028415347 1814
0.265047 0.002961341999266354 0.0006906797586101166 369.3747848877532 2178
0.285435 0.00497793323243848 9.256818059050292e-05 523.0931889973948 2498
0.305823 0.004415687299955617 0.0004394684429964523 404.6672858002208 2622
0.326211 0.001585279034521128 0.001388565801144141 133.7381827537309 3338
0.346599 0.0005420847550136335 0.001866935842673946 46.02020167884527 3722
0.366988 0.002510469313166151 0.0011351657345806 161.9645049799782 4170
0.387376 0.004613389633973881 0.0003813376405167195 261.4675153268594 4358
0.407764 0.004000708859249921 0.0006219702524591405 204.8189804775292 5034
0.428152 0.002078381831763782 0.001277252798020836 98.13938801033777 5714
0.44854 0.001960981727574633 0.001355858285617506 84.38020463288062 5982
0.468929 0.00296319748305829 0.0009941047927525808 114.9794645617831 6602
0.489317 0.003122155463824718 0.0008567039211358999 110.8512274459399 7130
0.509705 0.002268421246219919 0.00116139355109621 74.6423975808549 8034
0.530093 0.002311482369456503 0.001140357488265164 70.22406462665282 8606
0.550481 0.002919725664605858 0.0009040004697783348 81.79992161581401 9066
0.57087 0.003292067524189284 0.0008251038306985543 85.57575333249278 9962
0.591258 0.003092131469279739 0.0008894706264574027 74.94301357735073 10550
0.611646 0.002845160539027301 0.001004629517358397 64.46374809754285 11226
0.632034 0.002946051043164716 0.001003660122618866 62.44921043973362 12146
0.652422 0.002776749379295452 0.001000026113952714 55.20152190175033 12303
0.672811 0.002539916510251654 0.000964585966907618 47.4548473267072 12584
0.693199 0.002595252811422049 0.0008237996674317785 45.62630110065014 12120
0.713587 0.002419058933622841 0.0008189977520742662 40.12571227975014 11180
0.733975 0.002138401198735642 0.000781334821674949 33.52330428388733 11096
0.754363 0.001861418394814475 0.0008300164082017788 27.64534999906456 10056
0.774752 0.001638420872027557 0.0009018852767053955 23.08857857832096 9716
0.79514 0.001763613820821948 0.0008141149875563921 23.5582807414793 8604
0.815528 0.002087649244717519 0.0007346075137900638 26.46364941637351 8060
0.835916 0.002093442815759584 0.0006725524295717615 25.24446533611448 7320
0.856304 0.002139156638412142 0.0006579020583153491 24.58213585545179 6356
0.876693 0.002112993816773778 0.0007154383867499486 23.16306661401416 5348
0.897081 0.001870477813350011 0.0007339766411046354 19.58101179778267 4308
0.917469 0.002006510709273854 0.0005942110739514436 20.06207646720962 3563
0.937857 0.002174424275200412 0.000485267263950349 20.79813422996586 2448
0.958245 0.001973213488612471 0.0005314386209307728 18.07386073335188 1868
0.978634 0.001791587138592576 0.0007352997092217383 15.73584356680556 1358
0.999022 0.0003726898384981235 0.0005033709978402581 3.160982221348357 1062
1.01941 3.406548660313371e-31 1.196087276873053e-31 2.758404864535028e-27 776
1.0398 3.799490461467001e-31 1.360187418145904e-31 2.960936484751182e-27 432
1.06019 3.20549076766107e-31 1.529172958868426e-31 2.396507829676602e-27 200
1.08057 3.930889445411969e-31 1.672021802087607e-31 2.822625223627909e-27 168
1.10096 4.591945776499631e-31 1.028605326968166e-31 3.177714001992898e-27 56
1.12135 3.740522705416895e-31 2.786163024167117e-31 2.503885308434281e-27 7


0.0203882 9.973048559965441e-07 1.083235380389805e-06 265.375440621343 18
0.0407764 1.308340315346307e-05 9.457019741575031e-06 322.5681898437822 62
0.0611646 4.734780412038355e-05 2.044596758992655e-05 279.702090223681 98
0.0815528 0.0001874321451601792 4.263941902764052e-05 431.5022948717956 210
0.101941 0.0004956539236080084 3.5810876287849e-05 600.0669736244231 350
0.122329 0.0008508321367067727 6.426336739622801e-06 662.2435287070292 450
0.142717 0.001165426959641146 2.127979504433024e-05 647.5745970655898 602
0.163106 0.001140695968754231 0.0001732956783547069 492.6231676191024 762
0.183494 0.0005712528614739377 0.0005010686109653775 223.6147490021369 1142
0.203882 6.652397064090154e-05 0.0008594460985127313 61.12663875361338 1250
0.22427 0.0004580394747908761 0.0008440920003680544 127.4986591494507 1458
0.244658 0.002059869120386452 0.0004407078601839855 377.802121265696 1814
0.265047 0.003401215404914363 5.445999279779171e-05 515.5398560525462 2178
0.285435 0.00280361042785855 0.000370482246287032 369.7578456306433 2498
0.305823 0.0009184936142230474 0.001155655133934812 115.5110570704181 2622
0.326211 0.0004080428123668345 0.001277414743871399 50.57104038880793 3338
0.346599 0.002226071746741365 0.0006870451998852446 199.1881360537485 3722
0.366988 0.003545087015914552 0.0002025370468109003 277.7008951522818 4170
0.387376 0.002492781486106954 0.0006004001498440285 176.658046773791 4358
0.407764 0.001142447781352396 0.001101412581765442 75.55597377444053 5034
0.428152 0.001486829745293385 0.0009347292089871557 87.41890537544695 5714
0.44854 0.002437491453175824 0.0006143113261668783 128.090873385801 5982
0.468929 0.002261102274364662 0.0006881509331688809 108.6928137622364 6602
0.489317 0.001657412417627332 0.0008519685874056381 73.57384541415151 7130
0.509705 0.002115369260799475 0.0006731176633829129 85.829058154126 8034
0.530093 0.002352200320882717 0.0005828044291637557 87.977781838089 8606
0.550481 0.002078030519044795 0.0006780228785297113 72.1629382197404 9066
0.57087 0.001838759494725383 0.0008089516974407963 59.48966892631194 9962
0.591258 0.001830848145967707 0.0008028905790768121 55.15832874877354 10550
0.611646 0.001997142335200881 0.0007579539899451125 56.07896528070707 11226
0.632034 0.002013008958604125 0.0007791355521248191 52.89334203625982 12146
0.652422 0.00193611220952864 0.0007592060305104189 47.69086055042931 12303
0.672811 0.001884969153709257 0.0006894270239692256 43.59417981035781 12584
0.693199 0.001597299989781018 0.0007092783159005062 34.83874699877927 12120
0.713587 0.001583312372472904 0.0006629864956275414 32.55141318868332 11180
0.733975 0.001575693760710978 0.0005613304940519186 30.56943036846074 11096
0.754363 0.001606063984400764 0.0005087698024928931 29.46864594158328 10056
0.774752 0.001671552045963142 0.0004765093021976505 29.05171357785489 9716
0.79514 0.001499835483897145 0.0005125663415349673 24.75601576844932 8604
0.815528 0.001363519166709776 0.0005952060397760802 21.40949157487584 8060
0.835916 0.001291591240562532 0.0005778099528307705 19.29871384651526 7320
0.856304 0.001271407206764751 0.000586601553087405 18.10649777556251 6356
0.876693 0.001305425482762045 0.0006078381193194819 17.72801771821279 5348
0.897081 0.00120263037856537 0.0005946099907172687 15.59209081737977 4308
0.917469 0.00101575341696117 0.0006032859989402669 12.60017233558467 3563
0.937857 0.001323780650561393 0.0004532149456288396 15.67609614191815 2448
0.958245 0.001514631918100808 0.0003569281472549013 17.15094516263732 1868
0.978634 0.002017380822065664 0.000260707913588003 21.85994067044754 1358
0.999022 0.0008446348736998458 0.0001452510239287611 8.782489905089287 1062
1.01941 2.983365601733131e-31 1.213885532165019e-31 2.988944365291048e-27 776
1.0398 3.345021225650866e-31 1.276672077014721e-31 3.224287689750031e-27 432
1.06019 3.908867994232242e-31 1.163106735239336e-31 3.609307799526565e-27 200
1.08057 3.575258863915219e-31 1.624191741531231e-31 3.175759249870142e-27 168
1.10096 3.400764502629165e-31 1.101035711090259e-31 2.911551642390291e-27 56
1.12135 3.701536784007121e-31 1.784336462805228e-31 3.060379154637873e-27 7


0.0203882 1.69880252045341e-06 4.98735058250706e-07 280.7496064670744 18
0.0407764 1.95653599001296e-05 3.865114397842556e-06 370.4456417874756 62
0.0611646 6.139872562367995e-05 6.773056888195963e-06 337.8262228913832 98
0.0815528 0.0002092810759224568 9.500522081262874e-06 513.8580232556621 210
0.101941 0.0004534595535324972 1.896732795028643e-06 640.2440877742458 350
0.122329 0.0006265928819582466 1.55299560411486e-05 595.8195320820057 450
0.142717 0.000655855422618393 0.0001036927756357093 466.090567131884 602
0.163106 0.0004018049792659592 0.0003050777468599059 252.1757183604621 762
0.183494 5.907570649080576e-05 0.0005221236687376681 79.64761434801846 1142
0.203882 0.0002641515483603027 0.0005830874527086786 124.4769424296364 1250
0.22427 0.001266023779658465 0.0003188454019265702 339.5359057003959 1458
0.244658 0.002403116081773156 4.489285542428144e-05 513.4894937169057 1814
0.265047 0.002126199325193182 0.0002224951899801011 390.2668106900657 2178
0.285435 0.0007056119118326667 0.0008117932311458635 125.2374309499237 2498
0.305823 0.0002408747077818581 0.001055448731600394 47.88363639885769 2622
0.326211 0.001594899912144894 0.0005156772782973428 194.0611337711072 3338
0.346599 0.00280356183145225 0.0001343685066497659 294.1187127981507 3722
0.366988 0.001833727726427345 0.0004848684979683534 174.2123020179678 4170
0.387376 0.0006554399621238201 0.0009216986758628572 59.92683206787025 4358
0.407764 0.001214162787331471 0.0007223943742801538 94.55594793869997 5034
0.428152 0.002054060330591389 0.0003868583733284353 141.338226742895 5714
0.44854 0.001734464234407827 0.0005266415836555563 109.1936602816246 5982
0.468929 0.001368755873953413 0.0006659537388444045 79.29526071201646 6602
0.489317 0.001627682038060064 0.0005254375452088727 85.73707204869599 7130
0.509705 0.001770273670109554 0.0004665932256078231 85.60795575153801 8034
0.530093 0.001419797033304309 0.0005930306224689283 63.78529783538907 8606
0.550481 0.001269676921783494 0.000642394371681289 52.96724063420744 9066
0.57087 0.001456536029669533 0.0006059897049963921 56.24396881176836 9962
0.591258 0.001520426884400223 0.0005762972683785088 54.60496017075927 10550
0.611646 0.001484262723559474 0.0006028343461259055 49.78520431650043 11226
0.632034 0.00150639856717654 0.0006152556710015639 47.26739911890739 12146
0.652422 0.0014891863908424 0.0005847895325176254 43.77567625724651 12303
0.672811 0.001398586716380174 0.0005498019414306675 38.61556496040571 12584
0.693199 0.001435009182697796 0.000469098473995313 37.25368880469644 12120
0.713587 0.001407540277105951 0.0004400718229329833 34.44865074349737 11180
0.733975 0.001166355942953494 0.000449732697819852 27.00327318779701 11096
0.754363 0.001075101025149605 0.0004522908335328479 23.56734431794431 10056
0.774752 0.001000080201493495 0.0004734940065672246 20.79109223404627 9716
0.79514 0.001026071325553085 0.0004416721417821696 20.223462923157 8604
0.815528 0.001165706475354 0.0004138740819497448 21.79993374130624 8060
0.835916 0.001158437003931245 0.0003831442930382996 20.60500547849926 7320
0.856304 0.001210672241781361 0.0003647361177416797 20.51263709048987 6356
0.876693 0.001290852169209711 0.0003606439683764819 20.84946581272568 5348
0.897081 0.001237659924903282 0.0003396857480402875 19.07831785577582 4308
0.917469 0.001130159193442342 0.0003327548936844636 16.65623920600867 3563
0.937857 0.0007700722172850166 0.0004438720285164653 10.89928801187896 2448
0.958245 0.0007107488938323473 0.0004480435903223232 9.63364898830053 1868
0.978634 0.0007802562752985501 0.0004943571436752271 10.12856239939092 1358
0.999022 0.0005841484695570263 0.0001364622932375131 7.241359657832131 1062
1.01941 2.829885327688356e-31 1.046366640921454e-31 3.377839599030728e-27 776
1.0398 3.22207805789145e-31 1.135997234774974e-31 3.700237466840352e-27 432
1.06019 3.143982635225662e-31 1.278815617395094e-31 3.462733011288726e-27 200
1.08057 4.215349865747769e-31 1.226290100130314e-31 4.455828170482325e-27 168
1.10096 3.112159795215759e-31 1.306840498728273e-31 3.177750297423459e-27 56
1.12135 4.123985919436151e-31 1.280072746291709e-31 4.057923903775083e-27 7


0.0203882 2.059645587186931e-06 1.478248106808206e-07 291.5461459046636 18
0.0407764 2.188007941384588e-05 8.616398860063895e-07 400.033987728627 62
0.0611646 6.213396087634595e-05 7.670991491658348e-07 364.8625176094986 98
0.0815528 0.0001879856478476884 3.06322606772629e-07 527.634000596375 210
0.101941 0.0003376507648585565 1.076843954243326e-05 577.1734843121718 350
0.122329 0.0003633644747095631 6.23166831782562e-05 443.9219245741742 450
0.142717 0.0002568459665196562 0.0001795361354589491 269.0540580188455 602
0.163106 5.550725529858422e-05 0.0003396354622315666 110.2230113881371 762
0.183494 0.0001152187583013055 0.0003925959279478266 109.3472924966344 1142
0.203882 0.0007659050976346946 0.0002660364938953334 305.268683531126 1250
0.22427 0.001591306285874407 4.697615223549226e-05 477.7904741530205 1458
0.244658 0.001740120046650138 0.000103522256129683 436.9520829367983 1814
0.265047 0.0007340611462272733 0.0005284206816712286 172.8442703879698 2178
0.285435 0.0001287783844982497 0.0008058136535833399 44.02675119911582 2498
0.305823 0.001114754245980778 0.0005088934449440974 184.7381011380677 2622
0.326211 0.002142954261978245 9.932715823964785e-05 295.7031395524875 3338
0.346599 0.001660753640466099 0.0003211686417063926 205.6317984879422 3722
0.366988 0.0004992531940020549 0.0007393441603313641 61.09343137670675 4170
0.387376 0.0008742466676795365 0.0006082587197431496 89.4249909373909 4358
0.407764 0.00174564667763574 0.0002962440772019122 154.222427579507 5034
0.428152 0.001473149224419312 0.0003733307755236355 118.4788612868679 5714
0.44854 0.001055898250011984 0.0005426335045383198 78.37493715033833 5982
0.468929 0.001318726039820107 0.0004504961214662731 88.37984479700725 6602
0.489317 0.001420864729244306 0.0003775546250553033 86.88107771669135 7130
0.509705 0.0009755589595407773 0.000535079019063052 55.60382955832169 8034
0.530093 0.001016926635608145 0.0005176042126719101 53.3932436618479 8606
0.550481 0.001262483574587819 0.0004232634607397384 60.91949476741849 9066
0.57087 0.001350191763032459 0.0004175420113049154 60.43276246876358 9962
0.591258 0.001288923537475409 0.0004350896555509259 53.76993487415751 10550
0.611646 0.001292354254428453 0.0004440786670225244 50.32026322156026 11226
0.632034 0.001327315842280937 0.0004477627478818448 48.33311114769084 12146
0.652422 0.001332159266221807 0.000416345528584646 45.42995830249853 12303
0.672811 0.001221491620868046 0.0004021865323239242 39.14319044039799 12584
0.693199 0.001080222748728536 0.0004009633216519162 32.62803061793383 12120
0.713587 0.0009313081494920347 0.0004244395604169366 26.57647417760609 11180
0.733975 0.0009284186916763296 0.0003614768787045169 24.98306642432905 11096
0.754363 0.0009496356480464893 0.0003284121581898876 24.15521174511671 10056
0.774752 0.0009867419397402869 0.0003096441805037246 23.76596640283709 9716
0.79514 0.0009705091142317885 0.0002982616749691543 22.17538518071214 8604
0.815528 0.0009678380635420236 0.000318648211047668 21.01677774208664 8060
0.835916 0.0008792647359743879 0.0003245244327093649 18.17851109398868 7320
0.856304 0.0007995545714022761 0.0003550087038281743 15.77118790149722 6356
0.876693 0.0007693491577795801 0.0003870723572165681 14.48206072495866 5348
0.897081 0.0007226997287196034 0.0003721760056812695 12.9839222512583 4308
0.917469 0.0007519194248561754 0.0003230499518091901 12.89403472387245 3563
0.937857 0.0009557256777543837 0.0002269720994281239 15.64267480320697 2448
0.958245 0.0009038655258608458 0.0002323093368560016 14.16413055653576 1868
0.978634 0.0008967472463803985 0.0002937049502808339 13.47172622136226 1358
0.999022 0.0002005332675886287 0.0002105252913037752 2.914893895091482 1062
1.01941 2.56354722352352e-31 1.015249624861532e-31 3.55422580821734e-27 776
1.0398 2.672949668998896e-31 1.188550214763882e-31 3.567863408981966e-27 432
1.06019 2.979804911081872e-31 1.203290691538856e-31 3.810732089451696e-27 200
1.08057 3.169994542118505e-31 1.419079124441628e-31 3.896616825995207e-27 168
1.10096 2.772712795258602e-31 1.417605556075804e-31 3.290215054120046e-27 56
1.12135 2.981309888830767e-31 1.411069864010648e-31 3.410530423468046e-27 7


0.0203882 2.014347904342156e-06 8.115598563950173e-09 295.4756778458038 18
0.0407764 2.00005208946735e-05 5.347156149117838e-09 405.1118981856031 62
0.0611646 5.184949910072938e-05 4.105679139367874e-07 356.5893064327772 98
0.0815528 0.0001391229568548299 5.96371418370678e-06 478.2964705329505 210
0.101941 0.0002005967659856156 3.684310384103678e-05 450.8371734587581 350
0.122329 0.0001492459888844784 0.0001053515730244087 281.7946368242672 450
0.142717 4.60836016065641e-05 0.0002072984550052377 142.5065316600111 602
0.163106 3.607828814520656e-05 0.0002828297368203648 107.4170283861721 762
0.183494 0.0003950995920652253 0.0002148301473630812 246.1265402038879 1142
0.203882 0.001065349973838295 6.262287514688229e-05 453.3936552703907 1250
0.22427 0.001326718944501083 3.371978483159552e-05 455.7122398932553 1458
0.244658 0.0008042390950244524 0.0003129896243949457 247.3709618085563 1814
0.265047 0.0001076889096509339 0.0006141143050975861 53.21073943376828 2178
0.285435 0.0006051731332252123 0.0004820437719083117 141.1134494127558 2498
0.305823 0.001766958407604221 0.0001122344319052421 319.0351432153531 2622
0.326211 0.001544395236409153 0.0001631386632350747 245.1482215027994 3338
0.346599 0.000519368200312858 0.0005722504638376853 80.82363561529714 3722
0.366988 0.0005418037412030928 0.0005601751883740235 73.80775846082702 4170
0.387376 0.001461422432986662 0.0002315701668687957 163.8461912956631 4358
0.407764 0.001383464950441675 0.0002649227213033592 139.8130472946318 5034
0.428152 0.0007897321703089044 0.0004617661240992527 74.30538345440634 5714
0.44854 0.001009485763082637 0.0003953622315245378 85.05849166856166 5982
0.468929 0.001179997812769489 0.0003370170208788249 90.03737289654558 6602
0.489317 0.0008800653373500339 0.0004172260830812579 62.14884280373717 7130
0.509705 0.0008786438118014873 0.000412746891565516 57.02144387292618 8034
0.530093 0.001103349901526549 0.0003290390421865933 65.5264399817043 8606
0.550481 0.00109361516806725 0.0003294484110335378 60.13189046434617 9066
0.57087 0.001042459635540732 0.000369739438296539 53.33227391742025 9962
0.591258 0.001045969643938698 0.0003641734468264491 49.80008336729735 10550
0.611646 0.00109524184280476 0.0003546063569172056 48.60953379298549 11226
0.632034 0.001116874090525417 0.0003602351746927213 46.36029713767323 12146
0.652422 0.001007978186166911 0.0003757706999282959 39.27103850747257 12303
0.672811 0.0009094966152476863 0.0003669711552423722 33.30542439719309 12584
0.693199 0.0008349076332210137 0.0003502915628857169 28.79418928622205 12120
0.713587 0.0009086809094586464 0.0002971456511191529 29.4695731564681 11180
0.733975 0.000845465728860943 0.0002680003901213587 25.88942678166557 11096
0.754363 0.0007521133278192376 0.0002818534466470605 21.82084816607975 10056
0.774752 0.000749715907594945 0.000278537381254878 20.60543031285373 9716
0.79514 0.0006859169930996259 0.0002876110884007299 17.90292929022418 8604
0.815528 0.0006487195054803264 0.0003171933997045373 16.10559201583738 8060
0.835916 0.0006399277680179817 0.000298390246682775 15.10558891257493 7320
0.856304 0.000727578691088956 0.0002665993322677953 16.33222095016841 6356
0.876693 0.0008057094239221891 0.0002546729384793923 17.22810147448347 5348
0.897081 0.0008202037233889061 0.0002226730136792577 16.72418666313477 4308
0.917469 0.0006990580037272355 0.0002366358767268396 13.6386171227391 3563
0.937857 0.0005094367746311342 0.0002911712265409093 9.546753417451336 2448
0.958245 0.0005213060231721131 0.0002747895558698945 9.342412980175185 1868
0.978634 0.0006568377427757544 0.0002717732429856133 11.25404882580457 1358
0.999022 0.0004676373547981506 5.951529459986786e-05 7.653348131710479 1062
1.01941 2.429859603515303e-31 8.666966477908583e-32 3.835494143467728e-27 776
1.0398 3.044703894889634e-31 9.229993917526454e-32 4.621303623896789e-27 432
1.06019 2.872195269679639e-31 1.051817024139085e-31 4.181889089136238e-27 200
1.08057 3.60051803399834e-31 1.137896474811519e-31 5.033426410523228e-27 168
1.10096 3.653562926504816e-31 9.847407636946036e-32 4.924900478404329e-27 56
1.12135 3.264646156483642e-31 1.650912621091597e-31 4.254875764153483e-27 7


0.0203882 1.642067796888913e-06 2.694761371228484e-08 292.6890056736355 18
0.0407764 1.520507709741679e-05 5.99253480801267e-07 388.3548520560388 62
0.0611646 3.560080656224528e-05 3.259371351658015e-06 321.4382273551658 98
0.0815528 8.237490766641666e-05 1.756449894342874e-05 392.8182314588519 210
0.101941 8.582823481512458e-05 6.09379478152525e-05 318.0223721702843 350
0.122329 2.898083772694296e-05 0.0001234542197340832 174.6132098170756 450
0.142717 1.32447976219507e-05 0.0001835897274869575 124.7874570687247 602
0.163106 0.0001924531355373467 0.0001795873091051787 211.7226931541736 762
0.183494 0.0006289479001405076 7.420682857210097e-05 387.9264278266944 1142
0.203882 0.001014591175266736 1.085732087136733e-05 480.6073528028452 1250
0.22427 0.0007710971164633913 0.0001537621973536011 313.1201966543545 1458
0.244658 0.0001848234703788902 0.0004411497766726053 92.7266860799711 1814
0.265047 0.000237171500852212 0.0004634868054344648 90.09506868213796 2178
0.285435 0.001186279872529225 0.0001612848045311727 282.6609603235542 2498
0.305823 0.001575268866319071 6.395526513082427e-05 319.0773395450157 2622
0.326211 0.0006414620174152111 0.0003764049553857723 122.2565370803865 3338
0.346599 0.0002754699126598182 0.0005397086780493438 53.37401301679717 3722
0.366988 0.001073422972553396 0.0002476300456774201 152.8071505949555 4170
0.387376 0.001338003667460076 0.0001569689029138121 168.1227500628546 4358
0.407764 0.0007414493924155225 0.0003772750598583628 86.715787759742 5034
0.428152 0.0006770964737702518 0.0003839298404749038 71.80229679040374 5714
0.44854 0.001003141912323163 0.0002773077228421804 94.40086778436026 5982
0.468929 0.0008367316248985928 0.0003412881092903152 72.43247364505939 6602
0.489317 0.0007043578766471378 0.0003645403623025887 56.17092397556019 7130
0.509705 0.001012327683243092 0.0002482954836156142 73.00998060940209 8034
0.530093 0.0009665787368862401 0.0002638395233021991 64.45802462854695 8606
0.550481 0.0008193669786699053 0.0003146547354479633 50.85825531505075 9066
0.57087 0.0008313967101075478 0.0003282235027300089 47.91118722416559 9962
0.591258 0.0008431222782785502 0.000320411193086024 45.18576279634561 10550
0.611646 0.0008395046349640533 0.0003289087294978948 41.9876177035847 11226
0.632034 0.0008371272717710688 0.0003412003908475591 39.17121884170179 12146
0.652422 0.0007757592785102232 0.0003431620443314321 34.04763633058931 12303
0.672811 0.0007964903303077538 0.0002977075077786872 32.74231517994435 12584
0.693199 0.0008075089076903934 0.0002566037119483664 31.19075670968989 12120
0.713587 0.0007516842459606693 0.0002554644497847781 27.39102547058691 11180
0.733975 0.0006148025664767963 0.0002615738303977639 21.20784716284173 11096
0.754363 0.0006276400700566286 0.0002394050627962837 20.45536246957422 10056
0.774752 0.000581096547362949 0.0002529771893621991 17.96526858288395 9716
0.79514 0.0005939973273732628 0.0002361093034402388 17.40277156326095 8604
0.815528 0.0007048527382879137 0.0002086318218464824 19.56720814973378 8060
0.835916 0.0007201728361177256 0.0001843707271107337 19.00292040381811 7320
0.856304 0.0006717047405226723 0.0002029236954945162 16.90520564072605 6356
0.876693 0.000662941375459822 0.0002205674087478437 15.91742780788699 5348
0.897081 0.0005288918939524399 0.0002477876265433645 12.14980725139196 4308
0.917469 0.0005424835627891232 0.0002164050738703329 11.8932724329418 3563
0.937857 0.0006380321775832452 0.0001671165271313538 13.35335061791934 2448
0.958245 0.0006307362267665084 0.0001600286000926431 12.63266769960292 1868
0.978634 0.0006740943813000032 0.0001843696969866036 12.93474941969516 1358
0.999022 0.0001652660626698833 0.0001358157052308932 3.067353589287537 1062
1.01941 2.210209328249367e-31 8.949409835043362e-32 3.918147540642266e-27 776
1.0398 2.402116080550417e-31 1.019983321536657e-31 4.09842166366384e-27 432
1.06019 2.760962935815379e-31 1.06295504864681e-31 4.512614554002806e-27 200
1.08057 2.726257920942621e-31 1.332373543034934e-31 4.286479259731016e-27 168
1.10096 2.504122209217072e-31 1.367058668469647e-31 3.801197651989085e-27 56
1.12135 5.363508127124004e-31 6.54592716395448e-32 7.809859859104223e-27 7


