0.04 2.33998668438413e-05 6.086113658190277e-07 2.880164026735887 18
0.08 0.0001005845845195843 3.337340411584344e-06 3.879251490828963 62
0.12 0.000416369952788805 1.10804882363488e-05 7.073238521141903 98
0.16 0.0007323748438781755 3.059766830394141e-05 6.955462528699671 210
0.2 0.0009838976948908403 5.787110467715617e-05 6.077662116529523 350
0.24 0.001440885464692768 0.0001059360732935151 6.222534211744075 450
0.28 0.001900508628878671 0.000189029999338673 5.991513894671231 602
0.32 0.00235785380761335 0.0003053679372195643 5.664221257525601 762
0.36 0.003411709110671011 0.0004874450127764063 6.506417085642663 1142
0.4 0.003886414140686218 0.0006798494991862847 6.029206042291544 1250
0.44 0.005325423343392753 0.0009578614029478767 6.805999555660027 1458
0.48 0.005953487559195882 0.00144046990870323 6.378996536141983 1814
0.52 0.006935233702811188 0.002013493502331556 6.341677319168349 2178
0.56 0.008058591570676763 0.002602382930422582 6.358633358368068 2498
0.6 0.009074331699156861 0.003343229332704084 6.222088229365112 2622
0.64 0.01035265940727162 0.004242857169217353 6.231162583320029 3191
0.68 0.01136640524460746 0.005258631120354459 6.066815124882297 3044
0.72 0.0134257416487766 0.006555009461053717 6.397972647913931 2736
0.76 0.01449074778048691 0.008330966956036146 6.191297760436909 2276
0.8 0.01628419078048513 0.01005739353988483 6.273550911386733 2016
0.84 0.01810768019575686 0.01264774041630405 6.331775271906487 1640
0.88 0.01839910538071172 0.01406979006284053 5.861225500844055 1056
0.92 0.02110248344630288 0.01561158156987298 6.147285328968584 683
0.96 0.02486072788936853 0.01821045581000537 6.66009404116088 350
1 0.0248862756304459 0.0167534782643035 6.150935573596239 192
1.04 0.03485076676551304 0.02131466119844931 7.941248805860236 44
1.08 0.03534228731667179 0.02061670077801762 7.412870751502378 25


0.04 0.0003260557403945286 3.347278301861053e-07 1989.970151822805 18
0.08 0.001680978902047673 8.311154798544024e-08 2171.178771380048 62
0.12 0.00479221813079341 1.913432873160091e-06 2571.225376104971 98
0.16 0.001714777864998191 1.056758801998684e-05 507.0858214415018 210
0.2 0.0009461455688895095 9.514301798741431e-06 180.1824144908379 350
0.24 0.004012194110240141 9.671384718282995e-07 524.517433919052 450
0.28 0.002459512678567674 7.710891540004795e-06 234.1785996366937 602
0.32 0.0002662919778717822 1.474952217159124e-05 19.73680194107522 762
0.36 0.002254772058396015 6.297691407052958e-06 129.2941775202729 1142
0.4 0.003010832498593366 4.531539772472408e-06 140.1412621250343 1250
0.44 0.001391189607400693 1.654012469851697e-05 53.43925136611389 1458
0.48 0.001049923155876928 1.796715352362629e-05 33.81082116063639 1814
0.52 0.001987628759051513 1.234292140577476e-05 54.4586153029366 2178
0.56 0.002275422944000265 1.361867198541096e-05 53.76334541294453 2498
0.6 0.001583214151017905 2.119589690971844e-05 32.52553480788055 2622
0.64 0.001668883825060014 2.25771299504045e-05 30.08324108472616 3191
0.68 0.001911762020289326 2.151699709142386e-05 30.53932062488918 3044
0.72 0.002185732426776767 1.798130942258468e-05 31.15854503503277 2736
0.76 0.002609823298793041 1.956033821777798e-05 33.34169812800121 2276
0.8 0.002066096345803688 2.887097309556557e-05 23.8082014854592 2016
0.84 0.00211437679687168 3.287023628776937e-05 22.11162634488783 1640
0.88 0.002255794715003189 2.859183573502356e-05 21.48375851728233 1056
0.92 0.003546433908774758 1.541372758658712e-05 30.87013656688434 683
0.96 0.003348973745493281 1.895494313238024e-05 26.81142974362724 350
1 0.002242280338726296 3.753228912930805e-05 16.57141775626518 192
1.04 0.001720008678567989 5.715823833817794e-05 11.72853990873814 44
1.08 0.001410408852791833 0.0001189694113808764 8.869055259699106 25


0.04 0.0002369235139346892 4.212618190853117e-09 2812.56196536244 18
0.08 0.0004488951398407806 4.899854499973274e-07 1156.830326133594 62
0.12 0.0001242625496980464 3.361910012809727e-06 151.9137838192335 98
0.16 0.001164581871133904 1.774701572267264e-06 675.4933686831744 210
0.2 0.001337016241943676 1.602541874015674e-06 496.2572204184675 350
0.24 0.0003181124316540527 3.60658340731687e-06 83.30995129506584 450
0.28 0.00154079186570566 6.287054043849039e-07 288.339381353437 602
0.32 0.0003483717680185954 3.831497705719789e-06 50.01310291744329 762
0.36 0.001012271621954534 2.013246461409306e-06 114.2363273211933 1142
0.4 0.0009431150213678071 2.92500808315653e-06 86.4719740271871 1250
0.44 0.0005207162427438932 4.70232886163444e-06 39.4114713478485 1458
0.48 0.0009807004664282052 3.000056868232041e-06 61.97883716710948 1814
0.52 0.0007650007707437651 4.689569587681505e-06 41.2711846890109 2178
0.56 0.0009809824449432227 4.243502692773737e-06 45.61216704939226 2498
0.6 0.00111492380630197 3.937991236994854e-06 45.0166731542866 2622
0.64 0.0009117312023879611 5.650196702365967e-06 32.32156803653237 3191
0.68 0.0009069670573032164 6.082309935770229e-06 28.50353338861234 3044
0.72 0.0009245133000263538 5.981784744574765e-06 25.93380115365602 2736
0.76 0.001037720753575578 6.685438258701425e-06 26.08815924907747 2276
0.8 0.001083143334955465 6.806847801159528e-06 24.54771275794003 2016
0.84 0.001323973624314619 6.430775076795013e-06 27.22254041116358 1640
0.88 0.001101825236284365 8.174766804330188e-06 20.64178305475707 1056
0.92 0.0006524314717998854 1.425544390754256e-05 11.19460768619834 683
0.96 0.0006705806736126058 1.327811429035194e-05 10.57849594260567 350
1 0.001327912696989382 6.723313067199512e-06 19.29810120470766 192
1.04 0.001949823493352911 3.535828372487575e-06 26.1188817892825 44
1.08 0.003738040756151561 7.975938173052668e-07 46.07741601228545 25


0.04 8.204127687795728e-05 8.629650792557948e-08 1539.369278970712 18
0.08 1.949824990551506e-05 5.7637236466591e-07 111.8471776261106 62
0.12 0.0005075878026894129 9.302568670200055e-07 815.6909576845874 98
0.16 0.00102620801829308 5.357787889517301e-07 885.9670126802421 210
0.2 0.0002602945420158166 1.627552433397512e-06 146.9494051291875 350
0.24 0.0009001724221152142 5.020285053299711e-07 345.9654802287118 450
0.28 0.0002116525606684302 1.882745139544675e-06 60.00501479010371 602
0.32 0.000760933835054175 5.06369974767062e-07 161.5650340381609 762
0.36 0.0002896856834811327 1.962369543295283e-06 49.05606402681916 1142
0.4 0.0006869130761462107 1.01563392449444e-06 93.92232567702931 1250
0.44 0.0004103517994667238 2.074639223253468e-06 46.30027018640283 1458
0.48 0.0005572208123185924 1.655578068676815e-06 52.56500142666683 1814
0.52 0.0004608468190456714 2.270150731607708e-06 37.10607488332531 2178
0.56 0.0006539806046556134 1.899649496959398e-06 45.36164557120924 2498
0.6 0.0006159706460302208 2.232909451544833e-06 37.11963870074408 2622
0.64 0.0005777808381485401 2.628157780692247e-06 30.55972642081699 3191
0.68 0.0006312860325614761 2.643580148896958e-06 29.59274631202942 3044
0.72 0.0006329250410116556 2.641430142950457e-06 26.48334842129706 2736
0.76 0.0006490061317477846 3.22657396717407e-06 24.34233613407746 2276
0.8 0.0005362305093851636 4.006052255446807e-06 18.14152165831535 2016
0.84 0.0005643574799746474 4.52827443779012e-06 17.32628325410193 1640
0.88 0.0008321954119345797 2.947037214504921e-06 23.25083974625531 1056
0.92 0.0007318268745894471 4.642284826634118e-06 18.70520884005198 683
0.96 0.0002482703829227891 7.632014286487071e-06 5.857399375486359 350
1 0.0004663952361555708 5.907660655779682e-06 10.12377661844115 192
1.04 0.0008561459760240193 4.433801223015306e-06 17.11638670728986 44
1.08 0.002098686476633307 2.437897485997667e-06 38.59453052131129 25


0.04 5.237486101032966e-06 1.215894394041458e-07 313.6603368618767 18
0.08 9.195311764612261e-05 2.308623261814099e-07 496.5899933733059 62
0.12 0.0007286324241099751 4.918471734550913e-08 1534.706434599103 98
0.16 0.0001908735614115536 1.140865222329694e-06 227.8516377194439 210
0.2 0.0005988884141172158 2.950680759234457e-07 441.4824534005239 350
0.24 0.0001327192786817025 1.193590211009837e-06 69.66501169150209 450
0.28 0.0005605995080474027 3.470701799178837e-07 208.4352675325748 602
0.32 0.000172860595587844 1.055744849430417e-06 49.31619758297794 762
0.36 0.000442358170779258 6.71299137247868e-07 99.11874248737726 1142
0.4 0.0003248229367491602 9.790781005926881e-07 59.19579963310318 1250
0.44 0.0004002754988058725 9.588491196291246e-07 59.98036335501168 1458
0.48 0.0004327836188542434 8.838560908794118e-07 54.28364326480332 1814
0.52 0.0003164969567018135 1.402827436409296e-06 33.90349577472676 2178
0.56 0.0004029473640990021 1.325539333056267e-06 37.19022727399326 2498
0.6 0.0004136836926294885 1.38426721859308e-06 33.16057807158879 2622
0.64 0.0004109816151748042 1.572010606218327e-06 28.91029644873386 3191
0.68 0.0004660392215117407 1.523306079107861e-06 29.05102937028031 3044
0.72 0.0004407898587020408 1.620965144149891e-06 24.52960320644474 2736
0.76 0.0004147453733713268 2.129387894589363e-06 20.69404138316495 2276
0.8 0.0004547674847102702 2.04224133911105e-06 20.45133898163436 2016
0.84 0.000541758325489458 2.081774046803087e-06 22.10302777769046 1640
0.88 0.0004741087433772183 2.459712343684411e-06 17.62365715298267 1056
0.92 0.0004637032452349186 2.980199906561132e-06 15.76566657194284 683
0.96 0.0007975141727656155 1.073444908799881e-06 24.90903267538938 350
1 0.0006123761775690178 2.089966647280158e-06 17.65366513588356 192
1.04 0.0004429593819053502 3.816982819524749e-06 11.784197676833 44
1.08 0.000178207073079231 9.341935180152239e-06 4.393701668690737 25


0.04 1.304896099801336e-05 6.894557483101089e-08 567.2567102247657 18
0.08 0.0001689378633419175 1.882966690746621e-08 1082.723004380727 62
0.12 0.0002642244495724825 4.697807994641083e-07 712.59972538221 98
0.16 0.0002454424231368976 5.902057561716298e-07 359.133088254599 210
0.2 0.0002502221634209995 5.603624681120337e-07 232.6543466907618 350
0.24 0.000394122112221433 2.793019075259749e-07 252.0201245639955 450
0.28 0.0001421137321416835 7.678772464716031e-07 66.89934473082994 602
0.32 0.0003542876646509883 2.851042378303279e-07 125.0113442589978 762
0.36 0.0002147118237757005 6.821547846417416e-07 60.26513828799082 1142
0.4 0.0002655673501783844 6.528461897256297e-07 60.40823747911428 1250
0.44 0.000278002350294557 6.88482204409045e-07 52.03012471528676 1458
0.48 0.0002601741772306594 7.764719808357805e-07 40.78570730666856 1814
0.52 0.0003270731184025719 7.222882538576892e-07 43.67805753515185 2178
0.56 0.0003003924312046674 9.27549345501754e-07 34.61321931629803 2498
0.6 0.0003048268148483412 9.610322190448221e-07 30.50452169280619 2622
0.64 0.0003035524956123114 1.088994777998538e-06 26.65716869237644 3191
0.68 0.0003571800347485968 1.021225203394286e-06 27.7906739600044 3044
0.72 0.0003524675414580444 1.039298274346097e-06 24.4790381759853 2736
0.76 0.0003278943740452433 1.388499316380285e-06 20.4188929385373 2276
0.8 0.0003560789291353337 1.34428873446198e-06 19.98552260278958 2016
0.84 0.000404990696842906 1.450183287089592e-06 20.62388784391766 1640
0.88 0.0003340885323264554 1.756061533845433e-06 15.50360348571287 1056
0.92 0.0005348923927487256 1.196002760136994e-06 22.67722967633352 683
0.96 0.0004129489952658621 1.7247494863661e-06 16.10825084929536 350
1 0.0001610767303967316 2.848120540610162e-06 5.81510267039092 192
1.04 0.0001483334068697795 3.374591855284745e-06 4.941766675879264 44
1.08 0.0005348628632192102 4.095879757188726e-06 16.34495501804547 25


0.04 3.86348998184857e-05 1.114828658325669e-08 1466.408004506257 18
0.08 0.0001014057538405399 6.38627332178312e-08 794.8802395126992 62
0.12 2.086161746249692e-05 6.102381506657499e-07 99.36427174752581 98
0.16 0.0003777706962632553 1.626363848134264e-07 652.4107747376717 210
0.2 0.0001330548338451571 4.968045088473894e-07 150.2930147834519 350
0.24 0.0002401263000070617 3.522842533374943e-07 184.8530284462042 450
0.28 0.0002528508905113008 2.928980720362616e-07 141.1218141742043 602
0.32 0.0001135645841524318 5.283392602303009e-07 48.56305646047518 762
0.36 0.0002487021263525622 3.565387558631174e-07 83.47663667461754 1142
0.4 0.0002146916607580472 4.521154396376584e-07 58.55768692735839 1250
0.44 0.0002224980843806692 5.097969229754981e-07 49.93936604207502 1458
0.48 0.0002076349708401624 5.737443600001885e-07 39.03315896308482 1814
0.52 0.0002245098302506687 6.010809438773832e-07 35.97395089452108 2178
0.56 0.0002582715641966634 6.309817822238951e-07 35.67216500535097 2498
0.6 0.0002621954586502569 6.551709907029294e-07 31.45113169716303 2622
0.64 0.0002664115217225127 7.229779990160632e-07 28.04059432459588 3191
0.68 0.0002489257779329911 8.453307791075174e-07 23.2316398652766 3044
0.72 0.0002911996962102438 7.199543116658966e-07 24.24386865991248 2736
0.76 0.0002740872032409946 9.673595169277392e-07 20.4603830578422 2276
0.8 0.0002742352516300054 1.014649473081342e-06 18.45529011390763 2016
0.84 0.0002914479515868788 1.161603038396818e-06 17.79839829251265 1640
0.88 0.0002802520340004608 1.216079942332984e-06 15.58960436499155 1056
0.92 0.0004380496068992984 8.463437433624155e-07 22.26250860287699 683
0.96 0.0002207445887882177 1.698868908290509e-06 10.33502065666825 350
1 0.0001724967905892556 1.841962178372834e-06 7.456647135428693 192
1.04 0.0002963567496282632 1.655017523084426e-06 11.79427190971055 44
1.08 0.0009032709384186181 9.434823108691244e-07 33.04461862771034 25


0.04 3.475604477936251e-05 4.980925259664035e-09 1531.223268382221 18
0.08 1.639834382032804e-05 1.443316194691433e-07 197.0269036415537 62
0.12 0.0001642256230441825 2.468387636838056e-07 625.4236936394658 98
0.16 0.0002074826460173806 2.89905220019673e-07 423.2527427022451 210
0.2 0.0002323106615414278 1.854514227562728e-07 300.5467818555228 350
0.24 8.738119505162445e-05 4.424623776953218e-07 80.07507851614392 450
0.28 0.0001933951158681204 2.6548284558986e-07 126.0540492583074 602
0.32 0.0001908633236668224 2.185310720669622e-07 94.34241456851024 762
0.36 0.0001394262515243567 3.936309709190921e-07 54.78337682009313 1142
0.4 0.000172810588843415 3.636555155255125e-07 54.98963689589323 1250
0.44 0.0001758467310514721 4.027200446838599e-07 46.04325517847818 1458
0.48 0.0001986174057738982 3.700646710532155e-07 43.50377839583969 1814
0.52 0.0001919021869217743 4.533992906160476e-07 35.85241476780673 2178
0.56 0.0001903123743374382 5.342362196559921e-07 30.66812212342722 2498
0.6 0.0001898024489098465 5.627611217679255e-07 26.56315395466455 2622
0.64 0.0002299949604816284 5.235316602727539e-07 28.22153725163217 3191
0.68 0.0002119793110699338 6.351383894026948e-07 23.06552922688772 3044
0.72 0.0002120486922262624 6.29825049825902e-07 20.59271259246677 2736
0.76 0.0002352589556358681 7.100855803312983e-07 20.47392979498904 2276
0.8 0.000230692263917913 7.662467998272048e-07 18.1005461307614 2016
0.84 0.0002211234665917045 9.518528147062421e-07 15.74914355316378 1640
0.88 0.0002262907236679719 9.437596331105053e-07 14.67778044526786 1056
0.92 0.0003560492490037637 6.701502126308351e-07 21.09712837637825 683
0.96 0.0001886173702298222 1.266864927668186e-06 10.29542066299094 350
1 0.000160365241618364 1.330603396598202e-06 8.079282692946419 192
1.04 0.0002761664226525167 1.143094411396546e-06 12.81034821101 44
1.08 0.0008158614917180917 4.833673443501411e-07 34.79205061003152 25


0.04 1.149864452496618e-05 2.921458834488851e-08 746.2712507985666 18
0.08 1.653946583346944e-05 1.09287447851591e-07 220.5028910196145 62
0.12 0.00025896377012307 2.418743172360098e-08 1096.994430095937 98
0.16 7.715360518842353e-05 3.729794479029579e-07 188.8567144545802 210
0.2 0.0001694376101983884 1.968207315793678e-07 251.5332884711574 350
0.24 0.0001835881183325038 1.692557760155233e-07 188.2274050774339 450
0.28 9.122267300108035e-05 3.278503552851327e-07 68.69302157037188 602
0.32 0.0001345328851768812 2.301311399043834e-07 76.16299948838125 762
0.36 0.0001523092068085857 2.485694937948797e-07 68.21304300429674 1142
0.4 0.0001414991269172817 2.929398049474323e-07 51.4660654640447 1250
0.44 0.0001552942689188484 3.075096851313976e-07 46.44931745256451 1458
0.48 0.0001373905611390261 3.645630493839856e-07 34.43202740252033 1814
0.52 0.0001561653765753698 3.684636888105878e-07 33.34214189501464 2178
0.56 0.0001839185925390542 3.726380026046485e-07 33.83861952359989 2498
0.6 0.0001885023345938259 3.818482242003985e-07 30.11750475307793 2622
0.64 0.0001624699991278485 4.977517967231869e-07 22.79446770028794 3191
0.68 0.0001954797422588735 4.592269911971181e-07 24.29118712345701 3044
0.72 0.0001680101821097138 5.364718237599028e-07 18.64493476142388 2736
0.76 0.0001998354553247969 5.596852420915067e-07 19.86717890187104 2276
0.8 0.0002089901915255926 5.690598209418056e-07 18.72836410795512 2016
0.84 0.0002216832069679333 6.582399184876289e-07 18.0272761439258 1640
0.88 0.0001891391052180441 7.547972125667059e-07 14.01526895059789 1056
0.92 0.0002745356795833405 6.192128242204706e-07 18.58600234645057 683
0.96 0.0002230135568156798 7.819478236486914e-07 13.8910644477228 350
1 0.0001127645906442736 1.137526129184135e-06 6.495880073944512 192
1.04 0.0001682529457285709 1.141944765576099e-06 8.924386803377352 44
1.08 0.0005838783338566533 7.750973181282742e-07 28.44811148844805 25


0.04 5.898790426273303e-07 3.675067043799916e-08 306.6299375100786 18
0.08 5.751541399122155e-05 2.706685212858146e-08 685.837337009188 62
0.12 0.0001356308922101605 1.506558438072358e-07 663.8348050558947 98
0.16 0.000126449206934137 2.110009493651166e-07 335.2657101225527 210
0.2 7.99429727217515e-05 2.61492761813426e-07 136.4943496019076 350
0.24 0.0001547910808613343 1.499948380344476e-07 178.7080161720769 450
0.28 0.0001391843313430187 1.639409014718452e-07 116.6953532822593 602
0.32 8.043919849796834e-05 2.447522540800052e-07 51.54174967844072 762
0.36 0.0001277873623781981 2.112473296788156e-07 64.41016499863308 1142
0.4 0.00012431615030547 2.367189678077531e-07 50.86355607924462 1250
0.44 0.0001258303327820483 2.665734759824368e-07 42.36107478447745 1458
0.48 0.0001358935746834636 2.5721556130273e-07 38.27132221807366 1814
0.52 0.0001433157406773346 2.851940430630516e-07 34.4060759338642 2178
0.56 0.0001350732445778449 3.550607447969461e-07 27.97885905581265 2498
0.6 0.0001358360248616346 3.713497807367148e-07 24.43336048625291 2622
0.64 0.0001673049368353437 3.409596164183094e-07 26.37862110112946 3191
0.68 0.0001532493640694917 4.116810905871003e-07 21.42727411400756 3044
0.72 0.0001636913030258568 3.879390861678442e-07 20.42077783644052 2736
0.76 0.0001670439331367013 4.695900771353901e-07 18.67998744158056 2276
0.8 0.0001711138892473308 4.883222842444528e-07 17.24893989621503 2016
0.84 0.000205297386253932 4.938937052990334e-07 18.77157618222517 1640
0.88 0.0001894897059020995 5.361642203525931e-07 15.78382688052878 1056
0.92 0.0001818000612316 6.814023904248327e-07 13.85256185903956 683
0.96 0.0002743988355553355 3.66569794756584e-07 19.20495880744588 350
1 0.000103160211362357 9.117299909097737e-07 6.682140147277174 192
1.04 7.518050083219554e-05 1.170380666720893e-06 4.500715741058684 44
1.08 0.0002408323958067743 1.515609302385389e-06 13.21997791671907 25


