0.0723401 0.0001139326696405772 1.495469186333298e-06 2.375112671790288 18
0.14468 0.0004556220779918058 1.160202868756206e-05 2.976987751524176 62
0.21702 0.00109896401257072 4.37767813723637e-05 3.163677705563461 98
0.28936 0.002117243013227194 0.000168129211736071 3.410972556952144 210
0.361701 0.003512741938062518 0.0004435909870131938 3.680189035597387 350
0.434041 0.004481213890539463 0.0008398531789141448 3.283419100919887 450
0.506381 0.006573159000610684 0.00144898782380174 3.513149589885084 602
0.578721 0.008308585570858975 0.002506728485865264 3.384588791053662 762
0.651061 0.01023452540574117 0.00465395618006299 3.31295005002701 1142
0.723401 0.0126940734429175 0.006734209773615135 3.341258984374701 1250
0.795741 0.01491295276154075 0.009935217993962997 3.235390557195874 1458
0.868081 0.01944556234951759 0.01365477492898472 3.534024710888031 1814
0.940421 0.02176756593874526 0.01907403108864929 3.377023894155545 2178
1.01276 0.007483592073775009 0.007073210195133773 1.001483281505847 2498
1.0851 1.486299722407696e-33 7.402002257515509e-34 1.724579063975165e-31 2622
1.15744 1.656238775448336e-33 8.101478378573841e-34 1.686480585854153e-31 3191
1.22978 1.638563235719745e-33 8.800960052590868e-34 1.479238433520402e-31 3044
1.30212 1.74323798888082e-33 9.423247066665198e-34 1.405064421512398e-31 2736
1.37446 1.686860039119908e-33 9.344264648739874e-34 1.218703655392455e-31 2276
1.4468 1.630691714725633e-33 9.584733137570688e-34 1.062301577101333e-31 2016
1.51914 1.499827028817077e-33 8.484023124576014e-34 8.866030820861813e-32 1640
1.59148 1.727420701270039e-33 8.137065609298559e-34 9.299919436221451e-32 1056
1.66382 1.605344075923096e-33 8.301369336089806e-34 7.905461187416179e-32 683
1.73616 1.710314644915179e-33 8.529418645123483e-34 7.745570088260691e-32 350
1.8085 1.484198714363948e-33 1.043789562643355e-33 6.203597876312449e-32 192
1.88084 1.8812151233857e-33 9.793406997994406e-34 7.246677796255024e-32 44
1.95318 2.062080756863236e-33 4.168424074619018e-34 7.310028399502773e-32 25


0.0723401 0.5976687213494634 0.0009158872376712919 311661.6420727656 18
0.14468 0.6816010621143187 0.0005168948680079353 76846.59052684519 62
0.21702 0.2513109815303197 0.0005136881849270214 11813.1941559284 98
0.28936 0.1178551430848217 0.0008627860570597954 3036.961070461264 210
0.361701 0.05965653800758861 0.0005511094563661895 986.8917394578499 350
0.434041 0.0312348723385802 0.0003099196102312521 358.5699908519956 450
0.506381 0.02112297476576735 0.0001877817359037691 176.1892267768844 602
0.578721 0.0110625099211408 0.0001704779001737002 70.21991880417931 762
0.651061 0.005876025713958227 0.0001776703476738194 29.62214619469 1142
0.723401 0.005371074763186223 0.0001645584283725533 21.9739533484982 1250
0.795741 0.004497902324996922 0.0001661606319546337 15.15133130359694 1458
0.868081 0.005285986632702026 0.0001403721512432723 14.88820081083242 1814
0.940421 0.00417139490321649 0.0002019333660251223 10.03653755456623 2178
1.01276 0.001449313591544222 5.309613665865305e-05 3.00345109466216 2498
1.0851 7.600599551619012e-30 3.960995619004529e-31 1.369279205281221e-26 2622
1.15744 9.323610087107785e-30 5.440655694168071e-31 1.473988717477143e-26 3191
1.22978 1.190555108520281e-29 6.768474929330611e-31 1.667856317090871e-26 3044
1.30212 1.339116378378155e-29 9.155591808526746e-31 1.675163866132064e-26 2736
1.37446 1.614100573251338e-29 1.142713096231463e-30 1.809431710816549e-26 2276
1.4468 1.909299149520484e-29 1.485742458564693e-30 1.929748486997334e-26 2016
1.51914 2.129287148598802e-29 1.799788417322981e-30 1.952959234543269e-26 1640
1.59148 2.480673690710995e-29 2.040728682319366e-30 2.071882972811506e-26 1056
1.66382 2.650644445821783e-29 2.484529754181668e-30 2.024762713721819e-26 683
1.73616 2.758587315767875e-29 2.774608098955917e-30 1.937942159571852e-26 350
1.8085 3.910638286845721e-29 3.335382544171428e-30 2.533393266072638e-26 192
1.88084 3.879455723868853e-29 3.640311236063113e-30 2.317434682745725e-26 44
1.95318 3.760088958722647e-29 2.908976700263409e-30 2.066182719051983e-26 25


0.0723401 0.5106973121639721 0.0001142494155723553 511012.0323140282 18
0.14468 0.2022645337219235 0.0002730041861608424 44391.05979895429 62
0.21702 0.1019857915949892 0.000235457594955388 9308.712249126827 98
0.28936 0.1047895159664344 0.0001169663012296252 5202.778880743708 210
0.361701 0.03244683105717534 0.0001334272523815611 1038.199942303539 350
0.434041 0.01777514670556527 6.703444348179771e-05 394.6366235126144 450
0.506381 0.0104719946592358 5.351852042923623e-05 169.1312739809011 602
0.578721 0.005185618119333661 5.32658784373394e-05 63.77768138748949 762
0.651061 0.003103326892730242 4.810325485520057e-05 30.28090381675603 1142
0.723401 0.003203912945494946 3.71653582573649e-05 25.34039196423768 1250
0.795741 0.002632391959013823 3.959703373655073e-05 17.14747948691868 1458
0.868081 0.002274662307538233 4.524418192623889e-05 12.41695862807961 1814
0.940421 0.002305963129957643 5.111041264955303e-05 10.73428953805295 2178
1.01276 0.0008594672958668676 1.22879377343312e-05 3.445081722405257 2498
1.0851 7.546011555804634e-30 1.932789513220382e-31 2.630945897740499e-26 2622
1.15744 9.452021724360815e-30 2.623445098325917e-31 2.891637432862227e-26 3191
1.22978 1.101842511905192e-29 3.514957160037169e-31 2.988624583310451e-26 3044
1.30212 1.35454831352149e-29 4.580385259533473e-31 3.279463011311113e-26 2736
1.37446 1.603632684013139e-29 5.305758709689724e-31 3.478717764904674e-26 2276
1.4468 1.908358005596319e-29 7.426184571681194e-31 3.733130748720809e-26 2016
1.51914 2.079338655820262e-29 9.143219729103765e-31 3.691650938571668e-26 1640
1.59148 2.416185924063849e-29 1.064971634330175e-30 3.906566822943152e-26 1056
1.66382 2.711943522163824e-29 1.269258230809354e-30 4.009520682164493e-26 683
1.73616 3.014666300651775e-29 1.507267784843968e-30 4.099014153327497e-26 350
1.8085 3.006241627234113e-29 2.031637722742155e-30 3.77388295103793e-26 192
1.88084 2.786376660354547e-29 2.201329893669878e-30 3.226159030247927e-26 44
1.95318 3.078232902727239e-29 1.918257138248152e-30 3.277302120533525e-26 25


0.0723401 0.3368407644705572 5.365657930643044e-05 500742.9338152799 18
0.14468 0.203053614856813 8.881446892962271e-05 65848.58041259951 62
0.21702 0.06288989260754432 0.000105261563322405 8522.065537947101 98
0.28936 0.02569255259969741 0.0001285346979352664 1913.835633580612 210
0.361701 0.02402513954284985 5.618720018642258e-05 1139.643157027716 350
0.434041 0.01227449728886926 2.921926687623777e-05 404.1631020996411 450
0.506381 0.004473074443459051 3.719525876930571e-05 107.6254128585684 602
0.578721 0.003556695391574448 2.365741042396546e-05 64.87944922291913 762
0.651061 0.002252682172415561 2.02745950780613e-05 32.58281424215004 1142
0.723401 0.001885758219849615 1.943636649534095e-05 22.14967023107367 1250
0.795741 0.001518726698160978 2.07084986479599e-05 14.694281998947 1458
0.868081 0.001336346227301202 2.332305759929188e-05 10.83470960912726 1814
0.940421 0.001718599151000637 2.052805692359756e-05 11.85837513443672 2178
1.01276 0.0006200014478415409 4.85544592871089e-06 3.685174347977093 2498
1.0851 7.730629459260421e-30 1.218756809499849e-31 3.997164944025905e-26 2622
1.15744 9.257449197310261e-30 1.706644205656778e-31 4.201073778398811e-26 3191
1.22978 1.084923746325515e-29 2.312623146067388e-31 4.365272778692763e-26 3044
1.30212 1.310018551486966e-29 3.098767277652337e-31 4.705510991448711e-26 2736
1.37446 1.429716772382202e-29 3.782354798077168e-31 4.603163661734569e-26 2276
1.4468 1.761844669698034e-29 4.729890942070384e-31 5.113068973183177e-26 2016
1.51914 2.092309442958173e-29 5.941963887318594e-31 5.509817146142171e-26 1640
1.59148 2.244756215364654e-29 7.378855084794483e-31 5.385588317350146e-26 1056
1.66382 2.736449751007802e-29 8.591814611937669e-31 6.001553007504883e-26 683
1.73616 2.597908832025788e-29 1.01864630787109e-30 5.242278435582112e-26 350
1.8085 3.896421620749765e-29 1.100184444032271e-30 7.247192563705493e-26 192
1.88084 3.981797381849718e-29 1.395181763139581e-30 6.83091636779038e-26 44
1.95318 3.105751561938951e-29 1.179442919618256e-30 4.903866362489415e-26 25


0.0723401 0.1369233038430289 5.439823696252586e-05 272150.1303066355 18
0.14468 0.157602789285282 4.193220510532096e-05 67747.69346245943 62
0.21702 0.05289812066227954 5.502310220954795e-05 9492.136770962048 98
0.28936 0.02804145100606363 5.955025626523632e-05 2754.276489160182 210
0.361701 0.01392579086876935 3.817172650790885e-05 877.7284603292112 350
0.434041 0.008737892120878055 1.771804863225796e-05 381.6433156166293 450
0.506381 0.003125614343994808 2.197035028630763e-05 99.80787311358266 602
0.578721 0.002662195378828731 1.36043559500157e-05 64.39772313847291 762
0.651061 0.001713870151546823 1.149046194384868e-05 32.8664930818366 1142
0.723401 0.001507130506333597 1.044840075495867e-05 23.46078974790266 1250
0.795741 0.001315884268914545 1.025728382669492e-05 16.86110233929045 1458
0.868081 0.001254982131352671 1.06698506079095e-05 13.46630118381954 1814
0.940421 0.001148853501673535 1.335248148918808e-05 10.52044792350755 2178
1.01276 0.0003085063694839573 4.43918859989961e-06 2.437529656466002 2498
1.0851 8.060315838737551e-30 9.635145542947244e-32 5.526074048838598e-26 2622
1.15744 9.345753578300551e-30 1.333761487996954e-31 5.623904772167787e-26 3191
1.22978 1.162459078562301e-29 1.772601579654845e-31 6.200592454403482e-26 3044
1.30212 1.346094718949267e-29 2.338552934892249e-31 6.410421515069279e-26 2736
1.37446 1.518754826677247e-29 2.851371518316789e-31 6.482275163522179e-26 2276
1.4468 1.794879424352641e-29 3.71360636948445e-31 6.907086524792345e-26 2016
1.51914 2.324616033792435e-29 4.312536800359932e-31 8.113586436936312e-26 1640
1.59148 2.481407623034407e-29 5.434523597393123e-31 7.890881515294485e-26 1056
1.66382 3.021049554770972e-29 7.014258500766561e-31 8.784735949573431e-26 683
1.73616 3.743634053893008e-29 7.42470595426619e-31 1.00063640784731e-25 350
1.8085 3.854883787643676e-29 9.591618308562553e-31 9.510060059600444e-26 192
1.88084 4.330133011085742e-29 8.484355243248313e-31 9.843703394379653e-26 44
1.95318 5.773283344210924e-29 6.519961062069719e-31 1.206952113167271e-25 25


0.0723401 0.1657051453103478 2.372712809237611e-05 408122.2168932735 18
0.14468 0.06781649063538381 4.752627775173586e-05 36572.3202011968 62
0.21702 0.04583625067564464 3.332820042644515e-05 10238.95233697334 98
0.28936 0.02845013776374261 3.245931077913044e-05 3472.622097118985 210
0.361701 0.01056363853673415 2.641243116741245e-05 830.3678811346562 350
0.434041 0.004780779694275023 1.673726686582841e-05 261.0891776897838 450
0.506381 0.003018930600927599 1.27326455105885e-05 119.8461768516345 602
0.578721 0.002340098027997141 7.912585112087562e-06 70.46359053639402 762
0.651061 0.001407224668631268 7.201137349958922e-06 33.61222823569488 1142
0.723401 0.001111069601263376 7.309777825651189e-06 21.56245717549645 1250
0.795741 0.0009936530305363908 7.037705463198305e-06 15.86990340931716 1458
0.868081 0.0009842412382306037 7.052648110029451e-06 13.15950006835249 1814
0.940421 0.0009654560589831111 8.090383875011013e-06 11.0096722791066 2178
1.01276 0.0002949005766448017 2.41903262363952e-06 2.899123493591462 2498
1.0851 7.146789124524929e-30 7.53738865016719e-32 6.106127519880055e-26 2622
1.15744 8.734973893358895e-30 9.795455694266089e-32 6.548042634472465e-26 3191
1.22978 1.093277485541651e-29 1.281167895745508e-31 7.264150953972779e-26 3044
1.30212 1.236298471288955e-29 1.800684726315224e-31 7.335857694731662e-26 2736
1.37446 1.427042203970307e-29 2.13563771156889e-31 7.587945581274427e-26 2276
1.4468 1.691670372020925e-29 2.737508750997991e-31 8.109568336220201e-26 2016
1.51914 1.993157141905284e-29 3.643801890062352e-31 8.671671765161462e-26 1640
1.59148 2.29166175693946e-29 4.138609403478444e-31 9.079556803497952e-26 1056
1.66382 2.645304460450334e-29 5.149779767293642e-31 9.584112711847049e-26 683
1.73616 3.040282945291329e-29 6.395231529233242e-31 1.013058585618902e-25 350
1.8085 3.531171802297882e-29 7.535159258105868e-31 1.085461188642277e-25 192
1.88084 3.560325567896117e-29 7.655938242770873e-31 1.008961737469123e-25 44
1.95318 5.695904057857521e-29 3.881453298848845e-31 1.483163271554801e-25 25


0.0723401 0.1923668734575461 1.122292214588235e-05 564683.3648072375 18
0.14468 0.1058883133026933 2.030620417520304e-05 67915.84655082982 62
0.21702 0.03985950878205977 2.218682730467964e-05 10656.65513259035 98
0.28936 0.02303762039956149 2.334367443515435e-05 3367.952811765787 210
0.361701 0.01565744425249276 8.36703206190817e-06 1465.824910834693 350
0.434041 0.005592226751459089 8.649366742046606e-06 364.4976931785988 450
0.506381 0.003723766253952125 5.659962706554834e-06 176.3866602344996 602
0.578721 0.001805344159347685 5.997176025477349e-06 65.13288651250058 762
0.651061 0.001174036541959926 5.016461307752864e-06 33.57596515450066 1142
0.723401 0.0009191808196488323 5.08287606808962e-06 21.359429355533 1250
0.795741 0.0008987173423196787 4.580312219994423e-06 17.17593476937952 1458
0.868081 0.0008411983939168148 4.815681199369315e-06 13.46410004737813 1814
0.940421 0.0008398602198209254 5.474869055668856e-06 11.46433405349371 2178
1.01276 0.0002708221371306716 1.565455180261803e-06 3.186271718208419 2498
1.0851 7.651183916900254e-30 6.526295759082927e-32 7.826144429192024e-26 2622
1.15744 9.142984998957487e-30 8.842062297258221e-32 8.20722238965062e-26 3191
1.22978 1.125559645675049e-29 1.175235147297383e-31 8.956155510674595e-26 3044
1.30212 1.358959740435577e-29 1.559415770827062e-31 9.653056102040963e-26 2736
1.37446 1.577890604009785e-29 1.913159975001538e-31 1.004471242577894e-25 2276
1.4468 1.847438082633605e-29 2.443979481536531e-31 1.060319119713217e-25 2016
1.51914 2.140900577045241e-29 3.170598880653868e-31 1.115147799290553e-25 1640
1.59148 2.437210209142206e-29 3.479936144702177e-31 1.156000787626216e-25 1056
1.66382 2.77878684696939e-29 4.116150683952591e-31 1.205144259429156e-25 683
1.73616 3.284861965717136e-29 5.614288770468611e-31 1.310441649924167e-25 350
1.8085 3.648892433911483e-29 6.418461586056604e-31 1.342935358641839e-25 192
1.88084 2.868245635163446e-29 6.701409648575062e-31 9.739100804293123e-26 44
1.95318 2.435145454673458e-29 6.379344840227156e-31 7.611123863423715e-26 25


0.0723401 0.003506294086024494 2.8033653951315e-05 18047.76389841353 18
0.14468 0.04892497393037404 2.54815838717209e-05 36818.76226723701 62
0.21702 0.03220172529814467 1.739226184551702e-05 10035.31062511185 98
0.28936 0.01690766418795555 1.958013084402549e-05 2884.308928422318 210
0.361701 0.01170885299280264 8.892116042671737e-06 1278.273870537535 350
0.434041 0.003812934703617766 8.045977177472296e-06 290.0956151787553 450
0.506381 0.002045706818765316 6.763067558113546e-06 113.3373204137075 602
0.578721 0.001393277113458428 4.867144104637618e-06 58.60976784428501 762
0.651061 0.001003641410648369 3.692418043584937e-06 33.43384737916945 1142
0.723401 0.0007919826719498411 3.744790518408514e-06 21.43649502611845 1250
0.795741 0.0007324997090054008 3.532084402225728e-06 16.31246572535047 1458
0.868081 0.0005839020390355488 4.385362336416684e-06 10.90627903780485 1814
0.940421 0.0007731040459828112 3.69803856497903e-06 12.28670054193707 2178
1.01276 0.0002105943181229107 1.240622502245365e-06 2.887467266305398 2498
1.0851 7.108009314236982e-30 5.339888044075746e-32 8.469532085121264e-26 2622
1.15744 8.547680733408563e-30 7.234085080197584e-32 8.938008642921515e-26 3191
1.22978 1.047925174672563e-29 9.60948703051223e-32 9.713405898118368e-26 3044
1.30212 1.293305195211548e-29 1.240749124315657e-31 1.069997389566729e-25 2736
1.37446 1.479627257400797e-29 1.594599045963539e-31 1.097273417859996e-25 2276
1.4468 1.748264127188956e-29 1.988722290919412e-31 1.168783834686901e-25 2016
1.51914 2.111667625346428e-29 2.447865203030064e-31 1.2808709102274e-25 1640
1.59148 2.207939117568821e-29 2.924894898705055e-31 1.220108112487754e-25 1056
1.66382 2.720081769215031e-29 3.332968829637076e-31 1.373990830047503e-25 683
1.73616 3.121887971604636e-29 4.698809983472736e-31 1.450785693072582e-25 350
1.8085 3.315029042356965e-29 5.336535331209753e-31 1.421373738901137e-25 192
1.88084 3.370468176506383e-29 5.747049730137846e-31 1.332446545916546e-25 44
1.95318 1.897383908624784e-29 5.516048631292144e-31 6.914302475301494e-26 25


0.0723401 0.1637425534381576 1.203917268158255e-06 638295.3637190852 18
0.14468 0.07382739309475211 1.15382209954342e-05 62986.53236824855 62
0.21702 0.02563041600619569 1.456942998510097e-05 9127.999527894559 98
0.28936 0.01329938908268565 1.648323702918127e-05 2593.784007965619 210
0.361701 0.008329522385017317 9.175221060374937e-06 1040.070330162973 350
0.434041 0.003212618719354828 6.386591492189575e-06 279.1444224515118 450
0.506381 0.002473333292160539 3.870826670176317e-06 155.9285020397064 602
0.578721 0.001468899535354098 3.146408552585443e-06 70.41767871046761 762
0.651061 0.0009986633309290265 2.475699884229501e-06 37.93545140076478 1142
0.723401 0.0007060129742093933 2.828987851808644e-06 21.81015159057625 1250
0.795741 0.0005809071024079211 2.987603718953226e-06 14.78004632353586 1458
0.868081 0.0007077253035818935 2.374901171780536e-06 15.05044070047669 1814
0.940421 0.0005879126517766358 3.413994390927584e-06 10.67723949561329 2178
1.01276 0.0001850518267526169 9.916752935252496e-07 2.896631577614903 2498
1.0851 7.050209492083282e-30 4.418902775172619e-32 9.587852802732221e-26 2622
1.15744 8.644920453986926e-30 6.012385328286143e-32 1.031665544325372e-25 3191
1.22978 1.039714971491038e-29 8.159458086392892e-32 1.100018610851273e-25 3044
1.30212 1.261641657412387e-29 1.057636962507448e-31 1.191486049616341e-25 2736
1.37446 1.498589622136466e-29 1.298803417868574e-31 1.268270843562616e-25 2276
1.4468 1.76554634014268e-29 1.701165103333398e-31 1.347221064132277e-25 2016
1.51914 2.018300026769482e-29 2.167674514324228e-31 1.397678059203767e-25 1640
1.59148 2.061208910343071e-29 2.586857388759782e-31 1.300493168345857e-25 1056
1.66382 2.445040514427575e-29 3.176101854844205e-31 1.410524650858948e-25 683
1.73616 3.180587842948472e-29 4.013181894547326e-31 1.68701671481616e-25 350
1.8085 3.142722045439291e-29 4.627752990912557e-31 1.538338212728889e-25 192
1.88084 3.530658522305035e-29 5.26379318006808e-31 1.593283548829807e-25 44
1.95318 2.664581826095355e-29 5.886890553325239e-31 1.107794410047082e-25 25


0.0723401 0.07548193029120294 1.126773323083183e-05 334176.1245848554 18
0.14468 0.0436598766358683 1.527105063444421e-05 42102.55068118576 62
0.21702 0.02610513498816722 1.006172688952842e-05 10433.06298195758 98
0.28936 0.0136981265672786 1.222277792062628e-05 2997.619745932865 210
0.361701 0.006985072626931575 7.640734631483649e-06 980.9235536077142 350
0.434041 0.00368141225562479 3.849834958624749e-06 358.6262925946152 450
0.506381 0.001677480504698931 4.005664142364018e-06 119.1783689998364 602
0.578721 0.001097814444015998 2.945429979754073e-06 59.24647348931977 762
0.651061 0.0008796103809476438 2.011768408487617e-06 37.56099442526318 1142
0.723401 0.0006849899066636082 2.070184527955109e-06 23.76731988861916 1250
0.795741 0.000527641980597737 2.32325832989556e-06 15.08629377700134 1458
0.868081 0.0005996731706527663 2.052852326603834e-06 14.33904189859644 1814
0.940421 0.0005174397257964871 2.679883760181832e-06 10.56248880614936 2178
1.01276 0.0001760019441066725 7.243389241972425e-07 3.095104522057992 2498
1.0851 6.966913940722564e-30 4.255792409411398e-32 1.065237635336742e-25 2622
1.15744 9.015015353300406e-30 5.625436069089443e-32 1.209227169609234e-25 3191
1.22978 1.027953429623494e-29 7.756283452724659e-32 1.22270435112473e-25 3044
1.30212 1.2328158956127e-29 1.02962198690618e-31 1.30905990053829e-25 2736
1.37446 1.545649178856653e-29 1.157305412458214e-31 1.470137712563542e-25 2276
1.4468 1.803962543661618e-29 1.609679628224285e-31 1.547351802847617e-25 2016
1.51914 2.074439181008329e-29 1.94340539517975e-31 1.614545345498334e-25 1640
1.59148 2.170053621840331e-29 2.325972761582438e-31 1.538708690061331e-25 1056
1.66382 2.655731154862673e-29 2.909425325942901e-31 1.721731910964788e-25 683
1.73616 3.023998202564972e-29 3.972290532113221e-31 1.80357852202712e-25 350
1.8085 3.721998495080023e-29 3.63844575715164e-31 2.046317875705561e-25 192
1.88084 3.858110279215723e-29 4.55239942567591e-31 1.956321361431535e-25 44
1.95318 4.068473156213061e-29 4.474928701564828e-31 1.898142232803797e-25 25


0.0723401 0.02095564606153313 1.237886161672556e-05 107439.1673816174 18
0.14468 0.05156192255996876 8.263646993306458e-06 54957.74422164459 62
0.21702 0.0231056524359303 8.385555011873289e-06 10256.16717198356 98
0.28936 0.01537202067096165 8.121044427048539e-06 3726.03071223588 210
0.361701 0.006009898901003843 6.337166931292327e-06 937.4643572978922 350
0.434041 0.003367852993768692 3.057007551811489e-06 364.2111506433098 450
0.506381 0.001931329516475748 2.504804502809093e-06 151.9700494473509 602
0.578721 0.001145088420752466 2.078229197053602e-06 68.52026820175521 762
0.651061 0.0005267640000845176 2.291853568829957e-06 25.07556375655524 1142
0.723401 0.0006198602033165424 1.670278083160569e-06 23.87898580146939 1250
0.795741 0.0005085457451468526 1.768792819187491e-06 16.13470609075564 1458
0.868081 0.0005159145452475617 1.765463630562591e-06 13.70161562311851 1814
0.940421 0.0004917292474928256 2.061568221899835e-06 11.14026689262442 2178
1.01276 0.0001356503049021223 6.940280628978522e-07 2.651359608455894 2498
1.0851 7.088454223988808e-30 3.492974313355321e-32 1.202917913913732e-25 2622
1.15744 8.516625348737866e-30 4.937401349760293e-32 1.268501297611178e-25 3191
1.22978 1.049918469346776e-29 6.340596575636748e-32 1.38604295893114e-25 3044
1.30212 1.185917679824211e-29 8.612788748757738e-32 1.39798525879973e-25 2736
1.37446 1.372618409557796e-29 1.048589797940036e-31 1.450077551307656e-25 2276
1.4468 1.717512137369199e-29 1.351851978956604e-31 1.635586295674002e-25 2016
1.51914 1.986208151766504e-29 1.649321432128071e-31 1.716301500026442e-25 1640
1.59148 2.192313288958306e-29 1.944810193854672e-31 1.72553830214335e-25 1056
1.66382 2.467921578830408e-29 2.477421665744615e-31 1.77652610130409e-25 683
1.73616 3.299638068519131e-29 3.067803517768621e-31 2.183630085191647e-25 350
1.8085 2.818171827653302e-29 3.866392012205972e-31 1.722254887364421e-25 192
1.88084 3.538235590555607e-29 4.39030216909733e-31 1.992769306108807e-25 44
1.95318 3.68051853100112e-29 3.876527042378877e-31 1.906755828478652e-25 25


0.0723401 0.104570783477385 1.354856668544455e-06 559954.4303554497 18
0.14468 0.03612189054517324 1.057710280934992e-05 42536.51529228062 62
0.21702 0.01735335061180048 8.219281381525733e-06 8487.576706765809 98
0.28936 0.01427800356505277 6.356296014830258e-06 3803.565343177257 210
0.361701 0.004731772049132653 5.728268825786547e-06 812.6861790094912 350
0.434041 0.002670489975482201 3.021046003936992e-06 317.8969754800957 450
0.506381 0.001537086032537066 2.460621026346146e-06 133.1413467217868 602
0.578721 0.0009286091862525955 1.935689200142031e-06 61.15287798613044 762
0.651061 0.0008164610129761394 1.122359491206066e-06 42.51327320027433 1142
0.723401 0.0004936695803844183 1.565960128999626e-06 20.93054830425114 1250
0.795741 0.0004951759070129557 1.364033680165612e-06 17.26209469999291 1458
0.868081 0.0004378854238397312 1.55684721539089e-06 12.79092573041416 1814
0.940421 0.0004678241043909144 1.625894373557886e-06 11.6478574265823 2178
1.01276 0.0001280479651166916 5.504167159939157e-07 2.750612986318773 2498
1.0851 6.84525645158554e-30 3.274144679786031e-32 1.277315522241126e-25 2622
1.15744 8.227802413151929e-30 4.430117347621221e-32 1.347316239244764e-25 3191
1.22978 1.029214083638945e-29 5.729286994704843e-32 1.493746661251493e-25 3044
1.30212 1.220593533158926e-29 7.503606026066973e-32 1.581443817382709e-25 2736
1.37446 1.330539589268145e-29 9.499753430662235e-32 1.545388579012168e-25 2276
1.4468 1.721031404057621e-29 1.203904445122601e-31 1.801633762890642e-25 2016
1.51914 1.954230556272179e-29 1.491598210445816e-31 1.85647297308512e-25 1640
1.59148 2.089871528787082e-29 1.778671495292739e-31 1.808574194893381e-25 1056
1.66382 2.47762154277566e-29 2.175921659887821e-31 1.960471440449906e-25 683
1.73616 3.097662773401214e-29 2.818316111613478e-31 2.254008206468573e-25 350
1.8085 2.850775914764063e-29 3.252350060204954e-31 1.914727671296551e-25 192
1.88084 3.384290751790862e-29 3.956901884478661e-31 2.095597085314218e-25 44
1.95318 2.696577612016323e-29 4.576163862176857e-31 1.538323669695544e-25 25


0.0723401 0.05069057383287572 6.996398085029915e-06 299776.8292856389 18
0.14468 0.04898225991624981 4.591141401474691e-06 62500.31239548635 62
0.21702 0.02120956006653017 5.160932890452131e-06 11273.61032350884 98
0.28936 0.01121221184231448 6.197591864464923e-06 3261.813514748361 210
0.361701 0.003710965596597909 5.246103389045104e-06 696.3557124631134 350
0.434041 0.00215680618760296 2.875105196602462e-06 280.3357768702605 450
0.506381 0.001356378438813684 2.132219482049519e-06 128.1545116546112 602
0.578721 0.0009259212233650808 1.479491865209854e-06 66.42974098435138 762
0.651061 0.0004677159939519505 1.530348755565195e-06 26.6686111158847 1142
0.723401 0.0005020221441646959 1.212175796971191e-06 23.18850110197806 1250
0.795741 0.0004122016978949105 1.275081920762451e-06 15.68088109609795 1458
0.868081 0.0003434701745079064 1.479590903184009e-06 10.9533905929293 1814
0.940421 0.0004442777182289216 1.319949288134788e-06 12.05854180836715 2178
1.01276 0.0001179116313466692 4.640804397387769e-07 2.761749889220054 2498
1.0851 6.744448665321233e-30 3.149122421232342e-32 1.372531004490116e-25 2622
1.15744 8.623094186747902e-30 4.03687296642116e-32 1.539379356337879e-25 3191
1.22978 1.054001285024161e-29 5.405905084172662e-32 1.667976195114244e-25 3044
1.30212 1.222402870779461e-29 7.287339702121437e-32 1.72721288935678e-25 2736
1.37446 1.401415927205055e-29 8.744591531230335e-32 1.77453586963374e-25 2276
1.4468 1.657242097862731e-29 1.177992336735608e-31 1.89219815291369e-25 2016
1.51914 2.02359474737379e-29 1.379052387815086e-31 2.095935441985606e-25 1640
1.59148 2.164369248193992e-29 1.602630176375725e-31 2.042008814248767e-25 1056
1.66382 2.527034623635186e-29 2.007728076143499e-31 2.180187700096123e-25 683
1.73616 2.958512816913779e-29 2.725081029348566e-31 2.347908463984937e-25 350
1.8085 3.116560460962144e-29 2.722227772750592e-31 2.281308329554464e-25 192
1.88084 3.690683713223254e-29 4.044096105146115e-31 2.491991874417934e-25 44
1.95318 3.411170904578412e-29 3.963595837053741e-31 2.119788071514663e-25 25


0.0723401 0.02627643491445787 6.969854602058947e-06 171172.0530843101 18
0.14468 0.01553834125759079 1.001384917787142e-05 21932.35308763371 62
0.21702 0.01418371199493897 6.063855875138487e-06 8196.252401360263 98
0.28936 0.01104773443836804 4.988895269331709e-06 3477.982598795733 210
0.361701 0.003887646044113141 4.222398532838997e-06 788.6968031621772 350
0.434041 0.001880034002575669 2.568411765847714e-06 264.7975127641196 450
0.506381 0.001366087016546532 1.647757753712038e-06 139.6409589764339 602
0.578721 0.0007774323553434202 1.40383635469544e-06 60.4577901688848 762
0.651061 0.0006240628786276762 9.314379047379627e-07 38.39753377688861 1142
0.723401 0.0004443103664264875 1.054502646580801e-06 22.22961199724796 1250
0.795741 0.0003300014309136103 1.20980617465098e-06 13.61103580185575 1458
0.868081 0.0003618439624512708 1.136152156461891e-06 12.48195197708264 1814
0.940421 0.0003965625252791785 1.16251565538162e-06 11.65799324998797 2178
1.01276 0.0001010432309666128 4.230884904975491e-07 2.564160135759589 2498
1.0851 6.621003764037694e-30 2.779346810621262e-32 1.458942335779091e-25 2622
1.15744 8.487110675487749e-30 3.559314907833688e-32 1.640517385669272e-25 3191
1.22978 9.93951466557937e-30 4.908607874182646e-32 1.703535886191146e-25 3044
1.30212 1.191131345104093e-29 6.393777031109287e-32 1.822364859139559e-25 2736
1.37446 1.373242285699955e-29 7.958129755455156e-32 1.883010983335072e-25 2276
1.4468 1.661722624554887e-29 1.01272344787492e-31 2.054105152204206e-25 2016
1.51914 1.847941421856395e-29 1.274483079695085e-31 2.073163270650606e-25 1640
1.59148 2.034173852388044e-29 1.46831329927369e-31 2.078537552716182e-25 1056
1.66382 2.439394605191784e-29 1.762961957208071e-31 2.278908469142843e-25 683
1.73616 2.941440822616926e-29 2.379114971227757e-31 2.527479131064991e-25 350
1.8085 2.853901796681445e-29 2.691576382182075e-31 2.263105728390577e-25 192
1.88084 3.533125670582645e-29 3.337899400550809e-31 2.582855021643667e-25 44
1.95318 2.529528437080392e-29 3.790375147877129e-31 1.704103745871487e-25 25


0.0723401 0.06533988449054737 1.89076241759848e-06 446065.744002765 18
0.14468 0.0563825175594409 1.237601046624205e-06 83690.30816303319 62
0.21702 0.01720427552452813 4.102629577599045e-06 10667.51521232897 98
0.28936 0.01122205777159785 4.016663537512555e-06 3800.587333559278 210
0.361701 0.004763184828219921 2.962348413667404e-06 1037.168610313474 350
0.434041 0.001745784529963977 2.217668485589539e-06 264.7135134857015 450
0.506381 0.001283571605292528 1.402354824720032e-06 141.2323063393591 602
0.578721 0.0007639582610877257 1.146441757902712e-06 63.92230923456781 762
0.651061 0.0005017654791844834 9.598123163782988e-07 33.27886139725746 1142
0.723401 0.0004300531268307584 8.862812528224291e-07 23.1567090121686 1250
0.795741 0.0004491379544188437 6.873180703298515e-07 19.88094691790056 1458
0.868081 0.0003950788328475069 8.210608630961321e-07 14.65441925236148 1814
0.940421 0.0003551500037546555 1.043850966847905e-06 11.24256505038861 2178
1.01276 8.560087501860986e-05 3.901877460295254e-07 2.340141568728867 2498
1.0851 6.782399622838807e-30 2.50170192538005e-32 1.608586525671381e-25 2622
1.15744 8.585533423579098e-30 3.231603684349331e-32 1.786374065368377e-25 3191
1.22978 9.65400443677379e-30 4.565352001240661e-32 1.781419396252112e-25 3044
1.30212 1.215960014549451e-29 5.986706132944074e-32 2.002660968789181e-25 2736
1.37446 1.382896903445112e-29 7.144229301706505e-32 2.041128269527959e-25 2276
1.4468 1.674085413726187e-29 9.458895443177154e-32 2.227758588057215e-25 2016
1.51914 1.889459145205974e-29 1.18284278165211e-31 2.281823905398174e-25 1640
1.59148 2.117417582880651e-29 1.311614335195102e-31 2.328688760180628e-25 1056
1.66382 2.353422928052567e-29 1.672111177303927e-31 2.36722786330299e-25 683
1.73616 2.976914854190382e-29 2.15555217019549e-31 2.753475474171361e-25 350
1.8085 2.569084019546894e-29 2.848441983479703e-31 2.194821923667056e-25 192
1.88084 3.422301584170805e-29 3.137050356475112e-31 2.693641706426836e-25 44
1.95318 2.40673433387169e-29 4.290611255235102e-31 1.747408142168421e-25 25


