0.0574618 3.815502489482838e-05 6.831434396953647e-07 1.621296173078341 18
0.114924 0.0002072565579982711 5.810917338585415e-06 2.710023311487974 62
0.172385 0.0005724722855859736 2.005728063143629e-05 3.290170307041891 98
0.229847 0.001176495727423779 7.484999873595482e-05 3.780154605242723 210
0.287309 0.002039648814593821 0.0001909725151767199 4.259609153092682 350
0.344771 0.002665692399574874 0.0003537394205794017 3.892160905236819 450
0.402233 0.003965539572000041 0.0006018918422717721 4.223756950103327 602
0.459694 0.005063463430425131 0.0010322735218051 4.109799203157518 762
0.517156 0.006281806869477308 0.001902474093347687 4.050257422588539 1142
0.574618 0.007832561981974134 0.002739978183734371 4.106576240208697 1250
0.63208 0.00923560809755212 0.004028143352726022 3.990648677657423 1458
0.689542 0.01207779055830177 0.00552129696881349 4.372472710101894 1814
0.747003 0.01355121299611782 0.00769530446977028 4.187321626466598 2178
0.804465 0.01648154344629482 0.01034577028444044 4.394001913344349 2498
0.861927 0.01906766168079616 0.01428325171969787 4.418209924810673 2622
0.919389 0.02115268861941719 0.01752407143289559 4.302051451701094 3191
0.976851 0.02085887739981786 0.01934970071833189 3.761866753572782 3044
1.03431 1.921133638076666e-33 1.127414716850449e-33 3.090096126950107e-31 2736
1.09177 2.1695566128283e-33 1.284411083204911e-33 3.127542628703164e-31 2276
1.14924 2.435157451664959e-33 1.356230290328641e-33 3.164966253006904e-31 2016
1.2067 2.3034227402921e-33 1.474370921014751e-33 2.717309588205185e-31 1640
1.26416 2.193509161401439e-33 1.436740140521508e-33 2.356719312164843e-31 1056
1.32162 2.077405799070163e-33 1.271115790245706e-33 2.040970579387765e-31 683
1.37908 1.80116387416126e-33 1.268277700097312e-33 1.627655412077769e-31 350
1.43654 2.28336575166858e-33 1.389510694555635e-33 1.903934825522171e-31 192
1.49401 1.638856961793933e-33 1.459121797928731e-33 1.260359184791845e-31 44
1.55147 2.096043279354041e-33 7.653312748866666e-34 1.482628834458023e-31 25


0.0574618 0.10996835252537 1.347882216435827e-05 96566.21915814672 18
0.114924 0.2805329836373693 0.002237835069462281 52728.64341733177 62
0.172385 0.02420497534201764 0.009195270913733912 2712.889301051098 98
0.229847 0.3452769889238838 0.004300884894685236 14465.30570858544 210
0.287309 0.1693876030541008 0.005494590502274827 4574.913349768512 350
0.344771 0.1537543574241711 0.001744420444005812 2851.493852041246 450
0.402233 0.05631193625112902 0.002818611381827422 765.4265244196711 602
0.459694 0.06888391515345381 0.0008262296538252621 704.6231665917452 762
0.517156 0.02102025749102257 0.00136708484526836 171.6494328956512 1142
0.574618 0.02828892485698493 0.0006585220414556161 186.3272055481494 1250
0.63208 0.01628580559697083 0.0007694541148956717 88.47871464879724 1458
0.689542 0.01308275914086314 0.0007269943505597707 59.52863746673277 1814
0.747003 0.0132785709861172 0.0005873134034442599 51.45189075864541 2178
0.804465 0.01403309428729095 0.0005168526690293833 46.85554007869373 2498
0.861927 0.01381019147862618 0.0006131846397372695 40.06137583538446 2622
0.919389 0.01070483480430159 0.0005717089567003283 27.25473647397364 3191
0.976851 0.008112679277902265 0.0005402866531143538 18.31608304202446 3044
1.03431 5.800578297127225e-30 3.410139209580178e-31 1.168409290254083e-26 2736
1.09177 6.696030189646868e-30 4.423482337502555e-31 1.208948659915885e-26 2276
1.14924 7.341926925962221e-30 5.624512766413904e-31 1.195253025323949e-26 2016
1.2067 8.513323333342671e-30 7.021550183206525e-31 1.257665300602904e-26 1640
1.26416 9.735066750900406e-30 8.085885797887373e-31 1.30977663972878e-26 1056
1.32162 1.10379782920551e-29 9.695818062833912e-31 1.357968570458857e-26 683
1.37908 1.153328535120605e-29 1.126117416986448e-30 1.305025196492876e-26 350
1.43654 1.420305265817039e-29 1.117282994182586e-30 1.482016237567154e-26 192
1.49401 2.026148539073632e-29 1.239632834614716e-30 1.948508338880308e-26 44
1.55147 2.521983766340562e-29 2.089444982815597e-30 2.232927271393225e-26 25


0.0574618 0.04082538446457223 1.735261208723587e-05 72447.38345277046 18
0.114924 0.08182085249783602 0.001184813589975686 31367.7516208851 62
0.172385 0.04290819003497475 0.002680797279908431 7279.025139435482 98
0.229847 0.174266607006837 0.001081243313883113 14077.11595494176 210
0.287309 0.08653769097652125 0.001420944251735701 4503.69906782297 350
0.344771 0.02334911422902925 0.00145749471468372 862.9899592982385 450
0.402233 0.03756310242416062 0.0006287839407511442 977.9915877327247 602
0.459694 0.02631944207704108 0.0003638291466179043 519.0992961649623 762
0.517156 0.01157534705160079 0.0003741297135399595 181.6341872403858 1142
0.574618 0.01077233821103484 0.0002582305233871469 136.7427753766982 1250
0.63208 0.007859262808326776 0.0002243505999609974 82.11457867482665 1458
0.689542 0.006646694165519398 0.0002079908273455562 58.13229869793253 1814
0.747003 0.005775916203542175 0.0001912733508601439 43.05839192111279 2178
0.804465 0.006103425704413154 0.0001673144688268224 39.1890180884437 2498
0.861927 0.006167106905109386 0.0001919159673976764 34.39540726194662 2622
0.919389 0.004490014052703104 0.0001907229240106922 21.98940096225693 3191
0.976851 0.004137069587920185 0.0001520948868134815 17.9442591355572 3044
1.03431 4.940597913963169e-30 2.051982871668416e-31 1.913045350002287e-26 2736
1.09177 5.914110754390123e-30 2.564382515932722e-31 2.052112286995605e-26 2276
1.14924 6.674125881657162e-30 3.105949966116021e-31 2.087720923863449e-26 2016
1.2067 7.992209447094134e-30 3.7335045625645e-31 2.268107294275628e-26 1640
1.26416 8.218244887896249e-30 4.341082465252254e-31 2.124607586922921e-26 1056
1.32162 9.534454646355389e-30 5.554449812471437e-31 2.254067237958672e-26 683
1.37908 1.123078200981831e-29 6.719245212310243e-31 2.44150294888183e-26 350
1.43654 1.039840708228947e-29 6.906800153499349e-31 2.08584971127231e-26 192
1.49401 8.654059345676209e-30 1.093019730947254e-30 1.603723574075547e-26 44
1.55147 1.893988652908045e-29 9.34008525395232e-31 3.220989161866209e-26 25


0.0574618 0.02168031995333047 2.578932389055103e-05 60258.78246764332 18
0.114924 0.04258776270887899 0.0006925010132702313 25461.44878813371 62
0.172385 0.0460460034709928 0.001119846432761447 10999.02605371606 98
0.229847 0.07641357043428069 0.0009676345356089979 9337.124715777627 210
0.287309 0.05467387644376688 0.0007058742719405277 4232.047982677582 350
0.344771 0.03504944651231049 0.0003758631466323731 1866.397336389253 450
0.402233 0.0167853858396807 0.0004171827406273414 653.7897690125252 602
0.459694 0.01109434738938611 0.0002788564976743814 326.9146349478718 762
0.517156 0.007040052457086673 0.0001935309402871419 163.9705228140364 1142
0.574618 0.006811070344086149 0.0001248611134647433 128.1017195594517 1250
0.63208 0.004721879421891955 0.0001153367308554411 73.13961806469231 1458
0.689542 0.003791552733332792 0.0001110830817300757 49.18253329264174 1814
0.747003 0.003872386025700526 8.853477296963622e-05 42.72980219261345 2178
0.804465 0.003275852373460775 9.675373419079395e-05 31.18988211872433 2498
0.861927 0.003783594677649099 9.589879158875002e-05 31.24968800997412 2622
0.919389 0.003149995497178283 8.557673431852723e-05 22.82337937444449 3191
0.976851 0.002396934805458406 8.051145504386887e-05 15.40063652280993 3044
1.03431 4.55430720252845e-30 1.447978154011157e-31 2.610442177474776e-26 2736
1.09177 5.631232984314633e-30 1.733723588402518e-31 2.891581926972371e-26 2276
1.14924 6.505217521300699e-30 2.255534934214061e-31 3.011665617964295e-26 2016
1.2067 7.487211504913043e-30 2.742756611673144e-31 3.145106766884132e-26 1640
1.26416 8.570493206168058e-30 3.157936280511603e-31 3.278503989921297e-26 1056
1.32162 9.129065851963028e-30 3.626830072508084e-31 3.193265593848985e-26 683
1.37908 1.079086111434775e-29 4.819081435775296e-31 3.47168972777045e-26 350
1.43654 1.020761132350813e-29 4.854132234703892e-31 3.029807005805823e-26 192
1.49401 9.007469977289759e-30 6.167226350063359e-31 2.467490282855991e-26 44
1.55147 1.306143371985691e-29 8.206834696858907e-31 3.291168781922608e-26 25


0.0574618 0.01303848222136053 3.547780880633397e-05 51638.00843490139 18
0.114924 0.02898636728006298 0.0004341992548689358 23715.64018039824 62
0.172385 0.03807870223076604 0.0006122979441681133 12011.7629232131 98
0.229847 0.04384222521456619 0.0007342922968111388 7264.225632693441 210
0.287309 0.03161389460192884 0.0005404242454201079 3291.683314820497 350
0.344771 0.02347255903562228 0.0002496545540435297 1663.548832233929 450
0.402233 0.01459347539843478 0.000210208336161788 750.8514550515799 602
0.459694 0.009106865524768195 0.0001486037087781738 355.0889243543177 762
0.517156 0.006344003091501931 9.074407343144069e-05 195.1394611057895 1142
0.574618 0.003686393803127477 9.892487837636497e-05 92.42080853343468 1250
0.63208 0.003107601928301853 7.537395250966826e-05 63.91693451113231 1458
0.689542 0.002943820187015384 6.216818643871929e-05 50.57353786688441 1814
0.747003 0.002587630022356088 5.712054505896993e-05 37.87425751619915 2178
0.804465 0.002283317573967178 5.976320149900807e-05 28.82325567598102 2498
0.861927 0.002799162231403846 5.528395190515883e-05 30.62568314367276 2622
0.919389 0.002175147464945892 5.31204074540216e-05 20.88889534808872 3191
0.976851 0.001820380597064182 4.569182951757885e-05 15.49009450755631 3044
1.03431 4.097732753247843e-30 1.244489622544933e-31 3.113499026710851e-26 2736
1.09177 4.924270295137868e-30 1.523934262328552e-31 3.352042574671531e-26 2276
1.14924 5.973365945518502e-30 1.839381761682799e-31 3.664355215699789e-26 2016
1.2067 7.007154411691735e-30 2.293641412629568e-31 3.900079518562574e-26 1640
1.26416 8.636061825372064e-30 2.453675616589938e-31 4.375065822178131e-26 1056
1.32162 8.297126616176871e-30 3.220888602211709e-31 3.846344334718056e-26 683
1.37908 9.290624237679977e-30 3.731860830570242e-31 3.960227287999787e-26 350
1.43654 9.873057540169507e-30 3.695905767766203e-31 3.881100990880733e-26 192
1.49401 1.30329944960505e-29 3.129107361525553e-31 4.718440248111909e-26 44
1.55147 1.492242077520241e-29 6.067588656085612e-31 4.976921721336343e-26 25


0.0574618 0.008166555809728493 4.451517758558091e-05 44611.79291453415 18
0.114924 0.02268794227138839 0.0002824949154448812 23475.74133248331 62
0.172385 0.02983998287475222 0.0004048479912054653 11838.65888744063 98
0.229847 0.03048506298301517 0.0005431839402077424 6405.64066318175 210
0.287309 0.02302578471712406 0.0003828820277779265 3011.951208135856 350
0.344771 0.01283447402708727 0.0002503779596879792 1153.435126930138 450
0.402233 0.01084074161920009 0.0001462329925607498 696.9270599399518 602
0.459694 0.005997809021202893 0.0001174503388064118 293.1497306100883 762
0.517156 0.003465106372876769 8.750334639157102e-05 134.08540770108 1142
0.574618 0.003372132186832933 5.684925836280273e-05 105.0397629616369 1250
0.63208 0.002697255791342262 4.474104206223619e-05 69.00978563674811 1458
0.689542 0.001950962894797492 4.827766341575031e-05 41.87478094337622 1814
0.747003 0.00189739832188215 4.037068492058036e-05 34.62767779109729 2178
0.804465 0.00166250372681121 4.244935701407614e-05 26.16875043410449 2498
0.861927 0.00207685585616213 3.850477405810707e-05 28.31462824791522 2622
0.919389 0.001520909359107769 3.920871354422457e-05 18.21235521970942 3191
0.976851 0.001369414496427336 3.159601297617963e-05 14.51754077771852 3044
1.03431 4.012025899035883e-30 1.006342217943731e-31 3.795950589700633e-26 2736
1.09177 4.678790726885432e-30 1.284202361405306e-31 3.967076111756384e-26 2276
1.14924 5.616842022114957e-30 1.538266787180998e-31 4.291525174147129e-26 2016
1.2067 6.636843694811777e-30 1.869030384101425e-31 4.600069497546821e-26 1640
1.26416 6.774088217611626e-30 2.272684968469254e-31 4.277994300726967e-26 1056
1.32162 8.135826753828315e-30 2.38436075320614e-31 4.69440469653493e-26 683
1.37908 9.294847346873277e-30 2.897260159594093e-31 4.931860750775281e-26 350
1.43654 8.611320291274696e-30 3.303582557578024e-31 4.217387581101256e-26 192
1.49401 1.120264013772445e-29 3.151238952106212e-31 5.052891115256726e-26 44
1.55147 1.316430065022639e-29 4.80308279110355e-31 5.467419095438584e-26 25


0.0574618 0.005090158357313348 5.183823708089552e-05 38637.04304668301 18
0.114924 0.019151624080955 0.0001865241180125871 23830.20528919799 62
0.172385 0.02315169899364125 0.0003050129391044098 11189.96265748721 98
0.229847 0.02349550732985856 0.0004102736188147061 5991.857463577768 210
0.287309 0.0187483766992719 0.0002726043322798132 2948.35242016338 350
0.344771 0.008030352618374367 0.0002198134815356696 882.4026995431551 450
0.402233 0.006894504666429783 0.0001358532683238103 537.3046382475087 602
0.459694 0.00445686850929074 9.169935017557828e-05 262.1690829494993 762
0.517156 0.003197269204734148 5.591157201183999e-05 147.7637317504197 1142
0.574618 0.002191414642446045 5.068656950118828e-05 82.25211190597588 1250
0.63208 0.001664765508944688 4.215507738458439e-05 51.33311468361941 1458
0.689542 0.00168102634231258 3.280389199706241e-05 43.1759696557208 1814
0.747003 0.001551630447780188 2.881729048625158e-05 33.91380160735749 2178
0.804465 0.001278341046192765 3.223188081585714e-05 24.12146906381006 2498
0.861927 0.001637574273050484 2.849934260554565e-05 26.74180335232779 2622
0.919389 0.001119448313138776 3.075215078358602e-05 16.07190492241789 3191
0.976851 0.001012368939804787 2.479925104064903e-05 12.86273659171199 3044
1.03431 3.777623528642936e-30 9.178522248394662e-32 4.281159539018599e-26 2736
1.09177 4.449671200402349e-30 1.126961496043171e-31 4.517806541607587e-26 2276
1.14924 5.107395831709997e-30 1.38573925336066e-31 4.674066615839285e-26 2016
1.2067 6.06060151080935e-30 1.658455201866397e-31 5.030752721386999e-26 1640
1.26416 7.021661033425054e-30 1.802528650811396e-31 5.305461805783498e-26 1056
1.32162 7.236693635695012e-30 2.051599473977164e-31 5.000063927174666e-26 683
1.37908 8.018813067973767e-30 2.539619027572093e-31 5.095691604986007e-26 350
1.43654 9.800198675533063e-30 2.635055269898742e-31 5.740992428158971e-26 192
1.49401 1.156100934590794e-29 3.021443388942351e-31 6.2424131863959e-26 44
1.55147 1.198492698588826e-29 5.188952891860395e-31 5.964705578023299e-26 25


0.0574618 0.00304856198987787 5.684647941649291e-05 33627.3874285529 18
0.114924 0.01682555173387289 0.000123295801796452 24362.35190180969 62
0.172385 0.01795520998966039 0.0002509586078897463 10356.96560735712 98
0.229847 0.01916046819130512 0.0003186884497111915 5754.342333393522 210
0.287309 0.01562727940258797 0.00020545769559624 2875.419758125485 350
0.344771 0.006140778805133004 0.0001782321078017925 796.0510798007347 450
0.402233 0.004568103108681887 0.000123535594111766 421.7039892033964 602
0.459694 0.003958361049682819 6.563424625123174e-05 271.0993561668234 762
0.517156 0.002737100921683226 4.130498439285402e-05 147.4401003390361 1142
0.574618 0.002102419898733555 3.359602352740137e-05 91.67672162304318 1250
0.63208 0.001694595808339384 2.629655639839786e-05 60.63566123751419 1458
0.689542 0.001316691257929336 2.649967918666176e-05 39.47398914196 1814
0.747003 0.001042438068083227 2.69074208394683e-05 26.66540694702438 2178
0.804465 0.001193269831801916 2.175169279543856e-05 26.19096409611248 2498
0.861927 0.00108583630016056 2.746404745214362e-05 20.73014873765659 2622
0.919389 0.001117518172883679 1.960125351825901e-05 18.65147970715884 3191
0.976851 0.0007511191634478336 2.094012904808807e-05 11.13610898730002 3044
1.03431 3.618888112502893e-30 8.219476854196206e-32 4.778671622177953e-26 2736
1.09177 4.142933019134176e-30 1.061997599387596e-31 4.90304471661325e-26 2276
1.14924 4.880366736596733e-30 1.2353739054271e-31 5.203512031280647e-26 2016
1.2067 5.523659830585431e-30 1.485967610790549e-31 5.342861617421298e-26 1640
1.26416 6.595872762618329e-30 1.697876331943628e-31 5.807276098533622e-26 1056
1.32162 7.10470535547497e-30 1.6579135626138e-31 5.715587079214858e-26 683
1.37908 8.101522147111964e-30 2.185760381459954e-31 5.994941435214256e-26 350
1.43654 9.129718609384842e-30 2.562694801383272e-31 6.231862229473797e-26 192
1.49401 1.155233037860436e-29 3.481131171327761e-31 7.270294659626278e-26 44
1.55147 1.560866342424551e-29 3.970702806797994e-31 9.033524008923605e-26 25


0.0574618 0.001689766521279525 5.925656445035832e-05 29647.04510635311 18
0.114924 0.01506080362849476 8.12135855516396e-05 24835.76780854221 62
0.172385 0.01392243924869912 0.0002189585796358744 9464.306980325984 98
0.229847 0.01619543431047071 0.0002536481804587245 5603.251785498703 210
0.287309 0.01307274576487978 0.0001646275852568897 2762.663732147175 350
0.344771 0.005387889292559784 0.0001400114046944531 799.6758232441895 450
0.402233 0.003844021432171742 9.935467982096373e-05 407.124049419202 602
0.459694 0.003393902789529809 5.138606234129992e-05 265.8091081059994 762
0.517156 0.0019274053924939 3.962564753684438e-05 119.5548943163986 1142
0.574618 0.001594961660124967 3.008661433388733e-05 79.77369118701013 1250
0.63208 0.001226703845439219 2.47836856847122e-05 50.36915916385624 1458
0.689542 0.001201214541737739 1.948988573816318e-05 41.08076681732072 1814
0.747003 0.001150394350070294 1.61470140228613e-05 33.44264748956669 2178
0.804465 0.0009362162099492748 1.878391426383879e-05 23.50454237841705 2498
0.861927 0.001006907512503589 2.02199910786439e-05 21.92588068626851 2622
0.919389 0.0008611449708771092 1.710338677737346e-05 16.43327084985556 3191
0.976851 0.0007042974522338855 1.532049490814544e-05 11.9090943750582 3044
1.03431 3.518943958233245e-30 7.572632775819093e-32 5.306342842772066e-26 2736
1.09177 3.998576130719474e-30 9.537124467832905e-32 5.403279093416643e-26 2276
1.14924 4.86874011652937e-30 1.119888891530019e-31 5.926153253680728e-26 2016
1.2067 5.159861315448283e-30 1.323015909444129e-31 5.698924139344647e-26 1640
1.26416 6.148238549049668e-30 1.605849636727376e-31 6.182498817865199e-26 1056
1.32162 7.005589800202616e-30 1.559176175284153e-31 6.434370000543302e-26 683
1.37908 8.481393408962457e-30 1.998839709713979e-31 7.16292208501874e-26 350
1.43654 8.769675740883498e-30 2.446819189440451e-31 6.835344150353671e-26 192
1.49401 1.510591055498063e-29 2.246098850194232e-31 1.083289454817568e-25 44
1.55147 1.833270165281373e-29 3.262161703062359e-31 1.210212602247078e-25 25


0.0574618 0.0008231176573501336 5.903878543800761e-05 26783.34633889559 18
0.114924 0.01355083660563632 5.381981047635838e-05 25099.26697863086 62
0.172385 0.01076862937971791 0.0001984767763365881 8573.005872454993 98
0.229847 0.01405100445397873 0.0002056888281829113 5505.995385251683 210
0.287309 0.01099316955009731 0.0001380912914671532 2631.075390290612 350
0.344771 0.005021980304781728 0.0001092185972849516 836.3439696319557 450
0.402233 0.003814632805594736 7.342204660689926e-05 451.4001453550016 602
0.459694 0.002716658568688689 4.549946584944075e-05 240.6036136197701 762
0.517156 0.001654280518839363 3.249598609991344e-05 115.6142628184767 1142
0.574618 0.00135279462180522 2.492136317998241e-05 76.21735981675461 1250
0.63208 0.001030380255279546 2.069768719365644e-05 47.65813549387756 1458
0.689542 0.0007748350123943457 2.072912784886272e-05 30.05445481645709 1814
0.747003 0.0006923026867893424 1.889732975516059e-05 22.82857678986797 2178
0.804465 0.0008179583324930411 1.51960190598395e-05 23.09361496114215 2498
0.861927 0.0008724903422302772 1.621125881875786e-05 21.36410871581718 2622
0.919389 0.0006981841390017591 1.503453822858795e-05 14.99986667449474 3191
0.976851 0.0005971958881323679 1.25995835704719e-05 11.35752449555794 3044
1.03431 3.372317720876594e-30 6.890048439476958e-32 5.718089405021593e-26 2736
1.09177 3.918820379370593e-30 8.664752609860532e-32 5.953426565395898e-26 2276
1.14924 4.744786078500675e-30 1.030003865790791e-31 6.493128513686952e-26 2016
1.2067 5.258164160360722e-30 1.160615910964899e-31 6.525987952896286e-26 1640
1.26416 5.881123381706344e-30 1.438620116763988e-31 6.648308442250557e-26 1056
1.32162 6.783264537996346e-30 1.464788419345111e-31 7.004335748723388e-26 683
1.37908 7.917654910217724e-30 1.841841163375356e-31 7.5180332364777e-26 350
1.43654 8.916654044909361e-30 1.985452888257079e-31 7.807192735858871e-26 192
1.49401 1.123527268698748e-29 2.351681746233669e-31 9.065749954582366e-26 44
1.55147 1.674827914466061e-29 2.649041652143794e-31 1.24251953629846e-25 25


0.0574618 0.000327705615138666 5.637692070305999e-05 25084.44030558308 18
0.114924 0.01214386292322828 3.714436466522625e-05 25055.93370826549 62
0.172385 0.008289310967521054 0.0001842167190419222 7720.767679974047 98
0.229847 0.01244242761122763 0.0001690978852148497 5447.452748892192 210
0.287309 0.009333553727487601 0.000119249322675591 2501.417604187161 350
0.344771 0.004756070902173611 8.582460398922767e-05 877.2091001933181 450
0.402233 0.003843052077955636 5.314010642029778e-05 501.7844086776698 602
0.459694 0.002199561550337297 4.099760836690538e-05 217.8383647076207 762
0.517156 0.001564276444795592 2.515798479647924e-05 121.2148938591107 1142
0.574618 0.001203141592735521 2.045706215742461e-05 75.34254171235996 1250
0.63208 0.0009935950547139804 1.5656607289393e-05 50.94039155759165 1458
0.689542 0.000953740903799197 1.227596915077434e-05 40.73093245048661 1814
0.747003 0.0008015990867919759 1.212278537717616e-05 29.17284114269885 2178
0.804465 0.0006383390118841159 1.406962428007816e-05 20.07662345376851 2498
0.861927 0.0006937447049227658 1.506231078958446e-05 18.91189057492342 2622
0.919389 0.0006469498262584526 1.181150982465615e-05 15.42620976159358 3191
0.976851 0.000569673341398541 9.620665941636053e-06 12.02027565006532 3044
1.03431 3.079457387097499e-30 6.727923353207123e-32 5.804939502214526e-26 2736
1.09177 3.913476212346709e-30 8.072110713980046e-32 6.60282631212963e-26 2276
1.14924 4.355637392420487e-30 9.979959594129713e-32 6.62456359275437e-26 2016
1.2067 5.188645924325951e-30 1.060087864878255e-31 7.151052297376158e-26 1640
1.26416 6.045325905816612e-30 1.304764716360565e-31 7.586740393281057e-26 1056
1.32162 6.580416774696283e-30 1.425459085224953e-31 7.547824821679454e-26 683
1.37908 7.126929801999609e-30 1.802173478575388e-31 7.519827702420484e-26 350
1.43654 8.813847457212358e-30 1.88657360899848e-31 8.570051612793196e-26 192
1.49401 1.031414557552887e-29 2.18780319035371e-31 9.243586344166386e-26 44
1.55147 1.41798440123559e-29 2.577325718775422e-31 1.168624302182311e-25 25


0.0574618 0.0001144281669966117 5.162999283116765e-05 24528.74332123435 18
0.114924 0.01076870173145219 2.848163645331733e-05 24653.06246615324 62
0.172385 0.006344450055170249 0.00017322821807852 6937.313088202032 98
0.229847 0.01119927383667856 0.0001404269695917345 5417.302719779724 210
0.287309 0.008023715790784706 0.0001047712546045871 2385.063516703648 350
0.344771 0.004494734752208867 6.854261516969622e-05 909.7730446169388 450
0.402233 0.0037139262586467 3.996017006602383e-05 531.5368363782994 602
0.459694 0.001905486444820296 3.559489521576479e-05 208.354872728881 762
0.517156 0.001394876136566269 2.123015924738079e-05 119.0285387335074 1142
0.574618 0.00100438268160873 1.84748299911531e-05 69.43331732112865 1250
0.63208 0.0008104860655898679 1.455758322851519e-05 45.87178654737451 1458
0.689542 0.0007049905112813428 1.298529793823571e-05 33.30319664304659 1814
0.747003 0.0006759979820341659 1.096760925232535e-05 27.1031955162325 2178
0.804465 0.000650983355879422 1.042073438210203e-05 22.45650502303704 2498
0.861927 0.0007396042583057909 1.03549796983454e-05 22.09891979486505 2622
0.919389 0.0005205581210216327 1.10093539965768e-05 13.67852320017577 3191
0.976851 0.0004119941357079546 9.996957170526662e-06 9.595008547380049 3044
1.03431 3.175623103348877e-30 6.124666526173124e-32 6.580006945357642e-26 2736
1.09177 3.713406871511954e-30 7.82254530270085e-32 6.893709681430187e-26 2276
1.14924 4.467637629023134e-30 9.253028583112571e-32 7.469952397128118e-26 2016
1.2067 4.88797020220674e-30 1.020806130482342e-31 7.410963757865735e-26 1640
1.26416 5.928772051979055e-30 1.192973241917705e-31 8.180823631270398e-26 1056
1.32162 6.091810262139413e-30 1.375465534601078e-31 7.686830934132481e-26 683
1.37908 6.508717657376127e-30 1.727259580818576e-31 7.555506725820002e-26 350
1.43654 8.13660202724756e-30 1.727021852201723e-31 8.700321228104112e-26 192
1.49401 1.147054731627267e-29 1.688831675161693e-31 1.129078663852827e-25 44
1.55147 1.58447786218872e-29 1.997679967571043e-31 1.43454203455522e-25 25


0.0574618 0.0001096041595386029 4.528901649793294e-05 25014.32557067562 18
0.114924 0.009400875081107617 2.579420344649662e-05 23878.58769962633 62
0.172385 0.004837933546481292 0.0001637392625676475 6249.443523623957 98
0.229847 0.0102092228818692 0.0001175565205470894 5406.092307391722 210
0.287309 0.006991445998377203 9.299891564680773e-05 2286.091353794265 350
0.344771 0.004217929721724919 5.590690329029237e-05 930.3561981748539 450
0.402233 0.003435770330756788 3.237176575936483e-05 536.3149430690742 602
0.459694 0.001746056841125641 3.003327095240632e-05 208.4335289135321 762
0.517156 0.001184415062712066 1.937360027844156e-05 110.7241811719043 1142
0.574618 0.000872387924212389 1.640800201772279e-05 65.96988720557684 1250
0.63208 0.0006876100027590153 1.320638411862834e-05 42.58485157327544 1458
0.689542 0.0005376088152789845 1.283674694995442e-05 27.88450111453479 1814
0.747003 0.0004853237029302843 1.158272987889676e-05 21.37683614894432 2178
0.804465 0.0005177552597949464 1.020900211080512e-05 19.54814475201002 2498
0.861927 0.0004736500516708633 1.243435034418461e-05 15.56045587807738 2622
0.919389 0.0005032493979981646 8.827657428136301e-06 14.40711980712154 3191
0.976851 0.0004323785966027996 7.371706744430039e-06 10.95460371690824 3044
1.03431 2.965610163402543e-30 6.098244884467061e-32 6.709207292888766e-26 2736
1.09177 3.646781800475753e-30 7.390901866913855e-32 7.385199345034114e-26 2276
1.14924 4.360456533798104e-30 8.454452270582682e-32 7.951421017200958e-26 2016
1.2067 4.725565629391914e-30 1.017064526455516e-31 7.81860900767805e-26 1640
1.26416 5.184207593768098e-30 1.246889973351525e-31 7.812648504787791e-26 1056
1.32162 5.727768731206297e-30 1.354816872040717e-31 7.886811529439306e-26 683
1.37908 6.496855285182336e-30 1.592393861975681e-31 8.223664868839279e-26 350
1.43654 7.59972452283082e-30 1.861849692699261e-31 8.87043163745992e-26 192
1.49401 1.161602549900729e-29 1.678647407179041e-31 1.246987619317524e-25 44
1.55147 1.419560820007621e-29 1.929840153584597e-31 1.401932336052875e-25 25


0.0574618 0.0002482812367592963 3.792812154301293e-05 26362.91145597437 18
0.114924 0.008044634430274367 2.741674384466399e-05 22758.47467395353 62
0.172385 0.003701396509246614 0.0001546432296125877 5681.71684198204 98
0.229847 0.009393582552863954 9.915190328000838e-05 5404.173359979323 210
0.287309 0.006173470621706709 8.30811863089726e-05 2204.509145382251 350
0.344771 0.003931368351015082 4.664963995982636e-05 939.5239288826956 450
0.402233 0.003079944512703706 2.832271881593337e-05 522.10521268445 602
0.459694 0.001627306928503879 2.535819985816878e-05 210.4535744309128 762
0.517156 0.001009901539276907 1.789290364330668e-05 102.7886135357426 1142
0.574618 0.0008214212349617094 1.374629439989851e-05 67.25033857857474 1250
0.63208 0.0006476308595655011 1.10509879775189e-05 43.42302382515588 1458
0.689542 0.0005865436454937395 9.410637959570094e-06 32.76104920888735 1814
0.747003 0.000505269832163452 8.890576179565532e-06 24.01739581660188 2178
0.804465 0.0005162199892859656 7.950885005187305e-06 21.06798844023085 2498
0.861927 0.0005176619085102721 9.192669351430424e-06 18.34323821948987 2622
0.919389 0.0004305722792044266 8.151272730015736e-06 13.37222145489496 3191
0.976851 0.000373615523513685 6.793832499061117e-06 10.26489682497992 3044
1.03431 2.974883478085176e-30 5.632649183255345e-32 7.288790641646904e-26 2736
1.09177 3.538593457672571e-30 7.223273619971477e-32 7.766533446371201e-26 2276
1.14924 3.843096818964356e-30 8.693038455747737e-32 7.602845884548253e-26 2016
1.2067 4.591954144446786e-30 9.689729026100924e-32 8.231124812735106e-26 1640
1.26416 5.675669913531924e-30 1.05574340563851e-31 9.252391001165692e-26 1056
1.32162 6.358626491869811e-30 1.17486015711305e-31 9.472586624711488e-26 683
1.37908 6.779643018047516e-30 1.336124709114329e-31 9.286175409816687e-26 350
1.43654 7.690260862245883e-30 1.65511205830241e-31 9.717571388833829e-26 192
1.49401 9.942989864124553e-30 2.014853645604976e-31 1.157611640200158e-25 44
1.55147 9.778576119314082e-30 3.36512165503218e-31 1.050419375237866e-25 25


0.0574618 0.0004722169374559555 3.015241743193891e-05 28334.97762289709 18
0.114924 0.006721843108627871 3.191440554436573e-05 21352.79827927731 62
0.172385 0.00288283784750892 0.0001452568546034362 5255.241976314619 98
0.229847 0.008695195348842428 8.434789209426646e-05 5401.638846475116 210
0.287309 0.005518823436763407 7.455208225643692e-05 2138.46213521047 350
0.344771 0.003646262782887865 3.97913513820871e-05 939.4757399221743 450
0.402233 0.002710057128254506 2.619627961356774e-05 496.9695382939263 602
0.459694 0.001502727446976723 2.195648975779749e-05 209.5181851679055 762
0.517156 0.0008908659106161194 1.62347271347156e-05 98.01996205100717 1142
0.574618 0.0007795486035946089 1.15574670266592e-05 68.6801057474966 1250
0.63208 0.0005993659735307468 9.561961371569447e-06 43.29316473710632 1458
0.689542 0.0005572960619185159 7.892955242112097e-06 33.49854921336443 1814
0.747003 0.0004723701320470498 7.652749803518745e-06 24.17825118667835 2178
0.804465 0.0003848937398162165 8.538404892116178e-06 17.02280049038918 2498
0.861927 0.0005298498930328533 7.065451644796975e-06 20.17250679431972 2622
0.919389 0.0004107377789048306 6.78927710548451e-06 13.72665157337223 3191
0.976851 0.0003139541320331914 6.41496040362293e-06 9.305881062642856 3044
1.03431 2.812149498313827e-30 5.561449444579643e-32 7.426600089910985e-26 2736
1.09177 3.517887727829422e-30 6.520908882732015e-32 8.311599509949594e-26 2276
1.14924 4.130901409438918e-30 7.522203647829562e-32 8.788907821429443e-26 2016
1.2067 4.670051739878763e-30 9.019636132331766e-32 9.011875045102835e-26 1640
1.26416 5.065891642792966e-30 1.118214604973803e-31 8.905329870341344e-26 1056
1.32162 5.637780624203359e-30 1.287251544368922e-31 9.05778588430576e-26 683
1.37908 6.670804920527121e-30 1.288898173611581e-31 9.839894099494052e-26 350
1.43654 7.823481205085913e-30 1.624001800875572e-31 1.064522809455565e-25 192
1.49401 7.002069651098085e-30 2.629595388756519e-31 8.816081414541737e-26 44
1.55147 8.311196396656977e-30 3.764811604738539e-31 9.641267089655861e-26 25


