0.0155852 2.078675203266215e-06 4.344379578006737e-09 4.315363656971694 18
0.0311704 1.224590712881455e-05 3.771869414431309e-08 7.966486689140697 62
0.0467556 3.601478110031359e-05 1.22988569127898e-07 10.33465524670741 98
0.0623408 7.715356176579393e-05 4.496829388148692e-07 12.3746816695085 210
0.077926 0.0001383210377640099 1.116784254269628e-06 14.42588232997504 350
0.0935112 0.000184600100667252 2.029054471668984e-06 13.46173271400627 450
0.109096 0.0002782529347034218 3.407318262185244e-06 14.81038202288899 602
0.124682 0.0003588298552630238 5.793831348731143e-06 14.55291467284752 762
0.140267 0.0004484040757859948 1.05981096567873e-05 14.44025324421251 1142
0.155852 0.0005621703996258943 1.51891259052721e-05 14.72463352238673 1250
0.171437 0.0006654657352500149 2.224646280293915e-05 14.36333595012663 1458
0.187022 0.0008729881113139325 3.040438542574874e-05 15.79297379489989 1814
0.202608 0.0009819460950945445 4.227290755539634e-05 15.15967423356126 2178
0.218193 0.00119666183459716 5.671897285956067e-05 15.94213734549967 2498
0.233778 0.001386651357546295 7.81818523869316e-05 16.05364245509714 2622
0.249363 0.001538407952906015 9.742377618716416e-05 15.64512435595739 3338
0.264948 0.001717039147533221 0.000121236285171162 15.49579118645227 3722
0.280534 0.001969590711728367 0.000154259298598758 15.87439392190911 4170
0.296119 0.002173772923383251 0.000190280162797613 15.71107097476315 4358
0.311704 0.002350484374467353 0.0002385475658522897 15.31904683973127 5034
0.327289 0.002680454005434023 0.000287087930235909 15.8566569666205 5714
0.342874 0.002917466149908987 0.0003420948773342873 15.72865251133063 5982
0.35846 0.003299893348150289 0.0004163343909548605 16.26712845474902 6602
0.374045 0.003489142605225243 0.0004743824804521333 15.78880790614742 7130
0.38963 0.003828131763366306 0.000575762862503334 15.96926351834392 8034
0.405215 0.004087783440440739 0.0006885377647814112 15.77490986936021 8606
0.4208 0.004427534394140887 0.0007918956506254871 15.84403762522272 9066
0.436386 0.004783537017533219 0.0009302580941301041 15.9166557203579 9962
0.451971 0.005120805295401007 0.001046460994528924 15.88544200132034 10550
0.467556 0.005443123148119971 0.001188471558539367 15.77575307387553 11226
0.483141 0.005974406674825603 0.001352219245449147 16.21433125907838 12146
0.498726 0.006320594496198701 0.001529630123981249 16.09185918916251 12303
0.514312 0.006594385157927912 0.00172097567527459 15.78265203597057 12584
0.529897 0.0069992370740747 0.001963441461446789 15.78587754789198 12120
0.545482 0.007485533574174528 0.002251795843060825 15.93108132097878 11180
0.561067 0.007594590573152841 0.0024408428731905 15.27696132577369 11096
0.576652 0.008036119362891473 0.002719770381830109 15.30515262828987 10056
0.592238 0.008764094764573953 0.003071207219057659 15.82467387865693 9716
0.607823 0.00925214006306097 0.00331119896976852 15.85865459727615 8604
0.623408 0.009937585827664276 0.00375878497848904 16.18936821885672 8060
0.638993 0.0101876847498855 0.004060074480598683 15.79794139079154 7320
0.654578 0.01089510182006776 0.004544751431395347 16.10641332517894 6356
0.670164 0.01137025283387363 0.00494748665968419 16.03365686830125 5348
0.685749 0.01180200016722848 0.005309134330950491 15.88879716035753 4308
0.701334 0.01268863982238885 0.005469988720811195 16.33244359938304 3563
0.716919 0.01249304038615183 0.006357120600070354 15.39580658251526 2448
0.732504 0.01410754475860952 0.006560282202481779 16.64473187011707 1868
0.74809 0.01375709715954335 0.007507634596787382 15.55056275514264 1358
0.763675 0.01393464401264335 0.006899339718698459 15.1105097199549 1062
0.77926 0.01534028504002987 0.008874135300565033 15.99854384490881 776
0.794845 0.01450310044587065 0.009843208946271173 14.55873464599805 432
0.81043 0.01592677383412494 0.006579355058204302 15.32657159184249 200
0.826016 0.02061965395779354 0.009988670075330872 19.0678692904721 168
0.841601 0.0154243162354352 0.004862397227604873 13.76339303868717 56
0.857186 0.02595509056839969 0.001066569929571248 22.3402641498804 7


0.0155852 220234211341823.9 377891340204.0613 3.028783643705462e+21 18
0.0311704 1094366582000172 1718830731376.429 3.279755090433918e+21 62
0.0467556 2363380676300264 3220654958790.071 2.946564738203122e+21 98
0.0623408 3527924925600728 3935008144514.577 2.403474821881541e+21 210
0.077926 3470674211684069 2624473491905.57 1.519562609583761e+21 350
0.0935112 2252934785755452 880340662637.186 6.854941884065272e+20 450
0.109096 1479476710028241 170579200417.2675 3.274526008304597e+20 602
0.124682 660355483341109.4 23844903070.01783 1.111123827048194e+20 762
0.140267 218484959761893.8 147127845332.014 2.914176849944028e+19 1142
0.155852 48685805475846.86 210509355143.2184 5.276133261891992e+18 1250
0.171437 5200773207262.93 153491062071.9988 4.644289801323776e+17 1458
0.187022 367831399754.2666 77931113359.79605 2.765551011181328e+16 1814
0.202608 1429216159942.464 20162947384.70327 9.113290408541563e+16 2178
0.218193 1364344309124.696 2117410339.986353 7.50175537319013e+16 2498
0.233778 635422504654.7266 634916561.3186197 3.03516631248106e+16 2622
0.249363 154278297346.1704 1608978609.441851 6472531233462584 3338
0.264948 16644509391.76462 1358701251.723937 620147847055597.6 3722
0.280534 8810483228.451878 603133794.2201382 293034167679576.2 4170
0.296119 12891852251.24817 160981354.7244948 384166476813991.4 4358
0.311704 9012297582.516764 42307585.29457302 242112418408534.8 5034
0.327289 4384076367.108235 33866594.21327332 106893558741395.3 5714
0.342874 1911859057.750108 32864134.44079822 42481480658947.22 5982
0.35846 788381541.4872265 25238153.27701549 16018235039513.55 6602
0.374045 439888581.605897 16530851.48524906 8203847453265.405 7130
0.38963 231149180.8566304 11665723.32873918 3974035177083.942 8034
0.405215 154550527.3483415 8050795.972597708 2457848380329.649 8606
0.4208 125307589.7968649 5259214.159741886 1847698630331.765 9066
0.436386 114694438.3125429 3617367.006792618 1572324060805.03 9962
0.451971 110799188.0377401 2698188.992554665 1415982862441.492 10550
0.467556 95343911.55138858 1833217.441846729 1138320927981.935 11226
0.483141 91098840.57535097 1786761.089523367 1018434833449.343 12146
0.498726 69406510.55887486 1092020.369924502 727849041051.944 12303
0.514312 29655653.08709112 615391.8233246051 292346501326.4907 12584
0.529897 6511277.201331956 330087.1420561386 60492384339.78036 12120
0.545482 4138977.784267141 119250.7621460567 36281408945.63062 11180
0.561067 1500428.988104341 68546.18597368305 12431579025.73809 11096
0.576652 711554.2254264819 44023.28065252548 5581971186.916981 10056
0.592238 666679.7000583638 19835.19439479251 4957732890.512452 9716
0.607823 518836.6892686543 10664.59226019956 3662481475.472544 8604
0.623408 380478.4417634783 8650.529253250199 2552660676.554811 8060
0.638993 238543.2782700636 7435.195394561481 1523375670.695548 7320
0.654578 152020.4926025533 6794.820710243237 925530611.8661817 6356
0.670164 125020.4692786712 7146.041060528055 726054557.9491669 5348
0.685749 63880.92619219569 5323.365380913497 354201453.0105733 4308
0.701334 50589.63300089139 3491.984947789329 268181629.3435243 3563
0.716919 20440.12304856255 1280.262888537145 103735027.022879 2448
0.732504 13891.62377657531 758.9899659892567 67497249.9530222 1868
0.74809 13748.91199306575 332.2937766599433 63996173.92603512 1358
0.763675 9790.781732142137 149.6045376404329 43718868.22240781 1062
0.77926 8013.528930240924 202.6443966103127 34413666.93643909 776
0.794845 4474.399495283307 317.1883759920609 18495731.51778887 432
0.81043 3123.36685092714 354.8064142676632 12378955.94234561 200
0.826016 2307.942767572779 563.5946220971043 8791407.191635026 168
0.841601 948.5654846283644 410.1097387192047 3487652.879720244 56
0.857186 817.6777045596224 483.3883068957962 2900792.339364441 7


0.0155852 330292290384283.1 329293305507.3578 8.028173669948607e+21 18
0.0311704 1715218373975810 632608866633.1222 9.042639561747453e+21 62
0.0467556 3375137656208036 74950514863.00684 7.397066844465477e+21 98
0.0623408 3594074698539336 973901868272.3785 4.304273198770449e+21 210
0.077926 1272405219232947 4214659457358.003 9.800419773141654e+20 350
0.0935112 46968880279690.37 3716411348712.427 2.549940952523828e+19 450
0.109096 195643264621710.2 1397726634502.533 7.619013580733109e+19 602
0.124682 224727485982372.4 61906245200.08339 6.646121465203536e+19 762
0.140267 49014192398940.3 211457556881.9358 1.149371842211703e+19 1142
0.155852 3323560523398.446 156032361177.9039 6.350354059976911e+17 1250
0.171437 9866802188411.35 13651377307.91575 1.547160099141471e+18 1458
0.187022 3344672302848.125 13402555497.70038 4.393559919081787e+17 1814
0.202608 227806693803.3584 12107987613.41612 2.557667935043923e+16 2178
0.218193 592607705101.6918 1341677400.375602 5.726602659304585e+16 2498
0.233778 187335589538.117 1273100376.728895 1.572864524584136e+16 2622
0.249363 25843981976.37022 991866156.5722594 1907206804782451 3338
0.264948 38851872048.72744 168186883.694983 2541275878926169 3722
0.280534 14025392639.59923 131520773.7021026 819221447036223.2 4170
0.296119 4277775935.509029 91117059.81455019 224079435381301.2 4358
0.311704 2822179087.313578 37412097.09583756 133262378714317.3 5034
0.327289 1732389394.43728 18181517.45256668 74237100190391.06 5714
0.342874 1073227602.801268 9653221.865120422 41907178913872.45 5982
0.35846 462041016.4852307 7878463.33711068 16497126057851.84 6602
0.374045 201690425.5601618 6255584.219338572 6611027328887.64 7130
0.38963 183881979.6784325 3178634.131566971 5554909005655.693 8034
0.405215 155837483.2211879 1722855.944135223 4354361185832.02 8606
0.4208 113779216.6768516 1153136.292278662 2947882948804.51 9066
0.436386 83216830.03272109 961067.5863460207 2004643512396.126 9962
0.451971 65744337.46423715 883965.3426466211 1476487114890.876 10550
0.467556 43080703.19221555 799461.7135372258 903925191215.0618 11226
0.483141 42577593.99836938 753851.6822003637 836515486908.3947 12146
0.498726 25382299.54520883 584764.3176805658 467807119752.4813 12303
0.514312 11334244.72700712 280390.2533524721 196368873981.3669 12584
0.529897 4454235.526042569 94879.29740187782 72717454849.62085 12120
0.545482 2043422.551232449 45534.89543717432 31478614398.41016 11180
0.561067 775099.1905902518 23683.74452892377 11285763669.30926 11096
0.576652 499596.4960467782 12369.52423941596 6886930608.090339 10056
0.592238 305320.3928192653 8420.417668172762 3990207892.375176 9716
0.607823 233582.6356649245 4952.082461536053 2897716176.957378 8604
0.623408 184559.1177600338 3535.364839382844 2176013436.457096 8060
0.638993 108914.9550226987 3104.565041831465 1222357176.139874 7320
0.654578 63804.69669964824 2834.832434143446 682693573.3841863 6356
0.670164 48702.31711743086 2947.634459783365 497091242.7041045 5348
0.685749 33416.78939767908 1806.044801475062 325615867.8377769 4308
0.701334 23096.31561457199 1292.32629554938 215172330.1193762 3563
0.716919 12100.14043116239 395.1217638263976 107914027.2631679 2448
0.732504 8216.71561982146 236.0384483063335 70158059.15735753 1868
0.74809 5901.443130073204 186.0975206965989 48274468.26258529 1358
0.763675 1709.510408936907 204.4920249822235 13418941.40799478 1062
0.77926 991.5379511858869 209.1041747920683 7487109.51108893 776
0.794845 1357.50363579864 148.3045844113258 9863093.813671926 432
0.81043 1845.552170968463 108.2278569290072 12853835.27514875 200
0.826016 3738.666363409475 75.48890186395145 25018939.37016202 168
0.841601 2986.658501446409 26.28206823033056 19286257.81265479 56
0.857186 3620.104938290664 19.58315328434254 22550925.9400982 7


0.0155852 84159065102562.8 522550357023.1719 3.030224033733467e+21 18
0.0311704 91747669753766.88 2761149870605.12 7.34787357089458e+20 62
0.0467556 67173879419880.16 4796614167506.069 2.267461381290383e+20 98
0.0623408 883947121477606 3305700688697.934 1.51887845549834e+21 210
0.077926 1380562959878379 284007248853.7109 1.520742742765743e+21 350
0.0935112 292484595906763 1354642587400.748 2.241389922400189e+20 450
0.109096 53924179946171.91 1052133810191.614 3.014389583283688e+19 602
0.124682 130979635844465.1 60407330110.63953 5.543758850551467e+19 762
0.140267 17153255315730.9 166419598790.5031 5.761198223379192e+18 1142
0.155852 11924758470328.03 38630638960.28384 3.250807549619542e+18 1250
0.171437 4805614234622.087 16711221024.92888 1.078566750489154e+18 1458
0.187022 978883350955.5148 12464232622.28985 1.841473435102534e+17 1814
0.202608 928398369677.6007 1929030966.374934 1.488437988802674e+17 2178
0.218193 116266529620.016 2477287204.540259 1.609468690045203e+16 2498
0.233778 162749830563.234 343627322.6348667 1.955192818878728e+16 2622
0.249363 25638844924.58285 458727602.5116798 2706595424813414 3338
0.264948 22665672287.6341 113507316.1436522 2121700337922439 3722
0.280534 7924850529.008044 77435527.47590296 662471707900250.5 4170
0.296119 3690853549.160871 38711643.44538489 276630585454436 4358
0.311704 2060387740.219435 18136589.35500084 139222768064114.7 5034
0.327289 1104277848.059828 9672685.583280917 67718996445246.36 5714
0.342874 412914904.1179115 8005036.829883678 23079242584518.11 5982
0.35846 353014689.2766702 3491953.177850821 18036286530713.69 6602
0.374045 255304941.2028295 1884967.383896602 11972180617093.57 7130
0.38963 125555715.2891689 1635873.742259377 5427769704549.434 8034
0.405215 66913007.37655523 1321898.559799304 2675985511957.104 8606
0.4208 51426170.45527808 870426.4812849895 1906925444272.059 9066
0.436386 49369489.40528394 553372.9722034015 1701940018905.672 9962
0.451971 46923244.96877 406454.1555531632 1507984714045.051 10550
0.467556 35713879.63040829 316751.2399592582 1072278262026.83 11226
0.483141 35933210.92813752 286094.8466249758 1010204624980.044 12146
0.498726 20552100.16311016 252447.6988190155 542020701446.9579 12303
0.514312 7303333.54065549 147263.0836389047 181072766289.6697 12584
0.529897 2878619.140980595 49921.68454517972 67251111508.13596 12120
0.545482 1466627.520392976 21340.0357240478 32330578811.92645 11180
0.561067 586990.4640239425 10926.82423134309 12230243052.87994 11096
0.576652 316480.0966297836 6616.71512104866 6243161388.21383 10056
0.592238 212813.8366674038 4161.137358480319 3979973705.300688 9716
0.607823 143214.8327411097 2801.354861253661 2542477150.126114 8604
0.623408 123522.841437658 1810.016826003225 2084091203.127242 8060
0.638993 72129.01425987585 1597.215869975852 1158420822.428289 7320
0.654578 43363.08176150626 1414.751625969744 663952613.2689384 6356
0.670164 31697.17387180424 1499.769735181826 462976582.4567847 5348
0.685749 25711.64869455124 834.8511128246744 358507284.6667995 4308
0.701334 14942.77939594885 662.9093138034481 199217031.836534 3563
0.716919 8040.919841668706 206.3748954467029 102621566.1498849 2448
0.732504 5264.392921832207 127.562529706427 64324365.90306437 1868
0.74809 4091.612363066564 90.42904534270265 47895349.5008072 1358
0.763675 1317.991903580567 97.00963944378194 14804028.59875915 1062
0.77926 978.8373223247461 94.62567433948806 10574588.27262585 776
0.794845 1398.725131007671 59.25977557087627 14540676.67146563 432
0.81043 1803.966263947867 37.26777041259045 17977926.04899417 200
0.826016 3370.782582251928 13.05480454849921 32277893.30447026 168
0.841601 2455.529158569549 0.9848904027311995 22690150.38782904 56
0.857186 2820.233326220015 0.0144307080849388 25139775.91572108 7


0.0155852 168557933246205.3 50169913956.37074 7.651731796239466e+21 18
0.0311704 784875255314101 21173201001.30777 7.713636377949228e+21 62
0.0467556 973953396409055.9 990471787462.7812 3.983120630425855e+21 98
0.0623408 300076606549113.8 3278109514307.396 6.753088985563038e+20 210
0.077926 343794166771236.9 1827320214015.069 4.941962747468598e+20 350
0.0935112 426909541254393.5 166152280805.3619 4.252730497817091e+20 450
0.109096 43922847045679.48 692169161246.3062 3.195507672664116e+19 602
0.124682 77768788100769.73 84516622855.20122 4.283998650046548e+19 762
0.140267 13494485165355.01 100848976539.5837 5.897867302943187e+18 1142
0.155852 10714160689416.88 16238508404.39738 3.800188993813519e+18 1250
0.171437 1494567780665.948 18882729263.70066 4.36968004522574e+17 1458
0.187022 1742899212785.382 3029541297.63774 4.26320195425607e+17 1814
0.202608 225430116251.1738 3457649769.099638 4.708018278615926e+16 2178
0.218193 263537144639.5403 579107160.9129114 4.742454052470079e+16 2498
0.233778 48260697870.17161 624640005.6061054 7549403242933237 2622
0.249363 39466172652.86845 154100901.1979692 5418505903712393 3338
0.264948 11895097692.81434 102345372.3853325 1449213061253594 3722
0.280534 6734656065.417735 40842080.95138136 732519141704479.9 4170
0.296119 2854936005.352989 23160771.30387853 278433807392592.3 4358
0.311704 1402530783.109282 11946674.58247473 123324947225726.6 5034
0.327289 799313518.3929173 6123002.214624519 63784137253495.43 5714
0.342874 349072506.0744599 4496619.170672113 25386522344588.5 5982
0.35846 288910498.7219905 1921259.739393907 19206898800071.18 6602
0.374045 171595975.7959692 1309046.759217046 10471065169633.43 7130
0.38963 74929375.06805335 1165798.497933113 4215403600379.631 8034
0.405215 61193076.25992153 696178.947645803 3184145554416.072 8606
0.4208 54207587.51045576 378594.8599582011 2615233783039.374 9066
0.436386 40368901.26382732 306132.1649180023 1810813182181.285 9962
0.451971 29259805.61152084 307723.5474067366 1223645915684.662 10550
0.467556 19141832.1625403 269728.5410941523 747911263870.7365 11226
0.483141 18550884.10701802 258566.8615645114 678694264548.5232 12146
0.498726 14065079.90115551 165440.2044426395 482685248450.9214 12303
0.514312 7641380.856562783 65900.1302157679 246499409298.7136 12584
0.529897 2466321.411200675 26543.10733630587 74972283367.23875 12120
0.545482 1099385.446457466 12937.65211740153 31535164321.47118 11180
0.561067 435525.7869944754 6651.50561436748 11807850214.64456 11096
0.576652 250310.3046504899 3800.163616398508 6425122939.716477 10056
0.592238 166563.2092123633 2414.006108366434 4053268714.064663 9716
0.607823 105298.1720904605 1746.937647317168 2432450451.659241 8604
0.623408 63577.99036360358 1582.891013727334 1395964341.572026 8060
0.638993 45220.84837268804 1103.567826205596 945081776.9858204 7320
0.654578 39682.1102630659 723.977720756347 790565176.6132964 6356
0.670164 47062.66515054308 495.2510703635875 894296782.8116884 5348
0.685749 25969.04108188411 390.2094002250335 471131203.932657 4308
0.701334 20152.50157439142 242.1836038690033 349549145.945124 3563
0.716919 5955.683620700823 126.2348358610544 98904560.99317998 2448
0.732504 3816.415113551978 80.68203312363194 60678844.05117814 1868
0.74809 2355.909975015639 71.61963751011065 35887195.35299737 1358
0.763675 1069.655341410435 55.85817587871026 15633247.08169673 1062
0.77926 1772.306750385841 31.42755147573244 24906188.79273148 776
0.794845 2195.590848288289 8.236964169457286 29695181.89177065 432
0.81043 2004.859329508448 7.389310296575002 25996542.87099154 200
0.826016 1970.268765741521 23.21566457750648 24550782.17931207 168
0.841601 813.5563950829287 27.05949830176629 9783473.898780037 56
0.857186 662.3460036633479 37.10563056855949 7684515.637424023 7


0.0155852 3000562156480.749 340892128993.3113 3.561001849835519e+20 18
0.0311704 49627015389612.18 1300429028423.101 6.537123103913304e+20 62
0.0467556 576440885689242.6 936649544379.9557 2.908857397299529e+21 98
0.0623408 1010001360439902 234095128619.031 2.776149758789771e+21 210
0.077926 177376051203219.2 1630608320147.588 3.149755827790629e+20 350
0.0935112 212495710169617.4 395007926236.9863 2.608989870403668e+20 450
0.109096 108801139984572.6 264907006119.707 9.715563937534817e+19 602
0.124682 35827597314498.91 134773221165.0049 2.432469231108055e+19 762
0.140267 14770030229056.31 55115721435.60484 7.946424716323596e+18 1142
0.155852 7785528440001.101 12950906870.63621 3.401069355593967e+18 1250
0.171437 1020412819852.98 13555150825.91642 3.675686958167997e+17 1458
0.187022 1302122426477.806 2391880627.540968 3.922653574024703e+17 1814
0.202608 286402500239.7473 1826993386.034188 7.361954821381987e+16 2178
0.218193 125958982664.2855 798405223.4396188 2.792524813273702e+16 2498
0.233778 76567104165.20667 226137347.0165774 1.474212116676703e+16 2622
0.249363 19890369868.80975 164073171.3255407 3364192752775799 3338
0.264948 11350592540.43594 59439644.89251494 1702857577270435 3722
0.280534 4247685674.707519 33868903.968935 569064975136705.2 4170
0.296119 2674077223.678028 12999116.33172442 321147152508613.2 4358
0.311704 895485180.469207 9617914.517521525 96984526286901.78 5034
0.327289 694338350.7779281 3659134.808937395 68232170065664.66 5714
0.342874 304796284.6187641 2868755.735879796 27297195307079.94 5982
0.35846 190084783.4053049 1582998.704175817 15563883977836.99 6602
0.374045 146699238.8410438 795968.1839424999 11023988147468.11 7130
0.38963 61984707.46367148 770371.4786917965 4294428263436.855 8034
0.405215 47680484.90610202 476754.1705083677 3055451027583.232 8606
0.4208 42494664.52072424 259028.1129123599 2524787686779.846 9066
0.436386 30601329.97785269 218173.2661335514 1690485952757.545 9962
0.451971 21121899.56002465 225960.4733733935 1087855970721.105 10550
0.467556 15605659.88448782 177630.17571124 750902957667.8407 11226
0.483141 14823200.48389271 173099.5317440639 667866565829.3606 12146
0.498726 11812240.46828971 105268.8891298934 499211715554.9287 12303
0.514312 6218470.409636341 43134.54246370018 247037004798.3294 12584
0.529897 1814890.74054722 19399.35658280544 67943597582.91607 12120
0.545482 764819.9753176434 9906.54425135053 27018367034.50383 11180
0.561067 319210.4244921283 4796.668918209503 10658185597.91675 11096
0.576652 195543.9695086651 2612.232867532309 6181406822.80393 10056
0.592238 136658.0491060823 1565.833506710746 4095385397.682945 9716
0.607823 81991.21749775234 1197.107327575728 2332547564.228851 8604
0.623408 54306.44188049022 1012.4699437489 1468406754.734076 8060
0.638993 36555.2353332499 734.0605021097724 940840213.6323767 7320
0.654578 30460.51734023941 503.7845847387514 747346016.0924329 6356
0.670164 37633.45553121055 331.6656667600975 880673037.8039255 5348
0.685749 20646.37409980144 261.1571410067109 461281304.7128546 4308
0.701334 15886.84596652451 166.5538835941526 339354729.9968038 3563
0.716919 4581.118156612387 87.46965781580046 93690822.75369897 2448
0.732504 2897.580067791814 56.77250934490322 56736101.10019781 1868
0.74809 2737.449772485345 31.22239561891925 51347567.83530534 1358
0.763675 1195.318445482234 30.90588683198321 21511594.48944934 1062
0.77926 715.6715562111127 35.46003164149655 12388462.66697672 776
0.794845 900.8021225419627 22.76533206886113 15005832.75396688 432
0.81043 1161.617933025915 13.67881598668317 18550396.1999129 200
0.826016 2202.278962301012 2.326332256920761 33792859.4259381 168
0.841601 1473.236443111031 0.9915399923621778 21814608.0666708 56
0.857186 1575.775174350771 3.091274417451278 22509034.91843002 7


0.0155852 107931780088400.2 4209844994.574166 7.184206818442418e+21 18
0.0311704 321781491902133.7 338729060981.9741 4.651704287795066e+21 62
0.0467556 97991691622405.14 1686675146279.651 6.059238554697655e+20 98
0.0623408 206889824380457.9 1647029531593.07 6.820711025033331e+20 210
0.077926 493050357680617.4 260685477103.5195 1.034698341738732e+21 350
0.0935112 35004143143205.12 693873341235.5769 5.15500835504496e+19 450
0.109096 118642899989427.9 90818677849.58376 1.258091290585376e+20 602
0.124682 13749532060356.29 151135159495.1302 1.111703320542754e+19 762
0.140267 15744348885551.09 27315067647.58229 1.006014894709923e+19 1142
0.155852 5202814185266.057 13234297427.45544 2.7007930922681e+18 1250
0.171437 956496340056.506 9585352483.530725 4.092525400245997e+17 1458
0.187022 946702346239.7516 2182141981.241696 3.388520770739718e+17 1814
0.202608 307171345937.3733 1032927719.344717 9.378156879198091e+16 2178
0.218193 84805673042.26596 654355899.4791538 2.234181153403065e+16 2498
0.233778 51186757491.48805 223725662.7319121 1.171023686673304e+16 2622
0.249363 20853472253.97641 96326535.03741784 4189460878001138 3338
0.264948 8430245654.520433 47435213.41348976 1502636872513408 3722
0.280534 4265201123.553601 20369162.44206678 678759961662916 4170
0.296119 1572302599.652472 13125719.5159204 224379661911295.6 4358
0.311704 1092280300.483105 4817568.869549585 140506444980273.7 5034
0.327289 421838678.6367452 3574181.946065608 49255974730009.73 5714
0.342874 323254777.0958162 1609704.498908305 34388867100443.79 5982
0.35846 130784822.6434425 1330783.440970414 12723131729066.35 6602
0.374045 101842094.6349838 699998.9220481645 9092607101523.693 7130
0.38963 68001632.34517241 439610.6237349536 5596295648694.629 8034
0.405215 34144206.95466051 385388.8018640065 2599576026017.918 8606
0.4208 30163343.93779835 221749.0310788555 2129173202367.128 9066
0.436386 25919512.73548202 151372.4696875481 1701027075534.91 9962
0.451971 19235330.43505162 149455.0114410023 1176901616519.071 10550
0.467556 13716201.90162524 122692.1748571143 784050269687.1785 11226
0.483141 14225098.91345485 109942.9681749783 761374979155.9467 12146
0.498726 10261471.72597062 72329.17768871447 515196077907.5429 12303
0.514312 5041644.799711265 31784.88506991442 237940556724.6719 12584
0.529897 1425150.035451684 14670.20193765156 63384378514.09254 12120
0.545482 611195.8129646013 7338.946129679397 25650864195.26527 11180
0.561067 290118.5845793946 3167.060273079297 11507589236.42541 11096
0.576652 159310.8819857554 1911.708969421752 5982831639.355634 10056
0.592238 95788.69204855332 1333.466526756397 3410459460.199636 9716
0.607823 71605.29918874214 818.0234585215164 2420009921.137658 8604
0.623408 58212.72132648441 564.9139773600799 1869797529.559316 8060
0.638993 35170.30141141565 471.3543073395741 1075320322.749726 7320
0.654578 21607.88283925523 410.1246352050691 629845950.0985219 6356
0.670164 18665.86626754873 397.8975722676603 518999108.6817775 5348
0.685749 14420.64738422381 221.0752063333021 382772711.5193441 4308
0.701334 8751.869216056866 175.9288649858114 222115201.9943589 3563
0.716919 4399.839916817262 54.20389226040726 106895776.7120044 2448
0.732504 2469.493998267031 39.87329979789482 57443908.43301277 1868
0.74809 1858.026081456741 29.52740205046119 41405882.05484312 1358
0.763675 742.9100863571573 26.22448368396764 15885014.23010306 1062
0.77926 1343.611686653619 12.35795143427115 27623545.42766639 776
0.794845 1331.256904975816 6.403367944656011 26342138.04672496 432
0.81043 1005.409006695473 9.451732505141715 19074075.47100524 200
0.826016 512.9536928808781 25.20425956671281 9353861.742058696 168
0.841601 53.41561004066063 21.49515910613446 942185.5405533705 56
0.857186 1.065509821772759 25.3978035077649 20895.40855419008 7


0.0155852 9108198495892.812 189174829379.7395 9.035278404939055e+20 18
0.0311704 193010457635535 396808805180.4481 3.252411675383999e+21 62
0.0467556 588987847285310.6 34926672271.18053 4.081737452952116e+21 98
0.0623408 318883847525666 983329069180.769 1.211374009042536e+21 210
0.077926 186213990474121.8 750957387897.8215 4.541336076482824e+20 350
0.0935112 139424465681811.4 250148543096.3117 2.356448404859214e+20 450
0.109096 50641450433898.41 201586586530.5737 6.229827988799703e+19 602
0.124682 19512435128133.66 96387729198.25737 1.824443130348306e+19 762
0.140267 12918087078257.56 20491357534.58912 9.561222817136722e+18 1142
0.155852 3131263450242.585 14347971006.50661 1.883747630432408e+18 1250
0.171437 1016839985648.655 6698342015.144066 5.037419010201303e+17 1458
0.187022 759317462452.4479 1775692807.201589 3.148163123497035e+17 1814
0.202608 265995095841.0527 762164283.7133361 9.406302580080907e+16 2178
0.218193 76679111909.12886 477842972.554821 2.339696553983705e+16 2498
0.233778 35594604501.55148 203007209.6337163 9433790075049792 2622
0.249363 18078164113.24222 71902314.04131219 4206696649182900 3338
0.264948 6539488582.461709 38997800.27828637 1350214876496197 3722
0.280534 3406110042.30501 16577520.21734333 627861684898572.8 4170
0.296119 1671236122.858526 8099675.340891399 276202297303397.3 4358
0.311704 677219753.0456502 5028724.184955938 100922183727753.3 5034
0.327289 453077674.3091742 2185721.770354695 61268115228099.83 5714
0.342874 194046818.5866287 1693142.089583464 23915229385492.19 5982
0.35846 159660074.6313257 709703.9992984227 17986921227875.99 6602
0.374045 72431779.92613295 624478.5189001302 7491005437363.289 7130
0.38963 55378479.42598382 344025.2512145831 5278822729232.911 8034
0.405215 40067426.91850493 220204.3426516317 3532796330759.011 8606
0.4208 20654626.98262962 203457.7883410311 1688884097241.3 9066
0.436386 18703504.0312031 136393.8126917151 1421803563850.104 9962
0.451971 16756681.42991682 108846.1829456286 1187489200041.793 10550
0.467556 11622725.29224448 93158.64421780567 769528349310.1082 11226
0.483141 12677167.25426344 79039.01034626241 785894890143.8254 12146
0.498726 8305077.910158777 57649.91800436482 482967803949.0901 12303
0.514312 3901557.718244675 26648.67578451482 213279977148.087 12584
0.529897 1261768.267012565 10725.06065222304 64998138421.10178 12120
0.545482 526716.585028121 5490.952292697041 25603654652.67762 11180
0.561067 257807.2991816227 2303.564093265207 11844126102.31035 11096
0.576652 135435.5428538241 1443.94765483043 5891134890.18815 10056
0.592238 93594.8627011202 879.296983421902 3859537702.902703 9716
0.607823 56423.47254347437 666.6092627661725 2208752677.463166 8604
0.623408 37559.83897301762 558.2599964659071 1397472068.341758 8060
0.638993 30104.62799556596 350.5927861772874 1066100690.96704 7320
0.654578 24696.38645294212 239.8868370597347 833721076.3356899 6356
0.670164 25532.44805346673 193.8582392289087 822157604.1479223 5348
0.685749 14889.81821101174 138.3632898024374 457749362.5210255 4308
0.701334 10321.63356926093 101.2712135308918 303382779.0403424 3563
0.716919 3687.148674340501 41.45811579060047 103757519.6754154 2448
0.732504 2004.104607695415 31.63266535152839 53996665.48173009 1868
0.74809 1654.207766442479 21.26068003193136 42697144.9204516 1358
0.763675 666.9307592141997 19.23217078063236 16516861.60755811 1062
0.77926 1210.523702951549 8.383874269947206 28825511.88998052 776
0.794845 968.95438344515 7.442938762105217 22207923.1495788 432
0.81043 633.0560524493224 10.61332275010565 13911589.92322031 200
0.826016 148.0769804753116 23.42936858242857 3130498.501996646 168
0.841601 31.50742821933812 16.35150871544027 644572.9306326746 56
0.857186 113.1750033872372 17.30664179235006 2227038.493514567 7


0.0155852 51980263109996.76 52491487019.91084 4.642238920471486e+21 18
0.0311704 67743168723826.15 579612839545.5854 1.34211501497774e+21 62
0.0467556 51280884368874.11 1115659698189.341 4.272721370957722e+20 98
0.0623408 441186030489350.2 311132129018.97 1.899639757635466e+21 210
0.077926 127820760730092.7 716218130320.4186 3.550568729156423e+20 350
0.0935112 137432264336973 132309842879.2182 2.639387423969475e+20 450
0.109096 29490944920043.77 206991622103.8441 4.131285656436622e+19 602
0.124682 29496248274527.45 38065662749.37041 3.131139882403694e+19 762
0.140267 7509149112436.663 26711214042.87241 6.321852246245051e+18 1142
0.155852 2053620297123.024 13714866992.82625 1.405234931542785e+18 1250
0.171437 1183509598184.674 4296889118.632763 6.661342494572351e+17 1458
0.187022 633724228134.1241 1445745242.926854 2.986643073560607e+17 1814
0.202608 217808271184.3021 642937749.0478041 8.755431167924502e+16 2178
0.218193 68026028948.32973 372088564.0943705 2.359309654585694e+16 2498
0.233778 30044252605.79935 162527606.9073719 9051290228615556 2622
0.249363 14628198302.81597 60990242.32760178 3869307228920456 3338
0.264948 5964202510.814347 29334783.98492737 1399666026497186 3722
0.280534 2452664916.654082 15369615.78052302 513969223113837.7 4170
0.296119 1471171337.660492 6313655.491941976 276361376318014.5 4358
0.311704 641933036.2988825 3655850.951630274 108729560466982.9 5034
0.327289 325656358.9049549 2071910.938802122 50060898416132.6 5714
0.342874 224063465.181497 1021090.913389928 31382690386696.11 5982
0.35846 96983305.2321244 794039.1626939529 12421412486808.3 6602
0.374045 79033114.22510129 392959.1247618499 9289497305506.191 7130
0.38963 43241395.49253067 300810.8950398939 4685375976029.436 8034
0.405215 28820914.51727311 207640.8051933679 2888663625600.97 8606
0.4208 23777988.75030171 123007.5972807099 2209661313912.272 9066
0.436386 15324905.23113765 114400.6652029131 1324192360284.505 9962
0.451971 13965203.15301917 89117.51369868506 1124914669540.304 10550
0.467556 10386412.81200531 70635.92473576205 781628829831.0408 11226
0.483141 8673059.298015168 76999.83750192933 611189161171.7866 12146
0.498726 6206903.707869386 51842.51021672655 410294200069.2 12303
0.514312 2941307.185575495 23923.86645223812 182766075399.9532 12584
0.529897 1135158.470745161 8096.429916735726 66465413055.63974 12120
0.545482 459373.1187525287 4305.577611833271 25381274600.71187 11180
0.561067 220565.8605786296 1833.03035348348 11517840223.38425 11096
0.576652 118253.4226013764 1126.186813497408 5846583515.361751 10056
0.592238 76572.85185356054 736.3011823367092 3589132288.554435 9716
0.607823 47919.79141263539 533.1791065983964 2132202844.776982 8604
0.623408 36831.94660293613 394.9003868250222 1557573158.025337 8060
0.638993 28079.36644682118 258.1454446642444 1130227461.131667 7320
0.654578 23391.20501461692 167.7650690331343 897535540.6581299 6356
0.670164 15121.54654535729 223.9161462931191 553514477.4964342 5348
0.685749 10578.65129345432 132.8346765211874 369670396.2665693 4308
0.701334 6270.581437858994 105.9382425496971 209515877.7612875 3563
0.716919 2944.253078859282 36.12460050938787 94175349.46834905 2448
0.732504 1712.875383854073 25.03451563232435 52456151.9164454 1868
0.74809 1592.642145484051 14.55792043529054 46723677.64111233 1358
0.763675 549.7134755602511 15.56659715218644 15474510.42038972 1062
0.77926 808.9071800862147 9.895293842349608 21895288.29511355 776
0.794845 1028.072262608482 3.201074703758029 26781392.16857807 432
0.81043 832.2588784290375 4.351470483612156 20786139.13554071 200
0.826016 558.0860902239696 12.38348597449565 13396015.24926487 168
0.841601 75.57775218883353 12.17267534670869 1752772.906062651 56
0.857186 7.068440873553324 14.8889889815739 160770.5992852171 7


0.0155852 30611209073190.05 71761287610.36557 3.148191619268767e+21 18
0.0311704 233733591008348 38968896282.56611 4.979840612784045e+21 62
0.0467556 286222778121110.1 354919514431.158 2.536128112764423e+21 98
0.0623408 64712823932332.98 1063849525707.493 3.208465859751325e+20 210
0.077926 263597856815942.1 180549845228.4054 8.164658483544924e+20 350
0.0935112 29767505960730.71 350357298321.4135 6.45881308993233e+19 450
0.109096 58050175461623.93 80512916820.75677 9.084664438281016e+19 602
0.124682 20548345933796.47 43706413177.4099 2.444749009556881e+19 762
0.140267 5036491253052.213 26812303393.85747 4.753656694881025e+18 1142
0.155852 2179902138122.903 10185348306.72302 1.670395370068615e+18 1250
0.171437 1286189062029.562 2632605459.505502 8.107490308653219e+17 1458
0.187022 509311028953.3871 1308434486.772487 2.689208314181264e+17 1814
0.202608 174588483090.2764 579151085.9840682 7.862830916198101e+16 2178
0.218193 58633480755.41488 307772359.4064506 2.278174214161396e+16 2498
0.233778 26740917073.78611 130428057.0109551 9024754390835284 2622
0.249363 12196284336.06969 52051735.67524004 3614124731244493 3338
0.264948 5528745062.688218 22497500.70082325 1453416592902290 3722
0.280534 2160670697.070765 12423214.45014118 507222900874837.1 4170
0.296119 1116317355.81658 5929437.321361053 234940400263989.2 4358
0.311704 643772488.910143 2589556.18694459 122140770193339.4 5034
0.327289 283051649.5426051 1687655.103721024 48743511857437.93 5714
0.342874 180353618.1285772 918727.5328062846 28299151824381.43 5982
0.35846 103513271.2839648 542117.1267161216 14849923098181.41 6602
0.374045 62950564.33250953 356738.1492076257 8289184441991.93 7130
0.38963 38888299.8466697 237300.8399456516 4720245417668.007 8034
0.405215 28460843.91073907 151414.4327977528 3195347825817.967 8606
0.4208 16758723.11221026 123978.0772111478 1744784741658.968 9066
0.436386 14685338.92300282 84320.83187954182 1421426782161.521 9962
0.451971 11251445.81691199 78741.07320594824 1015317735169.151 10550
0.467556 9391785.274862083 55490.78199435712 791740347511.974 11226
0.483141 9758006.623722536 49487.54883578158 770244506276.5759 12146
0.498726 6479466.189712807 35894.43660549523 479774952007.9819 12303
0.514312 2955610.623136634 17177.86663172042 205725003889.7187 12584
0.529897 919346.7301159527 7050.582503093539 60302329684.6131 12120
0.545482 440709.2210885359 3220.11578439829 27276603318.26529 11180
0.561067 184631.7433091382 1552.92244409387 10800651619.89456 11096
0.576652 102753.223979283 921.6610212488227 5691009117.829491 10056
0.592238 64490.16655004066 621.4443958807616 3386244972.978513 9716
0.607823 42572.70891163318 427.3141730877787 2122006645.038363 8604
0.623408 35971.61561667926 286.17909186174 1704008874.670005 8060
0.638993 24859.11255472535 206.7136068666809 1120897338.172911 7320
0.654578 17419.27144175882 165.8854006412845 748776318.0270401 6356
0.670164 13049.40101069937 182.4822722285195 535093260.0017392 5348
0.685749 8279.312614030474 116.8096646583342 324114436.6622977 4308
0.701334 5961.880353269823 81.30059066155026 223143514.6158584 3563
0.716919 2581.183238332183 29.14694303020461 92487603.68934958 2448
0.732504 1846.795542723861 16.39345170739761 63352889.85584737 1868
0.74809 998.9885157680942 16.56254694504385 32834171.88061268 1358
0.763675 1027.652151521038 5.862546480970724 32398453.24598914 1062
0.77926 461.0815804366649 11.20853552278459 13982907.77253735 776
0.794845 387.8212176324793 9.101769158644501 11319889.41996896 432
0.81043 561.084363546698 5.613862937738046 15698910.58171716 200
0.826016 1185.343939337124 1.046090183879944 31866496.91134791 168
0.841601 743.6554888452513 1.141260931845107 19292463.99675266 56
0.857186 718.5322391886 2.89597769364589 17982782.70890541 7


0.0155852 14543898228846.89 93968520571.40804 1.786604097124634e+21 18
0.0311704 5504986500808.299 518155966664.7881 2.077155835331185e+20 62
0.0467556 214350347937939.2 357850825434.4562 2.108126524129359e+21 98
0.0623408 325585471177565.8 231250539132.7069 1.740118724635284e+21 210
0.077926 82461427644291 528251552391.8872 2.848966735182495e+20 350
0.0935112 83278542398968.17 148994758248.3271 1.985946603929978e+20 450
0.109096 40413097399883.86 92445489913.82532 7.008542628289746e+19 602
0.124682 9927609542107.016 60592496215.44464 1.310692736038439e+19 762
0.140267 6373322962560.752 17031063744.03321 6.655674402064493e+18 1142
0.155852 2666601596518.688 6196600438.477017 2.261353726886355e+18 1250
0.171437 1116968047751.787 2193923478.5612 7.796891362693359e+17 1458
0.187022 380293871833.5002 1315804737.91465 2.224094543660817e+17 1814
0.202608 138096587156.0629 540380519.2705227 6.888140430772054e+16 2178
0.218193 50932536955.60557 261130693.9850255 2.191506267789098e+16 2498
0.233778 23955808194.09371 107646897.8953951 8952688953090374 2622
0.249363 10546518848.9553 44294756.89414501 3460834780212246 3338
0.264948 4948659480.463887 18495532.52205941 1440557181724498 3722
0.280534 2057915095.920259 9723249.730035365 534925932051019.9 4170
0.296119 940789469.2016783 5125660.612649766 219261870541946.5 4358
0.311704 549107385.5445631 2251592.50103522 115365639554737.6 5034
0.327289 280009818.3095734 1266444.19111099 53391443985696 5714
0.342874 133461671.7358966 889599.1698045289 23192042258297.05 5982
0.35846 99880851.36170483 412705.8753976554 15866025822392.97 6602
0.374045 46985669.37657642 340204.2062992243 6851776301363.364 7130
0.38963 39113846.16852752 173224.8227247618 5256843253084.276 8034
0.405215 21506984.97937358 145507.840277309 2674015359243.844 8606
0.4208 17733553.28983418 86389.63632949673 2044254624699.828 9066
0.436386 12160336.85026581 75495.83432389841 1303398605781.25 9962
0.451971 11248198.05478469 58005.50751042741 1123906180210.785 10550
0.467556 8023676.043655409 48159.35161704179 749015488470.2661 11226
0.483141 7218001.602212397 49172.34693387007 630941915080.1644 12146
0.498726 5045318.763651408 33667.93899285672 413696649082.1688 12303
0.514312 2226363.843328352 16582.54985611437 171607582541.5919 12584
0.529897 862560.3273513216 5596.869142146087 62648569921.11958 12120
0.545482 394284.2150510161 2637.119501826884 27022206269.41497 11180
0.561067 157762.0504398065 1336.241765877619 10219451228.76911 11096
0.576652 93988.25935699035 743.4592569655371 5764179194.453828 10056
0.592238 57952.51232270337 509.7576879011928 3369535144.419816 9716
0.607823 37327.80590595169 358.4597468425509 2060272821.836037 8604
0.623408 31715.93997291048 239.5617742750777 1663659861.699199 8060
0.638993 22335.97077677845 168.989590042709 1115211642.583544 7320
0.654578 15428.46359801879 137.5577572613778 734376952.3058907 6356
0.670164 11761.08273514821 150.0606660163014 534021699.8107523 5348
0.685749 6956.565384131898 100.6869994033248 301566552.2693059 4308
0.701334 5835.369177749296 62.00026970225135 241840610.9789195 3563
0.716919 2199.986023942229 25.25060999755138 87290056.77014482 2448
0.732504 1524.354645384115 14.83079119179425 57904963.97210228 1868
0.74809 1138.713868495582 10.94714315039902 41439949.66700097 1358
0.763675 479.965184836264 9.80727844668812 16759016.69457035 1062
0.77926 788.9843539178929 4.850683277743248 26489360.50985103 776
0.794845 641.677359020579 4.140036867977569 20735718.21167159 432
0.81043 384.4770620124952 6.085781101769449 11912909.49033855 200
0.826016 72.2000881019467 12.47824233173149 2153576.084059722 168
0.841601 116.7802442004801 7.346210527471666 3357019.665939138 56
0.857186 268.8602561321468 6.710238004243094 7452608.768417066 7


0.0155852 40772036085713.38 10800058035.52498 4.942631173141978e+21 18
0.0311704 168880937026247.7 50140303172.00331 4.381125018830503e+21 62
0.0467556 55412122800072.77 657112362506.0769 6.196751864447544e+20 98
0.0623408 143739534557735.8 539885905559.575 8.485351185380202e+20 210
0.077926 130446607317728.2 317302573626.2838 4.921323726378309e+20 350
0.0935112 78763979891375.34 107295683684.3127 2.060086831336051e+20 450
0.109096 21160932802101.78 120883547363.3234 4.035958732507516e+19 602
0.124682 14020728307488.1 37906911955.96609 2.027413060562147e+19 762
0.140267 6213656420092.166 12686793727.74474 7.116983038111123e+18 1142
0.155852 2415541318613.031 5024413540.225325 2.24703897029495e+18 1250
0.171437 746319422299.1705 2623411569.127429 5.717539455662765e+17 1458
0.187022 288359981337.2718 1288247376.701349 1.850512878932558e+17 1814
0.202608 111964816312.2893 499931977.0893952 6.127229305457168e+16 2178
0.218193 46493250567.896 219042913.2918484 2.194429271356556e+16 2498
0.233778 21635596024.66789 90610570.25717972 8869485300356671 2622
0.249363 9336855440.852016 37893040.87356122 3360980635471234 3338
0.264948 4372461348.972765 15882448.64836891 1396239297426552 3722
0.280534 1943475347.543711 7813508.155705556 554128142722952.2 4170
0.296119 841867037.1150665 4338267.013530852 215228675045113.2 4358
0.311704 444586385.4452593 2112092.793468362 102468772898882.5 5034
0.327289 256737394.3791709 1047063.044226121 53698603962930.23 5714
0.342874 129791402.70391 702011.6426875285 24739125543006.66 5982
0.35846 75058437.80982749 418632.6755467894 13080195511842.99 6602
0.374045 53089866.34280913 232904.6927582316 8491156531593.841 7130
0.38963 27941820.50109946 183110.312250912 4119902440021.606 8034
0.405215 22782007.80677062 104332.2027481411 3106820635452.229 8606
0.4208 13434817.18794272 86943.74696041856 1698984246641.683 9066
0.436386 11737713.67856327 58991.92991272041 1379997447617.123 9962
0.451971 9115640.58335758 54289.95511755064 999154014136.5938 10550
0.467556 6870575.165506946 42129.6885832079 703553457092.4938 11226
0.483141 6887820.674489619 39264.49517752749 660421755246.7056 12146
0.498726 4604492.67163768 27985.94873195265 414143031347.9961 12303
0.514312 2268080.687269258 12471.18972287949 191758982756.5728 12584
0.529897 696708.4798932991 5172.290062597509 55509537671.23032 12120
0.545482 331357.8482267621 2380.164832683684 24911335683.25076 11180
0.561067 148734.105715678 1082.85562190134 10568298368.59963 11096
0.576652 88108.01612848871 601.1671914032163 5927200631.698672 10056
0.592238 55011.66054522739 407.1968266826295 3508492227.613517 9716
0.607823 33744.05162996053 301.0053777908205 2042987176.852497 8604
0.623408 26298.59794440651 219.5664639820126 1513240819.067648 8060
0.638993 19936.68600927513 143.6296686311505 1091899528.159156 7320
0.654578 15777.68439266262 100.289784203045 823756104.3903553 6356
0.670164 11002.34825888102 122.9812096222944 547983514.3981501 5348
0.685749 6261.28561625276 84.89450786892918 297734347.141846 4308
0.701334 4899.854802376042 55.48280128677397 222756640.249349 3563
0.716919 2347.876944949967 17.63987705626086 102181677.5470817 2448
0.732504 1026.157837388007 15.93410077215047 42762634.1810836 1868
0.74809 1065.593572288174 8.863064374754003 42537041.70635191 1358
0.763675 656.0911845662638 5.81374711756745 25125502.48656781 1062
0.77926 538.3270539789889 5.978777732499751 19826991.98016544 776
0.794845 191.0049422419739 7.636735204553649 6773636.45941425 432
0.81043 318.3385808052649 5.356617322553294 10819943.58118933 200
0.826016 814.0842254648236 2.252996165957275 26583739.34851564 168
0.841601 656.1117754678979 0.1570299215883574 20674444.53757719 56
0.857186 702.5226876093454 0.63874859093292 21355228.99536452 7


0.0155852 547850261920.6524 96840771359.73532 3.557387639137172e+20 18
0.0311704 45205815581201.74 292029480245.5393 1.337790604232642e+21 62
0.0467556 264585144769656.7 32513090180.41691 3.093324289900787e+21 98
0.0623408 124468816909848.1 496579436103.0818 8.007440778726352e+20 210
0.077926 144643130058568.8 193317410272.5982 5.93236589440797e+20 350
0.0935112 23419031453305.98 219069818732.9165 6.722201399847443e+19 450
0.109096 35805179347011.66 60076705717.70089 7.412663632725246e+19 602
0.124682 15094489083667.59 24972686610.69937 2.374522891430325e+19 762
0.140267 3994596435906.424 15379439943.72093 4.984407101186924e+18 1142
0.155852 1644317127925.549 5884880685.860039 1.665873075396779e+18 1250
0.171437 537042473062.7545 2699171469.039869 4.480432852551948e+17 1458
0.187022 271130348562.1255 1081799824.484522 1.893664342108911e+17 1814
0.202608 99990614492.71785 436324388.6408694 5.955895497932497e+16 2178
0.218193 45638871902.4864 176171034.5080496 2.344260100447014e+16 2498
0.233778 19815075858.25465 76969514.9649377 8841091861114381 2622
0.249363 8368444661.876461 32784981.70850214 3278683892017794 3338
0.264948 3874671674.318491 13920737.15505101 1346665725561371 3722
0.280534 1800171464.947786 6524615.646916348 558620886816535.1 4170
0.296119 760183773.8876439 3732798.421398245 211523471175486.1 4358
0.311704 372242111.9303573 1939369.349466722 93383661306385.3 5034
0.327289 226596575.5693848 921577.1325499023 51583828356178.9 5714
0.342874 127465583.5205317 559135.1252094628 26441455870128.51 5982
0.35846 62628767.02000586 382165.8381277465 11879368005633.24 6602
0.374045 49238355.66663016 195079.1017747651 8570971375360.438 7130
0.38963 27271888.14588492 146073.5099307139 4376261337179.452 8034
0.405215 18497791.8494596 100916.1287075874 2745666827250.88 8606
0.4208 14064755.99710832 64107.96370068707 1935668907753.059 9066
0.436386 9715866.841384776 55376.14625600363 1243288831803.733 9962
0.451971 8144511.506537426 46916.64919669949 971602745387.2488 10550
0.467556 6575755.370866818 34463.91178411955 732849685104.8392 11226
0.483141 6621906.964074725 31814.71960383984 691014922730.1421 12146
0.498726 4750458.541415348 21060.9412575352 465004889553.457 12303
0.514312 2031955.942763024 10838.19865215694 186976864577.0116 12584
0.529897 742826.9994808722 3783.404094348309 64409723269.2573 12120
0.545482 306118.0746291796 2003.786846648463 25047247497.90389 11180
0.561067 132462.0082635117 936.8776188911005 10243838522.61172 11096
0.576652 72930.42852047943 561.5261633510064 5339889927.185772 10056
0.592238 50360.04788759763 344.050600569983 3495619308.805591 9716
0.607823 33039.01119512977 239.7164193250876 2176992277.349863 8604
0.623408 21752.38628110507 203.8720257070933 1362296821.056337 8060
0.638993 16827.10980494595 132.3259287584368 1003051624.551095 7320
0.654578 15696.54771490426 74.8757172733914 891910253.5238482 6356
0.670164 11543.0300774186 93.29399553108681 625682080.1936054 5348
0.685749 6740.579594997077 64.45912839090545 348826250.6690452 4308
0.701334 4826.471112105534 44.73493347206605 238802685.3740023 3563
0.716919 2197.203982588402 14.49732562650427 104072767.914814 2448
0.732504 988.8663513637982 13.02186534985123 44848830.338852 1868
0.74809 908.2169656280975 8.138417578197046 39459015.45720701 1358
0.763675 650.5039453465977 4.459653113840426 27112074.51530538 1062
0.77926 329.9463974146349 6.679775287940832 13227950.58973463 776
0.794845 479.8829538658371 3.389083389713752 18513739.93404806 432
0.81043 534.7956820185665 2.078930854533836 19779848.59284418 200
0.826016 717.8362407668359 2.21980743112741 25512102.87978365 168
0.841601 221.7031722192124 4.012866248553122 7605036.716572763 56
0.857186 110.3921613105882 5.993806391897333 3654668.290276472 7


0.0155852 34938103222713.26 2128178113.817884 4.983907295517287e+21 18
0.0311704 74214461394897 183831741937.6176 2.309654861201723e+21 62
0.0467556 15106448206748.57 576667449170.5444 2.215154928128004e+20 98
0.0623408 216007353128738.2 166016742776.9143 1.492043096811893e+21 210
0.077926 52838444070289.81 371432349760.348 2.364899194525719e+20 350
0.0935112 66273677220320.4 75960275390.22858 2.040043595940615e+20 450
0.109096 26533502797635.54 66381283140.38564 5.944336403816056e+19 602
0.124682 8662353880048.312 35517800363.48685 1.475835017993752e+19 762
0.140267 3919747586787.516 12746923618.23151 5.287466454308781e+18 1142
0.155852 1389547761191.222 5502985560.382457 1.522503749510828e+18 1250
0.171437 629450949500.3413 1946205727.682762 5.674870183274813e+17 1458
0.187022 294447495134.827 794005493.6685945 2.22290071172909e+17 1814
0.202608 99663281732.17461 352578242.1849157 6.417696941051421e+16 2178
0.218193 46490175114.01846 136322767.5083102 2.581558297690735e+16 2498
0.233778 18372617105.27814 65771910.92052896 8863128940053069 2622
0.249363 7540334045.757102 28773625.00291174 3194221205383248 3338
0.264948 3450253521.704211 12378081.40920908 1296575056228011 3722
0.280534 1643659067.147368 5642742.548655293 551472862462451.2 4170
0.296119 686379155.0482063 3273306.795830081 206499753782191.1 4358
0.311704 328175165.5171202 1730951.536336815 89017508469805.58 5034
0.327289 199101775.0540848 830161.3516137541 49006678738129.2 5714
0.342874 120861703.6614645 465979.5978328837 27106695989280.5 5982
0.35846 59369256.43495449 321628.0590793993 12175204338585.55 6602
0.374045 40430831.88862219 189857.0713120516 7609810296339.28 7130
0.38963 26796329.38176633 117979.2412428918 4648893723045.055 8034
0.405215 16905998.12484998 87032.75310436141 2713149024071.902 8606
0.4208 12264549.77241633 58654.7474523813 1825013914004.788 9066
0.436386 8882402.936754592 47809.34272408543 1228924801282.103 9962
0.451971 7862642.879058702 38729.1912449928 1014110345835.113 10550
0.467556 6265960.563938591 28592.06578766252 755009860842.2562 11226
0.483141 5795664.037311803 28764.70375533519 653910890542.8571 12146
0.498726 3858780.046074303 20600.02866817632 408408665873.0519 12303
0.514312 1654143.874437607 10391.89871556587 164577477483.6985 12584
0.529897 575051.0148609526 3860.147615847246 53914087109.67074 12120
0.545482 286653.6641069163 1692.174971637972 25358716443.42522 11180
0.561067 128187.6170122553 767.0158346256168 10717922035.45541 11096
0.576652 70031.64160040919 464.890368359328 5543859597.623099 10056
0.592238 43061.44507670508 318.0231241082835 3231771640.270167 9716
0.607823 30540.2143157045 204.5604463838758 2175717665.28612 8604
0.623408 22198.36205412582 160.4491011163291 1503038438.846564 8060
0.638993 14253.23513211725 122.6773465990817 918633028.4337834 7320
0.654578 11296.13780646235 86.65983611392164 694034417.247949 6356
0.670164 11864.38332941764 71.11024511241486 695288739.2736918 5348
0.685749 7665.905137283863 44.71684600046244 428891894.3015974 4308
0.701334 5501.650040605628 30.74012823885646 294290575.9443356 3563
0.716919 1864.910680926311 13.69774204649604 95507122.83611374 2448
0.732504 979.224629713545 10.58558600071776 48015893.35641638 1868
0.74809 810.6584227888849 7.216830398190407 38080241.80614161 1358
0.763675 531.8518254071221 4.465667628954098 23967305.24501701 1062
0.77926 363.9575171236605 5.170097082965838 15774939.38109292 776
0.794845 580.0791495582864 1.600827296258775 24194689.25306795 432
0.81043 451.6638675535336 2.184180311764418 18061706.9715189 200
0.826016 289.5982233536152 5.470662880228508 11130645.63919875 168
0.841601 15.48284887463512 5.263189194029255 576875.7270398631 56
0.857186 15.60803526231604 5.977905918121755 561236.2707659503 7


0.0155852 4023129316974.304 67782677670.41041 8.864774188281047e+20 18
0.0311704 94840323223580.52 88972057353.49416 3.139540997955649e+21 62
0.0467556 178241752179887.9 114126790671.3944 2.429687842414412e+21 98
0.0623408 47266777667741.45 520635107966.3955 3.607897773322725e+20 210
0.077926 122140484987260.2 142277580214.0113 5.824500831572018e+20 350
0.0935112 41895144967863.36 111529709715.6558 1.389270181551433e+20 450
0.109096 17842689119846.2 76494876807.3138 4.305231372971768e+19 602
0.124682 9177094693872.85 28384116421.73079 1.680180953612811e+19 762
0.140267 4411323945965.821 8898742421.289719 6.394213942643942e+18 1142
0.155852 1582819337745.509 3948686729.391979 1.863592848685747e+18 1250
0.171437 683672746602.7247 1380287627.358817 6.624697679896389e+17 1458
0.187022 276610594820.3763 671926320.426491 2.2450565729549e+17 1814
0.202608 100288086071.2973 280117204.5657292 6.942105896653298e+16 2178
0.218193 45212212555.66133 110418258.0956917 2.698993962187668e+16 2498
0.233778 17056882617.0158 56964524.15069363 8846439423712565 2622
0.249363 6815598303.409809 25595152.84095902 3104166451066251 3338
0.264948 3077398042.480851 11170005.51159899 1243369434507854 3722
0.280534 1484552598.995656 5029343.077105766 535512026562856.4 4170
0.296119 619877051.2363153 2915034.875171947 200504640253916.5 4358
0.311704 299077358.1573209 1528059.033186305 87219152511947.59 5034
0.327289 176095732.2909768 755050.6876655027 46600998003516.09 5714
0.342874 112965406.551677 399124.0135624897 27238246988152.86 5982
0.35846 57893760.93169872 267852.0082964717 12763773232488.38 6602
0.374045 34197686.73486122 179124.0061284481 6920455334014.815 7130
0.38963 24019098.18248131 106602.0104495748 4480111432780.082 8034
0.405215 16352399.80103256 72256.78510163761 2821309678846.63 8606
0.4208 10190540.6756716 56543.10093713958 1630376577313.755 9066
0.436386 8513383.599054467 40209.80017791276 1266300365126.044 9962
0.451971 7500306.643008157 32676.67125286645 1040008850926.049 10550
0.467556 5551899.002176635 25895.15696260899 719220248533.2068 11226
0.483141 4998913.634091214 26640.79834996499 606389516527.6112 12146
0.498726 3194811.686785222 19688.61485400716 363545812548.5915 12303
0.514312 1593669.786930915 8734.267845557275 170464983907.7284 12584
0.529897 546309.8391846807 3272.466973783684 55065156597.5168 12120
0.545482 246123.6255650349 1579.76831098412 23409045121.6898 11180
0.561067 105897.3329026105 744.7645277531149 9519571027.950974 11096
0.576652 63399.2254188113 412.4054496315122 5395757785.690834 10056
0.592238 41224.64318370238 268.4194144478016 3326211708.662446 9716
0.607823 26227.64019400698 191.3726465696916 2008856621.317955 8604
0.623408 21524.39168508141 132.4856192309425 1566819245.838819 8060
0.638993 15016.04981843374 94.20282379804739 1040422840.075043 7320
0.654578 8613.270525110929 88.56630968519003 568982617.039495 6356
0.670164 9072.331472194914 74.87791768872168 571626808.6129133 5348
0.685749 5892.566892199372 46.99374983108478 354454144.1861704 4308
0.701334 4408.334848152154 31.2643746555846 253525524.6651361 3563
0.716919 1545.269452773431 13.30099487496871 85083153.85719936 2448
0.732504 945.2507988461929 8.902782154246038 49829836.51432385 1868
0.74809 747.7789590983416 6.291927347209304 37764305.77088283 1358
0.763675 462.0267804171534 4.149373002915175 22384658.92698301 1062
0.77926 378.2310389587765 4.128114115764201 17623883.24473399 776
0.794845 535.5339896777451 1.397257957859162 24014044.46311377 432
0.81043 353.5512613498955 2.482958200042734 15200545.60762662 200
0.826016 133.8712985655807 5.983036110717004 5534081.917799955 168
0.841601 31.04209003842756 4.431556611005998 1240155.19776607 56
0.857186 109.6272405877762 4.334584515488332 4218221.652450787 7


0.0155852 20136124437416.07 22138852422.97654 3.411669481739725e+21 18
0.0311704 13799642892127.43 261210321382.8766 5.708203627880069e+20 62
0.0467556 84230573026908.86 285469802984.6466 1.245576183642463e+21 98
0.0623408 174350643995004.3 142603668072.1456 1.386333389411351e+21 210
0.077926 69048870679269.04 230519849386.5664 3.537837982176846e+20 350
0.0935112 25286126481939.98 135889461824.3597 9.004006090923029e+19 450
0.109096 25759689559121.28 43454490088.0298 6.63550711762391e+19 602
0.124682 10416221552960.66 19537735889.68245 2.038847213546796e+19 762
0.140267 3064310098411.621 10563818358.09866 4.756498733906399e+18 1142
0.155852 1423629888168.183 3555383664.627291 1.793449554516391e+18 1250
0.171437 495867399503.3454 1603265208.455705 5.143362594855204e+17 1458
0.187022 208635341830.0741 733489020.3333484 1.81241527133311e+17 1814
0.202608 91845978278.85486 248484490.4387472 6.802131042871511e+16 2178
0.218193 39079588991.04304 105691108.6094763 2.496149259009683e+16 2498
0.233778 15635015097.14698 50685682.28172706 8675747073062242 2622
0.249363 6209580537.469792 22921428.77224414 3025837673003804 3338
0.264948 2748616839.9574 10206551.29721504 1188175522665696 3722
0.280534 1326678265.12658 4605067.155849217 512017726995955.4 4170
0.296119 560919848.4641271 2626666.753944277 194116263675483.8 4358
0.311704 276815552.7019559 1350787.06253323 86367354329229.53 5034
0.327289 157869001.7252245 687319.9898446042 44697628644950.72 5714
0.342874 104320754.5636468 351968.097868356 26911138868100.05 5982
0.35846 56049811.68410532 226163.5653717628 13220093668293.9 6602
0.374045 30789630.29106081 161788.3688248947 6666218920782.158 7130
0.38963 21751346.26120381 96107.65696182499 4340613796278.787 8034
0.405215 14956645.41116963 64634.96387297865 2760787532414.113 8606
0.4208 9637827.604962077 48777.88555799134 1649642896044.845 9066
0.436386 7797108.780749582 36032.43941837094 1240786211564.171 9962
0.451971 6935035.047360616 28725.97705771116 1028801475172.821 10550
0.467556 4572168.324140237 25484.61764286872 633714469622.474 11226
0.483141 4379900.940835099 24705.02175864231 568430818106.9834 12146
0.498726 3064372.339454009 16913.49193979018 373055586050.5977 12303
0.514312 1572829.401098647 7274.110279031956 179983120715.4457 12584
0.529897 573622.6857216565 2547.767776070163 61853749190.77883 12120
0.545482 241998.6486907942 1317.800674390008 24623889403.15921 11180
0.561067 110258.496222382 584.9860427470015 10603437774.06694 11096
0.576652 59291.81660983021 361.0663418921567 5398657980.501617 10056
0.592238 37246.16922620932 241.8963956608304 3215162451.799877 9716
0.607823 25847.4831002452 159.2046747776167 2117977561.473593 8604
0.623408 17347.28100774183 133.6200889761203 1351036227.700643 8060
0.638993 13200.35839458045 87.74301553572077 978525071.1028554 7320
0.654578 11626.75416456136 54.08768222184757 821586702.9201977 6356
0.670164 8677.283047883804 64.43123649166959 584919692.5702773 5348
0.685749 5111.529464256503 43.75268180112428 328957816.4494528 4308
0.701334 3578.260980320106 31.00605201215374 220171934.3937967 3563
0.716919 1457.53282570502 11.6365052365439 85857677.57287134 2448
0.732504 937.2958789864134 7.394915626379476 52860657.25251743 1868
0.74809 694.1961262871437 5.522903933451745 37507083.84837543 1358
0.763675 440.0514074845341 3.556266590598418 22808988.68383349 1062
0.77926 337.2603643793243 3.752179685442979 16812773.25570941 776
0.794845 492.635334794116 1.259898499700139 23633427.79619424 432
0.81043 321.4802799719308 2.239943914694799 14787206.86286996 200
0.826016 120.9818716908619 5.300465097151774 5350760.234789701 168
0.841601 36.2413704926353 3.841190554868176 1548302.054953253 56
0.857186 120.8662824204611 3.652266581894117 4974981.65312053 7


0.0155852 13739370475508.53 30114882352.90926 2.569660821211808e+21 18
0.0311704 104620027021743.8 9890256345.618376 3.923733711817887e+21 62
0.0467556 62942373190109.3 301311694163.1425 9.995727472028421e+20 98
0.0623408 79258129931647.34 322754964402.8188 6.783548076626262e+20 210
0.077926 63183707586758.54 212786057216.8528 3.450554346409711e+20 350
0.0935112 51883743291948.78 47707129706.92548 1.957442307719921e+20 450
0.109096 17428442920338.49 54799921172.92191 4.790513979112417e+19 602
0.124682 7033254220534.142 24370227615.59641 1.468610682259264e+19 762
0.140267 2897095427120.82 9339190529.97027 4.790688468122223e+18 1142
0.155852 1100021289342.951 3800950271.571974 1.477121311431271e+18 1250
0.171437 385304074368.5176 1655572354.00565 4.259817120611696e+17 1458
0.187022 175139917064.3332 712301816.2598946 1.621245583238862e+17 1814
0.202608 76429557962.00703 248498978.9320129 6.031357722660678e+16 2178
0.218193 30308156113.74201 113324744.6353011 2.06295349416139e+16 2498
0.233778 14088369704.10124 46518188.95251153 8328536788941607 2622
0.249363 5758293622.386412 20441427.57712908 2989217744649778 3338
0.264948 2478434916.074269 9352981.539802721 1141400769711412 3722
0.280534 1173636162.034465 4312138.163762598 482561643965248 4170
0.296119 511365637.3221567 2380278.551758934 188529629068036.4 4358
0.311704 258698503.7983286 1199004.868571202 85985813563766.08 5034
0.327289 144006581.3221588 623165.538874688 43436256300860.84 5714
0.342874 95713846.42802824 317580.0528891526 26303469315880.34 5982
0.35846 53588214.32310665 194902.9888957454 13464590259274.49 6602
0.374045 28836774.68700959 143212.3229208786 6651087993761.049 7130
0.38963 20084804.17945087 85908.39852350559 4269789893643.294 8034
0.405215 13417839.26971897 59686.18752962195 2638537406995.293 8606
0.4208 9265581.876940222 42013.0815959644 1689452059114.988 9066
0.436386 7325922.062139413 31715.15535862642 1241921695744.354 9962
0.451971 6022182.591762304 27402.3877440129 951749773202.1508 10550
0.467556 4000906.242521436 23853.67383449333 590767109905.877 11226
0.483141 4151326.515700059 21682.06951573878 573940740536.6191 12146
0.498726 3152838.489726244 13680.84487898179 408868717900.2415 12303
0.514312 1502337.185471095 6262.679325662657 183139579737.6794 12584
0.529897 478050.6216185652 2545.557827868846 54916611853.08153 12120
0.545482 226566.2003721181 1164.225795321745 24558807812.31409 11180
0.561067 91930.5279708928 580.8336620721386 9418573489.864456 11096
0.576652 52781.31061819104 333.5995034712132 5119752156.993304 10056
0.592238 35082.08655725817 212.8934835267161 3226072508.821497 9716
0.607823 22404.53909437086 151.4011744365762 1955784790.210952 8604
0.623408 18591.79620849067 103.6984475774518 1542417098.659223 8060
0.638993 11460.64883661998 83.40785249210974 905058492.485538 7320
0.654578 7409.76496817212 69.53552930777653 557865999.7158574 6356
0.670164 8949.444938132245 51.42752124116314 642630973.8780595 5348
0.685749 6167.851099958442 29.74295007572443 422818724.478382 4308
0.701334 4229.346199414475 21.95083954269463 277203463.9953603 3563
0.716919 1362.436182700026 10.25732933537645 85495802.17918159 2448
0.732504 881.4764055221581 6.520888258734047 52958287.82498533 1868
0.74809 651.0526382654774 4.859223955626603 37472665.84332421 1358
0.763675 443.2430024844963 2.888337937271095 24473835.82454999 1062
0.77926 276.1541805868659 3.648196090019336 14666194.11036193 776
0.794845 442.9466902392321 1.23974734974533 22637236.17776171 432
0.81043 335.1863934779985 1.687927957919406 16423783.15391434 200
0.826016 196.0926010548749 4.023275011500066 9235501.665085319 168
0.841601 12.62425723324973 3.596718498785163 576408.1023610353 56
0.857186 48.61351065200898 3.785668892461596 2133405.326160738 7


0.0155852 6406833069847.514 43550775210.39902 1.445357607311595e+21 18
0.0311704 6570981056400.121 227177025321.071 3.573159579782142e+20 62
0.0467556 142057747445237 60970274457.99511 2.343892316053979e+21 98
0.0623408 87632772469338.38 263444941012.3026 7.93952853573776e+20 210
0.077926 88189026190474.53 114582141936.4964 5.092519029480653e+20 350
0.0935112 20817489209614.54 111981839997.6028 8.39022704911938e+19 450
0.109096 16249985469021.56 49933091829.31567 4.741192278898242e+19 602
0.124682 7176584913628.739 20501702097.82368 1.589920234816811e+19 762
0.140267 3375329165038.352 6547472339.736609 5.919605464871728e+18 1142
0.155852 1105402505406.244 3211202398.846742 1.575081130185671e+18 1250
0.171437 483781348732.0487 1134779650.775177 5.672265551666434e+17 1458
0.187022 200484169636.6 530759693.8487356 1.968774033604554e+17 1814
0.202608 65701001114.85785 241017569.5812786 5.50365339574281e+16 2178
0.218193 25118202527.48189 112186737.0862034 1.814975705046617e+16 2498
0.233778 12660835371.22352 43297171.31475416 7944059325168004 2622
0.249363 5448363178.393465 18070776.42354268 3001694145091354 3338
0.264948 2289578336.118225 8472412.429903381 1119093144325866 3722
0.280534 1034565651.327211 4086514.60698185 451492244615505.4 4170
0.296119 474617412.1079314 2148547.627214612 185711207578517.6 4358
0.311704 244609126.1539487 1064909.976803168 86286256148477.33 5034
0.327289 133697271.5825035 561983.2661708656 42799214932716.92 5714
0.342874 88032889.98641828 289371.1458214643 25675988323690.04 5982
0.35846 50614341.04526756 171893.1704687676 13496835559421.2 6602
0.374045 27468582.75600813 126184.2651890458 6723795135902.216 7130
0.38963 18478783.52737651 78093.21786854176 4169222266770.924 8034
0.405215 12239218.76872325 54673.08755003197 2554342672797.541 8606
0.4208 8579001.671304919 38066.90523983735 1660161203478.971 9066
0.436386 7012534.056052549 27560.72039048879 1261645485878.976 9962
0.451971 5106327.909020177 26848.56266307476 856523611435.3292 10550
0.467556 3888119.848371829 20738.22800063929 609291227318.8217 11226
0.483141 4145281.008473974 18241.1655202735 608213395848.5121 12146
0.498726 3113113.399404748 11493.6405903167 428452198128.6227 12303
0.514312 1314730.979682163 6010.885663575754 170098246578.3689 12584
0.529897 414702.4457121263 2423.776086083299 50561216830.35719 12120
0.545482 191892.8704552514 1142.49747327775 22076308536.54092 11180
0.561067 89842.69013473198 497.3374505958136 9768653506.768986 11096
0.576652 52467.47825194952 282.3886145462532 5401111389.764232 10056
0.592238 32375.62797877073 192.7834150645738 3159691648.419242 9716
0.607823 22549.99163200235 126.0101552775514 2089071571.752292 8604
0.623408 15055.02092850897 106.6133873547918 1325630389.073637 8060
0.638993 12034.12322489513 66.31595187337621 1008548961.922762 7320
0.654578 9808.470989193116 44.69345661660623 783616240.189302 6356
0.670164 7276.745000574924 52.82060536435669 554574280.9173652 5348
0.685749 4057.569496030767 37.26810494036103 295240651.928186 4308
0.701334 2775.361767913087 26.88019398733324 193078589.2319033 3563
0.716919 1367.696190197311 8.53228497616054 91084057.45670277 2448
0.732504 733.6690208382525 6.468863810941353 46781763.55829718 1868
0.74809 617.8875518572834 4.284456189567527 37743352.54555041 1358
0.763675 422.630344409805 2.512013242715078 24765806.20719672 1062
0.77926 262.1570713217249 3.245285026506851 14776107.91995932 776
0.794845 319.9516083268798 1.844594408098817 17354733.63498908 432
0.81043 347.1460073074214 1.233245502849778 18051867.37236365 200
0.826016 379.6500939462298 2.037330197877921 18971381.53999647 168
0.841601 53.48612924433663 2.896594589316493 2581495.359745271 56
0.857186 1.720454539686711 3.751465680845969 83146.85677519545 7


0.0155852 19918019002763.35 5168442779.633551 3.979592403178432e+21 18
0.0311704 74054516713834.34 44062515798.11326 3.139793301006625e+21 62
0.0467556 8573178452161.539 360172418800.2908 1.852802697508753e+20 98
0.0623408 120813155672250.1 136987023321.9726 1.151402648479311e+21 210
0.077926 39454336036328.05 211636461087.4055 2.43196008928362e+20 350
0.0935112 31501072778998.07 72351745868.73177 1.337366760264174e+20 450
0.109096 18766473367235.18 35590786601.95388 5.785462474478243e+19 602
0.124682 7516134430841.323 16204560301.77349 1.760568298391017e+19 762
0.140267 2315734985701.546 8148476589.754236 4.301075252342248e+18 1142
0.155852 1096650988559.263 2711869296.952403 1.652660841011338e+18 1250
0.171437 450909797595.541 1021540466.954891 5.592478842937964e+17 1458
0.187022 197160520484.3542 448657209.2699552 2.047819467271364e+17 1814
0.202608 64755655619.06455 208256127.1774889 5.737356425509578e+16 2178
0.218193 26481141834.20043 92368620.38881095 2.02356428856409e+16 2498
0.233778 11632489518.26768 39837738.17909938 7720821250505041 2622
0.249363 5166328346.92002 16086661.37381759 3010711971205524 3338
0.264948 2179884976.079889 7531677.07643818 1127012345535080 3722
0.280534 923950379.7623303 3855028.435819454 426541800940936.9 4170
0.296119 453281191.8823138 1911545.704116992 187605149384220.8 4358
0.311704 234641075.3466941 942005.9171905635 87549419816843 5034
0.327289 126060144.8050855 504337.4827840025 42685339579014.77 5714
0.342874 81531997.57291634 264286.0250869079 25153764081153.96 5982
0.35846 47357017.76524108 154897.9949902121 13357680621910.96 6602
0.374045 26269660.79667184 111666.9078010092 6801646032347.267 7130
0.38963 16936708.7296219 72058.60056072791 4042090589495.606 8034
0.405215 11338271.72633663 49791.36697351665 2503014482891.906 8606
0.4208 7891063.950805198 35051.14644839062 1615259004323.582 9066
0.436386 6561025.999475183 24843.18879201046 1248592853443.262 9962
0.451971 4509312.050310073 25424.52629645656 800101421486.692 10550
0.467556 3932063.371461743 17462.34781249802 651738732710.3981 11226
0.483141 4071278.057345465 15648.42147709106 631842358713.1871 12146
0.498726 2874288.662823108 10552.06758271708 418433250094.1658 12303
0.514312 1130668.505717153 5873.445139776525 154739817947.6613 12584
0.529897 396917.912345305 2149.072243296368 51187410946.55935 12120
0.545482 185150.6864556859 1004.143763954481 22530594212.83109 11180
0.561067 86070.7368730234 439.8431603584966 9898942358.774118 11096
0.576652 46927.42279982553 266.015403539292 5109916200.563845 10056
0.592238 30064.6175339548 175.3572334850832 3103625176.887725 9716
0.607823 19421.62398349093 123.5617849078499 1903240129.553643 8604
0.623408 16062.58029066617 84.82524042613102 1495953099.754362 8060
0.638993 10076.36503444942 67.12422524132336 893287387.2977546 7320
0.654578 6433.771539216003 56.60361286623903 543768914.152944 6356
0.670164 7607.636510622649 42.91748525905204 613252541.7783004 5348
0.685749 5300.09115553778 24.62968700268612 407873159.0066887 4308
0.701334 3900.369309602187 16.34724700248221 286974115.9072092 3563
0.716919 1151.167483210783 8.575982971818076 81094746.5728424 2448
0.732504 766.6632001658909 5.275947385914411 51706817.63827989 1868
0.74809 545.8449573355579 4.107598536714911 35269067.85076077 1358
0.763675 348.3515436993222 2.615125948878974 21592964.72018509 1062
0.77926 333.5439610644611 2.269710628114549 19883187.98807099 776
0.794845 155.8225877364623 2.763285537682625 8942604.445694778 432
0.81043 280.8703752122879 1.447354166123948 15449542.35969108 200
0.826016 527.4476241773061 0.5061385182459919 27876706.63956754 168
0.841601 234.8474058735734 1.192147954202038 11978591.23219129 56
0.857186 146.6616940101064 2.272917617884449 7217801.79912007 7


0.0155852 291589212761.0184 49188291177.5304 4.10370632311607e+20 18
0.0311704 32309958668620.77 126362367611.458 1.502984125640786e+21 62
0.0467556 131637686336304.5 27372051110.45877 2.421883670259537e+21 98
0.0623408 38634208981146.33 310584909136.7782 3.981290369121035e+20 210
0.077926 71456682534464.03 107679898393.3754 4.607741503486823e+20 350
0.0935112 33696125692098.04 53741299918.39032 1.50745184694002e+20 450
0.109096 12622948413844.46 45029782417.23027 4.11296850655596e+19 602
0.124682 5718437256119.713 18238587369.98752 1.414199642476157e+19 762
0.140267 2324662512681.419 7035457815.269881 4.552529377705068e+18 1142
0.155852 912003264633.4746 2781282792.518574 1.45008956972572e+18 1250
0.171437 300768756113.1893 1273739071.28216 3.93814783551521e+17 1458
0.187022 144923285366.7023 523643302.01986 1.588439199807157e+17 1814
0.202608 65226297107.65642 175250923.3395664 6.093928231705966e+16 2178
0.218193 29202394424.44428 70192451.85684249 2.352741138490539e+16 2498
0.233778 11006532536.56837 35932238.73168509 7704365825795759 2622
0.249363 4769247512.534943 14866337.55248912 2931208532921324 3338
0.264948 2096807249.314183 6675466.780116062 1143239691807610 3722
0.280534 853403394.5487785 3561430.494505178 415504690439308.4 4170
0.296119 445217732.0719585 1669099.149006123 194322146337713.1 4358
0.311704 227516417.7373465 830270.4783234625 89524544967234.38 5034
0.327289 120163907.1327257 451468.7998048016 42910431273640.32 5714
0.342874 75849556.57796898 242313.7688707968 24678809892793.03 5982
0.35846 44039512.12808634 142011.6764309419 13100404322239.8 6602
0.374045 25079154.89592336 99725.74972485972 6847927645571.055 7130
0.38963 15613298.00370844 66683.1514323455 3929800757684.333 8034
0.405215 10538035.5264727 45639.6358103144 2453416855424.882 8606
0.4208 7395201.363221565 31899.68321742678 1596426229785.045 9066
0.436386 6002613.352310827 23234.53247253406 1204722920549.671 9962
0.451971 4195218.568785443 23241.28591993182 785025368641.8608 10550
0.467556 3900749.232651425 14985.65404716531 681833699056.2223 11226
0.483141 3895208.079423458 13897.94370448679 637521082539.277 12146
0.498726 2575203.442467366 10111.98550728044 395372653194.7421 12303
0.514312 1018529.824881578 5527.946222600823 147007834439.2816 12584
0.529897 396501.6894000558 1844.620267213142 53924280958.97786 12120
0.545482 187105.0424257979 847.6857265680131 24010841478.41341 11180
0.561067 77026.37810477207 418.6753792614612 9342696627.518267 11096
0.576652 42553.7502462517 249.5596593689526 4886769278.789234 10056
0.592238 28681.57351869961 156.9297583317972 3122503635.446542 9716
0.607823 19425.07428470634 105.3722827454878 2007463781.551138 8604
0.623408 13684.21684931101 84.9619964553999 1344093704.598254 8060
0.638993 10005.16749396398 57.64660111425032 935385046.5888253 7320
0.654578 8767.817440083043 35.69527773177816 781383256.2420069 6356
0.670164 6782.316068105096 41.08761174011726 576586912.9948102 5348
0.685749 3837.091248485513 28.99404219780899 311439425.7783908 4308
0.701334 2491.154218854266 21.81899929860497 193324321.8569952 3563
0.716919 1161.09633303734 7.281807240061593 86258056.5225735 2448
0.732504 765.1790481258362 4.47151613822648 54423358.52953798 1868
0.74809 499.0684721229899 3.821831352293901 34007738.39928199 1358
0.763675 300.2376163290588 2.580236415003269 19627397.30429807 1062
0.77926 357.8137840949203 1.725237130463701 22493655.41493036 776
0.794845 173.8050335327755 2.318972736388132 10518349.77111439 432
0.81043 156.3124070838873 2.113523499559833 9069304.189571472 200
0.826016 331.0407483842641 1.664068093901091 18453103.96696472 168
0.841601 352.75393407793 0.0901465369486889 18973087.06145266 56
0.857186 391.0270299994778 0.1714832483643433 20288911.16959957 7


0.0155852 18513590730966.98 1178746879.48851 4.093810675917342e+21 18
0.0311704 31497250248011.65 116077695015.9296 1.540455060979003e+21 62
0.0467556 26795232182987.17 257937821622.158 5.498814957177341e+20 98
0.0623408 115094114071009.7 90628095700.78598 1.21609249696361e+21 210
0.077926 48942041655321.66 141749165242.886 3.331637923572666e+20 350
0.0935112 15356090546416.75 91153630440.36424 7.27968704102018e+19 450
0.109096 14989432625613.87 33509440142.13549 5.129779797806214e+19 602
0.124682 5916580146499.149 15376610608.92555 1.538383934164761e+19 762
0.140267 2698162703835.473 5047332057.26772 5.553509774172288e+18 1142
0.155852 872071137444.5049 2514899075.560961 1.458419972770241e+18 1250
0.171437 345261337839.2615 994535824.1646233 4.752070604283389e+17 1458
0.187022 133695884741.1192 488322284.7716941 1.541425957327395e+17 1814
0.202608 58965786478.26512 166832290.1190667 5.794956033564418e+16 2178
0.218193 26485814974.75318 66763050.32046213 2.244563158321283e+16 2498
0.233778 10482039335.9503 32409736.08172439 7717188006601300 2622
0.249363 4261209010.4668 14310622.43693792 2754860283869952 3338
0.264948 1963522584.27966 6127718.495870799 1126031214883127 3722
0.280534 820372579.8200957 3202352.985313988 420100566919482.7 4170
0.296119 440902493.9192182 1448091.935271604 202393610428662.7 4358
0.311704 220000785.6241116 737443.442069717 91048073397816.55 5034
0.327289 114925649.1323934 405467.0963354683 43164616220227.51 5714
0.342874 70341579.46684602 224808.1476448777 24072254975658.44 5982
0.35846 40794760.68079419 131951.5165868125 12763786007553.76 6602
0.374045 23874517.26052452 89979.77934109287 6856527265636.865 7130
0.38963 14534235.66243197 61577.4541798676 3847685281340.107 8034
0.405215 9792789.836015258 42212.00147759059 2398001409036.024 8606
0.4208 7018603.568553208 28858.49732355854 1593577892580.852 9066
0.436386 5508404.36724586 21820.50239282219 1162801594789.804 9962
0.451971 3965084.278471122 21154.51614717769 780381179216.1317 10550
0.467556 3780828.223277699 13236.99632803917 695081326024.7753 11226
0.483141 3662160.427334422 12696.07525394875 630414416982.754 12146
0.498726 2313571.656478431 9704.266641267694 373605360805.9546 12303
0.514312 976522.3409296538 4969.159697535186 148241477360.058 12584
0.529897 388791.8271424422 1614.595759713354 55612506926.23103 12120
0.545482 173579.8948207459 787.8097281015397 23428736376.86247 11180
0.561067 72543.34786759412 381.3720713673639 9254535381.259357 11096
0.576652 42812.3327610382 213.7498277374959 5170867907.222145 10056
0.592238 26901.68900197681 143.6740512334285 3080380422.749812 9716
0.607823 17972.36713375046 98.11279475379069 1953520018.22715 8604
0.623408 13113.0794000209 76.23165127873345 1354674446.943371 8060
0.638993 9700.926331368713 51.20626072979029 953889284.8520316 7320
0.654578 5882.055726559124 45.96083145971117 551423369.7559713 6356
0.670164 6129.423252964316 38.89847966377697 548071402.6122572 5348
0.685749 4124.341011063013 23.53079214872905 352068407.1809319 4308
0.701334 3063.561910891425 15.69542322588298 250029353.6687342 3563
0.716919 1038.100811280995 6.951268621677224 81115232.994665 2448
0.732504 613.0693043982781 4.804582099924892 45865069.64825754 1868
0.74809 520.7234279981705 3.145167036306577 37319144.49718311 1358
0.763675 319.8550546226918 2.092960912876414 21991449.21755843 1062
0.77926 248.5079249726753 2.193461478181608 16432804.80550843 776
0.794845 331.2487387133874 0.9215853543764585 21079333.72807444 432
0.81043 177.2685870293113 1.719066451164907 10816865.17310832 200
0.826016 60.92153049537724 3.327169612659825 3575788.765618125 168
0.841601 125.1605438908773 1.56537197949242 7082260.258063448 56
0.857186 252.0178161130811 0.9823080065954015 13754250.9362266 7


0.0155852 2223547513528.971 37361951297.25059 8.39069959709504e+20 18
0.0311704 57635930963664.63 36482013411.2402 2.855362421070274e+21 62
0.0467556 73349524991995.81 124125986859.2969 1.505130368647868e+21 98
0.0623408 44326450500521.05 238573537434.0522 5.006198245868714e+20 210
0.077926 43344911580724.6 139227587322.2589 3.099715735030793e+20 350
0.0935112 32580077322602.19 38130070907.20676 1.60795448655199e+20 450
0.109096 13108122324177.36 33069678766.15248 4.709588574302188e+19 602
0.124682 5653155152400.516 13802804326.17319 1.542281409409926e+19 762
0.140267 1758590333877.223 6714798882.632253 3.804224885109427e+18 1142
0.155852 860575127088.9901 2200248453.240901 1.509904818698977e+18 1250
0.171437 387079292101.481 738017343.055393 5.587533952675009e+17 1458
0.187022 159755044548.2215 351430232.7187207 1.931450199952711e+17 1814
0.202608 50627178087.61708 168273671.9760952 5.221765735859746e+16 2178
0.218193 20345029516.2733 75458417.0730859 1.809854892268843e+16 2498
0.233778 9789025500.652475 30030932.22351826 7562116998369265 2622
0.249363 3849654999.431197 13688321.86782701 2611575757923596 3338
0.264948 1759538398.629371 5924352.30017484 1058829117009262 3722
0.280534 805463680.7088704 2833849.152279185 432755922498801.2 4170
0.296119 426560068.6832228 1290028.461955198 205446364158498.9 4358
0.311704 208084155.4313011 674250.5591925528 90356795413515.02 5034
0.327289 109229689.5013972 368742.3876500053 43045134045926.36 5714
0.342874 64448257.36537497 212939.6213314186 23142082319007.88 5982
0.35846 37681318.49918813 123933.740615051 12370389393240.82 6602
0.374045 22680612.70245081 81950.77152566692 6834332592481.381 7130
0.38963 13623569.17941272 56864.235149485 3784207877072.218 8034
0.405215 9137717.352677727 39184.7363634366 2347786609132.497 8606
0.4208 6641005.329165238 26371.3524574367 1582080375366.289 9066
0.436386 5156517.721877015 20186.40440272693 1142118991501.636 9962
0.451971 3714166.370176604 19548.73499131285 766993349362.6735 10550
0.467556 3625472.168210492 11889.68464804805 699328188117.6316 11226
0.483141 3402289.640633148 11870.44158310269 614518707558.132 12146
0.498726 2128740.575229359 9127.063892683984 360687000357.4765 12303
0.514312 960843.582719745 4387.482343400236 153038979934.5554 12584
0.529897 365458.5222061505 1488.917377149476 54848599165.18814 12120
0.545482 156601.7044550078 755.3838885199085 22178226281.12918 11180
0.561067 69439.21792826123 345.3719381305621 9294587268.386833 11096
0.576652 40332.89711817395 196.943906575338 5111231761.773807 10056
0.592238 24664.75573894159 135.5455177258778 2963320963.806042 9716
0.607823 16310.3685622077 93.32955867748508 1860180748.320733 8604
0.623408 13418.18262229214 64.33566766858604 1454384545.437889 8060
0.638993 8221.038864414499 51.95604947715701 848208141.9897453 7320
0.654578 6716.74416791061 35.61411358656419 660615322.5760343 6356
0.670164 6571.559282545444 31.40782463776072 616502438.4961694 5348
0.685749 4227.76278715362 19.82282070138473 378652181.5341779 4308
0.701334 2851.155119900663 14.77560971818357 244150687.6984803 3563
0.716919 1065.046277650399 5.910243341232261 87314934.33274114 2448
0.732504 662.47614391506 3.864277618442992 51998386.84744838 1868
0.74809 446.1548673180648 3.179118276794843 33550264.10872635 1358
0.763675 309.3538904970014 1.865080644843394 22316304.10069038 1062
0.77926 254.4500887381519 1.888324228597287 17653504.56744426 776
0.794845 198.4002414924132 1.623460540766996 13248746.42646169 432
0.81043 268.5934571440565 0.8688169815636765 17193696.1630122 200
0.826016 332.6263530327698 1.149006913229972 20460809.84459265 168
0.841601 52.52953690938823 1.903959757918435 3120447.450248952 56
0.857186 2.147378222030782 2.55532775586064 126178.1553531786 7


0.0155852 11508122329595.45 12336938465.86722 2.915851456554182e+21 18
0.0311704 5558216354742.447 153441389412.6792 3.927988040144271e+20 62
0.0467556 71708830238410.95 104387020013.9765 1.539694959997139e+21 98
0.0623408 73960300212471.78 144466931329.8929 8.631884745112591e+20 210
0.077926 57198056180632.53 86639371741.19739 4.265445508947712e+20 350
0.0935112 17737860741899.38 67361387014.32687 9.211489263556706e+19 450
0.109096 11033369509407.08 34105351733.67182 4.154322428902158e+19 602
0.124682 4850470112951.23 14056785941.11695 1.386298745847157e+19 762
0.140267 2008652749763.25 5297238320.799845 4.54531444083987e+18 1142
0.155852 751743152864.4568 2192080611.493537 1.381330994223706e+18 1250
0.171437 256427223040.7984 982679780.0213714 3.879762790384452e+17 1458
0.187022 136788038442.6527 362843768.5053696 1.731871288084725e+17 1814
0.202608 48431124568.72433 153733855.5880702 5.229721058571259e+16 2178
0.218193 18549088557.84954 71956845.40129998 1.727738644962502e+16 2498
0.233778 8993857691.824347 28493438.51637957 7274450958669262 2622
0.249363 3705262396.806531 12421850.41977701 2631552401305894 3338
0.264948 1569488859.548786 5765594.57154855 988893916272554.1 3722
0.280534 785436066.7290691 2526879.881875569 441784864997785.3 4170
0.296119 394336920.3535619 1216053.450476011 198846416830833 4358
0.311704 190106536.3494732 643452.4894001815 86428308976202.59 5034
0.327289 102423066.3858406 342259.7842764676 42257524337131.18 5714
0.342874 58071583.87653279 206309.8064817077 21832033375375.76 5982
0.35846 34749080.65064256 117362.7761217565 11943408932887.83 6602
0.374045 21504808.11228101 75303.60587087015 6784120299161.394 7130
0.38963 12792248.11463475 52747.82064636867 3720071994891.912 8034
0.405215 8604908.655326206 36299.85039526923 2314654630289.309 8606
0.4208 6212933.609140974 24551.05958313206 1549570666007.952 9066
0.436386 4920932.376394132 18411.99172303501 1141078636005.335 9962
0.451971 3454140.659758883 18283.78958041096 746780373884.0768 10550
0.467556 3442739.448055967 10873.79235045879 695239505775.1958 11226
0.483141 3159355.587179325 11179.69112503043 597422628598.4962 12146
0.498726 2003730.857766096 8441.083275597259 355437603724.7184 12303
0.514312 937311.0849587297 3922.807384008705 156293483426.3635 12584
0.529897 337147.672256871 1408.135958076805 52974591204.20764 12120
0.545482 143603.0927592649 716.4044469068286 21291979251.41803 11180
0.561067 66035.32183953894 316.8583689614857 9253693481.033745 11096
0.576652 36934.28586476544 187.0242376448264 4900236331.537417 10056
0.592238 23759.74882417695 122.6678716616256 2988506549.245927 9716
0.607823 16181.39973559117 82.04988614809501 1932020977.756104 8604
0.623408 11171.95851547393 67.37607929200118 1267810855.666779 8060
0.638993 8558.521837029852 43.73067645542542 924421386.5024614 7320
0.654578 6871.659037772371 30.27401420134967 707541798.0641885 6356
0.670164 5409.870956025849 33.26571774589836 531362838.2986992 5348
0.685749 3075.396684251814 23.13646993237702 288396893.404938 4308
0.701334 2202.038385522154 16.13469488269617 197428345.4242586 3563
0.716919 883.8235482120735 6.12976941555189 75861412.56795524 2448
0.732504 593.0921442636508 3.769355157239505 48737636.1784822 1868
0.74809 449.3970268191156 2.760714109679117 35378841.84488961 1358
0.763675 255.2534104011548 1.969338906942968 19278567.24496448 1062
0.77926 280.5583034919379 1.465475826324983 20377026.54538788 776
0.794845 158.8498719094618 1.7002896457673 11106169.52216585 432
0.81043 140.0770563213997 1.568835268996432 9389527.630852263 200
0.826016 298.2862990060607 1.152898469214645 19209575.49576292 168
0.841601 296.6856201147543 0.07860099360107979 18435918.4963529 56
0.857186 306.1461810650658 0.2957286859084863 18352207.28937282 7


0.0155852 7941998880546.857 17978792075.36498 2.210271778873836e+21 18
0.0311704 60929424456630.04 6979784576.095958 3.284587039142993e+21 62
0.0467556 20093807980999.62 216330886893.6378 4.812208812176976e+20 98
0.0623408 70345454567415.33 129931581240.2108 8.579678052912802e+20 210
0.077926 31097706674363.18 137951476909.2182 2.443355786206725e+20 350
0.0935112 19794600108580.59 55674448201.48588 1.072399469786698e+20 450
0.109096 12698549552340.41 25878842341.02174 4.98931868469792e+19 602
0.124682 4870320756126.872 12327797302.96612 1.454037870129633e+19 762
0.140267 2164553689917.54 4190766283.079349 5.11520460306157e+18 1142
0.155852 725491350266.2008 1998671624.553928 1.392847063192384e+18 1250
0.171437 261876163448.9128 861159550.9136195 4.138936283443348e+17 1458
0.187022 103414875818.7994 411065385.6845118 1.369027328735588e+17 1814
0.202608 49419689806.92065 131660567.1350084 5.574845055657646e+16 2178
0.218193 21268089929.2205 55514135.50677048 2.06897156319556e+16 2498
0.233778 8382933633.655498 26807411.14822814 7084659527761799 2622
0.249363 3686313916.646027 10941700.56818937 2735272246537446 3338
0.264948 1500468627.268761 5295312.340184188 987787794559503.1 3722
0.280534 750756594.0450194 2309394.061854957 441206932383106 4170
0.296119 352004215.1333382 1195591.384266361 185472658318938 4358
0.311704 169792783.2111208 629973.5055613162 80659910824947.41 5034
0.327289 94913669.51834631 323546.1519720396 40915906464924.02 5714
0.342874 51859209.51263931 202021.0921388361 20371844287884.86 5982
0.35846 32084570.13703246 111619.290757497 11522251508664.25 6602
0.374045 20310704.56723274 69926.05975139984 6694670201368.956 7130
0.38963 11986066.71144189 49307.29449094276 3641921649928.303 8034
0.405215 8194339.196187699 33469.99126307086 2303015468676.994 8606
0.4208 5744065.590437102 23265.63717290347 1496877545705.524 9066
0.436386 4747114.96788275 16695.45503214567 1150100572227.125 9962
0.451971 3223419.385983292 17136.62035203154 728147502834.3995 10550
0.467556 3228008.964565067 10181.93005249706 681098304208.125 11226
0.483141 2955612.720925481 10488.28599206576 583950573044.5297 12146
0.498726 1903615.627339218 7786.411951390528 352813367046.4106 12303
0.514312 902575.2366706317 3569.457376465366 157245748942.6166 12584
0.529897 309071.1620723655 1347.908779412144 50740605874.75861 12120
0.545482 136799.7790018613 659.2072650828679 21192320011.77652 11180
0.561067 62732.77226023043 292.110311791974 9184900896.567244 11096
0.576652 34121.24583685974 176.9244010458519 4729983045.152954 10056
0.592238 22860.87946187237 111.9752902522482 3004303840.21442 9716
0.607823 15241.77010480459 76.54908441375204 1901402675.555725 8604
0.623408 11166.79044466168 59.18768284531791 1323986808.395984 8060
0.638993 8233.790796805928 39.86728199824147 929200479.6302383 7320
0.654578 5250.064284682709 34.45920774980788 564854267.4547662 6356
0.670164 5270.274883628182 29.95891235548629 540845770.8201709 5348
0.685749 3485.400463284154 18.45885131250135 341468279.0233177 4308
0.701334 2455.7747353011 13.06514466528398 230030799.1834405 3563
0.716919 958.4553377125793 4.995547031258767 85949849.07975894 2448
0.732504 560.1007003635606 3.498232274517008 48089449.65629415 1868
0.74809 413.0836003064509 2.626244073111462 33977940.62567305 1358
0.763675 287.3461886152023 1.527808317808306 22673596.18793702 1062
0.77926 210.913348944307 1.715411221364283 16006645.68840433 776
0.794845 268.6455921782783 0.7961246698759664 19620416.80557982 432
0.81043 188.9835455320447 1.085911080517135 13233694.77689498 200
0.826016 88.32568861132269 2.354437263741715 5946614.748448347 168
0.841601 43.82147661432428 1.631552407334333 2847718.099586042 56
0.857186 128.9554039198271 1.326452951194128 8078607.388402461 7


0.0155852 3979307601310.928 25771840763.67384 1.345654966819572e+21 18
0.0311704 6266669536663.741 130685021213.7929 4.601542947217224e+20 62
0.0467556 93237201246118.27 18620030556.7556 2.164188170989637e+21 98
0.0623408 37235365847274.88 195357522161.6949 4.811163316314668e+20 210
0.077926 49016651175656.48 80163090193.04906 3.986849171268299e+20 350
0.0935112 24475267353776.54 36775725430.54628 1.379716217666792e+20 450
0.109096 9491404553519.705 30409781950.78748 3.896788290833418e+19 602
0.124682 4483566500874.711 11746258733.85465 1.396382685691106e+19 762
0.140267 1370343240471.17 5700138592.716882 3.384563690000332e+18 1142
0.155852 698833380113.1431 1826977946.646105 1.399237195617391e+18 1250
0.171437 327997963214.5051 579564803.6451926 5.401886093844859e+17 1458
0.187022 122254278874.8363 314771989.0456209 1.686793404172638e+17 1814
0.202608 45592399797.08638 125961769.6154008 5.364315960062004e+16 2178
0.218193 20866884383.1761 49282352.58561128 2.116937387112298e+16 2498
0.233778 8048810531.737385 24620225.48037372 7094139151256411 2622
0.249363 3495084958.921758 10161389.78839457 2704701323551141 3338
0.264948 1528057220.860128 4589715.73708024 1049005482662459 3722
0.280534 706452364.1089976 2162498.976664285 432993441622962 4170
0.296119 319102872.4619831 1160887.165692289 175364110674956.6 4358
0.311704 155211231.7336561 605195.2176443111 76901108270764.38 5034
0.327289 88160802.1400128 306856.7795386491 39636685423431.09 5714
0.342874 47098393.35673768 195157.4781705327 19296583767184.59 5982
0.35846 29792453.03184661 106095.2683495753 11158437247603.08 6602
0.374045 19035040.73646235 65845.99152589934 6543480294332.923 7130
0.38963 11200100.4487962 46448.53271132367 3549179858598.415 8034
0.405215 7876020.050070958 30744.15580328122 2308502926102.736 8606
0.4208 5268967.71917865 22307.0790972207 1432020811265.58 9066
0.436386 4591440.484753425 15173.76067095485 1160094063082.704 9962
0.451971 3043822.256282211 15989.89793155992 717081863891.572 10550
0.467556 2993058.903611894 9728.670544121351 658626661509.1279 11226
0.483141 2775540.488398934 9841.761055452273 571902054169.4152 12146
0.498726 1812183.491409173 7210.173342970175 350275912111.3486 12303
0.514312 860363.9887074992 3300.130559326033 156321758308.0865 12584
0.529897 285845.8033182287 1285.003963134142 48941609623.95815 12120
0.545482 133224.0433404029 595.9078919052222 21523455117.62123 11180
0.561067 58528.9385884069 276.1676903825193 8937112938.136461 11096
0.576652 32041.07052817109 166.1835336366387 4632196846.956083 10056
0.592238 21773.45595627043 103.5934338958589 2984143514.649752 9716
0.607823 14260.01142718549 72.03318368503838 1855255163.873991 8604
0.623408 11286.02700826463 51.5611258513032 1395486635.424056 8060
0.638993 7130.55081287888 40.49667049274099 839252941.411844 7320
0.654578 5198.59169490053 30.8609792917109 583298383.8244888 6356
0.670164 5502.238863074898 25.31057920695416 588849368.3738159 5348
0.685749 3806.710677595372 14.56522114846442 388925008.5007129 4308
0.701334 2633.097422544899 10.58332810860135 257209143.6514805 3563
0.716919 850.1482502385024 4.986547970189015 79509868.69735065 2448
0.732504 548.6465024258579 3.151196934238105 49126105.35342073 1868
0.74809 400.855519678408 2.39306522195307 34386244.47223122 1358
0.763675 229.0341842961146 1.692522563490136 18848918.26107462 1062
0.77926 249.1611742385182 1.283757662829867 19718838.08176661 776
0.794845 112.5478225891728 1.647341671816437 8575392.212066593 432
0.81043 181.3406991973992 0.9920544407109968 13243162.40738033 200
0.826016 363.7231595362917 0.3905467660757598 25521397.81348324 168
0.841601 196.1947443871305 0.5312114249787584 13285007.3576435 56
0.857186 128.3690927125995 1.204996926314463 8386693.730090648 7


