0.04 3.512547290734384e-06 5.079346334331968e-07 0.783949371468476 18
0.08 2.353208716871607e-05 5.313837817475908e-06 1.074000923653515 62
0.12 0.0001254213627678559 1.469791060355677e-05 2.291187901197568 98
0.16 0.0002752518699427088 4.378317138093001e-05 2.732703926482747 210
0.2 0.0004449895202825899 9.007930541559803e-05 2.829315221588948 350
0.24 0.0007464484507222726 0.0001513106483151135 3.287448825932974 450
0.28 0.001086508692187778 0.0002599664251431386 3.476781969342224 602
0.32 0.001464591849487727 0.0003996209301858129 3.559649421855506 762
0.36 0.002265576707354896 0.000608333935827447 4.359438550281352 1142
0.4 0.002737982871698704 0.0008881315739684555 4.278837134813044 1250
0.44 0.003919455825152416 0.001155583960336611 5.038637094667957 1458
0.48 0.004541685882399283 0.001739841919653798 4.891326064694224 1814
0.52 0.005465871564656139 0.002383781129505561 5.020074761690881 2178
0.56 0.006527293747351602 0.003052033464974725 5.169782762438166 2498
0.6 0.00750698175066588 0.003790047446974218 5.164334995252008 2622
0.64 0.008725657510270518 0.004861515270525515 5.270936452269816 3338
0.68 0.009790368254764989 0.006211256073948336 5.246937905084924 3722
0.72 0.01146228772246794 0.007373410478196931 5.483751505242275 4170
0.76 0.01272305644089566 0.009700287684227982 5.4581674120859 4358
0.8 0.01441274782108319 0.01156066052156682 5.574011167592984 5034
0.84 0.01632147387262218 0.013958711283601 5.728291474182923 5714
0.88 0.01747808345460754 0.01678931495000193 5.58999142111253 5982
0.92 0.02009549843697918 0.0201781732171429 5.875749037159569 6602
0.96 0.0213007674149033 0.02292506120790908 5.71649616167318 7130
1 0.02358261261316799 0.02685506551166898 5.833600801315503 8034
1.04 0.02612248204194656 0.03141873965540726 5.977051141726735 8606
1.08 0.0279497970732022 0.03715436920885604 5.930200085470754 9066
1.12 0.0298447371908707 0.0414880120404954 5.88721765614371 9962
1.16 0.03160119078510355 0.04920260237312944 5.811900478970554 10550
1.2 0.03463925184732859 0.05522600480322026 5.951279395101797 11226
1.24 0.03666536479332069 0.06096452047894044 5.89831689371763 12146
1.28 0.03926469933453394 0.06949521383054016 5.925182567370088 12303
1.32 0.04272806977968049 0.07625304518238402 6.060602123933411 12584
1.36 0.04390624089615591 0.08875012614585677 5.86912336596146 12120
1.4 0.0481262012205203 0.1002286867499209 6.070138673971067 11180
1.44 0.04954365936337963 0.1098244449857337 5.906192559176053 11096
1.48 0.05325335920816717 0.121219776500235 6.010272670627896 10056
1.52 0.05700675359429969 0.1376359508730469 6.099669437264257 9716
1.56 0.05815561343475362 0.1493108786263027 5.907032261175857 8604
1.6 0.06116493327306653 0.1705647082843675 5.905008611087871 8060
1.64 0.06794299507001234 0.1840741343866376 6.242718929275977 7320
1.68 0.06908237944377042 0.2030715721314669 6.051397800334232 6356
1.72 0.07057917671318562 0.2139581995039577 5.897146611124199 5348
1.76 0.075958768448253 0.2361830319360025 6.058954586495238 4308
1.8 0.08301400667607785 0.2531100443705203 6.330388025272687 3563
1.84 0.08094353319370735 0.2806992091855736 5.910167406054514 2448
1.88 0.08764017734976094 0.2899191329279695 6.125747928211886 1868
1.92 0.09133246499039258 0.3256723384677374 6.11619512313674 1358
1.96 0.09530632863588358 0.3630749865221264 6.123062356328168 1062
2 0.08874286558023115 0.358771410479253 5.483276279882025 776
2.04 0.1012489710352353 0.4414958625011728 6.021719613650694 432
2.08 0.1124776615654575 0.4371872164213261 6.412012652256842 200
2.12 0.1096990161358638 0.5057534247864229 6.010523536129305 168
2.16 0.1389200848662927 0.2438683551747456 7.337423106974597 56
2.2 0.08260160439000415 0.2578995960836365 4.210514677768511 7


0.04 4.358629316733416e-07 6.939348045259052e-08 0.5015810441092212 18
0.08 3.520148363071131e-06 6.115523143775039e-07 0.7011097871033576 62
0.12 1.526282753083429e-05 2.190444646203446e-06 1.154932883722553 98
0.16 3.233578850516913e-05 6.409214804461415e-06 1.310359519699245 210
0.2 5.862686319806447e-05 1.16654603519554e-05 1.493295438667267 350
0.24 0.0001080777544243229 1.782854974769157e-05 1.883387501536083 450
0.28 0.0001607002576223567 2.988430089894724e-05 2.027633134829242 602
0.32 0.0002380219672432508 4.165906911790806e-05 2.271311383778703 762
0.36 0.0003591027073078664 6.510646951924065e-05 2.708151364946432 1142
0.4 0.0004372676190979632 9.508426546969524e-05 2.6761306827281 1250
0.44 0.0006451037220329971 0.0001196391788888689 3.24133818323086 1458
0.48 0.0007485003445617236 0.0001795088675454287 3.150711656071806 1814
0.52 0.0009747138407973101 0.0002275307607598202 3.494538244650085 2178
0.56 0.001211116860199474 0.0002805002904139848 3.74156547795494 2498
0.6 0.001359776119150596 0.0003555725018141641 3.648503577347702 2622
0.64 0.001648008598160266 0.000437741931383465 3.880739680878346 3338
0.68 0.001933984739278674 0.0005369971859062654 4.038656257760146 3722
0.72 0.002251802206152067 0.0006380961907868248 4.196828514334958 4170
0.76 0.002728513998079013 0.0007741437545009072 4.557547521014498 4358
0.8 0.003068486079181241 0.0009272236595554133 4.620222587605311 5034
0.84 0.003536952038224267 0.001102214765747136 4.832086413434659 5714
0.88 0.00390916315830982 0.001292801850274702 4.865864514767403 5982
0.92 0.004519867353121653 0.001545305520443691 5.14288219409074 6602
0.96 0.004891187977062775 0.001719873705905633 5.107430013461652 7130
1 0.005505993385914743 0.001984902474322117 5.298877594641569 8034
1.04 0.006275632846054012 0.00226186814265436 5.585535640016382 8606
1.08 0.006796743090206801 0.002658174762871699 5.609212993602174 9066
1.12 0.007432541911536272 0.002905896698584568 5.70214527993521 9962
1.16 0.008412603558732325 0.003272595538697366 6.015893683974256 10550
1.2 0.009028017188267644 0.003750894511399786 6.031346083807613 11226
1.24 0.009831826353411689 0.004024697332750475 6.149457963170773 12146
1.28 0.01086752855074469 0.004491248388938716 6.375544013991864 12303
1.32 0.01127731632507126 0.005099210668246232 6.219384715744077 12584
1.36 0.01223194751020864 0.005709573711240206 6.356375126185233 12120
1.4 0.01382123832637111 0.006235686444472591 6.776210094538624 11180
1.44 0.0138623102469618 0.00705585559274275 6.424063353999931 11096
1.48 0.01507530994047566 0.007673721535814037 6.613776829645165 10056
1.52 0.01717858612923508 0.008220369645008788 7.143770300556084 9716
1.56 0.01747368382742219 0.009004863290804561 6.89801359580921 8604
1.6 0.01924493641214269 0.009999476562557277 7.220134999567287 8060
1.64 0.02025261953079706 0.01116864741414934 7.232367764874133 7320
1.68 0.02134679806175467 0.01204733066983728 7.2669283369555 6356
1.72 0.02077758385056852 0.01332733045003099 6.747530603782874 5348
1.76 0.02325983257379357 0.0141580499170833 7.210539699369559 4308
1.8 0.0265454029322667 0.0142320832579652 7.866244321042961 3563
1.84 0.02659560573511989 0.01586010479383729 7.545621955702119 2448
1.88 0.02534824620006586 0.01819263215079093 6.886575272619589 1868
1.92 0.02649346778869247 0.02049406704957856 6.895872683538022 1358
1.96 0.03747477812911479 0.01653733036372137 9.351999809186559 1062
2 0.03766236872719058 0.01502344381331764 9.038103932247408 776
2.04 0.03673249340599657 0.02363501640476122 8.487185546481783 432
2.08 0.03402463069734998 0.02684643159020779 7.538427445119817 200
2.12 0.03121466399256862 0.03322274552000436 6.647914518821752 168
2.16 0.03182593070883991 0.01816590793113192 6.536101025218491 56
2.2 0.01940376085579085 0.01868556179573009 3.84602000807158 7


0.04 1.840482843902611e-07 3.102098835589086e-08 0.4518020489842693 18
0.08 1.656480206341578e-06 2.447377828819828e-07 0.6226608548810575 62
0.12 4.903237139419422e-06 1.243350174510443e-06 0.7264755757010497 98
0.16 1.495237449778704e-05 2.622563629851944e-06 1.093992877177079 210
0.2 2.759517459611402e-05 4.691680315700779e-06 1.252335357416953 350
0.24 4.353817451266066e-05 8.368369219881311e-06 1.352869351661682 450
0.28 7.217804471869439e-05 1.254602432710203e-05 1.608664041657758 602
0.32 0.0001075260484610727 1.737539609537737e-05 1.806115702318587 762
0.36 0.0001635628862571381 2.69292894979037e-05 2.166644392532455 1142
0.4 0.0001943964850671498 4.029471673462235e-05 2.089615324153337 1250
0.44 0.0002710522664542967 5.414981306851015e-05 2.39040140003008 1458
0.48 0.0003788445702978334 6.669677301535187e-05 2.788950053441172 1814
0.52 0.0004521554082588627 9.265185856166158e-05 2.837239334372493 2178
0.56 0.0005693008138907112 0.0001126011116022637 3.075860816959463 2498
0.6 0.0006606533065180315 0.0001381879859337285 3.098285027848346 2622
0.64 0.0007917920571061294 0.0001721737669389439 3.258272674500655 3338
0.68 0.0009421567813792639 0.0002081216169537104 3.436856207813074 3722
0.72 0.001088589328936446 0.0002494961848462779 3.54361889600907 4170
0.76 0.001313192814345866 0.0003039636557731849 3.830450722607317 4358
0.8 0.001497460201878143 0.0003586936317056096 3.936525726499812 5034
0.84 0.001728167668639238 0.0004259730721366416 4.121456812899682 5714
0.88 0.001901245944222463 0.0005013909055536591 4.130963406400601 5982
0.92 0.002247959701486725 0.0005870638823789222 4.463764074140111 6602
0.96 0.002458823364948341 0.0006456787196538218 4.480036066290914 7130
1 0.00276759774053559 0.0007456959275799203 4.647146868517732 8034
1.04 0.003069176270108308 0.0008737562130197505 4.766456390409477 8606
1.08 0.003477955239317563 0.000982082119219892 5.006985979622141 9066
1.12 0.00379878607232813 0.001074809952538843 5.08362153382554 9962
1.16 0.004225888346279413 0.001231814445282483 5.271387214531603 10550
1.2 0.004460565068291645 0.001430551728421211 5.198415384990973 11226
1.24 0.004895486461145356 0.001530687338577832 5.340965146453574 12146
1.28 0.005389867581582364 0.001707912213217147 5.515320387797941 12303
1.32 0.005768946413173202 0.001883819490238215 5.548689271122602 12584
1.36 0.006175412792191796 0.002132274049193122 5.596829401138009 12120
1.4 0.006912275587848567 0.002354525047566359 5.910411299176614 11180
1.44 0.007282589410363382 0.002538569209056899 5.884968416263985 11096
1.48 0.007712947822694039 0.00282975755155249 5.900867668292577 10056
1.52 0.00866695205612417 0.003084049355620902 6.28520135444448 9716
1.56 0.008784656384908234 0.003379133102003323 6.047559709836903 8604
1.6 0.0095192187061239 0.003805536174371867 6.228129069889225 8060
1.64 0.01096243405683118 0.003894552689672642 6.825142388007249 7320
1.68 0.01172955650796736 0.004145921722853148 6.961192986574366 6356
1.72 0.01120312008876993 0.004689482646073512 6.343089010151219 5348
1.76 0.01241632631403173 0.005009909603390466 6.710668106709509 4308
1.8 0.01297822923919486 0.005521086394803792 6.706432342251127 3563
1.84 0.01284543447666349 0.006168235994948758 6.355506574787352 2448
1.88 0.01406601039524414 0.006206292647812711 6.661745006239143 1868
1.92 0.01428114775003791 0.007207221072087634 6.480548216187067 1358
1.96 0.01834431159201681 0.006573007363595626 7.982038573362872 1062
2 0.01284844348582532 0.008555309573782539 5.380844923711812 776
2.04 0.01772439925964758 0.009173616091061683 7.141162478076073 432
2.08 0.02034672792325402 0.008470431082404308 7.85701541802175 200
2.12 0.02637201662288777 0.007298853453020291 9.7821123727401 168
2.16 0.01399603697710009 0.007794047423247383 5.012861389348742 56
2.2 0.01667706425756058 0.003683403354602904 5.75750274681751 7


0.04 1.05842289284921e-07 1.857139899403901e-08 0.432699542149754 18
0.08 1.00689151716324e-06 1.380364476206055e-07 0.5786360353767773 62
0.12 2.48564285613892e-06 7.941700642747142e-07 0.5893499634067998 98
0.16 9.131496983315081e-06 1.47992566613839e-06 0.9831748381533776 210
0.2 1.679864213098546e-05 2.653918158646647e-06 1.110520490378764 350
0.24 2.710648099710218e-05 4.637139587358589e-06 1.21889390959541 450
0.28 4.264892202486264e-05 7.325454469363398e-06 1.374281648367116 602
0.32 5.566946838429076e-05 1.15575014209069e-05 1.356625326794865 762
0.36 8.753671622724378e-05 1.735288352039286e-05 1.674231075874991 1142
0.4 0.0001216270817152401 2.223972376893826e-05 1.87546158359282 1250
0.44 0.0001684363193577825 3.00039901307644e-05 2.128973003190425 1458
0.48 0.0002287559939536114 3.806169954060511e-05 2.4126293077056 1814
0.52 0.0002693094758258967 5.361016628609746e-05 2.421108324768285 2178
0.56 0.0003293868395799926 6.716163102404866e-05 2.549324874983988 2498
0.6 0.0003895962933079027 8.080289784203351e-05 2.615434909154463 2622
0.64 0.0004861329001349091 9.659011338148748e-05 2.860840878505348 3338
0.68 0.0005749569979513233 0.0001175145842263246 2.998810235510356 3722
0.72 0.000675728701607418 0.0001384848605843022 3.143746112804837 4170
0.76 0.000787937878303623 0.0001745879591232576 3.285414211296346 4358
0.8 0.0009123794550528315 0.0002030407585778546 3.427433583993355 5034
0.84 0.001060816974619153 0.0002391595759104795 3.614475892799157 5714
0.88 0.001181787270879009 0.000277995867055451 3.6678194556368 5982
0.92 0.001358202684545803 0.0003343771412993247 3.85282511706643 6602
0.96 0.001529556820482131 0.0003578446233231622 3.97988499820819 7130
1 0.00169407947700021 0.0004197229816147403 4.06242834831899 8034
1.04 0.001964719742136806 0.0004698592734220947 4.355938595664192 8606
1.08 0.002088365314081845 0.000563168773146065 4.293592445710174 9066
1.12 0.002414091276836901 0.0005824640126736982 4.611607900037784 9962
1.16 0.002613455902266044 0.0006856329072385179 4.654176618521136 10550
1.2 0.002902362446722088 0.0007589473355159014 4.82756169965788 11226
1.24 0.00308828095374315 0.0008361662964800597 4.809304387589084 12146
1.28 0.003386369597440443 0.0009352331584956836 4.94605112519556 12303
1.32 0.003631313846657832 0.001030342946360515 4.985096770371446 12584
1.36 0.004117892086197392 0.001101744737164693 5.325284175587742 12120
1.4 0.004457530320184895 0.001257772525583175 5.439180902816297 11180
1.44 0.004590519929658245 0.00138650704044498 5.294150799498271 11096
1.48 0.005041627008772226 0.001492046003323087 5.503893800074537 10056
1.52 0.005478073528602287 0.001681656187979191 5.669292657756117 9716
1.56 0.005774903377720306 0.001771549289991777 5.672572686205583 8604
1.6 0.006379004497757088 0.001959723796112611 5.954623655707394 8060
1.64 0.006714855829092281 0.002194898656885341 5.966323414171398 7320
1.68 0.007081003957935698 0.002370353418582166 5.997515088027469 6356
1.72 0.007443618652452464 0.00243031723729554 6.012934202031532 5348
1.76 0.007807257824401477 0.002744707815009684 6.021201785921988 4308
1.8 0.008374510367876641 0.002952984927713011 6.174598047598655 3563
1.84 0.00930026468627808 0.002944264146664326 6.563198474923881 2448
1.88 0.009439741093272369 0.003181754787545115 6.378029230613406 1868
1.92 0.009263281003031169 0.003832307766214664 5.997594741395055 1358
1.96 0.01041529503586169 0.004039450249172795 6.468087379981418 1062
2 0.009317964650358043 0.004167158444010327 5.565962394132487 776
2.04 0.0149032650201546 0.003618391427159875 8.561194896695108 432
2.08 0.01344941340525504 0.004422949337038419 7.409196457943068 200
2.12 0.01270333826403104 0.005551338737913867 6.726941447821332 168
2.16 0.01072395723211321 0.003521245911819384 5.477615946506082 56
2.2 0.006081051101964604 0.003752307603604607 2.999004013431948 7


0.04 7.045769561833285e-08 1.271572276981469e-08 0.4234445013696507 18
0.08 6.821480622242833e-07 9.298489029495284e-08 0.5454486927103341 62
0.12 1.779166606579328e-06 5.185700366183499e-07 0.5758000009561923 98
0.16 6.118453379377391e-06 1.0088162202184e-06 0.8868530961000785 210
0.2 1.116013521259206e-05 1.825656083448073e-06 0.9829671097060342 350
0.24 1.874498337926839e-05 3.059536481702509e-06 1.111628384287556 450
0.28 2.730394592575986e-05 5.208306416397844e-06 1.163516598173519 602
0.32 4.296801063247214e-05 6.847962217522039e-06 1.36468969741494 762
0.36 6.567643278450248e-05 1.055986067094151e-05 1.638046208433546 1142
0.4 8.384667571092562e-05 1.470723507140404e-05 1.690083898276725 1250
0.44 0.0001136878630412235 2.026989787926839e-05 1.877710184464835 1458
0.48 0.0001498483813272387 2.66102585052693e-05 2.064748983720448 1814
0.52 0.0001838407440172143 3.583002537648584e-05 2.156164678365609 2178
0.56 0.0002237829473675214 4.508496359153608e-05 2.25862136395272 2498
0.6 0.0002687001336646905 5.344928515844835e-05 2.35050420881604 2622
0.64 0.0003349858099657959 6.39815862144523e-05 2.567676424422041 3338
0.68 0.0003910483435412034 7.886415916314539e-05 2.656429979507259 3722
0.72 0.0004450304695465366 9.587911020527983e-05 2.697191576013212 4170
0.76 0.0005497498538656988 0.000114151410159272 2.98316734877745 4358
0.8 0.0006366437195902313 0.0001327753974617353 3.111913132344954 5034
0.84 0.0007467541497145748 0.0001550154699537395 3.309863413419827 5714
0.88 0.0008421510196332121 0.0001779402373786434 3.39927255764647 5982
0.92 0.0009596252232801452 0.0002160699781547696 3.540409707298919 6602
0.96 0.001040074960425982 0.0002401767157269599 3.52050303935789 7130
1 0.001172559943596367 0.000276639781884137 3.656973554677331 8034
1.04 0.001343185298464123 0.0003136006938154556 3.872960614486126 8606
1.08 0.001523791095704782 0.0003528798097955354 4.072280660369962 9066
1.12 0.001672345114892415 0.0003836962347658446 4.153714396025261 9962
1.16 0.001861079802266063 0.0004394166850383232 4.308377201089195 10550
1.2 0.002094113411449716 0.000479181542440037 4.527258157736745 11226
1.24 0.002177260977846695 0.0005407408807605104 4.407447030054396 12146
1.28 0.002436491674533726 0.000593284141400982 4.625217470530997 12303
1.32 0.00261849349719433 0.0006520615382572245 4.67182969870009 12584
1.36 0.002872938106213637 0.0007214327659195608 4.8291865037982 12120
1.4 0.003126012425040325 0.0008192404868634912 4.957825786520658 11180
1.44 0.003241190847321477 0.0008960677717767363 4.858263916263367 11096
1.48 0.003598224350823927 0.0009539607890595859 5.104923683636258 10056
1.52 0.003886734328783593 0.00108067655212271 5.227484328314139 9716
1.56 0.004088035134673987 0.001142270005841842 5.218560247543516 8604
1.6 0.004531452339021354 0.001259166938042996 5.496954735298135 8060
1.64 0.00491377400903368 0.00136851168259982 5.67298709624116 7320
1.68 0.005037381735728865 0.001518595725430002 5.544378552884206 6356
1.72 0.005339576337713064 0.001546612583708357 5.604744028756246 5348
1.76 0.005697802201389986 0.001715578991262731 5.709644401341681 4308
1.8 0.006108673178242688 0.001847906975647868 5.852058528443726 3563
1.84 0.006437101689134082 0.001942648947617 5.90319165228079 2448
1.88 0.00644749322962575 0.002126356001097458 5.661287269704189 1868
1.92 0.007774082993835657 0.002079093753413822 6.536777056289448 1358
1.96 0.008151543594477985 0.002345513063884734 6.575687927601716 1062
2 0.006998096685934345 0.002553031675712906 5.430777068342858 776
2.04 0.008672417603897241 0.002958829692751332 6.476393515690601 432
2.08 0.01009043632702558 0.002667651404204391 7.221329375528049 200
2.12 0.01256091341874333 0.002399321261836379 8.634813717965191 168
2.16 0.006805015370400034 0.002531439836053618 4.517543959590276 56
2.2 0.00749616955649081 0.001354899739006408 4.796450842574052 7


0.04 5.116072672549829e-08 9.39861144062002e-09 0.4184814486961151 18
0.08 4.900426036206303e-07 6.985744030740032e-08 0.51799686876761 62
0.12 1.538156953784414e-06 3.402159911852658e-07 0.609646455516335 98
0.16 4.388398512175339e-06 7.558637131196543e-07 0.8126488220628898 210
0.2 7.903517056826259e-06 1.385137022128128e-06 0.8810811588812681 350
0.24 1.341401197845535e-05 2.298968210678772e-06 0.9979064387372333 450
0.28 2.102568690838932e-05 3.640224338339658e-06 1.112471097632047 602
0.32 3.11562237593295e-05 5.085566910477413e-06 1.230616988555965 762
0.36 4.385837196210402e-05 8.494281999844624e-06 1.364452251271604 1142
0.4 6.037176601565954e-05 1.097962099800202e-05 1.50882049736823 1250
0.44 8.207999102618884e-05 1.50933426108333e-05 1.678674920010149 1458
0.48 0.0001022105518205509 2.091307818123146e-05 1.746022256900798 1814
0.52 0.0001402718896444866 2.52289336589023e-05 2.030374051294035 2178
0.56 0.0001705539968061285 3.179727571337342e-05 2.123704535388395 2498
0.6 0.0002007518134899639 3.844010472331923e-05 2.166819643894017 2622
0.64 0.0002481613278430606 4.640235595451558e-05 2.346467177524968 3338
0.68 0.0002945583202132768 5.622841148857462e-05 2.466934646901223 3722
0.72 0.0003399586386682069 6.747394310290133e-05 2.539155028579661 4170
0.76 0.0004164013267533644 8.094618983975964e-05 2.784381272545577 4358
0.8 0.0004739901099735272 9.578908786192452e-05 2.855274108218955 5034
0.84 0.0005459794972052775 0.0001138814563207852 2.982578134794633 5714
0.88 0.0006183908574028171 0.0001302088460065198 3.075780499857628 5982
0.92 0.0007268525174567917 0.0001533064926951297 3.302902866666522 6602
0.96 0.0007780297187668338 0.0001724226275983813 3.243839405507697 7130
1 0.0008838263388197183 0.0001971607251712023 3.394724227987591 8034
1.04 0.001024674682906311 0.0002208603277679773 3.637911132210917 8606
1.08 0.00113808015806732 0.000253659274074913 3.745378226188385 9066
1.12 0.001256112874855074 0.0002746209472191445 3.841463404771406 9962
1.16 0.001377432909260451 0.0003188735770648197 3.926521333167703 10550
1.2 0.00152496617066546 0.0003538812782862334 4.059793958458408 11226
1.24 0.001665423802457383 0.0003796706920719357 4.14995038541019 12146
1.28 0.001811245732982532 0.0004287226248020255 4.233031026636287 12303
1.32 0.002002058777290151 0.000457714906159871 4.396644655033769 12584
1.36 0.002105635691250659 0.0005282926577962059 4.357562054079841 12120
1.4 0.002361536575891863 0.0005824649941391285 4.610162250730343 11180
1.44 0.002563136124077348 0.0006084295848191045 4.72766210913819 11096
1.48 0.002717304148158236 0.0006789797866750599 4.744992156199928 10056
1.52 0.00305178233827912 0.0007388355724976791 5.050805967851983 9716
1.56 0.003100272526644663 0.0008090062688823998 4.870860173541995 8604
1.6 0.00343833016759178 0.0008914694933997405 5.133218074786485 8060
1.64 0.003683601266973471 0.0009800774706350333 5.234096844484504 7320
1.68 0.003930890245213723 0.001046274178299233 5.323912206541554 6356
1.72 0.00410653421123062 0.001081027079172824 5.304372005431468 5348
1.76 0.004527846144539887 0.001159438455009794 5.582630748979314 4308
1.8 0.004513529958242002 0.001341704930680996 5.321719662231364 3563
1.84 0.004838507236098849 0.001388084101068623 5.460609902997289 2448
1.88 0.005098103529530271 0.001444800603233103 5.507815843632732 1868
1.92 0.005105052709404095 0.001704391587964693 5.285078735672514 1358
1.96 0.00568359896105369 0.001809838959208537 5.643609054929542 1062
2 0.006557544743768342 0.001436153068640826 6.257644930206604 776
2.04 0.005855696813540217 0.00231075600547933 5.383490880973676 432
2.08 0.006518510296852088 0.002230317881476892 5.743319834813899 200
2.12 0.007814109865185338 0.002217754989154871 6.61318404494328 168
2.16 0.005326269612402304 0.001742090826364224 4.350522982482661 56
2.2 0.005804164187823838 0.0009305967623325672 4.569181380834275 7


0.04 3.937969023802474e-08 7.295185379649377e-09 0.4157206817859374 18
0.08 3.657234623133726e-07 5.623961216907575e-08 0.4950696715406535 62
0.12 1.413767612013398e-06 2.251160809241354e-07 0.652079315511954 98
0.16 3.354114091903983e-06 5.909642833117157e-07 0.7634722927614921 210
0.2 5.954537822197573e-06 1.097285529214027e-06 0.8102998943479007 350
0.24 1.018315247339791e-05 1.809366485708725e-06 0.9168232381706245 450
0.28 1.702168359093357e-05 2.683541533535896e-06 1.077721877273121 602
0.32 2.136086656776685e-05 4.405142376395306e-06 1.023022307920781 762
0.36 3.553485351336548e-05 6.279063815060836e-06 1.319558623591817 1142
0.4 4.702283751031368e-05 8.423965990235373e-06 1.404317838780279 1250
0.44 6.44037480304003e-05 1.149475907183602e-05 1.571775916360344 1458
0.48 8.921856074496573e-05 1.431991790620355e-05 1.809473913925744 1814
0.52 0.0001090506798342987 1.939885249340096e-05 1.88148295267627 2178
0.56 0.0001378066576794153 2.348210216433678e-05 2.04183279665922 2498
0.6 0.0001578546070681998 2.922689323922707e-05 2.028491117233309 2622
0.64 0.0001972276886454897 3.487284627980634e-05 2.21878878395814 3338
0.68 0.00023184196004527 4.269965909898471e-05 2.310161713552125 3722
0.72 0.000266115902227704 5.15273213907488e-05 2.364641505315441 4170
0.76 0.0003261282627549987 6.178406614021049e-05 2.593743054654771 4358
0.8 0.0003620506360832731 7.492218889844932e-05 2.594812634761691 5034
0.84 0.0004284529991548179 8.673835242206447e-05 2.782977723220708 5714
0.88 0.0004969305496892986 9.686075044937618e-05 2.937431149161864 5982
0.92 0.0005758365792830636 0.000115667668653261 3.110078977684049 6602
0.96 0.0006259709474285058 0.0001281776047629457 3.1011823131582 7130
1 0.0007190116146270206 0.0001449403141376777 3.280914201832914 8034
1.04 0.0007949867779977879 0.0001701284332120558 3.354595407765863 8606
1.08 0.0009010323645569837 0.0001915833076070131 3.523363708718059 9066
1.12 0.0009905223857952419 0.0002080880428895735 3.599222869323635 9962
1.16 0.001079321158026468 0.0002433453728790043 3.655785418912991 10550
1.2 0.001249788466317518 0.0002578001335112445 3.951607892939637 11226
1.24 0.001268872599576082 0.000297678742088481 3.757315210294351 12146
1.28 0.001464487663864661 0.0003163273428385811 4.065117725803795 12303
1.32 0.001555736320427317 0.0003524635388957057 4.058883373537616 12584
1.36 0.001713315289083947 0.0003880606243721151 4.210900019433022 12120
1.4 0.001874768125427453 0.0004387485641601499 4.347176764421095 11180
1.44 0.001991890589553487 0.000467961626954978 4.364333073481014 11096
1.48 0.002171312037345691 0.0005077431670607451 4.503128159710376 10056
1.52 0.002377090098313047 0.000567102681047315 4.673029960707854 9716
1.56 0.002471397053190879 0.0006064057079299856 4.611408229244064 8604
1.6 0.002776917919276273 0.0006595130772444463 4.923211762707569 8060
1.64 0.003020994740667257 0.0007140905297728573 5.09709296119369 7320
1.68 0.003023694083325023 0.0008118015058334261 4.864287898934843 6356
1.72 0.003191274498803213 0.0008312903951790481 4.895857982458776 5348
1.76 0.003462552574344714 0.000907884380424084 5.070745922548922 4308
1.8 0.00376949934469291 0.0009604004620003403 5.276810798099477 3563
1.84 0.004010985108967188 0.0009997776788873546 5.37454891766075 2448
1.88 0.004024692278109867 0.001094737815538567 5.163615045685837 1868
1.92 0.004282920981305995 0.001220120138773215 5.264203809705276 1358
1.96 0.004761783893928072 0.001294602311997942 5.613611518933057 1062
2 0.004938463026418421 0.001156992268315589 5.59686778391601 776
2.04 0.004926175364940397 0.001660161796340593 5.376910104390643 432
2.08 0.005268649916758313 0.001651624279741146 5.512018597841378 200
2.12 0.006331375858614368 0.001635542760105711 6.362165119864187 168
2.16 0.004255831636213825 0.001302966394593623 4.127679715925574 56
2.2 0.004831144186736615 0.0006445712043808084 4.515049033906402 7


0.04 3.161654142617087e-08 5.856769707239473e-09 0.4142036944246065 18
0.08 2.812520573980086e-07 4.724110319885538e-08 0.4764610495626984 62
0.12 1.298231388945484e-06 1.532990332063445e-07 0.6835553450321125 98
0.16 2.707312932155491e-06 4.719935956469463e-07 0.7342175788105523 210
0.2 4.760329095273809e-06 8.843053714805244e-07 0.7677696401929377 350
0.24 8.193358541408164e-06 1.449445806735043e-06 0.8679111983082288 450
0.28 1.345886216547783e-05 2.191001987896795e-06 1.000378363657788 602
0.32 1.854910505320859e-05 3.292031231700624e-06 1.031490401836601 762
0.36 3.021300711761125e-05 4.750973670144707e-06 1.303615739916802 1142
0.4 3.923580599328084e-05 6.504519205432367e-06 1.362304718355011 1250
0.44 5.243969315693214e-05 9.103678664430595e-06 1.488952879624125 1458
0.48 6.451043014329052e-05 1.277543070886257e-05 1.529599081975501 1814
0.52 8.519978469114012e-05 1.600295225412712e-05 1.710925009953914 2178
0.56 0.0001039423261486663 2.008290759993644e-05 1.793434763085041 2498
0.6 0.000126936608028795 2.342550799675125e-05 1.894464473683041 2622
0.64 0.0001558684010386348 2.846436452764749e-05 2.036625578648946 3338
0.68 0.0001872618653742938 3.408200771761068e-05 2.165326033766587 3722
0.72 0.0002127107193673582 4.154620337485644e-05 2.193485628679324 4170
0.76 0.000264150389608502 4.917361023950264e-05 2.436665342832066 4358
0.8 0.0002946334962510003 5.935457700826864e-05 2.448776682521033 5034
0.84 0.0003469459475698941 6.905122821016467e-05 2.61311007045279 5714
0.88 0.0003932488005579157 7.893464839260873e-05 2.695992607378224 5982
0.92 0.0004605969895041085 9.321752950420409e-05 2.884332736408888 6602
0.96 0.0005080591531748495 0.0001017861784178427 2.917422272070815 7130
1 0.0005695664119907512 0.0001179430142325759 3.013076382415008 8034
1.04 0.0006569403898488305 0.0001327488424251818 3.21183223095361 8606
1.08 0.0007436917795741142 0.0001495669530255915 3.369240823818747 9066
1.12 0.0007880863983332035 0.0001685883029061341 3.318864951780755 9962
1.16 0.0008743605760457715 0.0001935572462603334 3.431581021536934 10550
1.2 0.000994079292206526 0.000208952892213668 3.642171996219089 11226
1.24 0.001057370082337929 0.0002304725484292941 3.626622510984691 12146
1.28 0.001189916720460011 0.0002513643311088134 3.826379209412964 12303
1.32 0.001288146380386712 0.0002742451230121843 3.892585460296861 12584
1.36 0.001371724559640166 0.0003127772239861238 3.905827174706267 12120
1.4 0.001568615770066959 0.0003376207647123539 4.212318793872882 11180
1.44 0.001617316245156602 0.0003717172612605064 4.104687495107571 11096
1.48 0.00173931496696279 0.0004085392855886198 4.178579922271489 10056
1.52 0.001939971846002806 0.0004482949922253094 4.417141427374498 9716
1.56 0.002062370239417337 0.0004685208479461293 4.456360253354185 8604
1.6 0.002225522783033559 0.0005305533149931746 4.570204516990369 8060
1.64 0.00238010732534062 0.0005841155082414385 4.651773266684206 7320
1.68 0.002599820987307699 0.0006101649477639714 4.842399962642443 6356
1.72 0.002652287485239999 0.0006452810262245603 4.71188375829681 5348
1.76 0.00285309822089652 0.000709401771188635 4.838529718641264 4308
1.8 0.003107735794219529 0.0007519988667761709 5.037847211010555 3563
1.84 0.003215495119159359 0.000805322870488924 4.990025357800048 2448
1.88 0.003376807283700569 0.0008408651334642856 5.016437270432523 1868
1.92 0.003524227766927844 0.0009554847277365333 5.016081641689492 1358
1.96 0.003898644762945647 0.00101832542273207 5.322225899150163 1062
2 0.003769724799777253 0.0009846751016044778 4.948602018193999 776
2.04 0.004780182026975329 0.001108866807290854 6.037568471472755 432
2.08 0.004939392042658643 0.00113654462120528 5.980628541290248 200
2.12 0.004989650269069438 0.001341954566424809 5.80666126662739 168
2.16 0.003862741755966992 0.0009256348941850454 4.336478768441976 56
2.2 0.001896228998589259 0.001052394883512604 2.05796062651173 7


0.04 2.620667193443673e-08 4.819060652247127e-09 0.4134271818555322 18
0.08 2.22426182168259e-07 4.065843413165659e-08 0.4621342232282443 62
0.12 1.163508703238836e-06 1.112552069888855e-07 0.6959584248319383 98
0.16 2.273492856130649e-06 3.832833570325729e-07 0.7169747111332266 210
0.2 3.997853097782351e-06 7.187433691543526e-07 0.7456963052232123 350
0.24 6.852036417323387e-06 1.182050154533119e-06 0.8361197704067534 450
0.28 1.060917870459133e-05 1.895553121169429e-06 0.9128352979699151 602
0.32 1.685094243531338e-05 2.454563775482042e-06 1.064271603848752 762
0.36 2.378287076588089e-05 4.12602772727254e-06 1.179993292263481 1142
0.4 3.078941098177708e-05 5.653028649507e-06 1.22731108992919 1250
0.44 4.29619517188009e-05 7.575186106728399e-06 1.394504278227046 1458
0.48 5.866488567059924e-05 9.586577794769554e-06 1.580119013936606 1814
0.52 7.358480202566836e-05 1.263241552000746e-05 1.682567121214073 2178
0.56 9.081182149504631e-05 1.56820964934053e-05 1.782824391753506 2498
0.6 0.0001063646310236649 1.906223787075685e-05 1.808552663531701 2622
0.64 0.0001249086223753259 2.420496719189275e-05 1.861591919259503 3338
0.68 0.000150443760918532 2.892207184270632e-05 1.983171020941427 3722
0.72 0.0001792644846631848 3.363119006183431e-05 2.104168897458875 4170
0.76 0.0002176998650064314 4.068376587381187e-05 2.286510071245527 4358
0.8 0.0002469449328214273 4.830353520094539e-05 2.335759270217578 5034
0.84 0.000288969214980812 5.653261702579567e-05 2.476807314899083 5714
0.88 0.0003290603463175676 6.431293200209023e-05 2.566695860694384 5982
0.92 0.0003891291457658376 7.522941563446468e-05 2.771697163932399 6602
0.96 0.0004252319783099843 8.291358762460526e-05 2.777547865050205 7130
1 0.0004704953990403148 9.729765060780449e-05 2.831582824127262 8034
1.04 0.0005462012148353629 0.0001088433473546251 3.037364610251867 8606
1.08 0.0006002889253962603 0.0001263584508801555 3.094235151351286 9066
1.12 0.000653070529578 0.0001386756738612946 3.127970825567732 9962
1.16 0.0007657764605960985 0.0001505815591130154 3.415770550136382 10550
1.2 0.0008251288280064987 0.0001717311360736958 3.43779791822985 11226
1.24 0.0009007936722046783 0.000184449927211737 3.51225338892969 12146
1.28 0.0009801259782237499 0.0002080300471437284 3.583929643248374 12303
1.32 0.001078632073255274 0.0002231900821183876 3.705664401043521 12584
1.36 0.001159918334698062 0.0002521745672172912 3.75449611212215 12120
1.4 0.001277683991261138 0.0002826779986304279 3.901402377986845 11180
1.44 0.00139327948988766 0.0002940887871685887 4.018945861966713 11096
1.48 0.00147260207042311 0.0003290661358585464 4.021396718933128 10056
1.52 0.001639443676225784 0.0003614387950367662 4.243023721537679 9716
1.56 0.00173606925665607 0.000379520244149223 4.263975926852718 8604
1.6 0.001901157737868903 0.0004235730910634648 4.437202973361123 8060
1.64 0.002035818630895471 0.0004659079725127382 4.522104634634394 7320
1.68 0.002222723150385973 0.000486207304815526 4.705129694922656 6356
1.72 0.002245094617877288 0.0005195182488693814 4.533151050579744 5348
1.76 0.002327446033808518 0.0005924112339138521 4.487043145577835 4308
1.8 0.002623898364640338 0.0006064734593799388 4.834272317551799 3563
1.84 0.002752636182500442 0.0006403881051200246 4.854574719369489 2448
1.88 0.002847617962693739 0.0006799772889125411 4.80782557825879 1868
1.92 0.002859989860558175 0.0007998236450950295 4.627372796682366 1358
1.96 0.003333456622799465 0.0008122416328655378 5.171492702752233 1062
2 0.003125891347483388 0.0008091885718567367 4.663880079770794 776
2.04 0.004191641047623162 0.0008568851353343018 6.015623385953481 432
2.08 0.004006898371656312 0.0009587398499985589 5.514430974155486 200
2.12 0.003716756663608002 0.001207541160161469 4.918421834954338 168
2.16 0.003360165753415264 0.0007228964821455516 4.286385943184131 56
2.2 0.001446522228814285 0.0008881664403931335 1.785573240645034 7


0.04 2.226834912787777e-08 4.040506789756334e-09 0.4130991872617129 18
0.08 1.810570448025656e-07 3.542240913450812e-08 0.4519414242857712 62
0.12 1.010340860824865e-06 8.916602602230399e-08 0.688316547151407 98
0.16 1.95483040663704e-06 3.172755253846762e-07 0.7046103116373205 210
0.2 3.471333674699239e-06 5.899298099530912e-07 0.7347691624821417 350
0.24 5.853573304425266e-06 9.853491040871886e-07 0.810411848216834 450
0.28 8.715432896064468e-06 1.639748640586076e-06 0.8540344253138449 602
0.32 1.375712735270677e-05 2.152217620688632e-06 0.9856855942292866 762
0.36 1.91075376292083e-05 3.646773691818601e-06 1.075735559499215 1142
0.4 2.635997922089522e-05 4.703177037477126e-06 1.183311372890139 1250
0.44 3.580474449455868e-05 6.470746118752316e-06 1.310050635438281 1458
0.48 4.725014353087257e-05 8.492405192846707e-06 1.435887845633499 1814
0.52 6.089495617422271e-05 1.087616124733874e-05 1.567301296771318 2178
0.56 7.370762105391087e-05 1.375621479434352e-05 1.629215338571756 2498
0.6 8.8765083772256e-05 1.626451409977571e-05 1.696422213360097 2622
0.64 0.0001120606202178329 1.921227121053135e-05 1.871639626928388 3338
0.68 0.0001296804097930554 2.390203978801632e-05 1.918044685924861 3722
0.72 0.0001547593757887931 2.773680803710763e-05 2.037607711038875 4170
0.76 0.0001822707166264687 3.459537620437989e-05 2.148781198154879 4358
0.8 0.0002117566850434415 4.012271692483231e-05 2.246464117108 5034
0.84 0.000248367924925667 4.684728322233988e-05 2.387181595099085 5714
0.88 0.0002786859904264433 5.406280626956015e-05 2.438052740935531 5982
0.92 0.0003327260463681271 6.264366430267037e-05 2.65723291298278 6602
0.96 0.000359820102319217 6.977977505306126e-05 2.635439552000634 7130
1 0.0004010334441481409 8.129440164349579e-05 2.705883676904129 8034
1.04 0.0004562423732617248 9.277504195745004e-05 2.845002684633092 8606
1.08 0.0005250219123318006 0.0001028616490255299 3.032458881934381 9066
1.12 0.0005700960150333634 0.0001131285392848594 3.059634919344039 9962
1.16 0.0006325604522703638 0.00012988925116509 3.163574635843305 10550
1.2 0.0007071532272487517 0.0001427731296368939 3.301798426158244 11226
1.24 0.0007460253792773329 0.000158531931334731 3.260893378494393 12146
1.28 0.0008532799664127536 0.0001700112189811573 3.495727727921387 12303
1.32 0.0009306399591416767 0.0001841551180113428 3.582341853190587 12584
1.36 0.0009938768841695352 0.0002095806798972004 3.604723367522714 12120
1.4 0.001137257673722791 0.0002260434246656093 3.889640855515993 11180
1.44 0.001175838831074071 0.0002481581851677059 3.800683157629021 11096
1.48 0.001272923228491739 0.0002710795672528738 3.894402195871315 10056
1.52 0.001395929653885564 0.0003022863929687026 4.047904148996039 9716
1.56 0.001471650184988128 0.0003189454547704834 4.049884602643266 8604
1.6 0.00162415536546365 0.000353008145840332 4.246927762792778 8060
1.64 0.00171709794076018 0.0003933123421308487 4.273531614520267 7320
1.68 0.00189268816608185 0.0004066781653581486 4.488594738660648 6356
1.72 0.001922061684805975 0.0004321785727771343 4.347716426814614 5348
1.76 0.002111319707466168 0.0004651462949603043 4.558306907334742 4308
1.8 0.002185511767860692 0.0005189141185712515 4.511538701996917 3563
1.84 0.002286793646967188 0.0005492809778357833 4.518712815246261 2448
1.88 0.002431095568722285 0.000567308406621735 4.598114385144829 1868
1.92 0.002654793682790131 0.0006164204307393648 4.809653147525158 1358
1.96 0.002901911165684813 0.000664357869328183 5.042679350186762 1062
2 0.002893357332757866 0.0006201994331930138 4.833881752066751 776
2.04 0.003016228102983112 0.000851177679395021 4.852929693957608 432
2.08 0.003574540112486132 0.000762322450176374 5.509431709892936 200
2.12 0.004213913989431794 0.0007543064894558419 6.238448046757618 168
2.16 0.002603635766750255 0.0006674227134979559 3.721878792234637 56
2.2 0.001823354823499262 0.0005964175261302832 2.515703350792805 7


0.04 1.929617307871132e-08 3.4390508746286e-09 0.4130372010797826 18
0.08 1.519270189166442e-07 3.099994953519149e-08 0.4455419629727436 62
0.12 8.492182068173864e-07 7.968973759837236e-08 0.663997776143566 98
0.16 1.699366510358834e-06 2.688464324385517e-07 0.6923335479927291 210
0.2 3.065775001937465e-06 4.920405936535906e-07 0.7268168900520287 350
0.24 5.061193382332479e-06 8.399877090076408e-07 0.7861820834552145 450
0.28 7.596812514934566e-06 1.388080497793878e-06 0.8323816751107649 602
0.32 1.071607408406469e-05 2.035801332165277e-06 0.8694446883117024 762
0.36 1.69150026398169e-05 3.04231220891697e-06 1.059395448637137 1142
0.4 2.370699609232993e-05 3.851465106559879e-06 1.180967827651783 1250
0.44 3.161001704100895e-05 5.404273477612575e-06 1.28485184113834 1458
0.48 3.992718182203621e-05 7.400197165542438e-06 1.351235587723727 1814
0.52 5.127673074049059e-05 9.513085797524374e-06 1.468791707508541 2178
0.56 6.693376613340138e-05 1.116072843984951e-05 1.639251922937755 2498
0.6 7.799044048272736e-05 1.364441197006073e-05 1.653662292998818 2622
0.64 9.148209181115825e-05 1.734749981387492e-05 1.699593104333972 3338
0.68 0.0001144251605263045 1.99566293508598e-05 1.87650650699142 3722
0.72 0.0001288602670238443 2.45447674156709e-05 1.884304405817759 4170
0.76 0.0001601605663460235 2.902674200143303e-05 2.093178650199544 4358
0.8 0.0001834917151968387 3.412391876045218e-05 2.158517327852383 5034
0.84 0.0002169613515660938 3.952284726391601e-05 2.311512855320088 5714
0.88 0.0002369870203491599 4.68362541437515e-05 2.299345445265648 5982
0.92 0.0002834823302800915 5.419483169844438e-05 2.510294702712129 6602
0.96 0.0003102665842162534 5.964969284837519e-05 2.518916953387674 7130
1 0.0003455268465700905 6.954906400759949e-05 2.584048730941977 8034
1.04 0.0003919202115688881 7.9596049208576e-05 2.708684123906695 8606
1.08 0.0004568510675953033 8.714149780671272e-05 2.923680659820777 9066
1.12 0.000494940942840917 9.604203659125025e-05 2.943086719420075 9962
1.16 0.0005606363769929103 0.0001079709335471227 3.105585268188428 10550
1.2 0.0006154166829713414 0.0001208395420770279 3.183284849331582 11226
1.24 0.0006653301947711357 0.0001309955549388309 3.220693530069995 12146
1.28 0.0007218100296519863 0.0001482475045024473 3.276758721995568 12303
1.32 0.0007750633531007219 0.0001632048159509724 3.306350786802675 12584
1.36 0.0008651652065519981 0.0001774170647461634 3.475728772297735 12120
1.4 0.0009471106926600322 0.0002001561438829407 3.589432017473714 11180
1.44 0.001013252751898972 0.0002123188426053571 3.627897805406425 11096
1.48 0.001097108042389161 0.0002318483349053299 3.717901141537804 10056
1.52 0.001235722862682216 0.0002516257234237774 3.968139629854746 9716
1.56 0.001244778951252434 0.0002777086525897389 3.79477328518785 8604
1.6 0.001402147944599471 0.0003015027227171486 4.060808587446399 8060
1.64 0.001502880206139212 0.0003313077430728272 4.142262899065171 7320
1.68 0.001568119698405605 0.0003615230581556306 4.119946455272642 6356
1.72 0.001680143136297962 0.0003643815011206239 4.208702377002893 5348
1.76 0.001819590487839331 0.000398184515440437 4.350756984760178 4308
1.8 0.001910640999023028 0.0004373986011157913 4.367671320430651 3563
1.84 0.002118768415619647 0.0004360087151726234 4.634552693727806 2448
1.88 0.002130696621790252 0.0004769509419548469 4.462502710922314 1868
1.92 0.002135428992277283 0.0005619577174756097 4.286171260885467 1358
1.96 0.002487573500645359 0.0005714416292180696 4.787136593236982 1062
2 0.002269185143265152 0.0005835854924527391 4.200391501443112 776
2.04 0.003083094818772733 0.0006140571945842331 5.4883993580518 432
2.08 0.002772077408058071 0.0007253765757645722 4.733883384787017 200
2.12 0.002804218292021604 0.0008406027516700058 4.602951784295765 168
2.16 0.002387286443860299 0.0005370775547773694 3.777882563216722 56
2.2 0.002294697884829128 0.0003379008669577145 3.500019487439475 7


0.04 1.698251815512994e-08 2.964073040521585e-09 0.4131207832826654 18
0.08 1.314469210742394e-07 2.713003370545136e-08 0.4424062549732394 62
0.12 6.924254997506144e-07 7.735037266589371e-08 0.6286663880339908 98
0.16 1.482119490167388e-06 2.336922264471533e-07 0.6779390585543406 210
0.2 2.719758995316093e-06 4.199601631673584e-07 0.716339123641912 350
0.24 4.413026804309485e-06 7.304038938434077e-07 0.7624765296695964 450
0.28 6.887609457775209e-06 1.162095144090794e-06 0.8315656914625764 602
0.32 9.011430549234244e-06 1.826644823472249e-06 0.8144892795894877 762
0.36 1.559842175568145e-05 2.499708902687724e-06 1.072599706190574 1142
0.4 2.024153178732971e-05 3.423581532789018e-06 1.114897831268415 1250
0.44 2.794123410686829e-05 4.633072580471107e-06 1.250761196865322 1458
0.48 3.72211499720554e-05 6.014056586549805e-06 1.381349857866076 1814
0.52 4.799066316113676e-05 7.695503652239819e-06 1.507110967803415 2178
0.56 5.418720629022379e-05 1.044388629624776e-05 1.466383818592625 2498
0.6 6.642741374985569e-05 1.214463818250897e-05 1.551206607268587 2622
0.64 8.390873015904615e-05 1.434308776820147e-05 1.710706480754653 3338
0.68 9.540367013103616e-05 1.814456664158349e-05 1.723010483962038 3722
0.72 0.0001171038309038462 2.048057273307714e-05 1.879490306975039 4170
0.76 0.0001383881986538684 2.547007077096261e-05 1.988029990754921 4358
0.8 0.0001621248287919808 2.927646903497531e-05 2.094595014128769 5034
0.84 0.0001870068543773656 3.476678560793607e-05 2.189280933365194 5714
0.88 0.0002089261901627614 4.02966706939705e-05 2.225989193271861 5982
0.92 0.0002426586586431311 4.796833770587045e-05 2.360910382413293 6602
0.96 0.0002725516035713716 5.148151367407183e-05 2.42947621718452 7130
1 0.0003020953828448236 6.031532708562544e-05 2.480648485237768 8034
1.04 0.0003436501541241894 6.882550966873578e-05 2.607468581250332 8606
1.08 0.0003953552635580542 7.639318921520283e-05 2.77800241029469 9066
1.12 0.0004200641308141776 8.578135997112897e-05 2.743228429739006 9962
1.16 0.0004820430844437496 9.528851650029769e-05 2.931682137247004 10550
1.2 0.0005228734325784764 0.0001078172138949272 2.969746009332976 11226
1.24 0.0005771490823154129 0.0001145604423066117 3.066644188146399 12146
1.28 0.0006492388801498816 0.0001249032014290221 3.233521892337863 12303
1.32 0.0007004874681722274 0.0001367466377338985 3.278138891465392 12584
1.36 0.0007548871722738091 0.0001541046421454279 3.328175237054712 12120
1.4 0.0008432741586828085 0.0001704599675238449 3.506432783154616 11180
1.44 0.000886271533029022 0.0001840462860947286 3.482117559220202 11096
1.48 0.0009573594625255455 0.0002014528854919815 3.560086416726203 10056
1.52 0.001057832920995941 0.0002228769576873926 3.72801900409747 9716
1.56 0.001115999733796199 0.0002349813210465247 3.732249379070691 8604
1.6 0.001228969609584202 0.0002607148900769045 3.905218834835017 8060
1.64 0.001324005782100706 0.000285105995060151 4.003723990066498 7320
1.68 0.00141638117347207 0.0003038326681692447 4.081918678472398 6356
1.72 0.001437515899523817 0.000322533604068752 3.951417673968657 5348
1.76 0.001592853906228437 0.0003449386618626474 4.178534116447018 4308
1.8 0.001673759466383322 0.0003784874889344544 4.19773918058088 3563
1.84 0.001880092784791529 0.0003723024129826116 4.51129132803413 2448
1.88 0.001835529194717575 0.0004198329686355448 4.217953518338803 1868
1.92 0.002040373449555755 0.0004477469565933396 4.490468983135227 1358
1.96 0.002104743022075768 0.0005113283887539161 4.444461280769325 1062
2 0.002199878107162967 0.0004564612644121591 4.46463349376074 776
2.04 0.002222426072847467 0.0006409629178224772 4.344949527403299 432
2.08 0.002693169089759378 0.0005666824562530576 5.042489194445363 200
2.12 0.003360423733161139 0.0005201615927590775 6.041321090192842 168
2.16 0.0018880450843771 0.0005112315760230207 3.279375560919519 56
2.2 0.002014229728327389 0.0002933482580908697 3.369919154704178 7


0.04 1.513122562415534e-08 2.5827151530684e-09 0.4132676609668999 18
0.08 1.170137107976372e-07 2.369391680019251e-08 0.4418610346541302 62
0.12 5.505524562763366e-07 7.817873414886091e-08 0.5887387413393299 98
0.16 1.293036822632722e-06 2.080276283672232e-07 0.6613352298090366 210
0.2 2.40636665847067e-06 3.682640756146515e-07 0.7009358173941933 350
0.24 3.875945569274562e-06 6.454848200030476e-07 0.7396084075004687 450
0.28 6.285813553245346e-06 9.867573052035997e-07 0.8296865537931043 602
0.32 8.433441503606798e-06 1.524161552006682e-06 0.8296930081087971 762
0.36 1.392443213469139e-05 2.171375157174441e-06 1.04791366426374 1142
0.4 1.708928131034433e-05 3.144234835259189e-06 1.035555977020185 1250
0.44 2.37184192423432e-05 4.237058972878518e-06 1.165442749179925 1458
0.48 3.147442603821244e-05 5.52964390173314e-06 1.280875973786513 1814
0.52 3.935105351543183e-05 7.294221878513254e-06 1.356538023067585 2178
0.56 5.190591801594259e-05 8.463375211986633e-06 1.526535350401555 2498
0.6 6.01620041735141e-05 1.040765793591853e-05 1.531417544551309 2622
0.64 7.093546279486334e-05 1.316823386951955e-05 1.581091549517496 3338
0.68 8.893919835583081e-05 1.510304104986981e-05 1.748215293541435 3722
0.72 9.984780332774015e-05 1.864242140653286e-05 1.749833672563089 4170
0.76 0.0001221927277505223 2.238672264102175e-05 1.913898303096141 4358
0.8 0.0001413277665046409 2.607140286663533e-05 1.991205728197139 5034
0.84 0.0001639172033595316 3.07854165256469e-05 2.092021598622764 5714
0.88 0.0001903413183957355 3.43269197909856e-05 2.20830911432263 5982
0.92 0.0002185227180650789 4.137352722438763e-05 2.3156995130261 6602
0.96 0.0002430127741854997 4.48078480414028e-05 2.359639309806138 7130
1 0.0002680450207986991 5.276981973993879e-05 2.397774043035569 8034
1.04 0.0003053692127888508 6.012318076589924e-05 2.523819428229976 8606
1.08 0.0003424973985569958 6.840238587223321e-05 2.622381394751958 9066
1.12 0.0003703396896273942 7.550733256495719e-05 2.634410447894949 9962
1.16 0.0004282830101897071 8.323286688507565e-05 2.836645919569992 10550
1.2 0.0004624052386994095 9.46257092637629e-05 2.860274273746254 11226
1.24 0.00051040286028046 0.0001005043407257831 2.953367493989008 12146
1.28 0.0005694870109306799 0.0001106124807905202 3.088928002055146 12303
1.32 0.0006024991777216783 0.0001234946876727005 3.071349514316053 12584
1.36 0.0006661128429153676 0.0001355541099515701 3.197888520152032 12120
1.4 0.0007320439721423922 0.0001523666685884177 3.31504708208757 11180
1.44 0.0007990818207100395 0.0001584377033649714 3.417645946453436 11096
1.48 0.0008648657421663988 0.0001730242034300761 3.500871277820774 10056
1.52 0.0009505463141544505 0.0001926361875626061 3.646644971210875 9716
1.56 0.0009895591780037386 0.0002055935029992267 3.602898657574688 8604
1.6 0.00111963050886427 0.0002220049988585527 3.872284697069086 8060
1.64 0.001183202478717398 0.0002476794408594753 3.894852933380681 7320
1.68 0.001271727067512185 0.0002623382683973324 3.989405686160579 6356
1.72 0.001328411632047217 0.0002711759321595342 3.973776021528748 5348
1.76 0.001434633274311732 0.0002971803335182088 4.096365404697624 4308
1.8 0.001489387919931374 0.0003302352864793256 4.066105618350206 3563
1.84 0.001652867406000917 0.0003290772185428606 4.317424011746616 2448
1.88 0.001658250161842752 0.0003608695153069482 4.147446388502468 1868
1.92 0.001822382346375888 0.000389057637209391 4.365532904792452 1358
1.96 0.001882766561621803 0.0004438004009033912 4.327443733383579 1062
2 0.002011860317509366 0.0003861052677229053 4.443503484682487 776
2.04 0.001954767802200095 0.0005639311369852535 4.16027838985114 432
2.08 0.002460507536500825 0.0004800070718242295 5.013554825962515 200
2.12 0.002923652889791449 0.0004690066084393989 5.72127255499186 168
2.16 0.00174035103140596 0.0004323071622255039 3.289581197699087 56
2.2 0.001260733165525747 0.000375026773442267 2.299827217803966 7


0.04 1.361262203352223e-08 2.272703172209032e-09 0.4134208563000347 18
0.08 1.066835191260327e-07 2.064573933487804e-08 0.4431533061500689 62
0.12 4.310615419342811e-07 7.945867486238402e-08 0.5502424542090645 98
0.16 1.12934557525921e-06 1.886529313086946e-07 0.643779381536863 210
0.2 2.118905046535003e-06 3.31409055150368e-07 0.6809002780635325 350
0.24 3.428436220939985e-06 5.776950393912557e-07 0.7181378935217405 450
0.28 5.65102223636273e-06 8.681208993180592e-07 0.8134012846817783 602
0.32 8.122270921525061e-06 1.250402078872122e-06 0.860574728214602 762
0.36 1.192788210442603e-05 2.011077184852143e-06 0.9824418285345866 1142
0.4 1.537591907393194e-05 2.767550835748123e-06 1.012542548682424 1250
0.44 2.076160566770792e-05 3.828595445426501e-06 1.110729481243997 1458
0.48 2.721597195518578e-05 5.055762582261805e-06 1.205909527892495 1814
0.52 3.523429293929831e-05 6.449012029567351e-06 1.317908279838715 2178
0.56 4.421120360697732e-05 7.878864855833896e-06 1.414233139989799 2498
0.6 5.283032797941416e-05 9.383502739467538e-06 1.459326062704415 2622
0.64 6.530780353476138e-05 1.13252439539303e-05 1.575354388319811 3338
0.68 7.528875400235316e-05 1.412684529591871e-05 1.607281380539318 3722
0.72 9.203922267761714e-05 1.601080712284932e-05 1.745134630132885 4170
0.76 0.0001104315443240886 1.960809043828958e-05 1.872559246894803 4358
0.8 0.0001259125197272446 2.316240348727813e-05 1.921224594027136 5034
0.84 0.0001488168620720382 2.684084963624958e-05 2.055405054315235 5714
0.88 0.0001692045613694819 3.056455655277941e-05 2.12541426603146 5982
0.92 0.0002004385916983774 3.569051990560933e-05 2.297634248942229 6602
0.96 0.00021660608341532 3.979352454840018e-05 2.276509765237655 7130
1 0.0002419180146078925 4.629084873116505e-05 2.341561762147427 8034
1.04 0.0002752526639606975 5.281818116048966e-05 2.461410416491685 8606
1.08 0.0002980760478924946 6.207696623104897e-05 2.470964664239904 9066
1.12 0.000336011061940823 6.593416018233931e-05 2.585586810055712 9962
1.16 0.0003841932093327197 7.342513570539939e-05 2.752960372187507 10550
1.2 0.0004221423376893416 8.210751681327182e-05 2.824134299951726 11226
1.24 0.00046236690586031 8.778261627973306e-05 2.893759859511395 12146
1.28 0.0005150538620829656 9.67478119138419e-05 3.021630581743703 12303
1.32 0.0005493895863548278 0.0001072327800930107 3.028761144476949 12584
1.36 0.000600170942210278 0.0001190869435601115 3.116431485211673 12120
1.4 0.0006665299584284911 0.0001324572173345403 3.264167133346455 11180
1.44 0.0007124961358655076 0.0001406512164656792 3.2961671607951 11096
1.48 0.0007636406613450769 0.0001551118270024098 3.343819188116322 10056
1.52 0.0008478992115423605 0.0001708836824816586 3.51827503957338 9716
1.56 0.0008990968916341045 0.0001791199199538651 3.539922234094071 8604
1.6 0.0009624734877538316 0.0002045491213872863 3.601474253328048 8060
1.64 0.001061139070567514 0.0002184899796094876 3.777629030861107 7320
1.68 0.001160723393518773 0.0002276325698728139 3.937167421796874 6356
1.72 0.001161702267864785 0.000245272956707318 3.758843189425025 5348
1.76 0.00124511509498091 0.0002709408165494925 3.845708947843888 4308
1.8 0.001362000019043222 0.0002858940715268159 4.020414643568005 3563
1.84 0.00136169106396643 0.0003160201394618919 3.848778674008248 2448
1.88 0.001498805231018451 0.0003158998920793689 4.053466215474155 1868
1.92 0.001612465629321079 0.0003482730104478114 4.177337190091087 1358
1.96 0.001723065419330904 0.0003842933314548258 4.282002418412448 1062
2 0.001784206518077923 0.0003452445544400792 4.261407897199663 776
2.04 0.00174274166819705 0.0004998790336083396 4.011062938822879 432
2.08 0.002225821369256272 0.0004195937081189624 4.903791774289784 200
2.12 0.002642270316187465 0.0004097201325948594 5.590537439837713 168
2.16 0.001547665958144766 0.0003844172478210463 3.163410864850492 56
2.2 0.001166652659259539 0.0003229816924845017 2.30085616343764 7


0.04 1.233859820628517e-08 2.018349009272504e-09 0.4135413612744918 18
0.08 9.899483948906285e-08 1.797316295323569e-08 0.4455193341565951 62
0.12 3.379191988393386e-07 7.951446853616222e-08 0.5180372136753764 98
0.16 9.908886339393846e-07 1.730592261844401e-07 0.6270898757030602 210
0.2 1.860436973106518e-06 3.042644706811695e-07 0.6583306875515454 350
0.24 3.055199443147885e-06 5.218943505425906e-07 0.6986423357604555 450
0.28 4.98265812612215e-06 7.939342449537153e-07 0.7819985718850923 602
0.32 7.510019659711778e-06 1.084345348658756e-06 0.8583442676731621 762
0.36 1.021106138658251e-05 1.888373205087914e-06 0.9172524547708962 1142
0.4 1.443681511133802e-05 2.373000266980326e-06 1.022837729397603 1250
0.44 1.944543770897337e-05 3.294199482701892e-06 1.119441362383027 1458
0.48 2.568468416153913e-05 4.316163226774978e-06 1.223615554919977 1814
0.52 3.390671301228943e-05 5.387198309236904e-06 1.361529662029591 2178
0.56 3.867243909987832e-05 7.24263963841964e-06 1.336866917285606 2498
0.6 4.714206036035187e-05 8.464833380043405e-06 1.404652956748728 2622
0.64 5.81713853435582e-05 1.023895642112254e-05 1.513103604950825 3338
0.68 7.055984650078406e-05 1.213798447183664e-05 1.61992682222848 3722
0.72 7.996430432703563e-05 1.483432311397307e-05 1.635675890031344 4170
0.76 9.744570202599124e-05 1.788917448588054e-05 1.780925920254439 4358
0.8 0.0001154094400035774 2.034257795306359e-05 1.89500388037345 5034
0.84 0.0001330608930242748 2.41701879617554e-05 1.979048575759445 5714
0.88 0.0001487319972310486 2.799807689011948e-05 2.012601795880166 5982
0.92 0.0001761608233296081 3.270184106805633e-05 2.174943896357584 6602
0.96 0.0001925243240552396 3.60474777269481e-05 2.178436503349789 7130
1 0.0002244758970075213 4.014652705047031e-05 2.336576659847279 8034
1.04 0.0002489609760692835 4.701094222787516e-05 2.395462559323711 8606
1.08 0.0002804560016077039 5.324760496397485e-05 2.499404994979427 9066
1.12 0.0003048437020021952 5.850967750259482e-05 2.523544624995816 9962
1.16 0.0003438405631293683 6.604065847908843e-05 2.65103559682128 10550
1.2 0.0003850306436800859 7.247118267980435e-05 2.770546779942705 11226
1.24 0.0004221245182482713 7.739842564801218e-05 2.841410752181928 12146
1.28 0.0004624472354858131 8.671488516319095e-05 2.918498011200971 12303
1.32 0.0005056904567791641 9.372925028250221e-05 2.997866522046388 12584
1.36 0.0005419184776708208 0.0001061948756886796 3.026684879042979 12120
1.4 0.0005935094852359943 0.0001197709891073458 3.126777421822415 11180
1.44 0.0006371685964510314 0.0001266043848736526 3.170692631659778 11096
1.48 0.0006695229798006196 0.0001423096919090389 3.154192307658247 10056
1.52 0.0007448175570240005 0.0001565384085321802 3.324861673287223 9716
1.56 0.0007880708145515364 0.000164531411655287 3.337966207703696 8604
1.6 0.0008785867113443531 0.0001803600175560749 3.535184478835379 8060
1.64 0.0009420320993360285 0.000198125514131483 3.607118359100177 7320
1.68 0.0009944108480354227 0.0002138418236997332 3.629074350457463 6356
1.72 0.001039274956732294 0.0002207833860930303 3.616491265489894 5348
1.76 0.001174100469832194 0.0002313415097886269 3.898186406038361 4308
1.8 0.001235487156431961 0.0002536710453078651 3.921558286559002 3563
1.84 0.001304066146751721 0.0002664042796913532 3.961699072188076 2448
1.88 0.00136204571723428 0.0002797784439907115 3.960794898253438 1868
1.92 0.001429460665558082 0.0003163479692524739 3.98264441713746 1358
1.96 0.001585594658325569 0.0003361960688511605 4.2364429464869 1062
2 0.001466958717604302 0.0003387431501404158 3.769800746649778 776
2.04 0.001724947928218964 0.0004130433609823764 4.266196823630257 432
2.08 0.001955852919470257 0.0003858924423057046 4.63392568913 200
2.12 0.002368190088563264 0.000369212611212467 5.387558910644537 168
2.16 0.001368377364396398 0.0003490039373568149 3.007836493143681 56
2.2 0.001484225595396295 0.0001947042246849278 3.141371968864273 7


