0.0204124 5.009624813612279e-07 6.765123069675649e-08 0.627936402647968 18
0.0408248 3.324635167676641e-06 6.658370618826155e-07 1.038478980493815 62
0.0612372 1.118557629377595e-05 1.788968368331806e-06 1.473520089812359 98
0.0816496 2.733825493958707e-05 6.216644539273724e-06 1.994909624918925 210
0.102062 5.682522670202134e-05 1.351823077635585e-05 2.675044622952603 350
0.122474 8.620937014606765e-05 2.174487669677268e-05 2.826135744758494 450
0.142887 0.0001445867613109153 3.248008454364568e-05 3.448846010906052 602
0.163299 0.0002062293865351262 5.041831527450053e-05 3.74342423483741 762
0.183712 0.0002823661206596849 8.306838670788593e-05 4.067035403290814 1142
0.204124 0.0003846163109601139 0.0001108425588413672 4.501029434001305 1250
0.224536 0.0004882074912442778 0.0001516172878640337 4.705658005096775 1458
0.244949 0.0006831952518839752 0.0001951029016620741 5.515504355758342 1814
0.265361 0.0008149858821122312 0.0002563259644104051 5.613326890681586 2178
0.285774 0.001046655897008003 0.0003257567329655287 6.218555411022074 2498
0.306186 0.001270899784300151 0.0004284824555081081 6.560761018059297 2622
0.326598 0.001472087072901042 0.0005019987190830151 6.669314959073012 3191
0.347011 0.001707963785636123 0.0005937736388286871 6.860479558468667 3044
0.367423 0.002041725302413521 0.0006985389360905882 7.321585951813224 2736
0.387836 0.002299541973032913 0.0008689172860331314 7.39204509700445 2276
0.408248 0.00270946877924427 0.001005443431818072 7.852786429480315 2016
0.42866 0.002893575273592902 0.001152331510199135 7.611175628666818 1640
0.449073 0.003502878586154001 0.001336944936844822 8.392839066564994 1056
0.469485 0.003493599281387039 0.001614769320661212 7.655965044460546 683
0.489898 0.004109098039693253 0.001737452908904783 8.281193715779635 350
0.51031 0.005070569651632441 0.002114398853529753 9.428669817628757 192
0.530722 0.006304369126557558 0.002070373270255716 10.80772441706294 44
0.551135 0.003648235396377561 0.001861634520664417 5.757580358373136 25


0.0204124 516613.1088907185 4032073.672020636 17904593475474.94 18
0.0408248 940570.098758377 33305544.22174143 10950529243561.93 62
0.0612372 1191085.857270946 81567055.84025133 5778607618734.921 98
0.0816496 38101722.0472772 185339898.7164448 10378546554712.4 210
0.102062 250288775.6545413 240360306.8679943 28746863027115.8 350
0.122474 634973644.2428399 189777942.6976034 47578917136956.7 450
0.142887 1136998712.372598 112303204.4016196 61072771220699.6 602
0.163299 1466060910.720595 28642526.31465313 59582843551002.89 762
0.183712 1345378417.181277 6937900.241321731 43284409359938.77 1142
0.204124 1060376332.42011 48557687.87150992 27722485131782.48 1250
0.224536 604462554.0889781 108988360.6647655 13035988929237.56 1458
0.244949 288701731.890084 157531461.1503722 5240306081608.874 1814
0.265361 131090766.7124826 158705442.1652821 2043998165873.883 2178
0.285774 112356188.2112281 142190240.7825168 1508598086375.729 2498
0.306186 158415357.5510447 125928447.8040219 1835931010482.574 2622
0.326598 178906776.0388237 80502220.38408095 1812307768965.946 3191
0.347011 201258066.065984 42765669.63038433 1803176019485.278 3044
0.367423 192683806.6001386 9936165.436269719 1539106101943.038 2736
0.387836 129245113.0022113 9068444.103905967 925350662845.5271 2276
0.408248 67633134.47097223 13787312.17830867 436869823568.3356 2016
0.42866 41581062.75669755 13300488.24254657 243849933595.9466 1640
0.449073 20857772.29411 12415918.25290392 111544381308.793 1056
0.469485 16973637.47864018 5958813.328733885 82903475483.19041 683
0.489898 17718280.56426596 2365065.563976775 79513470436.58475 350
0.51031 22418093.0602608 393333.9603027081 92781033501.08061 192
0.530722 18810177.25534301 61655.95724443705 71775778846.44472 44
0.551135 12773403.7404165 39809.35446513834 44857383636.63033 25


0.0204124 5608930.320910233 924774.3565113775 43470300575577.2 18
0.0408248 55535313.13466691 5026867.8082319 70655962036778.52 62
0.0612372 163618056.7919485 5511307.345733322 80093231950507.45 98
0.0816496 431612506.9528965 2280388.064423881 112505156573512.4 210
0.102062 619498766.7983829 12747020.68262482 103024351170300.2 350
0.122474 452047846.5129415 72404126.14402652 52603686250874.2 450
0.142887 172149407.650866 159205840.4533181 15223605681373.2 602
0.163299 20331028.77379649 189708490.862959 1917745819333.286 762
0.183712 205036588.8554448 115901448.9756297 10492699941866.03 1142
0.204124 464372902.5336637 38238762.79538988 18893964959240.45 1250
0.224536 478553464.5548452 11860102.09258617 15987085491898.05 1458
0.244949 319509481.8194535 40047730.13005158 8956504906507.451 1814
0.265361 166105112.9048879 60446500.80715795 3987065049332.594 2178
0.285774 121349978.9542796 60629045.68514697 2515079257028.052 2498
0.306186 146368806.4072804 51204754.65596773 2625971151229.384 2622
0.326598 121546083.263524 35539097.28014221 1910611148426.725 3191
0.347011 98203868.84199268 23955573.23526068 1366923956886.045 3044
0.367423 69312312.84337121 12504501.14266943 860321284431.7505 2736
0.387836 31132600.32475884 13650914.1042076 347103399720.5978 2276
0.408248 18250988.15157431 11371474.18454806 183664721200.1902 2016
0.42866 16623270.67664096 8100351.918215008 151560793683.4705 1640
0.449073 16231152.3540602 5029086.333974133 134577760518.6555 1056
0.469485 6720834.06585166 3723305.363163843 51027105084.79562 683
0.489898 2955684.343249299 2952105.932337307 20686230999.72837 350
0.51031 3499295.387792356 2387490.230257622 22546480879.50011 192
0.530722 4910565.940401085 1305503.531394227 29102487266.08158 44
0.551135 4481901.576193385 563422.831643434 24426926660.08964 25


0.0204124 304680.1438890954 1395143.385436224 23979584814124.82 18
0.0408248 7504618.096609638 10036628.06877724 25481022550119.55 62
0.0612372 42464523.88594938 18516412.57388403 33545082653964.91 98
0.0816496 180038211.2877801 23997778.85944146 66390901222311.29 210
0.102062 401738607.1211061 4652241.262242387 91025690491255.16 350
0.122474 402374220.2066554 16311796.71560211 63123032078155.12 450
0.142887 200328924.6988594 78394032.98816627 23472486907957.94 602
0.163299 20328005.70333974 119202276.1376823 2473130951032.069 762
0.183712 149529523.8796595 68868853.01055598 10413390684242.17 1142
0.204124 325555677.8988841 16280627.42582747 17968791102709.26 1250
0.224536 261448627.9097185 18154537.92797813 11874175851411.68 1458
0.244949 125695853.239678 44969529.02701535 4820527624497.802 1814
0.265361 85829820.13444042 43094307.55627969 2812138355717.854 2178
0.285774 102450621.5291772 31649790.5947676 2875744108396.893 2498
0.306186 95293827.11152652 31757912.71184137 2321987899993.85 2622
0.326598 68987949.37266898 24689961.9541804 1474250531426.107 3191
0.347011 60352551.29838056 15759240.6939587 1140499585334.095 3044
0.367423 29581503.60071474 11646083.93262919 499669566299.2199 2736
0.387836 24735089.73603459 7251573.604282494 373735876388.6196 2276
0.408248 24373267.08695384 3803239.29180387 331337589822.711 2016
0.42866 19489333.04069102 2763645.381333888 240328879909.6331 1640
0.449073 14241364.26583332 2132947.366749294 159944486356.6729 1056
0.469485 8542142.134802533 1185294.426522974 87704528343.6636 683
0.489898 4552595.574339659 1133544.611360242 43020063303.1888 350
0.51031 1120429.069830016 1820472.627241262 9866391410.25481 192
0.530722 286172.1183005578 1612914.108258793 2385290127.801949 44
0.551135 351781.0855836491 1049445.662932664 2647677389.412823 25


0.0204124 108296.1218942092 1015683.870033297 24599547703200.95 18
0.0408248 154204.903355819 8396101.10161617 17037246053373.03 62
0.0612372 8405914.884662192 18493318.48260438 15408955911237.64 98
0.0816496 74281637.29074767 30118737.70279127 38177552810286.79 210
0.102062 251436221.5461072 11114857.01013393 72857187131048.64 350
0.122474 304637335.561075 6086492.72107083 60445932311159.9 450
0.142887 157910666.0355226 51042847.07064847 23451974518141.27 602
0.163299 17656366.15356295 83232717.03518321 2725530272105.929 762
0.183712 142003171.25636 39341228.16382761 12427223087425.73 1142
0.204124 241350701.7705443 8641833.675392203 16833740010314.38 1250
0.224536 133958063.1722737 25759200.59623628 7738109707205.538 1458
0.244949 64686761.03529199 37727900.91093267 3171752524917.793 1814
0.265361 76085483.35078925 26286070.04207861 3143423208670.939 2178
0.285774 78879317.85703084 20633276.75202055 2797911016910.101 2498
0.306186 60718138.43548489 24085579.59194721 1874911355436.928 2622
0.326598 52074224.02284312 16510413.02719241 1406373765145.326 3191
0.347011 45448435.42870963 10359474.81164816 1084976320501.696 3044
0.367423 27548203.55904937 6448271.066541437 586732014965.0254 2736
0.387836 23451823.97553529 3560291.637184802 446816932889.6339 2276
0.408248 12932506.71709577 3818541.034744013 222529010137.9279 2016
0.42866 8829196.073940016 3257084.623442501 137926774678.5872 1640
0.449073 5108497.96886237 2824153.062932833 72815084400.02666 1056
0.469485 3684477.569859479 1463801.71047941 47911052970.80101 683
0.489898 3679672.180429698 666674.5614434447 43889045818.32551 350
0.51031 4797758.748179135 190743.6173209739 52717226610.45943 192
0.530722 3359865.07885981 277464.7037707856 34049326989.36303 44
0.551135 1690613.770563987 347820.0839295578 15782463961.25415 25


0.0204124 654347.1172527212 623806.9807195937 29864753842539.85 18
0.0408248 1613646.767812948 5966355.981117729 21227500302671.62 62
0.0612372 510484.3019730534 15422790.54015376 10415701116873.77 98
0.0816496 28053047.98293964 29728319.92439532 21904591672299.87 210
0.102062 160946807.3215043 15511106.38478957 57494016127349.64 350
0.122474 236742774.2418023 2728335.677265211 56901458075978.89 450
0.142887 128576511.4323111 36003425.35099673 23163193576928.98 602
0.163299 16330866.71468632 61906046.49095927 3021411152076.264 762
0.183712 128084058.3118477 24329196.96384881 13516100787733.1 1142
0.204124 174731580.1001415 8418489.122000156 14758523065007.24 1250
0.224536 70969223.65214586 27030825.5103819 5019414005055.045 1458
0.244949 54112614.31417969 26970739.75644325 3209913152207.581 1814
0.265361 65438046.16822708 17726396.77155872 3265793163303.653 2178
0.285774 53976349.8894138 16974738.0381086 2321980416482.116 2498
0.306186 51073605.763545 16762922.29401916 1905872963919.189 2622
0.326598 47423691.40254813 10326352.32944247 1545760998402.486 3191
0.347011 33169707.54972249 8090850.239662943 958079837968.3265 3044
0.367423 21149566.30537807 4768403.402450062 544623203993.3743 2736
0.387836 12345226.94368892 4078692.432202478 285312043163.8243 2276
0.408248 8298293.908698918 3246972.293881261 172955659038.3969 2016
0.42866 5998320.246820771 2616643.818941006 113440695703.0595 1640
0.449073 7052510.411988802 1275190.904613565 120948228814.2161 1056
0.469485 4188318.434608437 729410.6920150567 65655012084.16007 683
0.489898 1882475.837265566 744344.6811117564 27204846257.4257 350
0.51031 620691.988518456 947350.6303478385 8377892324.009998 192
0.530722 865140.7410850979 653780.5463039044 10667433275.13147 44
0.551135 1086926.22829387 309395.6057726671 12270709803.42427 25


0.0204124 1171377.099466744 328085.1374608038 35616341795212.8 18
0.0408248 4904150.493957012 3799083.877934309 30225029028207.06 62
0.0612372 1902376.320283481 11796166.98010186 12596410673227.67 98
0.0816496 8190251.621334539 26948791.85721639 13256818248752.14 210
0.102062 101519219.6424057 18589438.75831018 43978117737653.12 350
0.122474 188474530.576738 1661919.139737943 53286240597690.13 450
0.142887 111671097.7514863 25753152.32496211 23611845010673.16 602
0.163299 15023630.66463726 48220814.10181123 3253498295040.726 762
0.183712 110481756.4958791 16790426.28135285 13674111697832.76 1142
0.204124 127937383.3906705 9163302.83281151 12713912687075.35 1250
0.224536 43666580.27580523 24390720.29460337 3679379290449.284 1458
0.244949 51443356.32599501 18987628.67398599 3568753875674.997 1814
0.265361 51849670.71475536 13916093.0936444 3040692373342.773 2178
0.285774 40898574.23463887 13798807.58063657 2069406271742.591 2498
0.306186 47712417.17095508 11297676.36172776 2084721345445.488 2622
0.326598 39646650.97806903 7568471.81919244 1515633746467.243 3191
0.347011 24928646.49012278 6690298.912059781 845755857646.0786 3044
0.367423 15202041.65694784 4140140.702910283 459933660623.497 2736
0.387836 8545146.212366428 3514699.181251572 232231874461.9773 2276
0.408248 8819482.077708576 1964597.81736812 215015576400.8031 2016
0.42866 8370173.484395556 1112783.435684357 184750124622.2677 1640
0.449073 5638133.352428768 990547.8008621768 113396444033.7028 1056
0.469485 2046833.255475213 906453.5460780797 37788264286.83678 683
0.489898 2002820.18856851 446970.3702655153 33874824279.80109 350
0.51031 2723460.264863283 152362.7932499225 42390794530.007 192
0.530722 2287082.368284359 90506.96637367306 32811691814.85485 44
0.551135 1295692.91993331 129431.5220013977 17117966490.80612 25


0.0204124 1483544.880006921 134585.4950853937 40173179061174.67 18
0.0408248 7944007.03802412 2106451.798763381 40253292265881.95 62
0.0612372 6790547.342369501 8301276.751129149 19119448439568.32 98
0.0816496 2553921.1524027 22996152.05846401 10727374990725.25 210
0.102062 60782659.24221159 20639382.9575595 32091488644798.47 350
0.122474 151175865.5186809 1924907.754063129 49262168661533.66 450
0.142887 101957524.0915801 18184658.70526527 24689834658016.66 602
0.163299 13585431.54098995 38910625.88277669 3399536509206.162 762
0.183712 93174973.50783087 12881148.16877609 13256075066932.98 1142
0.204124 96968634.8017738 9309133.47818852 11100346201793.28 1250
0.224536 32107565.12904382 20711212.87699581 3142280454397.188 1458
0.244949 47349301.96698289 14069587.9634066 3764560062117.878 1814
0.265361 40765195.02370156 11710651.18828552 2751827271842.634 2178
0.285774 35267569.03445674 10729565.62937067 2048841278398.778 2498
0.306186 42980254.19876345 8152073.395413357 2153436367330.997 2622
0.326598 31378358.6590171 6403390.352078241 1378281626895.138 3191
0.347011 20285244.86869586 5449908.798709067 790507379259.5341 3044
0.367423 12023774.72086706 3461605.560185613 417960685601.144 2736
0.387836 9014324.857334651 2327352.063799532 280310731113.9711 2276
0.408248 7981339.803927274 1395851.145396076 223115803361.8116 2016
0.42866 6532471.700735907 984834.9769414266 165525688505.8625 1640
0.449073 2954143.94047794 1233021.782095088 68508711241.55332 1056
0.469485 2684835.071506623 469554.1422101864 56641059615.11942 683
0.489898 1760568.923956293 330843.5032999739 34152031538.50259 350
0.51031 1064576.120230771 430236.8340008689 19108827481.09927 192
0.530722 248551.471371054 499578.0234378993 4204267079.338346 44
0.551135 27046.84500259843 375758.053617486 485180514.7779652 25


0.0204124 1560640.699614708 31467.09848063972 42730089516212.9 18
0.0408248 9922417.332459912 934136.3549171428 48760027795871.72 62
0.0612372 12371624.30625918 5254080.276776842 27757916977183.82 98
0.0816496 5158996.838757091 18450237.10191717 13333220230184.53 210
0.102062 33196760.59063743 21638819.81200382 22211023535159.48 350
0.122474 120171946.6783929 3114870.380216689 44513552658278 450
0.142887 95891048.00870383 12458889.20797945 26117343168137.91 602
0.163299 12500079.86208821 32179376.30881516 3545674832388.244 762
0.183712 77744602.87802546 10772780.96574241 12523204664831.3 1142
0.204124 76683607.05377007 8856418.936750064 9946682882362.701 1250
0.224536 26746648.15011005 17285582.62579546 2974000539461.955 1458
0.244949 41989650.88119018 11120947.91420906 3769789313531.979 1814
0.265361 33082115.0329728 10017366.57169213 2528588615315.039 2178
0.285774 32095720.73671689 8276867.016445935 2103419053235.359 2498
0.306186 37240860.60804966 6464529.887598518 2106569912821.9 2622
0.326598 24918421.77165829 5673229.449698597 1237709974102.042 3191
0.347011 17338009.61292373 4444620.736805831 763017043815.1478 3044
0.367423 10486047.59704087 2772945.630861061 411465315159.1917 2736
0.387836 8830684.114327706 1607903.463990851 309439785254.5516 2276
0.408248 6028681.540689694 1330360.919711198 190501365355.2649 2016
0.42866 3771866.103208574 1256933.22131692 108364768691.6563 1640
0.449073 2747762.914716755 953316.4900447049 71862928204.49297 1056
0.469485 2136112.511613996 420426.8398749257 50889071741.10052 683
0.489898 878623.9538040254 430858.258595737 19345698728.00606 350
0.51031 567656.3488290996 441460.0652482342 11578305070.25719 192
0.530722 877592.2484950229 239704.9720760156 16355998602.82208 44
0.551135 955959.4174044717 68207.37447106843 16341814014.21919 25


0.0204124 1432881.107215224 332.9654044270513 43079620684253.53 18
0.0408248 10571236.37800642 261617.9397878499 54038592576142.71 62
0.0612372 17013578.39168505 2848701.504794587 36433522113931.14 98
0.0816496 12136869.3212048 13770511.18489517 19859695031692.64 210
0.102062 15889216.01275028 21527836.18121859 14925542619396.68 350
0.122474 93232974.70340578 4920318.352161396 38934120033020.26 450
0.142887 91272581.98154864 8170000.154579283 27589675093892.14 602
0.163299 12207737.08751218 26988841.34374234 3809783919019.019 762
0.183712 64453761.54743524 9609360.550549155 11620010833444.42 1142
0.204124 63185506.33528212 8066890.295547744 9163508786436.684 1250
0.224536 23702229.74778722 14464914.45679251 2945689199157.939 1458
0.244949 36536052.12814034 9266020.300576691 3660554008246.497 1814
0.265361 27869629.28891773 8598087.633196803 2379793977495.378 2178
0.285774 29353787.87730379 6526718.951802912 2142392096675.786 2498
0.306186 31793936.5214537 5482182.891848796 2005544865905.112 2622
0.326598 20391887.24860772 5036850.413654254 1130651910502.72 3191
0.347011 15099761.88746795 3695181.095460603 740723610079.2003 3044
0.367423 9416558.033356737 2233879.29246426 411604421567.8972 2736
0.387836 7474670.216217197 1381365.571512542 291963451086.658 2276
0.408248 4430098.096619933 1312338.967547855 156382301030.9849 2016
0.42866 2460513.071455994 1261043.945531228 79188330962.26767 1640
0.449073 2944327.472369078 654636.6175204534 85578584254.32634 1056
0.469485 1177897.099383583 524203.0788797055 31443070331.43332 683
0.489898 1013373.143320088 296984.0770359068 24775267600.35355 350
0.51031 1358588.228136397 147261.3091823732 30518497372.30859 192
0.530722 1376779.580652009 40596.09711744043 28467768131.96624 44
0.551135 898333.0860414872 36968.29198463745 17095899403.31669 25


0.0204124 1162443.134165214 19148.6844927312 41507987108050.35 18
0.0408248 9957281.489566006 19898.62177651013 55285360500821.32 62
0.0612372 19793459.32199642 1188491.753085124 43327945109768.56 98
0.0816496 20581187.29642211 9381942.993409913 28713182988625.4 210
0.102062 6952193.554324288 20321652.7689398 10753200759037.77 350
0.122474 69523986.91195725 7033828.322372259 32656772526745.23 450
0.142887 86714750.61460704 5097173.37270203 28804835578607.96 602
0.163299 12942377.16281985 22729738.95393015 4298284342823.982 762
0.183712 53098667.27504062 8973894.476838548 10620662134768.18 1142
0.204124 53933601.17426655 7150308.027513403 8648876060694.729 1250
0.224536 21540299.44654871 12234824.6866955 2957156412768.014 1458
0.244949 31628500.69440855 8002674.110812567 3502233192612.295 1814
0.265361 24153460.00462266 7417335.854639179 2279163671400.356 2178
0.285774 26622253.85701303 5327833.081545779 2142373073115.615 2498
0.306186 27207848.21060861 4813402.219913226 1894595601710.104 2622
0.326598 17256560.44503016 4448988.153743333 1056708859697.568 3191
0.347011 13238310.96311154 3147965.218451666 716452075358.5293 3044
0.367423 8362718.034479126 1874902.320109227 403115055387.5251 2736
0.387836 5904249.883523989 1338284.239625582 254768420152.5944 2276
0.408248 3529497.177698302 1210837.488353475 137670431161.4889 2016
0.42866 2303407.055066003 1043583.953505549 81684537454.53578 1640
0.449073 2629165.332908127 545349.4998490455 84243745870.13899 1056
0.469485 1036684.4628044 447838.2589460089 30523262817.72437 683
0.489898 1243496.610488041 161585.197076301 33404195699.08796 350
0.51031 1235535.603172356 112410.9987023002 30584815936.86782 192
0.530722 678415.5510265668 168797.8550140226 15527476708.35855 44
0.551135 180041.8139306607 187153.8328355374 3845841274.876892 25


0.0204124 824926.8656676068 64910.21480121806 38663632504439.62 18
0.0408248 8372838.240672547 102907.3026056293 52629321871856.1 62
0.0612372 20353679.96962755 282694.332654123 47126307025723.5 98
0.0816496 28261093.1719511 5652995.398258509 38051510161593.72 210
0.102062 4713311.85990711 18148914.72384374 9937834874223.76 350
0.122474 48980116.66893838 9147485.740285855 26033598291310.65 450
0.142887 81358488.38442263 3098900.190379831 29483666334734.14 602
0.163299 14736866.90029112 19048739.40458839 5085295463153.437 762
0.183712 43390772.1410406 8645287.485555718 9567334034604.424 1142
0.204124 47344201.67076971 6234072.743356897 8317532503772.796 1250
0.224536 19775002.06536469 10481358.1113392 2972321749195.155 1458
0.244949 27459443.07228557 7070325.016216427 3333262759694.285 1814
0.265361 21302962.27496729 6456650.164886952 2201861784996.848 2178
0.285774 23966793.65547061 4501857.946637572 2109292849817.243 2498
0.306186 23527220.44729549 4292994.871480882 1793271216673.976 2622
0.326598 15009054.11178803 3921946.617260579 1006053022555.126 3191
0.347011 11651902.33340834 2742188.216767322 689858637628.0692 3044
0.367423 7302725.283401362 1647683.872212815 385090874098.9141 2736
0.387836 4698146.527818386 1292890.65070421 222154262404.9097 2276
0.408248 3092154.525716028 1059477.996206415 131948269410.8523 2016
0.42866 2517512.05752589 785307.057097733 97243481701.86385 1640
0.449073 2152049.789754168 516826.0648447782 75468072114.4465 1056
0.469485 1307333.242306854 288931.1696887644 41865638393.2276 683
0.489898 1008857.10151665 162580.8406726515 29645977401.72418 350
0.51031 595929.8635564056 224520.2765800646 16228258126.18654 192
0.530722 152592.1124738937 261787.6527492963 3937005621.392285 44
0.551135 36022.0770683995 194871.5112294841 914803671.3464379 25


0.0204124 493621.2064742844 116580.7132713798 35379260705560.44 18
0.0408248 6238703.848518208 383654.0421547891 47015780997380.22 62
0.0612372 18812682.38466026 48931.13481397613 47221651416903.88 98
0.0816496 33606257.52290221 2852106.366477662 46050866707024.38 210
0.102062 7452392.970563047 15250137.84760304 12323776433774.62 350
0.122474 31904357.30249319 10972746.65923094 19581938539548.38 450
0.142887 74744085.29050301 2056298.435716432 29397471275489.85 602
0.163299 17459056.56940568 15752892.18392368 6201292330716.977 762
0.183712 35091252.59062769 8490947.297507267 8492937177870.227 1142
0.204124 42431275.61152206 5387674.291787677 8103338480863.62 1250
0.224536 18259439.71514108 9086565.620251775 2983177243360.487 1458
0.244949 24008171.17588628 6335713.660019574 3172756308844.152 1814
0.265361 18969199.69277053 5686985.71595997 2132207903488.185 2178
0.285774 21500946.18880453 3914435.849380656 2055376839975.345 2498
0.306186 20603945.64359137 3857796.257044525 1706696867416.346 2622
0.326598 13315390.15217477 3464235.707115139 969744984664.2097 3191
0.347011 10298949.28113288 2431728.851717542 662379051644.1057 3044
0.367423 6323653.454218531 1494834.865494333 362339547700.8675 2736
0.387836 3930875.262922538 1202404.332753471 202138234297.654 2276
0.408248 2864580.906373144 905114.4965175458 132634107888.0072 2016
0.42866 2675461.395858116 581088.3986546089 111854198621.8199 1640
0.449073 1819743.747697979 479461.9264672928 69331254567.30344 1056
0.469485 1413917.747040455 189994.4615657182 49025431500.48499 683
0.489898 617042.3603262141 215179.4707050554 19778338119.42331 350
0.51031 285740.5762483601 260803.0415979674 8559780953.210496 192
0.530722 255951.0159776508 200026.1387017332 7036325300.964713 44
0.551135 346194.491970396 91063.79881476912 8651311388.204214 25


0.0204124 226828.2549631389 157721.5653931225 32475253107208.85 18
0.0408248 4008358.833877156 733824.7768205233 39940738331883.16 62
0.0612372 15656514.1734352 329598.2941478885 43796593959697.3 98
0.0816496 35745676.83490368 1112482.683626772 51213124377164.09 210
0.102062 13354971.7440105 11950332.39264845 17318783998399.1 350
0.122474 18684001.75975302 12267937.30502326 13902097302781.64 450
0.142887 66749274.50887858 1840695.229507521 28399447017930.23 602
0.163299 20848669.11986402 12753800.50045739 7626809791240.303 762
0.183712 28040704.13069648 8419838.157018866 7432559787136.453 1142
0.204124 38569265.72211952 4646601.813230228 7955079997827.38 1250
0.224536 16955590.4043388 7954782.812299582 2992387978770.752 1458
0.244949 21181743.10142457 5728223.813890344 3029200231994.593 1814
0.265361 16970074.94593904 5074387.8779078 2062151662908.988 2178
0.285774 19283718.94017244 3479121.697942398 1990655472287.023 2498
0.306186 18262400.97700569 3483706.39243787 1633886903134.362 2622
0.326598 11976124.44665727 3074361.268978787 941742685476.1895 3191
0.347011 9150667.828256356 2185416.061987581 635496899566.0183 3044
0.367423 5485249.082579893 1377418.497567258 339532043148.1712 2736
0.387836 3472704.820150365 1083796.46612614 192843140799.274 2276
0.408248 2708605.276443354 770462.4194439207 135201545969.7941 2016
0.42866 2668338.950189206 448508.7491546691 120151653765.7622 1640
0.449073 1648511.87331342 422382.5704750867 67757642065.1661 1056
0.469485 1250142.480555705 173421.6100808765 46763805194.58609 683
0.489898 398087.4014042132 231487.9397695812 13862085420.89946 350
0.51031 384354.5720005961 199411.7296077923 12308700623.1491 192
0.530722 565759.1281512277 91768.7049680287 16539347425.78258 44
0.551135 576521.0643477149 12647.09846338022 15454073335.71455 25


0.0204124 59639.15819900376 178242.7048639806 30584081626018.98 18
0.0408248 2081289.688212448 1042972.386421598 33088219392818.7 62
0.0612372 11599589.8703189 920586.6382790725 37749881775622.15 98
0.0816496 34507494.68687417 417613.4255024393 52632151301458.45 210
0.102062 20599634.14349808 8614925.423223196 23949038583507.23 350
0.122474 9585026.201989874 12864987.68530326 9576062200688.379 450
0.142887 57545277.95780887 2297372.676185065 26452619111320.2 602
0.163299 24553959.08137852 10031949.60348637 9290912536968.09 762
0.183712 22149062.35528774 8362587.50785287 6427717219305.727 1142
0.204124 35351609.6727545 4027437.55982684 7832242672284.823 1250
0.224536 15852527.46432887 7015073.571091296 3005490396408.997 1458
0.244949 18877501.63096288 5207777.243012311 2906015604387.296 1814
0.265361 15211316.53821262 4586521.073074866 1988438517916.053 2178
0.285774 17323141.3090094 3143890.305592195 1921389241203.334 2498
0.306186 16354070.53603513 3160112.722692298 1571971970665.964 2622
0.326598 10875224.21720544 2745131.901368275 918427189849.2329 3191
0.347011 8180766.370661646 1982967.170187362 610310241838.7567 3044
0.367423 4800446.06848046 1275627.108743155 319347186283.6956 2736
0.387836 3183172.341451535 961344.5095756908 189741368425.5183 2276
0.408248 2569385.519394732 660606.331481885 137538356271.743 2016
0.42866 2527027.4201281 372537.1927398529 122021544095.9244 1640
0.449073 1548220.638397581 363919.0191525939 68253654246.81708 1056
0.469485 967950.92370337 196772.2929449408 38937718808.0731 683
0.489898 395014.2836164976 198884.3723141697 14737134921.6049 350
0.51031 593908.9831343245 115808.4012540957 20234130017.42862 192
0.530722 706609.0273429139 32153.98524519612 22094856296.06694 44
0.551135 538287.8819973002 6721.915330949136 15473925073.05407 25


