9999999987774.0610851347 .050 00001
9999999987774.0610851347 .095 00002
9999999987774.0610851347 .140 00003
9999999987774.0610851347 .185 00004
9999999987774.0610851347 .230 00005
9999999987774.0610851347 .275 00006
9999999987774.0610851347 .320 00007
9999999987774.0610851347 .365 00008
9999999987774.0610851347 .410 00009
9999999987774.0610851347 .455 00010
9999999987774.0610851347 .500 00011
999999998871.4517924209 .050 00012
999999998871.4517924209 .095 00013
999999998871.4517924209 .140 00014
999999998871.4517924209 .185 00015
999999998871.4517924209 .230 00016
999999998871.4517924209 .275 00017
999999998871.4517924209 .320 00018
999999998871.4517924209 .365 00019
999999998871.4517924209 .410 00020
999999998871.4517924209 .455 00021
999999998871.4517924209 .500 00022
99999999896.5497476337 .050 00023
99999999896.5497476337 .095 00024
99999999896.5497476337 .140 00025
99999999896.5497476337 .185 00026
99999999896.5497476337 .230 00027
99999999896.5497476337 .275 00028
99999999896.5497476337 .320 00029
99999999896.5497476337 .365 00030
99999999896.5497476337 .410 00031
99999999896.5497476337 .455 00032
99999999896.5497476337 .500 00033
