0.04 3.169558367820804e-06 6.623948133558005e-07 0.5408662984501577 18
0.08 2.129977161019373e-05 6.298517731139113e-06 0.8950859875151254 62
0.12 0.0001139131803883577 1.659201091763315e-05 1.986266896891979 98
0.16 0.0002512446192174093 5.212423977815112e-05 2.427615543307327 210
0.2 0.0004086982953387796 0.0001033741128925813 2.554915819612896 350
0.24 0.0006898876492766922 0.0001756724883075755 3.002555724354745 450
0.28 0.001010077511524351 0.0003007426928600513 3.203827898506705 602
0.32 0.001369720117135065 0.0004636544296992739 3.306428976064383 762
0.36 0.002130861812911122 0.0007017005179250006 4.078082875672851 1142
0.4 0.002589964438845331 0.000966583679914837 4.030055304159756 1250
0.44 0.003725226509913704 0.001289019021248361 4.771452726748589 1458
0.48 0.004335069066183174 0.001900482813507393 4.65457808767942 1814
0.52 0.00523907863582468 0.002585839098578103 4.799345718432707 2178
0.56 0.006280007402725187 0.003267453594907189 4.962824754601373 2498
0.6 0.007244760691886459 0.004094856352380212 4.97418792417408 2622
0.64 0.008445645237880689 0.005224653698434627 5.093003770697713 3338
0.68 0.009501960421721313 0.006579965505421769 5.084656992905227 3722
0.72 0.01115187294642521 0.007885823592953617 5.328000127233505 4170
0.76 0.01240403840423532 0.01018772754895418 5.314863884042651 4358
0.8 0.01407794222340856 0.01218449346429967 5.438548241123679 5034
0.84 0.01597039580046802 0.0147031891702563 5.599489482520739 5714
0.88 0.01712881361616765 0.01747418708614253 5.473330459835473 5982
0.92 0.01972120031324591 0.0208950933673055 5.761517117582566 6602
0.96 0.02093028546907829 0.02366556894641213 5.612778684111004 7130
1 0.02319937868593094 0.02778902199080571 5.734756816925412 8034
1.04 0.02572554623188733 0.0322877830893351 5.882392996483512 8606
1.08 0.02755167551694252 0.03825450910021278 5.842207349308769 9066
1.12 0.02944506916525896 0.04261563434216133 5.80511843739441 9962
1.16 0.03120300281918598 0.0504890093679534 5.735679844345819 10550
1.2 0.03422790383840446 0.05662473909766663 5.877734315842221 11226
1.24 0.0362542652887557 0.06232129199147712 5.829510903797724 12146
1.28 0.03884859902963818 0.07117095974577944 5.859869056426277 12303
1.32 0.04229920086234074 0.07778806642664643 5.997331809052992 12584
1.36 0.04348887240588629 0.09051408779826083 5.811120739037573 12120
1.4 0.04769211073667566 0.1020726460201301 6.013222838161814 11180
1.44 0.04911903329131257 0.1115056642485346 5.853582478720998 11096
1.48 0.05281924529715983 0.1232916342065543 5.959356410860718 10056
1.52 0.05656432445454288 0.1398225903668995 6.050481966089369 9716
1.56 0.0577254054284863 0.1516486234654682 5.8616367626759 8604
1.6 0.06073292170800133 0.1731046055281213 5.861691616124981 8060
1.64 0.06748480177849553 0.1870104424513174 6.198988253062982 7320
1.68 0.06863725107578708 0.2052843356375412 6.010904688901055 6356
1.72 0.0701438761288519 0.2172033229926222 5.859377313549804 5348
1.76 0.07550971346059138 0.2388449569705244 6.021759491966564 4308
1.8 0.08254390115559031 0.2575953630942823 6.293157675132971 3563
1.84 0.08050423020439823 0.2840211604992288 5.876866617717571 2448
1.88 0.08718271842026644 0.2937844188289013 6.092546663194415 1868
1.92 0.090873772970598 0.3294554729599632 6.084305646170274 1358
1.96 0.09484563637796495 0.3655511934487558 6.092340069181385 1062
2 0.08833118071212821 0.3623663852294509 5.456875730027853 776
2.04 0.100797922225894 0.443345079521246 5.993882867985146 432
2.08 0.1119927588025679 0.4384677440611053 6.383314237928302 200
2.12 0.1092398811664552 0.5147860780891561 5.984422186931917 168
2.16 0.138361518179915 0.2473105228932805 7.306749334406047 56
2.2 0.08228089320260548 0.2752798511721131 4.193534073066892 7


0.04 1.240902025850081e-07 6.326431262423982e-09 1.923458901687261 18
0.08 1.101287810701212e-06 4.439948683359868e-08 2.359187502879389 62
0.12 5.722943706140397e-06 1.115896795470875e-07 4.060476650098812 98
0.16 1.240776192455321e-05 1.074602080246564e-07 4.307311832485562 210
0.2 2.158416906517862e-05 8.896899469442859e-08 4.530831549352567 350
0.24 3.069846741116844e-05 5.698887123799552e-07 4.380028713521988 450
0.28 3.625327978906257e-05 2.305401472089214e-06 3.770827235528849 602
0.32 3.251517191477287e-05 5.829704156974637e-06 2.641782840594854 762
0.36 2.138528122794813e-05 1.330333108875237e-05 1.534588822567607 1142
0.4 7.900507897624823e-06 2.198134919280863e-05 0.6687690407897219 1250
0.44 1.200690493435953e-05 2.523646311343241e-05 0.7026293410404947 1458
0.48 4.996149395163992e-05 2.35611447945516e-05 1.79152018828048 1814
0.52 0.0001215465988854275 1.46858939667224e-05 3.456916500264198 2178
0.56 0.0001952329129033399 6.048687021149984e-06 4.701781735791504 2498
0.6 0.0002092759416798881 7.554512183096301e-06 4.369674509267774 2622
0.64 0.000172878332867605 2.407843364150629e-05 3.199648508599334 3338
0.68 0.0001035813809982737 4.97522533222879e-05 1.752783839402323 3722
0.72 6.438785277036938e-05 6.396990830926149e-05 1.010062167805108 4170
0.76 0.0001157083090246477 6.900672785987823e-05 1.565220794560043 4358
0.8 0.0002379714157112325 5.142441327748445e-05 2.809928011074203 5034
0.84 0.0003662346643152317 3.640174685281872e-05 3.8857787069839 5714
0.88 0.0004290727476617472 3.956724920429486e-05 4.14138222229619 5982
0.92 0.000403168045417482 6.715767813961593e-05 3.568830891086471 6602
0.96 0.0003238933585173454 9.795266757014883e-05 2.646645171980835 7130
1 0.0003347132211594414 0.0001139439077076841 2.521743457511342 8034
1.04 0.0004102318260138258 0.0001215748842034176 2.849149496872554 8606
1.08 0.000545240042715069 0.000115795089189369 3.495147262425053 9066
1.12 0.000624018819826229 0.0001172702763435458 3.71245932254684 9962
1.16 0.0006802672571285059 0.0001387206315067239 3.77223697866306 10550
1.2 0.0006813264432046062 0.0001676360103277127 3.53209203149885 11226
1.24 0.000675201760698727 0.000194795342799117 3.279559221650088 12146
1.28 0.0007057837317781151 0.0002219590802906932 3.215862416966773 12303
1.32 0.000833216393794737 0.0002177891313131456 3.561239659912552 12584
1.36 0.0009575601390281977 0.0002285576415909986 3.852150222178312 12120
1.4 0.001013432767752679 0.0002607416900829837 3.846852885309271 11180
1.44 0.001060515596181351 0.0002794188027619234 3.803516749512169 11096
1.48 0.001257399913292578 0.000270762606396566 4.263292298588699 10056
1.52 0.001425610307635585 0.0002895858755603123 4.579694431968453 9716
1.56 0.00141758332788524 0.0003247896326765606 4.323694787076751 8604
1.6 0.001567673595315932 0.0003608682931383316 4.543078131182178 8060
1.64 0.001658656925559376 0.0003882083966030281 4.574282233051949 7320
1.68 0.001912999022198809 0.0003827592538684249 5.025113464932332 6356
1.72 0.001971282294726265 0.0003949019071241957 4.938191542832374 5348
1.76 0.002062032486528863 0.0004483552278379032 4.931765746893926 4308
1.8 0.001979837455409044 0.0005261200776402058 4.529512383706997 3563
1.84 0.001812651950464501 0.0006354278367753773 3.974030608557789 2448
1.88 0.001603480195260559 0.0007301150957917284 3.369598400855077 1868
1.92 0.001402746962804548 0.0008883901820669736 2.829730850343362 1358
1.96 0.00172610506482706 0.0009111817860246879 3.334955449128604 1062
2 0.001936124466249812 0.0008062213414732692 3.591613780625009 776
2.04 0.00303653311233257 0.0007832287437842996 5.410492619489063 432
2.08 0.003412811663026119 0.0007092670934521338 5.825986872473067 200
2.12 0.0038492846816395 0.0007399057711695193 6.312570149794471 168
2.16 0.002553844833505602 0.0004980591390883764 4.041039106548344 56
2.2 0.001703530773230739 0.000507093039250335 2.60275033503732 7


0.04 1.395272247945484e-08 8.944418281297828e-09 1.745225205692256 18
0.08 9.482730502840684e-08 8.093849505687255e-08 1.740171794322405 62
0.12 2.343073511238222e-07 4.285554967131462e-07 2.166063351231808 98
0.16 1.984125184888151e-07 9.393882209256008e-07 1.608851620334591 210
0.2 1.890655373542971e-07 1.618933537620791e-06 1.202578145106462 350
0.24 1.518538921249024e-06 2.181223204255127e-06 1.215437130593413 450
0.28 5.876802832177955e-06 2.286872251683874e-06 1.678514957351762 602
0.32 1.373120524105904e-05 1.611025486225514e-06 2.32138419425381 762
0.36 2.740980733415735e-05 5.9645784638669e-07 3.353963287715483 1142
0.4 3.733926339571082e-05 6.766723319430074e-07 3.647606114072878 1250
0.44 3.081756745784087e-05 3.650050853881271e-06 2.558680479895546 1458
0.48 1.654882943787038e-05 9.057171512173514e-06 1.309057453338929 1814
0.52 6.391616492472422e-06 1.351414973139033e-05 0.5987285434027094 2178
0.56 2.171100578439702e-05 1.273025797707841e-05 1.210044126701645 2498
0.6 5.650855900765398e-05 6.81965864136871e-06 2.410366868121083 2622
0.64 8.710264106781734e-05 3.324609662196266e-06 3.184034569707941 3338
0.68 8.428649689785733e-05 7.758936443104722e-06 2.751577762250266 3722
0.72 4.763672385201671e-05 1.776787677189931e-05 1.449262761562278 4170
0.76 3.373226404665778e-05 2.67369723214574e-05 0.9700742302956072 4358
0.8 6.428784068403107e-05 2.360700625835321e-05 1.55785047625813 5034
0.84 0.0001191406565688082 1.657068155544652e-05 2.531092371370747 5714
0.88 0.0001484686422239545 1.627357539878255e-05 2.856323652736728 5982
0.92 0.0001373388725647637 2.62714703228816e-05 2.43176111283743 6602
0.96 0.0001155294419108165 3.543360719048906e-05 1.89413493601415 7130
1 0.000144017515656953 3.579460091860701e-05 2.158590356834749 8034
1.04 0.0001866680431563948 3.54537612527394e-05 2.569201731662673 8606
1.08 0.0002179639949978136 3.780468983866128e-05 2.773135494930852 9066
1.12 0.0002128744580658597 4.598626992648888e-05 2.522148920339648 9962
1.16 0.0002109456662248038 5.844787453704083e-05 2.336004600644047 10550
1.2 0.0002307664319293816 6.405848659259315e-05 2.383626150635215 11226
1.24 0.0002641625152418383 6.552391053811321e-05 2.54665136155266 12146
1.28 0.0003000001305716149 6.966910819622189e-05 2.7071826794247 12303
1.32 0.0003474881249392343 6.861960479936973e-05 2.93899270962833 12584
1.36 0.0003658883983688042 7.876010080277276e-05 2.915993450953775 12120
1.4 0.000395429896772914 8.806783661363589e-05 2.972129600508529 11180
1.44 0.0004474347956098664 8.704245522277314e-05 3.171894980617703 11096
1.48 0.0004444534489386151 0.0001015489719985462 2.985210863439976 10056
1.52 0.0004505610285260059 0.0001209131310394072 2.871507550930633 9716
1.56 0.0004655568201009524 0.0001285392245340699 2.815326385185384 8604
1.6 0.0005076664670109552 0.000144464126223893 2.91663355348947 8060
1.64 0.0005470062348781638 0.0001534951190892638 2.988915796831335 7320
1.68 0.0006101016609878707 0.0001595173420493434 3.17407318718591 6356
1.72 0.0006973221224465858 0.0001483394448572361 3.45331567715766 5348
1.76 0.000815164102771227 0.0001472451774699028 3.84862041690378 4308
1.8 0.0008660122900864394 0.0001543114018155085 3.90742628107868 3563
1.84 0.0007898746544724995 0.0001943246899097122 3.417112345067432 2448
1.88 0.0007317646648132369 0.0002216939592130646 3.03424462124664 1868
1.92 0.0006096657228679547 0.0002872378927771891 2.431117586516369 1358
1.96 0.0006086337630402317 0.0003255679409606951 2.330654139287887 1062
2 0.0006932847356037798 0.0002889104679793817 2.544583933708516 776
2.04 0.001155614709694126 0.0002723229838515826 4.063946303675962 432
2.08 0.001326207369981498 0.0002409292044882339 4.465094664398563 200
2.12 0.001550092153248608 0.0002383847583218827 5.010996478092293 168
2.16 0.0009960631506301968 0.0001673934407458434 3.10742044427703 56
2.2 0.0007148143779877303 0.0001597220172826669 2.15315840792761 7


0.04 2.216110486705123e-08 1.832395130646995e-09 1.826553712003904 18
0.08 2.042295959763584e-07 1.232428598303327e-08 2.044703091363229 62
0.12 1.105726876013238e-06 3.062361726698185e-08 3.187826161547521 98
0.16 2.465485795902539e-06 2.457716026965513e-08 3.145031568130538 210
0.2 4.275361399231039e-06 2.402209059914007e-08 3.106077140761563 350
0.24 5.642771647330062e-06 2.08928925499083e-07 2.785940567172595 450
0.28 5.547509062745136e-06 7.956059620743463e-07 2.135826027398197 602
0.32 3.357537415482043e-06 1.783748116629704e-06 1.258361828892882 762
0.36 9.973374463348563e-07 3.275591739103465e-06 0.7169902685115348 1142
0.4 3.591936033199869e-06 3.882697140789584e-06 0.9532928754594363 1250
0.44 1.45203057536581e-05 2.445288308765548e-06 1.933494387121816 1458
0.48 2.852792776854845e-05 8.339390846808752e-07 2.893984895536734 1814
0.52 3.252532910382294e-05 1.320985764286904e-06 2.798388291666778 2178
0.56 2.049354587961471e-05 5.257359574682398e-06 1.636856164436202 2498
0.6 7.138873652135664e-06 8.861892854041442e-06 0.645642607835418 2622
0.64 1.509154647880986e-05 8.751419970900238e-06 0.9784022762617814 3338
0.68 4.23281843954515e-05 5.014183486771563e-06 2.114517057503509 3722
0.72 5.589892072579084e-05 3.355987352591999e-06 2.44058748134057 4170
0.76 4.892294549563781e-05 8.198322097193942e-06 1.953653821799899 4358
0.8 3.045814362672118e-05 1.406277941058457e-05 1.15528962080533 5034
0.84 3.908868924745681e-05 1.479623772722861e-05 1.313049129837218 5714
0.88 6.800954395215668e-05 1.183183128811169e-05 1.997099352501549 5982
0.92 8.389259167543155e-05 1.2534234461991e-05 2.23490266683704 6602
0.96 7.605541502323297e-05 1.665962429113587e-05 1.872446659260443 7130
1 7.652602642473883e-05 2.019054411606457e-05 1.740783148300803 8034
1.04 9.710722777984913e-05 2.066749170635716e-05 2.023222449955185 8606
1.08 0.0001256465376561079 1.949586141414782e-05 2.404629369747089 9066
1.12 0.0001275878461428888 2.289894739032145e-05 2.271475667826828 9962
1.16 0.0001293786872334558 2.905646550959753e-05 2.152627293036548 10550
1.2 0.0001364638283569241 3.297168505972404e-05 2.120137396089429 11226
1.24 0.0001512494181007699 3.460490440812396e-05 2.193448373556266 12146
1.28 0.00016649583859097 3.788240733286373e-05 2.260780568924102 12303
1.32 0.0001870858280759222 3.851462229135271e-05 2.380176400046167 12584
1.36 0.0002065061914215044 4.198445534081698e-05 2.471767283519655 12120
1.4 0.0002216651436672858 4.732753800090346e-05 2.502211143830562 11180
1.44 0.0002446628784016783 4.808633634647898e-05 2.604277179537305 11096
1.48 0.0002338025476124185 5.795537342726242e-05 2.36127849170722 10056
1.52 0.0002380288814549473 6.822478787380308e-05 2.281715146600145 9716
1.56 0.0002617619649216724 6.894173559439882e-05 2.376114398058461 8604
1.6 0.0003039738273740957 7.335437276483574e-05 2.616784642498137 8060
1.64 0.0003431602447749018 7.433320191226373e-05 2.805853637616955 7320
1.68 0.0003965515929003297 7.36392236063808e-05 3.083981531353837 6356
1.72 0.0004034186308478938 7.717579752658388e-05 2.991502244894514 5348
1.76 0.0003971391949893056 9.28903852397645e-05 2.815155093316047 4308
1.8 0.0003616522101661208 0.000110970323176623 2.457049172386104 3563
1.84 0.0003863282285267421 0.0001168329553027205 2.510496758389986 2448
1.88 0.0004278718738085037 0.000114441782250624 2.656646826843609 1868
1.92 0.0005582035991365199 0.0001041939534466454 3.308465156009807 1358
1.96 0.0007947094027492868 7.143454400520135e-05 4.500930350379088 1062
2 0.0007832172435940225 6.572422243220507e-05 4.263866119855265 776
2.04 0.0008360611964742278 0.0001049440988591526 4.385692390854282 432
2.08 0.0007623327908495982 0.0001270012826929822 3.838046216032074 200
2.12 0.0007813050238369936 0.0001505021840787552 3.781808322327127 168
2.16 0.0004156874583125132 0.0001230742724731762 1.94695051389767 56
2.2 0.0004713306955863007 7.063857790087898e-05 2.119726845973131 7


0.04 6.801620543182272e-09 2.815546279551893e-09 1.778904422444445 18
0.08 4.599915676210044e-08 2.638224985916052e-08 1.834717388440888 62
0.12 1.191894811411368e-07 1.457505513652254e-07 2.399793768058724 98
0.16 9.691871825016403e-08 3.304561517198097e-07 1.869562381972771 210
0.2 7.254581008448418e-08 5.783996551767234e-07 1.444145426492025 350
0.24 6.710818679760113e-07 7.555588981306039e-07 1.374386107386761 450
0.28 2.640854398063253e-06 7.109334931073851e-07 1.698637935778727 602
0.32 5.879689096770977e-06 3.838399570287357e-07 2.111040599185524 762
0.36 1.031133172169492e-05 1.218275452935459e-07 2.654221483752988 1142
0.4 1.108399849393383e-05 7.275472724921036e-07 2.371614475523908 1250
0.44 5.625941213874962e-06 2.426183675960447e-06 1.234367642126521 1458
0.48 1.748576125425979e-06 4.081744578373216e-06 0.617277631488977 1814
0.52 7.240783998361991e-06 3.762895057222253e-06 1.08410641643228 2178
0.56 2.155606093205733e-05 1.669697024766455e-06 2.18878692946069 2498
0.6 2.764170947889768e-05 9.429174022060108e-07 2.363333193004985 2622
0.64 1.951179548272015e-05 3.711511143703513e-06 1.546773125943866 3338
0.68 9.118199393440079e-06 7.207501184100536e-06 0.7647790279574285 3722
0.72 1.639765393566829e-05 6.411407993589235e-06 1.069096433461345 4170
0.76 3.812781521241925e-05 3.979949225566019e-06 2.026806742456365 4358
0.8 4.375203721254301e-05 4.089032658291498e-06 2.078565134714854 5034
0.84 3.33310776410233e-05 8.017189561754931e-06 1.481384322131235 5714
0.88 3.105543738502249e-05 1.058242028548478e-05 1.276070075174688 5982
0.92 4.724376342678969e-05 9.764654472690137e-06 1.714791539665999 6602
0.96 5.743686484636816e-05 9.166244895444369e-06 1.887252242527959 7130
1 5.17893510062957e-05 1.276293570622418e-05 1.586193878643346 8034
1.04 5.447836612515761e-05 1.539052977959594e-05 1.545328367839431 8606
1.08 7.063069260222945e-05 1.514726691914932e-05 1.831017516920226 9066
1.12 8.331099058424527e-05 1.489827433325501e-05 1.991453982178268 9962
1.16 9.3724803471039e-05 1.691543591739156e-05 2.083497080948027 10550
1.2 9.550813444195702e-05 2.009325593901434e-05 1.986053419892745 11226
1.24 0.0001015931883446158 2.193877102275707e-05 1.974676377827491 12146
1.28 0.0001119123210103216 2.400605600081005e-05 2.035669462205108 12303
1.32 0.0001174810740011097 2.610336225457878e-05 2.00633223810373 12584
1.36 0.0001345051040739423 2.74238255158751e-05 2.156565364487097 12120
1.4 0.000147962736213528 3.014161345487787e-05 2.234794728168445 11180
1.44 0.0001614713075202607 3.095976850579928e-05 2.299134131623299 11096
1.48 0.0001631861579289019 3.543070855985632e-05 2.201463351159817 10056
1.52 0.0001663321396042649 4.201274213959992e-05 2.130314922606331 9716
1.56 0.0001718899505554437 4.466840960113959e-05 2.088071069108779 8604
1.6 0.000194213092915679 4.871339429238546e-05 2.237933261731652 8060
1.64 0.0002202314998815976 4.929531944014372e-05 2.408281387749968 7320
1.68 0.0002508968116361906 4.984000401358988e-05 2.608556066618153 6356
1.72 0.0002524596244968081 5.276201584616544e-05 2.503089384788779 5348
1.76 0.0002490457689373214 6.27255847750912e-05 2.361329954625709 4308
1.8 0.0002379998617767789 7.1628978122687e-05 2.161515637231593 3563
1.84 0.0002861350114225188 6.836034508444691e-05 2.477216430361084 2448
1.88 0.0003261654881945485 6.405182313935134e-05 2.69555789922035 1868
1.92 0.0004227687974065128 5.519343046275719e-05 3.334266507751231 1358
1.96 0.0004989908357803699 5.198223075182474e-05 3.768821975805877 1062
2 0.0004294566549715129 6.209085714113153e-05 3.123930926721331 776
2.04 0.000376439471600362 0.0001068649998489309 2.650467810881337 432
2.08 0.000324108379557659 0.0001218026941067866 2.195187498738662 200
2.12 0.0002953546432307215 0.0001461085715389207 1.930278377952495 168
2.16 0.000255835364172192 8.33609896854892e-05 1.60132970861002 56
2.2 0.0001967986878135683 7.109334450861595e-05 1.189115445633451 7


0.04 8.998722110330274e-09 1.146009380180365e-09 1.804996156319202 18
0.08 8.589454205064216e-08 7.805112917590167e-09 1.96798849003618 62
0.12 4.86030828965052e-07 2.094814584638634e-08 2.956785562964014 98
0.16 1.12563617210092e-06 1.743866643703221e-08 2.825888457717624 210
0.2 2.004122993116338e-06 1.043548750765293e-08 2.730404264674488 350
0.24 2.627362618045883e-06 9.980352962886997e-08 2.425431168625739 450
0.28 2.422987355666304e-06 4.064190439970512e-07 1.848754260833267 602
0.32 1.222350773642652e-06 9.040531627693369e-07 1.112343236958818 762
0.36 4.443491844188954e-07 1.533292970602254e-06 0.7931565364920714 1142
0.4 3.088403840061067e-06 1.522418361499823e-06 1.229618412297268 1250
0.44 9.244491226671983e-06 6.402447197206203e-07 2.052034483153009 1458
0.48 1.397413957753411e-05 2.731285867876456e-07 2.437767424219287 1814
0.52 1.0862838701187e-05 1.534634086741113e-06 1.730312932408242 2178
0.56 3.769974345399049e-06 3.661456992812081e-06 0.7534038577043236 2498
0.6 4.935860252494183e-06 3.786021555895779e-06 0.7538874020925013 2622
0.64 1.689429190934277e-05 2.028280954199955e-06 1.661521345242305 3338
0.68 2.47453277020101e-05 1.34140909550633e-06 2.071764308223177 3722
0.72 1.639260761544229e-05 3.649866189257981e-06 1.297873607856979 4170
0.76 1.056923023631536e-05 6.408518467726415e-06 0.8388074170974112 4358
0.8 1.932688729770665e-05 5.460359284019901e-06 1.232523086607878 5034
0.84 3.178763599780275e-05 4.063681414090694e-06 1.739794170658886 5714
0.88 3.1757853372922e-05 5.589290442804823e-06 1.594923515435542 5982
0.92 2.927127795134272e-05 8.000060778469037e-06 1.368069087237713 6602
0.96 3.510600034215856e-05 7.870031078778146e-06 1.478668563271532 7130
1 4.534991812767119e-05 7.404659822163518e-06 1.727988785155275 8034
1.04 4.670141250125109e-05 9.42108878122714e-06 1.651477358213893 8606
1.08 4.356882047415564e-05 1.239405942651686e-05 1.444158616365381 9066
1.12 5.065191290246369e-05 1.263409485878854e-05 1.544232074924014 9962
1.16 6.207768731367742e-05 1.322105640549234e-05 1.747007170043102 10550
1.2 6.869105233002142e-05 1.436098875722155e-05 1.799012302170871 11226
1.24 7.327213243574892e-05 1.56460216036424e-05 1.792720107915448 12146
1.28 8.040461915103526e-05 1.718729697841937e-05 1.84043425517599 12303
1.32 8.386973443324266e-05 1.881530656043114e-05 1.802536415883472 12584
1.36 8.971058379661941e-05 2.11277307140065e-05 1.814923891670916 12120
1.4 0.0001046794621879178 2.19394932552902e-05 1.988006733789983 11180
1.44 0.0001128948286478265 2.284412009570305e-05 2.020959594107528 11096
1.48 0.0001284373038253838 2.293923487493075e-05 2.167762329804102 10056
1.52 0.0001372356747200781 2.624300937646516e-05 2.19533893010303 9716
1.56 0.0001297551248103492 3.064006631246746e-05 1.975714448938696 8604
1.6 0.0001377774061445336 3.528252438292492e-05 1.994317125650953 8060
1.64 0.0001504440341637086 3.701098494040531e-05 2.067967987971268 7320
1.68 0.0001680935458866204 3.835491323078711e-05 2.196545705276994 6356
1.72 0.0001750963451768235 3.914452094912462e-05 2.179118260855013 5348
1.76 0.0001808667844647994 4.445604061264058e-05 2.150089545463868 4308
1.8 0.0001727503022244168 5.085550064833839e-05 1.9679083791241 3563
1.84 0.0001996403146115741 5.026285981543887e-05 2.168541540957305 2448
1.88 0.000227985248377197 4.732019156071339e-05 2.361974147678558 1868
1.92 0.0002966100243529995 4.125640466723316e-05 2.929212077403647 1358
1.96 0.0003647611133891291 3.605750950364566e-05 3.445398653942121 1062
2 0.0003158801017208872 4.294924309333129e-05 2.874076529884289 776
2.04 0.0002757840536399584 7.521478855179832e-05 2.431834153560351 432
2.08 0.0002360144290261102 8.628628905150216e-05 2.003728688808756 200
2.12 0.0002113456782301771 0.0001044406278525659 1.733973227676262 168
2.16 0.0001850227880369127 5.932065615435295e-05 1.450867265451203 56
2.2 0.0001389094110689535 5.131951628992948e-05 1.052369101400445 7


0.04 4.803123141378483e-09 1.311658406701528e-09 1.791754226918683 18
0.08 3.310754221366012e-08 1.275169922228108e-08 1.87660235855138 62
0.12 9.288914540860336e-08 7.385521791151121e-08 2.516505875206376 98
0.16 8.119715412308159e-08 1.747090688253596e-07 2.011016792067124 210
0.2 3.696343439651599e-08 3.167418294569448e-07 1.570855552216726 350
0.24 3.430131126914714e-07 4.182465529276331e-07 1.426366037816283 450
0.28 1.483256349474738e-06 3.811551374207833e-07 1.642469111843699 602
0.32 3.349929762053655e-06 1.828812864868383e-07 1.932078645375036 762
0.36 5.594203595618549e-06 7.681107178798442e-08 2.28834202903101 1142
0.4 5.252420013149962e-06 5.65037831698263e-07 1.883796890153 1250
0.44 1.912112840523337e-06 1.564227184153493e-06 0.9235328023477702 1458
0.48 1.229545302081417e-06 2.168210233538349e-06 0.6951588356881881 1814
0.52 6.863572618181346e-06 1.450676349793351e-06 1.422841373933545 2178
0.56 1.400740844374261e-05 4.581684594198182e-07 2.149598677615832 2498
0.6 1.216443592752677e-05 1.13983400306793e-06 1.66529616290929 2622
0.64 5.387834254727014e-06 3.126025023873291e-06 0.8138675605155027 3338
0.68 6.312177376766662e-06 3.643716049598513e-06 0.8167685033563465 3722
0.72 1.631513942410071e-05 1.962369434330881e-06 1.514505607782451 4170
0.76 2.235671732084435e-05 1.879872269403459e-06 1.814097983572363 4358
0.8 1.570693102144783e-05 3.972252189918519e-06 1.214842374243724 5034
0.84 1.463329510167881e-05 5.120132549609291e-06 1.048027233338234 5714
0.88 2.363415358015134e-05 4.365720855185362e-06 1.447598409038589 5982
0.92 2.813869680285657e-05 4.859950953008295e-06 1.558498330643024 6602
0.96 2.492378658411055e-05 6.390897967245811e-06 1.287567842997938 7130
1 2.923725745800001e-05 6.76565172773306e-06 1.37354444318035 8034
1.04 3.816145903157221e-05 6.623772096979112e-06 1.625956644884344 8606
1.08 4.31827141247418e-05 7.327765745892613e-06 1.696646486687763 9066
1.12 4.199475751145413e-05 8.91630551970696e-06 1.541101199197835 9962
1.16 4.573170811701216e-05 1.041914371779697e-05 1.562467551256011 10550
1.2 5.229943697254153e-05 1.09545884043884e-05 1.657179500861324 11226
1.24 5.663914872219627e-05 1.175274118360644e-05 1.674073750191014 12146
1.28 6.151755243801618e-05 1.304294513681258e-05 1.701491036475089 12303
1.32 6.734013895846136e-05 1.360450023106031e-05 1.743090846618329 12584
1.36 6.947588954829297e-05 1.586267449357483e-05 1.696442128308504 12120
1.4 7.553284644537092e-05 1.762468532863659e-05 1.73697041100249 11180
1.44 8.065840866825207e-05 1.856550166940488e-05 1.748114765846277 11096
1.48 9.472862925621387e-05 1.814599306690243e-05 1.930400520115614 10056
1.52 0.0001079007767613249 1.926540015650101e-05 2.077627715407295 9716
1.56 0.0001081313433801054 2.134935522634188e-05 1.977312876295389 8604
1.6 0.000116132985410055 2.449057231516299e-05 2.017939877533461 8060
1.64 0.0001194959925154388 2.716838723553091e-05 1.976533170715428 7320
1.68 0.0001278896236806156 2.928670189061107e-05 2.01378755009033 6356
1.72 0.000136453062266455 2.917215075484715e-05 2.043765817379191 5348
1.76 0.0001492081592480738 3.138499003214717e-05 2.130238630907574 4308
1.8 0.000142573100495483 3.634726075782157e-05 1.951036537739798 3563
1.84 0.0001384550103332707 4.127344691727548e-05 1.817806618608353 2448
1.88 0.0001529799246999502 4.059752308963101e-05 1.915711464107873 1868
1.92 0.0001948784802312361 3.829156345760356e-05 2.323597039222071 1358
1.96 0.0002868012583517375 2.563411534181275e-05 3.25283649412376 1062
2 0.0002777298004072205 2.468091204437908e-05 3.027485843915558 776
2.04 0.0002774762033956971 4.253012982970981e-05 2.921955077871171 432
2.08 0.0002442058056354683 5.156366821789002e-05 2.473188147114382 200
2.12 0.0002314519064984881 6.400322478266269e-05 2.259887247303554 168
2.16 0.0001436472988929554 4.456758684076925e-05 1.354913789870381 56
2.2 0.000141869270589146 3.115298377260781e-05 1.283141682542587 7


0.04 4.563923594344621e-09 8.782608678202229e-10 1.795265296907878 18
0.08 4.530776326621454e-08 6.121899812117582e-09 1.931631601195055 62
0.12 2.695959307650404e-07 1.782168197957986e-08 2.842380886666837 98
0.16 6.539204181459492e-07 1.629409974241785e-08 2.665271318761484 210
0.2 1.213529353283008e-06 6.231765668186775e-09 2.549686978146126 350
0.24 1.62719417950111e-06 5.26265862296863e-08 2.279494052692125 450
0.28 1.485676840322515e-06 2.416777873839101e-07 1.769536389556292 602
0.32 6.975787485197895e-07 5.554105058355315e-07 1.109827335792478 762
0.36 3.123457637281285e-07 9.185645522185519e-07 0.8706470314881285 1142
0.4 2.341777650727724e-06 8.239639050675526e-07 1.319446787849931 1250
0.44 6.193629681102974e-06 2.656980188057632e-07 1.970433350712608 1458
0.48 8.049347040576459e-06 2.53390031329525e-07 2.063932805824457 1814
0.52 4.761503697322741e-06 1.305860309863194e-06 1.249340988004674 2178
0.56 1.610189684309378e-06 2.350933517169213e-06 0.6374901542407367 2498
0.6 5.575634751672653e-06 1.749337458767481e-06 1.049517800574364 2622
0.64 1.272736766354741e-05 7.121185366834335e-07 1.746567905093991 3338
0.68 1.232109582762901e-05 1.375464834004982e-06 1.530603189336075 3722
0.72 6.04418858091452e-06 3.016153176682745e-06 0.7949821306044259 4170
0.76 8.890244724599477e-06 3.345782741069376e-06 0.9719268011556231 4358
0.8 1.713558139010661e-05 2.167981408735163e-06 1.495242659060113 5034
0.84 1.808319739341769e-05 2.715051572146252e-06 1.432175927698101 5714
0.88 1.50692835465154e-05 4.256196815978746e-06 1.130044234472036 5982
0.92 2.005662662800558e-05 4.342671963801526e-06 1.331214632485938 6602
0.96 2.499541509027287e-05 3.978467101676168e-06 1.483506104180235 7130
1 2.282817205238734e-05 5.464979415085182e-06 1.269875051416104 8034
1.04 2.392999415620201e-05 6.61467907052514e-06 1.23439682104009 8606
1.08 3.058774452329704e-05 6.599075340601442e-06 1.431098410665798 9066
1.12 3.494618856758315e-05 6.742023066435484e-06 1.503807151901835 9962
1.16 3.867275173552994e-05 7.78175746146598e-06 1.547052986688861 10550
1.2 4.080073406927087e-05 8.863300819734331e-06 1.523337937651042 11226
1.24 4.367619810925776e-05 9.617059131687141e-06 1.521536664449282 12146
1.28 4.91862775246291e-05 1.029877765122829e-05 1.598151692032164 12303
1.32 5.240099362773369e-05 1.104059890572388e-05 1.59550830879304 12584
1.36 6.112110943635446e-05 1.133952681603093e-05 1.740945933069206 12120
1.4 6.298453773788632e-05 1.336959451565523e-05 1.695410283431897 11180
1.44 6.492444735293148e-05 1.457443183707454e-05 1.650354177825542 11096
1.48 6.580674613342805e-05 1.644519058183544e-05 1.585330208418868 10056
1.52 7.360477016890429e-05 1.789554012982469e-05 1.67532618810103 9716
1.56 8.439636142120364e-05 1.727462985601796e-05 1.810512304953056 8604
1.6 9.650242712335076e-05 1.854042576373777e-05 1.960872485875634 8060
1.64 0.000101886190768305 2.009542263296906e-05 1.968368316701595 7320
1.68 0.0001085574905895743 2.178886621843352e-05 1.996820007856707 6356
1.72 0.0001149208355366657 2.178765024097788e-05 2.010944467042177 5348
1.76 0.000129815568475884 2.250392167950646e-05 2.162198609461025 4308
1.8 0.0001335042902328592 2.449638214230281e-05 2.125490244952267 3563
1.84 0.0001145102530555243 3.181208755375396e-05 1.758493332994226 2448
1.88 0.0001119245934773536 3.434285628787357e-05 1.647452770614333 1868
1.92 0.0001163600766379567 3.877770700870392e-05 1.642197719464774 1358
1.96 0.000183619985011917 2.999281048266875e-05 2.448226799358253 1062
2 0.0002127102199942056 2.135481828029882e-05 2.711447455604759 776
2.04 0.0002749418895056417 2.195638895855381e-05 3.365719297565732 432
2.08 0.0002674481291275846 2.500343034806721e-05 3.14063276930063 200
2.12 0.0002861463544356215 2.860071758090656e-05 3.228804398966816 168
2.16 0.0001329290168319181 3.130650596326047e-05 1.460032218967057 56
2.2 0.0001577284422925782 1.495903394461059e-05 1.654435961054144 7


0.04 3.859285573343619e-09 7.009326071360797e-10 1.798558822446759 18
0.08 2.725934891201472e-08 7.109739887763669e-09 1.900798689068807 62
0.12 8.256017698243338e-08 4.346819092797725e-08 2.589414913199816 98
0.16 7.96728238412307e-08 1.081326749783708e-07 2.104846688283439 210
0.2 2.730333890474127e-08 2.055047798866082e-07 1.655528906075325 350
0.24 1.852192375952377e-07 2.802302457531589e-07 1.451266912640619 450
0.28 9.222821420395464e-07 2.572889492305579e-07 1.584680093666292 602
0.32 2.181077100342645e-06 1.192599713293728e-07 1.801167336752818 762
0.36 3.614456023995761e-06 5.58235689175386e-08 2.080711350928226 1142
0.4 3.148914726742388e-06 4.233948524821701e-07 1.667364582486502 1250
0.44 9.316882065920717e-07 1.08172887311293e-06 0.8444219991575757 1458
0.48 1.177989241735339e-06 1.331365858992867e-06 0.8006518091753753 1814
0.52 5.61617377204515e-06 7.062529001785763e-07 1.533651453276853 2178
0.56 9.186446528733e-06 2.869814129352379e-07 1.934045672153915 2498
0.6 5.995971559161366e-06 1.142753917022749e-06 1.22206077184727 2622
0.64 2.515678481188228e-06 2.236835555095922e-06 0.6438648818025787 3338
0.68 6.620176916653507e-06 1.844499739050456e-06 1.057248516409165 3722
0.72 1.23051869385423e-05 9.298025978549232e-07 1.529639452290067 4170
0.76 1.148139889739686e-05 1.870184999487658e-06 1.326104374787695 4358
0.8 7.693089796853446e-06 3.109986941935894e-06 0.8820277976838824 5034
0.84 1.190676817751421e-05 2.82832545371865e-06 1.134254717552797 5714
0.88 1.675047407821189e-05 2.558983602135288e-06 1.387768020197679 5982
0.92 1.565402107597027e-05 3.724291028292866e-06 1.213498899591681 6602
0.96 1.605186823397165e-05 4.189807589456443e-06 1.139917702965174 7130
1 2.261171400356392e-05 3.650485402436306e-06 1.419971613135017 8034
1.04 2.496723495194825e-05 4.291066275043612e-06 1.445478547586278 8606
1.08 2.375218618777434e-05 5.688473475479035e-06 1.291831532382249 9066
1.12 2.607927057869809e-05 6.062312016059341e-06 1.307759475228714 9962
1.16 3.070066922881317e-05 6.579067337367067e-06 1.420462606531292 10550
1.2 3.402433770322658e-05 7.133302752080445e-06 1.461759802843331 11226
1.24 3.694962186534221e-05 7.630626304743083e-06 1.47868430442174 12146
1.28 3.924594049853794e-05 8.656302546739565e-06 1.471579936141293 12303
1.32 4.163238457583007e-05 9.320833575693067e-06 1.462670990813816 12584
1.36 4.576834699954963e-05 1.020031452368867e-05 1.509370839299122 12120
1.4 5.388795539325895e-05 1.046359968493855e-05 1.662906868714005 11180
1.44 5.691541213156944e-05 1.114273836189201e-05 1.6557270649075 11096
1.48 5.800129845929346e-05 1.260681726435618e-05 1.598737806950109 10056
1.52 6.268723244633836e-05 1.416218495007752e-05 1.635968119943763 9716
1.56 6.538150471967598e-05 1.495427549582867e-05 1.616388814761132 8604
1.6 7.198864408915113e-05 1.668930172932308e-05 1.688322039886446 8060
1.64 7.895818430135431e-05 1.741454368435759e-05 1.756176239028381 7320
1.68 8.487211912824116e-05 1.870895330036969e-05 1.795958117828795 6356
1.72 8.743194498445838e-05 1.928501062312572e-05 1.761590352901014 5348
1.76 9.780492253291988e-05 2.02667290347413e-05 1.875282240721982 4308
1.8 0.0001129796857783232 1.927976379161139e-05 2.059640138744519 3563
1.84 0.0001173785674070104 2.098097104973167e-05 2.047658546194492 2448
1.88 0.0001101568156236097 2.415713531132648e-05 1.845134178805894 1868
1.92 9.709822726634364e-05 3.139751768989123e-05 1.571816019120094 1358
1.96 8.57044138377587e-05 3.854752029570155e-05 1.344343791466834 1062
2 0.0001067957637377285 3.206114115302937e-05 1.586613832849476 776
2.04 0.0001866558381251867 2.631054916369008e-05 2.628949803910005 432
2.08 0.0002102502957946258 2.238145565168825e-05 2.828962988835643 200
2.12 0.0002543319049021277 1.911125789627195e-05 3.278066806576398 168
2.16 0.0001323964075752093 2.056321742910792e-05 1.656049094984185 56
2.2 0.000128942169417929 1.230861423312085e-05 1.547769877338188 7


0.04 2.520225886183178e-09 7.313958707635255e-10 1.789798239144847 18
0.08 2.62073689439814e-08 5.229140516445473e-09 1.910069331179108 62
0.12 1.65307820998481e-07 1.638106824632574e-08 2.771194455500521 98
0.16 4.233450697082232e-07 1.657091120463005e-08 2.562856572189184 210
0.2 8.274152153419571e-07 5.561577812290219e-09 2.437151455911708 350
0.24 1.153801045272426e-06 2.861862293577918e-08 2.202539123792903 450
0.28 1.074716478326126e-06 1.546442523603998e-07 1.750436419680344 602
0.32 5.00980118288526e-07 3.768185956033263e-07 1.138978401199175 762
0.36 2.296076998369638e-07 6.27768207116792e-07 0.9242184144871277 1142
0.4 1.761441672158122e-06 5.346476197627306e-07 1.336600584690528 1250
0.44 4.42747422272154e-06 1.475499575206103e-07 1.867088087443449 1458
0.48 5.236264217330119e-06 2.357333008389905e-07 1.821558365454814 1814
0.52 2.545693667802831e-06 1.047021671897248e-06 1.032815676115462 2178
0.56 1.27381876755072e-06 1.578281670968546e-06 0.6778493157615688 2498
0.6 5.207293203533988e-06 9.153824844059359e-07 1.209609811990618 2622
0.64 9.015912372236298e-06 4.353998711363785e-07 1.624468174055007 3338
0.68 6.509841832274082e-06 1.353138623869997e-06 1.145629655064814 3722
0.72 3.697057591096024e-06 2.163504403608505e-06 0.6976475034821145 4170
0.76 8.725910505147632e-06 1.750398465429816e-06 1.176966371265084 4358
0.8 1.255720625651283e-05 1.329469620214206e-06 1.429799445828062 5034
0.84 1.03795416749923e-05 2.294046076498159e-06 1.122318383631365 5714
0.88 1.066396878291165e-05 2.855084991419218e-06 1.058158297521297 5982
0.92 1.553170417244606e-05 2.616478753948237e-06 1.335785695454713 6602
0.96 1.576321922825508e-05 3.032261526303741e-06 1.244697798462789 7130
1 1.434164183741507e-05 4.03286212194778e-06 1.067697719361768 8034
1.04 1.828123353379608e-05 4.153248712007398e-06 1.224643769013451 8606
1.08 2.329420531982215e-05 4.057175410108107e-06 1.41217609944905 9066
1.12 2.381797698341964e-05 4.675362616654093e-06 1.343177949307705 9962
1.16 2.602789773554576e-05 5.460429049470053e-06 1.365445229188328 10550
1.2 2.884230509279278e-05 5.917421760242352e-06 1.404160659677058 11226
1.24 3.10305313787612e-05 6.390691474178061e-06 1.407833165529844 12146
1.28 3.47185999383519e-05 6.879294612889968e-06 1.468276189365869 12303
1.32 3.694007349024784e-05 7.387518229244849e-06 1.463171263740538 12584
1.36 3.803579585759725e-05 8.630905452862233e-06 1.422114783955928 12120
1.4 4.133182366901818e-05 9.5927227780841e-06 1.454198150483427 11180
1.44 4.555072321969922e-05 9.805727209382913e-06 1.504689450475276 11096
1.48 5.264511512279358e-05 9.715825968796338e-06 1.632443600720787 10056
1.52 5.841880365574653e-05 1.063156404693594e-05 1.712119406856194 9716
1.56 5.807511675692301e-05 1.185635510623965e-05 1.617567543607464 8604
1.6 6.331254382999519e-05 1.337791717625482e-05 1.673839457625702 8060
1.64 6.635536076510649e-05 1.457706477837019e-05 1.668020673160279 7320
1.68 7.013695111244406e-05 1.590826203738177e-05 1.67869318139522 6356
1.72 6.939031908840961e-05 1.701143871395646e-05 1.584778803753852 5348
1.76 7.177370632830462e-05 1.919054531887492e-05 1.56620867379886 4308
1.8 7.890866086187224e-05 1.956000202364535e-05 1.639054398168163 3563
1.84 0.0001022787542238853 1.676120672514091e-05 2.010231184405864 2448
1.88 0.0001088037649884805 1.67251613566548e-05 2.042405401244361 1868
1.92 0.0001196588530183182 1.812263800677989e-05 2.148864356582062 1358
1.96 8.65416411861994e-05 2.919996608245148e-05 1.518347070411395 1062
2 6.287665096847974e-05 3.264553064868971e-05 1.077941559432958 776
2.04 7.751760107245888e-05 3.90633694324753e-05 1.274144767665498 432
2.08 9.33668255558725e-05 3.660695563433846e-05 1.453809534775823 200
2.12 0.0001146108444897841 3.724210736367694e-05 1.702065944128164 168
2.16 0.0001059693821261182 1.832660910907229e-05 1.496526081856705 56
2.2 5.822797618527742e-05 2.105784972497445e-05 0.8050997947609455 7


0.04 3.284700041671872e-09 3.940327513655553e-10 1.802621259814621 18
0.08 2.379420198408318e-08 4.206727129171531e-09 1.916496261555038 62
0.12 7.715538572644898e-08 2.740017153805621e-08 2.640435530734669 98
0.16 8.205601295016485e-08 7.228452371131961e-08 2.174565889218565 210
0.2 2.870424220336937e-08 1.453463719379832e-07 1.720892227809458 350
0.24 1.010027422841856e-07 2.073917468449059e-07 1.468339135115224 450
0.28 6.036007706735397e-07 1.962893791297431e-07 1.534343041515629 602
0.32 1.529724867127063e-06 9.23948606839651e-08 1.701166441348217 762
0.36 2.58434112253755e-06 4.113442428795792e-08 1.951056069506238 1142
0.4 2.178307436690874e-06 3.192207843504202e-07 1.564313332804929 1250
0.44 5.746949236364192e-07 7.936832681060376e-07 0.8331806637233656 1458
0.48 1.064583331241083e-06 9.076362444168569e-07 0.87073739038846 1814
0.52 4.493780706806354e-06 4.089449709561978e-07 1.547468936797863 2178
0.56 6.354185236606487e-06 2.53961129885924e-07 1.736700515259853 2498
0.6 3.337033716567332e-06 1.017632810399432e-06 0.9783859012902346 2622
0.64 1.877203720800123e-06 1.585015517605635e-06 0.6467849787106587 3338
0.68 6.183056828023613e-06 1.021550423071204e-06 1.197508080493071 3722
0.72 8.695656166500472e-06 6.934992152266695e-07 1.388494566230745 4170
0.76 6.315609791140351e-06 1.738077930738069e-06 1.006175639814035 4358
0.8 5.662375912182745e-06 2.193579502485492e-06 0.8452171423192082 5034
0.84 9.964330754239518e-06 1.726805411781016e-06 1.18651699850577 5714
0.88 1.109887031109076e-05 2.023979607260365e-06 1.194437200958003 5982
0.92 1.051937477212557e-05 2.812219793914657e-06 1.062678597400149 6602
0.96 1.32545572407679e-05 2.63250917562893e-06 1.179769296815566 7130
1 1.606834057330905e-05 2.645550200981209e-06 1.288275913394131 8034
1.04 1.595219510254205e-05 3.481162723329291e-06 1.196939267686973 8606
1.08 1.661924641114046e-05 4.155070473237518e-06 1.159157123656672 9066
1.12 1.932918581869669e-05 4.205918077008745e-06 1.230592377554414 9962
1.16 2.213667767259974e-05 4.683897702021481e-06 1.302583523301026 10550
1.2 2.368000318118386e-05 5.256413498131749e-06 1.297716453242344 11226
1.24 2.526999096230239e-05 5.719425834526523e-06 1.290848529172739 12146
1.28 2.801280210386171e-05 6.22297387815406e-06 1.333893494487448 12303
1.32 3.054170811486912e-05 6.524587547644286e-06 1.357804196747279 12584
1.36 3.596932015582159e-05 6.637021201675696e-06 1.490370821510442 12120
1.4 3.763391288645944e-05 7.704962036150974e-06 1.472462939202305 11180
1.44 3.827874474645731e-05 8.513182321821038e-06 1.415579348151132 11096
1.48 3.980963629566858e-05 9.393860099708025e-06 1.39261961595593 10056
1.52 4.349145837744943e-05 1.043712220643807e-05 1.438585126268546 9716
1.56 4.860741694601598e-05 1.033750663491333e-05 1.514144045443036 8604
1.6 5.574760984423533e-05 1.107444662861349e-05 1.642128205130508 8060
1.64 6.017897915681541e-05 1.171397566689949e-05 1.682111892384008 7320
1.68 6.597279690236037e-05 1.230751080790638e-05 1.751780783705337 6356
1.72 6.85318877715515e-05 1.25660413976758e-05 1.731455813757191 5348
1.76 7.253935308113249e-05 1.400650232800992e-05 1.748841925849474 4308
1.8 6.781931353392366e-05 1.663268813584987e-05 1.571439169076669 3563
1.84 6.758498669451237e-05 1.854696967669316e-05 1.501859378171015 2448
1.88 7.764235674594129e-05 1.755314015595104e-05 1.638762712740892 1868
1.92 0.0001008572405977911 1.575566484131918e-05 2.019095333817462 1358
1.96 0.0001314609217130215 1.262574585120613e-05 2.503985136718441 1062
2 0.0001115323292581821 1.551990611910895e-05 2.05091797818698 776
2.04 9.238943395448264e-05 2.779760443229909e-05 1.661638512073528 432
2.08 7.79537115379994e-05 3.169183539635685e-05 1.356837243909492 200
2.12 6.549243896201461e-05 3.879663871267843e-05 1.113369025129104 168
2.16 6.831944090683439e-05 2.041662457978464e-05 1.087486252342892 56
2.2 4.155460350029781e-05 1.976168386165608e-05 0.6474878210287048 7


0.04 1.426272613441068e-09 6.334230203089994e-10 1.786488679002071 18
0.08 1.57047815930471e-08 4.644493781870889e-09 1.895994840398529 62
0.12 1.061475815005035e-07 1.552156772885304e-08 2.721696021417052 98
0.16 2.896527769272571e-07 1.724475804972596e-08 2.488820411607854 210
0.2 6.014832741109569e-07 6.482120826091278e-09 2.35536405364762 350
0.24 8.819024779348787e-07 1.552049933779134e-08 2.153099602385678 450
0.28 8.532713513382029e-07 1.026303832957777e-07 1.752569313015004 602
0.32 4.106466151830407e-07 2.708490325360825e-07 1.17634048828659 762
0.36 1.702459786728474e-07 4.649675871084238e-07 0.9620782843189206 1142
0.4 1.337077285274664e-06 3.895350430756818e-07 1.324312136860101 1250
0.44 3.330216103511564e-06 9.920437643181019e-08 1.774387571203633 1458
0.48 3.722834243878743e-06 2.072248297561653e-07 1.667355194379151 1814
0.52 1.582217772918541e-06 8.381575598897425e-07 0.9333643361405966 2178
0.56 1.172346981698289e-06 1.120940467113767e-06 0.7359822683269542 2498
0.6 4.529764011450572e-06 5.388085498937195e-07 1.273972919507194 2622
0.64 6.470463265836097e-06 3.671123619264688e-07 1.472763520066304 3338
0.68 3.80909573152302e-06 1.212885448510929e-06 0.9245933315786026 3722
0.72 3.117447471099427e-06 1.522285191870795e-06 0.727329736902304 4170
0.76 7.777676196450257e-06 1.02355602935545e-06 1.267496611094477 4358
0.8 8.775132642655641e-06 1.096674277778693e-06 1.264996931595251 5034
0.84 6.846734900963733e-06 1.87448056454347e-06 0.9606049995000947 5714
0.88 8.899344786599266e-06 1.905131299705482e-06 1.084930125191973 5982
0.92 1.153580222360728e-05 1.933357848145612e-06 1.240494285399881 6602
0.96 1.02672168738469e-05 2.541464929051874e-06 1.039606306519424 7130
1 1.152064948987251e-05 2.797952806348977e-06 1.060579946869162 8034
1.04 1.500940913390902e-05 2.769753956520173e-06 1.235892601357607 8606
1.08 1.680216589187256e-05 3.103081539706127e-06 1.272531052813056 9066
1.12 1.718191760017183e-05 3.560692891753876e-06 1.210518038657835 9962
1.16 1.945025007364786e-05 4.009041167990658e-06 1.267916439978217 10550
1.2 2.188046926580676e-05 4.276002050284865e-06 1.319585203645336 11226
1.24 2.39852352765747e-05 4.524682535984688e-06 1.344058713840851 12146
1.28 2.525407189212481e-05 5.194329566212363e-06 1.326969338080527 12303
1.32 2.629315002158805e-05 5.699268299670289e-06 1.296034453201401 12584
1.36 2.756195956213039e-05 6.520297633451345e-06 1.280317019244123 12120
1.4 3.286845376552272e-05 6.630278802352679e-06 1.422413261948114 11180
1.44 3.535529450609583e-05 6.924766443526655e-06 1.438628681390733 11096
1.48 3.679132848378265e-05 7.669527080082844e-06 1.416162409394824 10056
1.52 4.106196045261857e-05 8.347935499030116e-06 1.491796123396569 9716
1.56 4.175887660316301e-05 9.047878151793156e-06 1.439420887756849 8604
1.6 4.451507975992226e-05 1.04109815054486e-05 1.458612666507518 8060
1.64 4.777567882752088e-05 1.10885138900959e-05 1.485228829489746 7320
1.68 5.129557019707569e-05 1.192301268465232e-05 1.516081117729477 6356
1.72 5.520994106748957e-05 1.17875843606155e-05 1.547843326452846 5348
1.76 6.385676870528467e-05 1.193624239894815e-05 1.698373119418395 4308
1.8 7.008451862421214e-05 1.201944599525758e-05 1.774607691285374 3563
1.84 6.380385410682464e-05 1.498498076633141e-05 1.557899394215166 2448
1.88 6.025187220502195e-05 1.673944972068685e-05 1.413985762370694 1868
1.92 5.791176529376444e-05 1.996808687471533e-05 1.310713348723963 1358
1.96 8.558677019163009e-05 1.698744895719725e-05 1.820454828798645 1062
2 0.0001041801054720959 1.183955283064793e-05 2.105799463917123 776
2.04 0.0001402469968853893 1.125178717803434e-05 2.714762935119067 432
2.08 0.0001376624705042745 1.251761641347969e-05 2.556133951631393 200
2.12 0.0001470732086287662 1.436897453423179e-05 2.624154297191059 168
2.16 6.786215826696501e-05 1.587169969544829e-05 1.184301256392384 56
2.2 8.02669007445618e-05 7.688389671490105e-06 1.330718815050178 7


0.04 2.874415991439425e-09 2.223328491732003e-10 1.805101029198946 18
0.08 2.134541748640501e-08 2.531731364570017e-09 1.92714185561239 62
0.12 7.353059121787553e-08 1.779080716850191e-08 2.67823864610957 98
0.16 8.540490184409585e-08 5.027687272103146e-08 2.229827302855946 210
0.2 3.531583624801834e-08 1.078768903622984e-07 1.776010115776229 350
0.24 5.448950741366458e-08 1.625738497335694e-07 1.484119191997402 450
0.28 4.046622434045662e-07 1.608793389310011e-07 1.492228758004045 602
0.32 1.121870226972448e-06 7.927618736537139e-08 1.620755955409965 762
0.36 1.970754078719481e-06 3.067376187085521e-08 1.862912677570212 1142
0.4 1.656682767983346e-06 2.432723600256602e-07 1.515381311204754 1250
0.44 4.139979124932946e-07 6.088956056135443e-07 0.8445845512023595 1458
0.48 9.196076198803515e-07 6.682733395837438e-07 0.9107241268417476 1814
0.52 3.62143677030096e-06 2.701731120368877e-07 1.523703367360592 2178
0.56 4.638914222925294e-06 2.350716447580373e-07 1.585904751485125 2498
0.6 2.074082165847739e-06 8.712827034800144e-07 0.8475955388995025 2622
0.64 1.683812034120268e-06 1.15299016332229e-06 0.6894739535169592 3338
0.68 5.416620371786732e-06 6.306826198650877e-07 1.251344340007406 3722
0.72 6.172570734323033e-06 6.221479153456873e-07 1.232170898197086 4170
0.76 3.965851432602216e-06 1.497923333765585e-06 0.841829323726438 4358
0.8 4.960939232998816e-06 1.533442558415816e-06 0.8877741122306673 5034
0.84 8.024322886476221e-06 1.224098707692348e-06 1.162836569787489 5714
0.88 7.620177985392925e-06 1.714472627475481e-06 1.033647135928022 5982
0.92 8.368939000107792e-06 2.064762582399623e-06 1.034335077655947 6602
0.96 1.104923389791638e-05 1.804401357514274e-06 1.18740475519286 7130
1 1.117865923445167e-05 2.235648322571985e-06 1.114736459408912 8034
1.04 1.131162490945022e-05 2.823767519980833e-06 1.054581269561092 8606
1.08 1.339657200134153e-05 3.006403267038188e-06 1.134863030292601 9066
1.12 1.500760550437075e-05 3.141191315495299e-06 1.165050396673376 9962
1.16 1.670518765921805e-05 3.597290088756327e-06 1.202198140815223 10550
1.2 1.78529596500918e-05 4.038217430869822e-06 1.196067098852065 11226
1.24 1.88576152008745e-05 4.433887233815696e-06 1.178319547028643 12146
1.28 2.21891928770443e-05 4.556420257717318e-06 1.281109475400722 12303
1.32 2.409558304677773e-05 4.790056988847486e-06 1.298373122661754 12584
1.36 2.636435629130148e-05 5.270065009468663e-06 1.33249881869929 12120
1.4 2.699358562158382e-05 6.214667803760078e-06 1.291489465942036 11180
1.44 2.916917578754101e-05 6.473860781277154e-06 1.310454628067518 11096
1.48 3.323291369715739e-05 6.533650136736745e-06 1.399571844248269 10056
1.52 3.633469640998005e-05 7.266220936397261e-06 1.446650139217812 9716
1.56 3.805973431742967e-05 7.64971052096253e-06 1.434007128125509 8604
1.6 4.309958562490878e-05 8.294755541648207e-06 1.536017082399839 8060
1.64 4.496804766212546e-05 9.098224428629225e-06 1.524009405245344 7320
1.68 4.689195494310465e-05 1.00768738141128e-05 1.514311141937707 6356
1.72 4.559222878717458e-05 1.096211109556102e-05 1.40698903199557 5348
1.76 4.731430552522938e-05 1.233692070693928e-05 1.395065889704583 4308
1.8 5.42734436094224e-05 1.208920850022462e-05 1.516773352568918 3563
1.84 6.826064962022182e-05 1.05491186134423e-05 1.803146323747371 2448
1.88 6.873051014664703e-05 1.133034164659038e-05 1.738062812036185 1868
1.92 6.87742121794755e-05 1.372867638434697e-05 1.671819803160628 1358
1.96 4.484671070443479e-05 2.137819772117838e-05 1.083741788008087 1062
2 4.182984153227771e-05 2.096449444982847e-05 0.9720703574756091 776
2.04 7.349959016923356e-05 2.042724479208467e-05 1.594249958091468 432
2.08 8.952730630896373e-05 1.763671248498843e-05 1.840683485735352 200
2.12 0.0001147308555077037 1.564561661893707e-05 2.247586233544142 168
2.16 7.425710930959721e-05 1.08029082570038e-05 1.403618641953366 56
2.2 5.798033889735074e-05 9.394725167068072e-06 1.058075561262397 7


0.04 7.949127677864376e-10 5.590013080755449e-10 1.784510371432084 18
0.08 9.423054586293389e-09 4.200763100089372e-09 1.886527235522909 62
0.12 6.928160609663837e-08 1.486845547095563e-08 2.685367096883533 98
0.16 2.037499736181437e-07 1.796168274854173e-08 2.431397600715896 210
0.2 4.534475768706882e-07 8.154398173315614e-09 2.289777711382514 350
0.24 7.048461681868332e-07 8.336965433648749e-09 2.115508343432902 450
0.28 7.164940560589451e-07 6.91276023705246e-08 1.76209709904645 602
0.32 3.645881421467432e-07 2.016286848087101e-07 1.215369497167219 762
0.36 1.286541374135831e-07 3.629530555882075e-07 0.9912457296174363 1142
0.4 1.024419250344333e-06 3.070085892666112e-07 1.29987126840352 1250
0.44 2.602186883026569e-06 7.569355436819653e-08 1.695915936674598 1458
0.48 2.828372643883669e-06 1.762217482380453e-07 1.568343422692704 1814
0.52 1.102853518175392e-06 6.793895574851626e-07 0.8888133526138933 2178
0.56 1.079738891485539e-06 8.381733749964928e-07 0.782450274458232 2498
0.6 3.856661249075433e-06 3.517508905336887e-07 1.287738442383503 2622
0.64 4.792202182773161e-06 3.378643560285004e-07 1.341182417084943 3338
0.68 2.482543669490447e-06 1.044892607587799e-06 0.8057420073989703 3722
0.72 2.873114315503661e-06 1.092454369163718e-06 0.7793181020195596 4170
0.76 6.579396951473504e-06 6.893641855975637e-07 1.274390032657785 4358
0.8 6.214026366998124e-06 9.840633437169113e-07 1.110399349376477 5034
0.84 5.175653353494932e-06 1.49197904558396e-06 0.8952360998612017 5714
0.88 7.556287003591206e-06 1.353507853279991e-06 1.095994903445687 5982
0.92 8.492481640776527e-06 1.609237013778633e-06 1.117301306115637 6602
0.96 7.486236828940938e-06 2.085405248052268e-06 0.9339350345123572 7130
1 9.948236445388868e-06 1.975144171264291e-06 1.085608745903574 8034
1.04 1.207065516165147e-05 2.078699897097474e-06 1.190879329355728 8606
1.08 1.244149943788029e-05 2.552251653754345e-06 1.144032685152364 9066
1.12 1.328016699595623e-05 2.794376058870379e-06 1.127650824078926 9962
1.16 1.526916304689239e-05 3.097308625620589e-06 1.195304903422268 10550
1.2 1.703433899847243e-05 3.332307502266188e-06 1.233467974636351 11226
1.24 1.858067924088026e-05 3.545722610484521e-06 1.249492983301031 12146
1.28 1.887797875235347e-05 4.211683387079944e-06 1.196065643144786 12303
1.32 2.024834427369886e-05 4.486828131593035e-06 1.198190370449782 12584
1.36 2.311305014399782e-05 4.731400434288604e-06 1.275412079695063 12120
1.4 2.631984283524524e-05 5.014005912802914e-06 1.358487908137689 11180
1.44 2.674995432510719e-05 5.560339672822265e-06 1.305186803488785 11096
1.48 2.711008286809385e-05 6.297521550853098e-06 1.254570611433011 10056
1.52 2.961129391068518e-05 6.999285239560126e-06 1.294897666336792 9716
1.56 3.196370339126667e-05 7.16442990339593e-06 1.318036761559519 8604
1.6 3.572256930614062e-05 7.886263042171053e-06 1.39405782522853 8060
1.64 3.97422610519797e-05 8.102136040746083e-06 1.466294862200244 7320
1.68 4.455656630385521e-05 8.314458525075687e-06 1.557220781921418 6356
1.72 4.683997800094971e-05 8.37318622103248e-06 1.555180203071471 5348
1.76 4.977895343698604e-05 9.295910272366066e-06 1.57649150230053 4308
1.8 4.619186593722219e-05 1.114560154188509e-05 1.408673988399172 3563
1.84 4.670992770231004e-05 1.229220544713656e-05 1.36518240747617 2448
1.88 5.436847128442031e-05 1.144596189747518e-05 1.505006616499071 1868
1.92 7.044502177941098e-05 1.016558316437901e-05 1.845569907621081 1358
1.96 8.468276139557095e-05 9.436936633405525e-06 2.114698349514486 1062
2 6.6525061544971e-05 1.236730438959212e-05 1.612585405550578 776
2.04 5.172122803729871e-05 2.101128549035119e-05 1.240953598810756 432
2.08 4.512444692210303e-05 2.295421953300939e-05 1.049473466750018 200
2.12 3.901788722417268e-05 2.723545881440748e-05 0.8900118885646264 168
2.16 4.947945318634195e-05 1.306534935850588e-05 1.030331534483964 56
2.2 2.396003594910116e-05 1.418461321576569e-05 0.4990786264242052 7


0.04 2.54800759041032e-09 1.213274225923054e-10 1.806519156993851 18
0.08 1.938380728491859e-08 1.504476318759594e-09 1.934325928614854 62
0.12 7.049310366880824e-08 1.161336768074799e-08 2.706883673077607 98
0.16 8.857058156481059e-08 3.561629458832399e-08 2.275156377589217 210
0.2 4.434562137413501e-08 8.228249084571834e-08 1.824952842163114 350
0.24 2.956289523383996e-08 1.319465875829513e-07 1.50118391544628 450
0.28 2.730513823517551e-07 1.37776635061552e-07 1.457842151541594 602
0.32 8.453754341203381e-07 7.239102078757515e-08 1.553359565928623 762
0.36 1.568741029212963e-06 2.353922985840148e-08 1.798025990949504 1142
0.4 1.345216688508072e-06 1.869067398236078e-07 1.494578331049572 1250
0.44 3.311078268541722e-07 4.828481166748749e-07 0.8641922319822397 1458
0.48 7.745884133683868e-07 5.213767537442442e-07 0.9306837260041629 1814
0.52 2.959742623918557e-06 1.972478447477243e-07 1.486676768916393 2178
0.56 3.551436539388119e-06 2.142079037664388e-07 1.476268611833675 2498
0.6 1.417674307378645e-06 7.391004573561038e-07 0.7779718790409207 2622
0.64 1.562861059268425e-06 8.682042575592889e-07 0.7319814317704418 3338
0.68 4.633234273589992e-06 4.320762155820391e-07 1.256490100604225 3722
0.72 4.503000585635836e-06 5.771347398488114e-07 1.101822938781378 4170
0.76 2.85433231457604e-06 1.250008150242216e-06 0.7688555817038745 4358
0.8 4.488761256826357e-06 1.102775519493332e-06 0.931726974428118 5034
0.84 6.372846470705592e-06 9.721895845317437e-07 1.103710040827249 5714
0.88 5.638376622132069e-06 1.447002869307383e-06 0.9350351625289489 5982
0.92 7.162853426870107e-06 1.531042425394739e-06 1.041439835844138 6602
0.96 8.971941192186689e-06 1.391870541533051e-06 1.142783870555457 7130
1 8.123141970476216e-06 1.932215226242041e-06 0.9841798089378003 8034
1.04 8.93006130908795e-06 2.252018840380939e-06 0.9948975887901177 8606
1.08 1.112024920610268e-05 2.286082802285165e-06 1.111949048512073 9066
1.12 1.195316794081369e-05 2.486617660910578e-06 1.101917683664833 9962
1.16 1.324847587817e-05 2.859456376785359e-06 1.132206375771837 10550
1.2 1.436331014928626e-05 3.166829037982946e-06 1.139502037600572 11226
1.24 1.546423017336027e-05 3.417205194769774e-06 1.140354606474525 12146
1.28 1.822576177023319e-05 3.490758483633608e-06 1.239613800057244 12303
1.32 1.895481784738728e-05 3.841093360218742e-06 1.20916426312939 12584
1.36 1.958598915698225e-05 4.467271281783867e-06 1.179827201945814 12120
1.4 2.162679159815311e-05 4.892564998944436e-06 1.221831525477437 11180
1.44 2.414318953992057e-05 4.933350029304786e-06 1.274854203354487 11096
1.48 2.65844950228996e-05 5.148289544967023e-06 1.319364688090128 10056
1.52 3.009445614307838e-05 5.50957442840598e-06 1.406520801550479 9716
1.56 3.039246712041277e-05 6.037751733480027e-06 1.34860076880584 8604
1.6 3.243759190282197e-05 6.961563735078988e-06 1.368196135784026 8060
1.64 3.32405760817414e-05 7.742701363025682e-06 1.335276653920557 7320
1.68 3.440471634951746e-05 8.595379097309984e-06 1.317606176016672 6356
1.72 3.659877597054145e-05 8.615313857774776e-06 1.328730539905936 5348
1.76 4.249642615962276e-05 8.749458329824784e-06 1.460299740886166 4308
1.8 4.835628145484125e-05 8.4887400037522e-06 1.575685358072729 3563
1.84 4.590509013273307e-05 1.014041337013055e-05 1.440394560603383 2448
1.88 4.294244236272626e-05 1.14615777458504e-05 1.297132689254877 1868
1.92 4.080583603167722e-05 1.381282460726802e-05 1.191700711599655 1358
1.96 5.974108143009261e-05 1.183120940522867e-05 1.632736699708597 1062
2 7.323339275196956e-05 8.149065362908306e-06 1.895631538819201 776
2.04 9.717360270241568e-05 8.009822111550356e-06 2.40731797712859 432
2.08 9.434810860203359e-05 9.103879626780966e-06 2.243445220466376 200
2.12 9.889286285369583e-05 1.082070014913322e-05 2.261493133389857 168
2.16 4.613811325104005e-05 1.130734560000399e-05 1.03541246976875 56
2.2 5.410876199186483e-05 5.770728304348866e-06 1.148896450910788 7


