0.04 1.628093659368203e-05 1.133446593131595e-07 3.223047997595113 18
0.08 8.433080491512141e-05 1.48926726148283e-06 3.641268999570312 62
0.12 0.0003733791130984025 5.05813548522063e-06 6.694971871079784 98
0.16 0.0006833717505336095 1.764645977038628e-05 6.697870682702128 210
0.2 0.0009403494014250034 4.272751291434033e-05 5.924725768557516 350
0.24 0.001395440634565516 8.097226804964541e-05 6.108988660955786 450
0.28 0.001854731241832966 0.0001526695820306821 5.907055188875789 602
0.32 0.002313638554533649 0.0002520182261132934 5.602045841774248 762
0.36 0.003360465493131082 0.0004101198821550945 6.448438667056311 1142
0.4 0.003839514616601991 0.0006349250766835223 5.986155416648259 1250
0.44 0.005271699567088118 0.0008594173603089919 6.765260722800894 1458
0.48 0.005902384773097065 0.00134044422917478 6.346397541050578 1814
0.52 0.006884597941141403 0.001892809015328255 6.314118073008278 2178
0.56 0.008007947096973455 0.002488220631133157 6.334868520352369 2498
0.6 0.009024115334999439 0.00315115536517374 6.201540264931572 2622
0.64 0.01030212781183007 0.004023658273111908 6.213008375050967 3191
0.68 0.01131729773284134 0.005078848465915632 6.051163094243491 3044
0.72 0.0133741458597593 0.00622404490076723 6.383298465789582 2736
0.76 0.01444038952766895 0.00808705585599385 6.178418809141269 2276
0.8 0.01623311859130378 0.009668881892427346 6.261788767619031 2016
0.84 0.01805626496478909 0.01212324028616454 6.321035124052127 1640
0.88 0.01835141860688771 0.01354946194892336 5.852143415292216 1056
0.92 0.02105242137260589 0.01550000008078032 6.138568014941115 683
0.96 0.02480667806971829 0.01751855909563486 6.651431986400428 350
1 0.02483635004515648 0.01657005332754933 6.143533981203184 192
1.04 0.0347857451698829 0.02019564249020763 7.932355711810933 44
1.08 0.0352796266697721 0.02429969264283121 7.404934692192077 25


0.04 8.363652511467265e-06 9.387956192714556e-08 2.144461424429914 18
0.08 6.890945124663133e-05 8.568564228102292e-07 3.833673390205925 62
0.12 0.0002299622160338953 4.019631361270656e-06 5.318944588058803 98
0.16 0.0004475523064568047 1.270443624230234e-05 5.656845247522124 210
0.2 0.0007443506667375187 2.528266211651382e-05 6.043499389825981 350
0.24 0.001082616451930074 4.883814485810598e-05 6.107865643966208 450
0.28 0.001546345187459483 8.518917422830802e-05 6.345297920629542 602
0.32 0.001883330341544948 0.0001447866110767228 5.875758931518655 762
0.36 0.002742585755402989 0.0002347762939241291 6.781167733554577 1142
0.4 0.003265477500328615 0.0003507588703510631 6.559238734021318 1250
0.44 0.003993915619045148 0.0005274109988497258 6.605528118893327 1458
0.48 0.005261216733638946 0.0007132106672942809 7.28748923290028 1814
0.52 0.00645436201964055 0.0009699500517977662 7.624809716060503 2178
0.56 0.007577389013694827 0.001273142956649219 7.721068581159344 2498
0.6 0.00836379357449973 0.001653189363728124 7.403970574360267 2622
0.64 0.01039428165449177 0.00195292384920202 8.073573709391237 3191
0.68 0.01158716963896531 0.002448578674198043 7.979151791790622 3044
0.72 0.01324437078457693 0.003069287917661746 8.142083316459889 2736
0.76 0.01442603625188972 0.004019785969669445 7.949715023109571 2276
0.8 0.01634561327032247 0.004757402736786941 8.120926750440876 2016
0.84 0.0195130442395943 0.005667367016437001 8.797116404507378 1640
0.88 0.02052118609764122 0.006150590255433792 8.427120660450665 1056
0.92 0.01951652156759525 0.008189636353350361 7.330844842621282 683
0.96 0.02901197515632047 0.006951815539652483 10.01778947438388 350
1 0.01732337589403871 0.01070538944251422 5.523311214416396 192
1.04 0.02410870556912965 0.01323171487179697 7.086036238201201 44
1.08 0.03884268037322958 0.01017456776788543 10.50123861139879 25


0.04 1.009494339646643e-05 4.214220568308532e-08 3.154558697018472 18
0.08 4.932280088903113e-05 6.441169465933697e-07 3.362388510085102 62
0.12 0.0001623789907491909 3.065793176274069e-06 4.600949748542804 98
0.16 0.0003739601489506585 8.299288451745984e-06 5.785291943211893 210
0.2 0.0005736064227268334 1.791781027972379e-05 5.701913780505685 350
0.24 0.0008416192152221828 3.417921329815061e-05 5.812991524463355 450
0.28 0.001116738591125785 6.44032056761283e-05 5.611361849073154 602
0.32 0.00159514433009157 9.353204795803182e-05 6.091013767286728 762
0.36 0.002218417398343152 0.0001573163152656189 6.714148814397028 1142
0.4 0.002545479175922985 0.000246707085378157 6.259396388498289 1250
0.44 0.003263486447834053 0.000353108399189518 6.606724463595155 1458
0.48 0.004186764979020386 0.0004889911732628995 7.098922152478224 1814
0.52 0.005170923151396794 0.0006599843436965654 7.477500045429267 2178
0.56 0.006150524045860151 0.0008515541299437452 7.67126445352735 2498
0.6 0.007078825566651554 0.001069583218576481 7.669797976030143 2622
0.64 0.008101333378854478 0.001369166856318225 7.703034686653822 3191
0.68 0.009245734925855221 0.001665714946229035 7.793471130657869 3044
0.72 0.01050350041670735 0.002110282415315035 7.904146871609493 2736
0.76 0.01160466620039318 0.002720815552692634 7.82784715522437 2276
0.8 0.01394467032897302 0.00303953856928755 8.479510503970506 2016
0.84 0.0162308546867244 0.003725495633808866 8.956466404794821 1640
0.88 0.01586300186763339 0.00436807648791501 7.974387438522749 1056
0.92 0.0186833962026174 0.004712901859554651 8.587796609852472 683
0.96 0.01707385650701858 0.006643142570261651 7.220172903099876 350
1 0.02116140635458753 0.004976050282012111 8.252940237585067 192
1.04 0.03059014904458692 0.005440068207459214 10.99836677543191 44
1.08 0.01987388528555875 0.01057082997444157 6.581271292667663 25


0.04 6.306018730968669e-06 4.278385675309512e-08 2.341181705607918 18
0.08 4.486079278800882e-05 4.311010831631931e-07 3.616588046723459 62
0.12 0.0001486995249164478 2.039749644427308e-06 4.982829962807584 98
0.16 0.0003214487120843997 5.835770469897823e-06 5.883017927531981 210
0.2 0.0005073837543086012 1.217668694864396e-05 5.965927596312222 350
0.24 0.0007124995321658611 2.44196215690097e-05 5.822009647513749 450
0.28 0.0009903444397609321 4.380276338062973e-05 5.886187859426508 602
0.32 0.001270712962164574 7.080955734119809e-05 5.741378315269134 762
0.36 0.001796164855698477 0.000117495650495435 6.432045162174147 1142
0.4 0.002310602701430293 0.0001627814891034512 6.720432972009821 1250
0.44 0.00281911856789828 0.0002480692587024358 6.75141114669622 1458
0.48 0.003386214751621281 0.0003647966839541634 6.793257573294534 1814
0.52 0.004316239426243942 0.0004786479817995242 7.384266188053544 2178
0.56 0.005105044945469078 0.000623826977845811 7.533111466885145 2498
0.6 0.005923517838302013 0.0007717339096217871 7.592942625757387 2622
0.64 0.006956892773749566 0.0009525792024039058 7.825286808589854 3191
0.68 0.007724968949821946 0.001205390312212732 7.703621790405904 3044
0.72 0.009149148031612389 0.001456134855850528 8.144661171870618 2736
0.76 0.01029084439712491 0.001855584373002028 8.211425785733862 2276
0.8 0.01131414451730686 0.002268922423446156 8.13982542238965 2016
0.84 0.0136035144270091 0.002689557327440136 8.880776646735947 1640
0.88 0.01292533031088354 0.003218835740408844 7.687384142107458 1056
0.92 0.01470862030584881 0.003638180896863071 7.999226285654636 683
0.96 0.01632265005687505 0.004253512749164339 8.164099972229129 350
1 0.01653619930236273 0.003911212641186179 7.630380371037294 192
1.04 0.02337606701559517 0.004546947891295 9.944171229065558 44
1.08 0.03386758095265076 0.002943777439625481 13.25556091283073 25


0.04 4.164801097313457e-06 4.157409381342273e-08 1.795681342029402 18
0.08 3.521831613328459e-05 3.587111760002157e-07 3.281656418810191 62
0.12 0.000117467207998864 1.643259988322232e-06 4.547729168286035 98
0.16 0.0002611575481766637 4.677269447693978e-06 5.520921710898732 210
0.2 0.0004313165020183241 9.347124437800556e-06 5.856793008303157 350
0.24 0.000594344521998208 1.901018037536548e-05 5.608805200369956 450
0.28 0.0008568256439542054 3.302190555810905e-05 5.880688889008022 602
0.32 0.001074839642704012 5.450889703377487e-05 5.608293140120274 762
0.36 0.001556362875801964 8.853126525788712e-05 6.435730900389118 1142
0.4 0.00198774266059372 0.0001231129469891874 6.676077345927148 1250
0.44 0.002589763848542201 0.0001735922045712925 7.160632434771871 1458
0.48 0.002952355857351434 0.0002708916610145182 6.839148239698964 1814
0.52 0.00375573481700204 0.0003568218914826318 7.419422950884169 2178
0.56 0.004396144650900095 0.0004694113532356078 7.490834534386678 2498
0.6 0.005144211507225149 0.0005782345944160537 7.61423450995592 2622
0.64 0.005997818060692077 0.0007264924912334488 7.790513735740106 3191
0.68 0.006562268363282185 0.0009248835378464126 7.556997735259502 3044
0.72 0.007493643921970162 0.001154087805150453 7.703893660916396 2736
0.76 0.008281044737186377 0.001490396923604727 7.631194467183877 2276
0.8 0.01004510925920156 0.001659597764848206 8.34461614386553 2016
0.84 0.01171579746045666 0.002016900162047326 8.831847819650907 1640
0.88 0.01231245375256292 0.002185076490138145 8.454453089334489 1056
0.92 0.01273671031290104 0.002721339945520065 7.99852882888988 683
0.96 0.01491485752788912 0.003018769461688661 8.613446005099252 350
1 0.0151162805516755 0.002751179752619237 8.053771458649317 192
1.04 0.01981744282851972 0.00348799186403198 9.734935470203318 44
1.08 0.02824077235092465 0.002455284576166387 12.76390175847352 25


0.04 5.005133548013984e-06 2.349898987634405e-08 2.433684263051897 18
0.08 2.887604128219715e-05 3.001437183519015e-07 3.053801040405823 62
0.12 0.0001125762749239715 1.195584698445727e-06 4.940706654864666 98
0.16 0.000209064558332958 3.996916737692173e-06 5.014594962355718 210
0.2 0.0003557171774632284 7.723643067021044e-06 5.478971253262247 350
0.24 0.0005474448628901321 1.408982019134037e-05 5.857648661884813 450
0.28 0.000749476600504484 2.582024842449034e-05 5.833398774136719 602
0.32 0.0009741619013071759 4.126763902757569e-05 5.763627280866159 762
0.36 0.001406469806263644 6.709201910687782e-05 6.594786034247327 1142
0.4 0.001740018871498754 9.676553001391347e-05 6.627347164815707 1250
0.44 0.002121781767259118 0.0001455914960218515 6.654080821160504 1458
0.48 0.002806978690757478 0.0001954039369671835 7.372297896774559 1814
0.52 0.003074404501828791 0.0002974708768118538 6.888588113772789 2178
0.56 0.00387963867174196 0.0003648269636763888 7.496554812401792 2498
0.6 0.004420864217000776 0.0004620500961090505 7.420828959558715 2622
0.64 0.005236095219054439 0.0005673375475342461 7.712569849188227 3191
0.68 0.005816799899568208 0.000715741844536074 7.596038023348394 3044
0.72 0.006622890216129584 0.0008973927256454416 7.721039574176088 2736
0.76 0.007313856901499896 0.001162260493179479 7.643045131157254 2276
0.8 0.008810441496535816 0.001296324286262538 8.299749986976845 2016
0.84 0.0101128514409534 0.001598157865161005 8.645303861407557 1640
0.88 0.01023205729421541 0.001809277788880974 7.968198712367587 1056
0.92 0.01132491306030271 0.002100854680916954 8.064800554366888 683
0.96 0.01208781799832204 0.00255513943197175 7.917312269349244 350
1 0.01209614556926043 0.002384341292897451 7.309283737252113 192
1.04 0.01804542935788831 0.002596092084104174 10.05185899286848 44
1.08 0.02291961306819599 0.002315655425047144 11.74794269659741 25


0.04 3.502747524118853e-06 2.491847594574295e-08 1.914460333041521 18
0.08 2.415267262552778e-05 2.552368680167669e-07 2.858533089395031 62
0.12 0.0001091812260483984 8.488760543774178e-07 5.355731621956178 98
0.16 0.0001744701577140326 3.354171666410094e-06 4.681184504868673 210
0.2 0.000326092895173954 6.041449375057509e-06 5.615836233038243 350
0.24 0.0004602342874668304 1.205799422066717e-05 5.50778807933903 450
0.28 0.0006287786869994095 2.19094238413977e-05 5.473556213566168 602
0.32 0.0008504575051344993 3.377829660786534e-05 5.626807207898785 762
0.36 0.001180252132426803 5.699926019011063e-05 6.189230838970382 1142
0.4 0.001448543549667754 8.313936996274777e-05 6.17043395178964 1250
0.44 0.001878993631836592 0.0001182205422871844 6.58925729594268 1458
0.48 0.002571656910188932 0.0001519984325005301 7.551956731233834 1814
0.52 0.003068838820801769 0.0002134388307059495 7.686575430664561 2178
0.56 0.003573458479844301 0.0002830522841010788 7.720359743458975 2498
0.6 0.004132705955906448 0.00035457904732573 7.756161881691936 2622
0.64 0.004813503807459851 0.0004403039051393459 7.927477941233938 3191
0.68 0.005335917346248366 0.0005554669589915141 7.791030209050084 3044
0.72 0.006031522785028776 0.0007050299021350604 7.862246944290326 2736
0.76 0.006712682391819112 0.000907032578478232 7.843321348365998 2276
0.8 0.007664948940811987 0.001063359446518177 8.074295906436936 2016
0.84 0.008896352359518828 0.001307911192972337 8.504339942781717 1640
0.88 0.008566048727662035 0.001544592496872406 7.459999425136799 1056
0.92 0.01038200562670553 0.001639398477758371 8.266631877125517 683
0.96 0.01202122471902974 0.001834808878672073 8.802585705073069 350
1 0.011197243250915 0.001841693490629426 7.565247607354754 192
1.04 0.01639693030117007 0.002032263902696509 10.21268307862203 44
1.08 0.02387842031229418 0.001221238892966812 13.68363228048879 25


0.04 2.871891015440522e-06 2.218203936348021e-08 1.740436755936454 18
0.08 2.073341592786079e-05 2.189945748129727e-07 2.715235602988211 62
0.12 5.90416567842701e-05 1.10072100765411e-06 3.213924574264038 98
0.16 0.0001768728100609305 2.508363432173098e-06 5.2443364781664 210
0.2 0.0002822688371987915 5.186956578478562e-06 5.376009089096063 350
0.24 0.0004078176127206018 1.003230422185195e-05 5.396778090152903 450
0.28 0.000611111503125752 1.672893885941651e-05 5.880585739587511 602
0.32 0.0007796304383809237 2.723903560320968e-05 5.703131331773376 762
0.36 0.001136377099245066 4.38143400184711e-05 6.587737169421193 1142
0.4 0.001389327013422985 6.406634943070591e-05 6.542552660721652 1250
0.44 0.001697156099822574 9.659901039909721e-05 6.580601094076992 1458
0.48 0.002091504135354087 0.0001389022149165578 6.792885800597423 1814
0.52 0.002636115604840902 0.0001838930628185516 7.301425387868243 2178
0.56 0.003223475973654681 0.0002324283715504192 7.700299505539784 2498
0.6 0.003696115538713041 0.000292073004549002 7.670035585645155 2622
0.64 0.004136314482827953 0.0003805697221262982 7.532961965861194 3191
0.68 0.004795436032120869 0.0004586766092944086 7.741971096754976 3044
0.72 0.005456531386729098 0.0005752506792742148 7.864404832423733 2736
0.76 0.006039990743986271 0.0007449454178878621 7.803239390247352 2276
0.8 0.007236075808311813 0.0008299385092710881 8.427400419419197 2016
0.84 0.008064029326476327 0.001067918876738804 8.523336454382832 1640
0.88 0.008593495417140504 0.001138443708203508 8.273238322730945 1056
0.92 0.0086090615531012 0.001455374337291502 7.58051208524099 683
0.96 0.01128364716468874 0.001433940190209622 9.135164180021192 350
1 0.009684588863695658 0.001579740857342874 7.235248903646962 192
1.04 0.01108484485078209 0.002290757353035593 7.636967389627545 44
1.08 0.00793532763457212 0.003310216397169876 5.035805600297053 25


0.04 3.388800344623464e-06 1.38727305791595e-08 2.237839218489245 18
0.08 1.94938312004977e-05 1.799500824617294e-07 2.796585612938161 62
0.12 5.606288949925572e-05 8.963010016729212e-07 3.342627215654023 98
0.16 0.0001624452587188323 2.065616831677727e-06 5.276956390380108 210
0.2 0.000254831711712376 4.349535074316449e-06 5.317712383112021 350
0.24 0.0003997762548904133 7.766813622124616e-06 5.79460445151186 450
0.28 0.0005621721531063943 1.382670441787859e-05 5.926657834002919 602
0.32 0.0007264229628475612 2.214203054839808e-05 5.821474189894167 762
0.36 0.0009361784774094474 4.037258061522791e-05 5.947852969798071 1142
0.4 0.001212012341930928 5.596051988782557e-05 6.253966572712809 1250
0.44 0.001578754353787785 7.89501199218943e-05 6.706304121621788 1458
0.48 0.001937602052844977 0.0001144728190985475 6.894333041441146 1814
0.52 0.002351362578235191 0.0001566693656786585 7.135670860092337 2178
0.56 0.002824212803888342 0.0002015442436568022 7.392095864379765 2498
0.6 0.00323410513687861 0.0002522582138110392 7.353427054202497 2622
0.64 0.003793955427394109 0.0003159186973106119 7.569838910076498 3191
0.68 0.00422727149602021 0.0003965281714711608 7.477595242850613 3044
0.72 0.004960810315311725 0.0004804428979319043 7.833401863856455 2736
0.76 0.005397724446018186 0.0006331466855603288 7.640360071693838 2276
0.8 0.006413202401255997 0.0007167180203026756 8.183453784203019 2016
0.84 0.00714128058067995 0.0009119724748362137 8.269921730637803 1640
0.88 0.007911454435320243 0.0009420256862455179 8.34453299175482 1056
0.92 0.008088616600576267 0.001187479737111641 7.802651277223228 683
0.96 0.00829073866225387 0.001487106548301715 7.35636746620414 350
1 0.008731714195637679 0.001330441252816864 7.147021436587973 192
1.04 0.01077960559332489 0.001801869475587015 8.135679429278941 44
1.08 0.01504997636994569 0.001551229060456596 10.45030141886556 25


0.04 1.700864159728828e-06 2.015296165288888e-08 1.24315557182998 18
0.08 1.8095249111444e-05 1.506028677908917e-07 2.822529123751365 62
0.12 5.802804380963444e-05 7.066346989028378e-07 3.758491674564789 98
0.16 0.0001449561212656496 1.817113613479266e-06 5.120823506859613 210
0.2 0.0002277949521164449 3.793075251447848e-06 5.169077615706811 350
0.24 0.0003371203583150701 7.172523014320102e-06 5.314599528100043 450
0.28 0.0005042464184818427 1.202434124215045e-05 5.780370030923486 602
0.32 0.0006448184119629345 1.946998158031702e-05 5.61908964436912 762
0.36 0.0008569308233959108 3.431948724949801e-05 5.919517448413055 1142
0.4 0.001116711269132875 4.734964822539989e-05 6.264969346614471 1250
0.44 0.00143095416808066 6.797723310027292e-05 6.60912420228378 1458
0.48 0.001799941235466422 9.563944132721719e-05 6.963100730994184 1814
0.52 0.002087898084145611 0.0001374577305196247 6.889622965942615 2178
0.56 0.002617310118316782 0.0001690792008438144 7.448112761699446 2498
0.6 0.003099206677796847 0.0002062775325073461 7.660889684096034 2622
0.64 0.003432070235882238 0.0002716793445216652 7.445520175000025 3191
0.68 0.003979062819014586 0.00032530667987865 7.652207351104129 3044
0.72 0.004389525697913318 0.0004238545091847931 7.536675768700484 2736
0.76 0.005388290471248672 0.0004947626468719357 8.291117007694515 2276
0.8 0.005957872812457148 0.000598894781208605 8.265560883799196 2016
0.84 0.006371163962660348 0.0007908758405547657 8.022244024425659 1640
0.88 0.006759965860821316 0.0008593607209059004 7.753096848042577 1056
0.92 0.007976786558596394 0.0009339536587433258 8.365092940246853 683
0.96 0.008110043850556166 0.00119491779984913 7.823005224509534 350
1 0.007835051576614944 0.001155166449804756 6.972902292934344 192
1.04 0.008275642795505522 0.001758923450811741 6.792926592858676 44
1.08 0.005415519951452995 0.002514350892490782 4.096058872377461 25


