0.04 6.163360258872006e-06 4.551073350551697e-07 0.8383967727609483 18
0.08 3.994311831259525e-05 3.950547046658718e-06 1.575635753402831 62
0.12 0.0002057050670562095 1.122446027733181e-05 3.517766433134805 98
0.16 0.0004313813439092175 3.580282553633253e-05 4.114820992961521 210
0.2 0.0006627898599921399 7.09352357779194e-05 4.106497029774927 350
0.24 0.001061383000982584 0.0001260459302619578 4.592606212318754 450
0.28 0.001485521975754373 0.0002215691020302016 4.690415695176768 602
0.32 0.001930367506779992 0.000351356587828722 4.642925441786792 762
0.36 0.002891887562867745 0.0005485363035160269 5.51995426618361 1142
0.4 0.003391020528045362 0.0007610389854731622 5.26464477572407 1250
0.44 0.004741718158628691 0.001050090607417769 6.063372010167853 1458
0.48 0.005385886766537463 0.001567903723520383 5.773837704731515 1814
0.52 0.006361859949217867 0.002170656269313819 5.820008746066116 2178
0.56 0.007476083174904427 0.002783410827540257 5.901265700558663 2498
0.6 0.008489913531749171 0.00354625881873776 5.823300969421564 2622
0.64 0.009752709578549767 0.004579650286353818 5.876025552267651 3338
0.68 0.0108275768772323 0.005824765704869038 5.789386845868038 3722
0.72 0.01255935357181929 0.007066418377071024 5.996385719766981 4170
0.76 0.01383434153411057 0.009190906132094315 5.923889418947248 4358
0.8 0.01556389356087163 0.01108645312599739 6.009150891403323 5034
0.84 0.01751415519749729 0.01347979914847344 6.137603176783332 5714
0.88 0.01865218813583738 0.01610761567622906 5.9572429040996 5982
0.92 0.02134214709415319 0.01936693495128728 6.232377554316566 6602
0.96 0.02252447408525712 0.02204721300968703 6.037884800846129 7130
1 0.02483880633107532 0.02602299146600297 6.137787521214767 8034
1.04 0.02741450526049389 0.03035828226448513 6.266508837360233 8606
1.08 0.02923758578831766 0.03611544358404924 6.197745130471952 9066
1.12 0.03113033728172137 0.04037533147600827 6.135595569893495 9962
1.16 0.03287545553736722 0.04799002929342297 6.041421856776521 10550
1.2 0.03594947159256763 0.05398445940204845 6.1717973144769 11226
1.24 0.03796921911301782 0.05957386906505519 6.103827978481161 12146
1.28 0.04057922493282944 0.06821092121348717 6.119554207037785 12303
1.32 0.04407810367759101 0.07471758009578072 6.248284063882717 12584
1.36 0.04521564567160431 0.08712863985536987 6.04065070366353 12120
1.4 0.0494838823919532 0.09844776159123318 6.237978694240881 11180
1.44 0.05086798309656851 0.1077318305915709 6.060935595575973 11096
1.48 0.05460371023818531 0.1193356590252764 6.159675420751482 10056
1.52 0.05837960045080279 0.1355490573017499 6.243675120655947 9716
1.56 0.0594875065163775 0.1472319031334922 6.039658400637435 8604
1.6 0.06249962219275626 0.1682892778060335 6.031323010534299 8060
1.64 0.0693557608576767 0.1820493935703592 6.370005242179917 7320
1.68 0.07045230266666576 0.2000578415357367 6.169060359555753 6356
1.72 0.07191656481699941 0.21193770223257 6.00672236353361 5348
1.76 0.07733623278515525 0.2332749470658975 6.166708643158149 4308
1.8 0.08445382897851805 0.2518768141260655 6.438088232605732 3563
1.84 0.08228705920075148 0.277940809659231 6.006370412317193 2448
1.88 0.08903744351084544 0.2877536722345783 6.221554969904741 1868
1.92 0.0927317964286741 0.3229382019077093 6.208113707196096 1358
1.96 0.09671013733229475 0.3585571515607059 6.211524929221957 1062
2 0.08999584388843926 0.3557318694963592 5.559211317215673 776
2.04 0.1026202059118834 0.4355073041654201 6.101702111518045 432
2.08 0.1139505179542696 0.4309457409011107 6.494394233512084 200
2.12 0.1110925355619042 0.5063746232446684 6.085412764560239 168
2.16 0.1406136857641035 0.2434350440103303 7.425343780910725 56
2.2 0.08357319525232375 0.2713280602357843 4.259153746108339 7


0.04 7.537119714463043e-07 8.771652575919886e-08 13.15919315537001 18
0.08 7.192516922104348e-06 4.819868909015868e-07 13.97303831055766 62
0.12 4.789281030570729e-05 1.69122667303722e-06 30.294266530702 98
0.16 0.0001177345574052227 1.442218267296669e-06 36.83303045176788 210
0.2 0.0002012868699282468 2.365606391799389e-07 39.02527129860523 350
0.24 0.0002545385833495317 1.391632940123328e-06 34.06781061493958 450
0.28 0.0002017968722602821 7.74848504647287e-06 19.88825341717291 602
0.32 6.976440314508455e-05 1.691751139277531e-05 5.651165157340523 762
0.36 1.963415561493007e-05 2.446257639257397e-05 1.642588390986411 1142
0.4 0.0002093499310024593 1.677536853449252e-05 10.04816867306287 1250
0.44 0.0004899307777959562 3.249420706643881e-06 18.91876904248021 1458
0.48 0.000517770418719554 5.300544519526116e-06 16.73440714572439 1814
0.52 0.0002294885943576128 2.587317932607842e-05 6.429690359046434 2178
0.56 5.407313857575942e-05 3.918103113540804e-05 1.421015380788108 2498
0.6 0.0002812224763892527 2.451034327069707e-05 5.855089833359481 2622
0.64 0.0006123857864168074 7.338537222858902e-06 11.07782639038911 3338
0.68 0.0005760859328567644 1.611883054612656e-05 9.254715101364706 3722
0.72 0.0002449689035453773 3.997130184904087e-05 3.554721100587438 4170
0.76 0.0002329983563468349 4.988143286015896e-05 3.039609310051006 4358
0.8 0.0005448100640982731 3.235421454339544e-05 6.323719126384107 5034
0.84 0.0007541732950588017 2.536362102519837e-05 7.92568377251833 5714
0.88 0.0006606818753135852 4.289862247237901e-05 6.336558545267224 5982
0.92 0.0005785969248963387 6.109810218403516e-05 5.083044726959343 6602
0.96 0.0006763328742842826 5.936147178582594e-05 5.445715080980399 7130
1 0.0008935441851887487 5.330958490964636e-05 6.619977123321345 8034
1.04 0.000952881289479921 6.486011673207548e-05 6.530523852324632 8606
1.08 0.0008412600971336143 8.969333426148979e-05 5.352943812569407 9066
1.12 0.0008771378333696311 9.797505493166459e-05 5.188411154621171 9962
1.16 0.001079192388617 0.0001018309872231818 5.945553986983035 10550
1.2 0.001287734691089274 0.0001020668123242237 6.622840515762981 11226
1.24 0.001381453841904786 0.0001105837081794712 6.651460535068045 12146
1.28 0.001502597027787666 0.0001221628360194507 6.785497229269907 12303
1.32 0.001493395040327316 0.0001383361746167022 6.340299106739439 12584
1.36 0.001578892373144327 0.0001541108279813962 6.316277519821492 12120
1.4 0.00176326751890673 0.0001659043055992782 6.654336086980893 11180
1.44 0.001723442312092475 0.0001884737344398343 6.148434322775572 11096
1.48 0.001811634270587645 0.0002031882347056235 6.118522036930711 10056
1.52 0.002130560125886614 0.0002102672965760738 6.818871547022825 9716
1.56 0.002395364785020189 0.0002052969309362872 7.274664721189864 8604
1.6 0.00277140567621621 0.0002163043637877408 7.997400733665961 8060
1.64 0.002944010576210461 0.0002302233314453103 8.085688119016094 7320
1.68 0.003164525550667463 0.0002481476990264848 8.284842190090528 6356
1.72 0.002938029858908782 0.0002895406391387785 7.338823035879322 5348
1.76 0.002741285513879027 0.000359692234878606 6.539945591940224 4308
1.8 0.002556132558518094 0.0004123206809890534 5.832522821594548 3563
1.84 0.002964892898405919 0.0004060958258336439 6.473901796196665 2448
1.88 0.003320855483087758 0.0003879734843620556 6.939824090346977 1868
1.92 0.004449391789327911 0.0003286759284483084 8.902284316100207 1358
1.96 0.005913679246251064 0.0002397245417289079 11.3455328491867 1062
2 0.005727453636976691 0.0002323142721740672 10.56721356389812 776
2.04 0.006127033860653608 0.0003779237545101231 10.88268753640048 432
2.08 0.005617664223858409 0.0004556716009558143 9.567929224174579 200
2.12 0.005872265437732039 0.0005310719360199469 9.611351101216732 168
2.16 0.002982991553078726 0.0004435975034089484 4.714080096145072 56
2.2 0.003480499561055877 0.0002457278643691547 5.301577417030004 7


0.04 8.97674866293175e-07 1.558154810627484e-10 17.73886246144621 18
0.08 5.848295086496283e-06 1.467502033780323e-08 19.15476763876014 62
0.12 2.553994313804247e-05 2.449342607969406e-07 32.1133577652772 98
0.16 3.268939346229792e-05 1.176415873628831e-06 22.65334225868324 210
0.2 1.712915745333134e-05 3.18378618079543e-06 9.188936878504506 350
0.24 1.790991664586668e-06 5.337808599996575e-06 2.54538580320694 450
0.28 2.990299371686615e-05 4.890040546912299e-06 6.813795796555922 602
0.32 0.0001008569791519199 1.683009288360731e-06 14.89220508132423 762
0.36 0.0001537131942217269 7.45210958863822e-07 17.69324493844367 1142
0.4 7.545739935117187e-05 6.501004046454173e-06 7.341393483255658 1250
0.44 1.067573634411462e-05 1.091812564155113e-05 1.205044837358108 1458
0.48 0.0001182260616225465 5.749340840313938e-06 7.688665583297961 1814
0.52 0.0002166657550707116 1.285301559755678e-06 11.79082056843013 2178
0.56 0.0001082454118928231 8.793037437029473e-06 5.183719914951941 2498
0.6 3.329231591838035e-05 1.307985631327338e-05 1.488867327119592 2622
0.64 0.0001739737797926727 5.999724662664737e-06 6.24857067272458 3338
0.68 0.0002304100442593992 4.722250107547987e-06 7.308710226052455 3722
0.72 0.0001029832883479274 1.299124136165073e-05 2.968454917060669 4170
0.76 0.0001379413008147904 1.408713595276263e-05 3.542737722258131 4358
0.8 0.0002506370271457774 8.816529537152832e-06 5.736485253980393 5034
0.84 0.0002241887921366699 1.306014099629689e-05 4.666871586396283 5714
0.88 0.0002091907845431705 1.72229118618047e-05 3.97584847646618 5982
0.92 0.0003034604025209541 1.527523137745437e-05 5.249111580888545 6602
0.96 0.0003078907311827368 1.729717682338013e-05 4.887853732316242 7130
1 0.0002615669260945418 2.387126583009439e-05 3.837752561641153 8034
1.04 0.0003267846199093283 2.467610464642669e-05 4.425534293245946 8606
1.08 0.0004213301437207277 2.361300423439757e-05 5.279304024802028 9066
1.12 0.000431139145404708 2.693650777749301e-05 5.02288278808575 9962
1.16 0.0004637262299597884 3.173461294500173e-05 5.036448964977368 10550
1.2 0.0005109680796962314 3.419269942051741e-05 5.181957395184456 11226
1.24 0.0005478975197976025 3.684607340619127e-05 5.201072059811677 12146
1.28 0.0006066515314743199 3.969878035903344e-05 5.399668189879605 12303
1.32 0.0006366663038551436 4.238205033433356e-05 5.325677031878373 12584
1.36 0.0006625778832387726 4.853641106054662e-05 5.222967441218407 12120
1.4 0.000687394603642763 5.577098311632897e-05 5.113537938994136 11180
1.44 0.0007312282284477324 5.85375369846215e-05 5.139559349415466 11096
1.48 0.000840678561522995 5.782050586821951e-05 5.590282850736005 10056
1.52 0.0009557606673986629 6.137963626377924e-05 6.022971255098626 9716
1.56 0.0009691936978432139 6.701850091647947e-05 5.797809794765561 8604
1.6 0.001045074183793782 7.666424386237727e-05 5.941632724918681 8060
1.64 0.001058932283488221 8.566417167267461e-05 5.731046546793354 7320
1.68 0.0011209935869714 9.30081171247559e-05 5.783072292812596 6356
1.72 0.001193811312657748 9.235613455499405e-05 5.872616512144686 5348
1.76 0.001312383598604123 9.859035807161143e-05 6.162150340556677 4308
1.8 0.001250047015421578 0.0001147544508508201 5.613732774015434 3563
1.84 0.001144662081343324 0.0001362453622518492 4.924359938794054 2448
1.88 0.001217448090748529 0.0001374333254074575 5.012819596665979 1868
1.92 0.001501264036460846 0.0001350834049245818 5.917689103198503 1358
1.96 0.002348804723394027 8.710832284419992e-05 8.869509944019658 1062
2 0.002420109878826612 7.187277370972759e-05 8.78679861979399 776
2.04 0.002655322920823264 0.0001111382967920292 9.281198490050235 432
2.08 0.002416452272109193 0.000137210067947018 8.099932717716301 200
2.12 0.002407745150459836 0.0001705417720276064 7.757210805305204 168
2.16 0.001227235776766133 0.0001403132266751668 3.818532707675057 56
2.2 0.001383321948688968 8.390207426110127e-05 4.147394559748458 7


0.04 1.21859729287159e-07 1.992847357373542e-08 13.48575450453173 18
0.08 3.798565709694112e-07 1.582215379708149e-07 9.514193069294972 62
0.12 3.173014818751378e-07 8.547876114330009e-07 10.45550816768645 98
0.16 1.431128766697203e-06 1.494067824150081e-06 7.427422385702876 210
0.2 1.532052762181414e-05 1.378537844379371e-06 11.55826487964258 350
0.24 4.654606661140319e-05 4.582488549487916e-07 19.3084471725383 450
0.28 6.312775655585068e-05 2.231164219675017e-07 18.49647017460838 602
0.32 3.505070831769649e-05 2.121279274815093e-06 8.275000522605897 762
0.36 5.494443004515452e-06 4.697636814546733e-06 1.769196785215748 1142
0.4 5.379466550865834e-05 2.746024720548929e-06 7.826343571001397 1250
0.44 0.000107182554430444 3.84019061005394e-07 12.30004112228748 1458
0.48 5.012409693687049e-05 4.133678724273068e-06 5.022812485788505 1814
0.52 1.975859350280048e-05 6.268439698830942e-06 1.864318626968912 2178
0.56 0.0001088008564761106 1.884367754820543e-06 7.680621568931346 2498
0.6 9.84153318253393e-05 2.632847530211281e-06 6.041443265794681 2622
0.64 3.145676158271138e-05 7.085909582301502e-06 1.80378944902028 3338
0.68 9.574706818449866e-05 4.334830802284869e-06 4.585148988715388 3722
0.72 0.0001168456273633772 3.523364110886099e-06 4.964288415617438 4170
0.76 7.061084286824711e-05 8.066728179353892e-06 2.739346254090594 4358
0.8 0.0001099721476012493 6.553951830451272e-06 3.790686032952604 5034
0.84 0.0001311612354523328 6.63989657734412e-06 4.08880828849736 5714
0.88 0.0001164106839038543 9.290537505530357e-06 3.31967217832933 5982
0.92 0.0001709965739821144 8.189676781895864e-06 4.428446001478944 6602
0.96 0.0001776801867344466 9.002852648104715e-06 4.22120251750851 7130
1 0.0001541233808841556 1.232262991893898e-05 3.385839565033479 8034
1.04 0.0001912830377002819 1.276408320678677e-05 3.876262365350664 8606
1.08 0.0002234091395251138 1.354894915747344e-05 4.191326696050219 9066
1.12 0.0002345928681148697 1.489991420377923e-05 4.090408083803649 9962
1.16 0.0002647577632365255 1.669420235044005e-05 4.300621026188068 10550
1.2 0.0002973520753457578 1.767889482096224e-05 4.508246321941872 11226
1.24 0.0003287787494486696 1.838887666198675e-05 4.663648094101333 12146
1.28 0.0003464347079065824 2.093881915904108e-05 4.609365937187452 12303
1.32 0.0003439543124879249 2.367375980514883e-05 4.302951020887871 12584
1.36 0.0003669823315437274 2.628850876296201e-05 4.325244252426772 12120
1.4 0.0004340152060888985 2.66152532486617e-05 4.821314303347757 11180
1.44 0.0004550058640664384 2.836558214130863e-05 4.775923481382111 11096
1.48 0.0004559213681378016 3.236752368715303e-05 4.531898672414655 10056
1.52 0.0005068849997799016 3.51970331361641e-05 4.774734808552975 9716
1.56 0.0005218332609350129 3.740468364670619e-05 4.665454082474521 8604
1.6 0.000556406226630738 4.296752664148866e-05 4.728072751498062 8060
1.64 0.0006035616149543897 4.508403597908621e-05 4.879874016470575 7320
1.68 0.0006650255474880295 4.732322254138684e-05 5.123635444672442 6356
1.72 0.0007244807301131567 4.580621366690683e-05 5.321060728308083 5348
1.76 0.0008211959348757968 4.690933501578673e-05 5.755534148737961 4308
1.8 0.0008198597987963449 5.255279747583575e-05 5.494639399173917 3563
1.84 0.0006932784079801946 6.848882810911367e-05 4.453850605725475 2448
1.88 0.0007035625489054254 7.15628732113338e-05 4.327037066718392 1868
1.92 0.0007929974184530307 7.614410662940162e-05 4.670463960187853 1358
1.96 0.001295737722106775 5.089137547792202e-05 7.304654458716406 1062
2 0.001393687311643932 3.881351594570936e-05 7.552260025452204 776
2.04 0.0015535052303141 5.724793668099458e-05 8.104329701962001 432
2.08 0.001405800856227087 7.116581183896572e-05 7.033791082267496 200
2.12 0.001351228231265907 9.194731334565414e-05 6.499569628756495 168
2.16 0.0007011343475601913 7.33640354727942e-05 3.25770213767409 56
2.2 0.0007592558909061535 4.696843085741799e-05 3.398432444175173 7


0.04 7.271347422527939e-08 1.308283748999626e-08 13.52797560247532 18
0.08 8.739954698898502e-07 6.831216162076215e-08 11.96517089781914 62
0.12 6.66273908083332e-06 2.089765308485678e-07 21.85347414280147 98
0.16 1.724008624833212e-05 1.068682621148903e-07 23.80760361792721 210
0.2 2.574986869232821e-05 7.783809621310099e-08 21.22233374361818 350
0.24 1.962534668118651e-05 9.031429103652047e-07 12.10325804713292 450
0.28 3.463532862710523e-06 2.169256374279382e-06 3.125053485268882 602
0.32 1.078123636987946e-05 1.991206916031931e-06 4.155353793742615 762
0.36 5.132960476841136e-05 4.631468741236448e-07 12.03283926755881 1142
0.4 4.699303211297453e-05 1.205799753174736e-06 9.02158494638903 1250
0.44 5.998298136614379e-06 3.752857746578077e-06 1.439109506102946 1458
0.48 4.124400290873806e-05 2.152965330124693e-06 5.485051682643785 1814
0.52 7.400954170820966e-05 7.333600773794829e-07 8.094194573262454 2178
0.56 2.158512700530864e-05 4.034264777609311e-06 2.233501188023206 2498
0.6 3.787868884152839e-05 3.129868090823682e-06 3.199557583820676 2622
0.64 7.934557367174442e-05 1.295096951214743e-06 5.681293978796082 3338
0.68 3.802892526871319e-05 4.270810309086509e-06 2.500761035299745 3722
0.72 5.603196256719868e-05 3.417423646735734e-06 3.215167805782126 4170
0.76 8.581966409443976e-05 2.952717823276805e-06 4.365232417379062 4358
0.8 6.196576065266166e-05 4.875848629208076e-06 2.872304198115232 5034
0.84 8.671355422759408e-05 4.255265999048704e-06 3.610519834447201 5714
0.88 8.335171858611641e-05 5.608604487461236e-06 3.170483235934976 5982
0.92 9.13896619959027e-05 6.54174919326738e-06 3.175563373498218 6602
0.96 0.0001229086685070701 5.450147892620194e-06 3.89239404406022 7130
1 0.0001150280683523452 7.161064347994252e-06 3.365185388840027 8034
1.04 0.0001293446591787584 8.067198866766109e-06 3.496081006249124 8606
1.08 0.000146572742514565 8.788635705646631e-06 3.668201414336545 9066
1.12 0.0001541125150418385 9.638217959257816e-06 3.583999472320424 9962
1.16 0.0001680771704264107 1.115203519974796e-05 3.642713958355363 10550
1.2 0.0001871932932686596 1.193264322960752e-05 3.785923712420259 11226
1.24 0.0002127550941159908 1.210258866423791e-05 4.022910594246696 12146
1.28 0.0002285869764634544 1.350016061024658e-05 4.053063183279496 12303
1.32 0.0002257533525773691 1.531511598286354e-05 3.764154755966961 12584
1.36 0.0002538322445655164 1.618836564912199e-05 3.984295423680171 12120
1.4 0.0002923343418645407 1.681497954927947e-05 4.325155185013242 11180
1.44 0.000298109007534447 1.844537959462698e-05 4.168466411428508 11096
1.48 0.0003067920915158497 2.04178819662752e-05 4.061485683108615 10056
1.52 0.000324912033575322 2.326373151975535e-05 4.077876894234029 9716
1.56 0.0003401369765506959 2.438099470939533e-05 4.050854112146742 8604
1.6 0.0003852549628744411 2.648801889652417e-05 4.358227471384961 8060
1.64 0.0004397953013131493 2.630615542804666e-05 4.731185161739567 7320
1.68 0.0004919472325520837 2.701886737934143e-05 5.042101379627148 6356
1.72 0.0004818877645870976 2.944533044115851e-05 4.711833886537281 5348
1.76 0.0004823886980608122 3.447963699513387e-05 4.504786718816076 4308
1.8 0.0004970742553255355 3.684025663457497e-05 4.437702310345518 3563
1.84 0.0006146357723235941 3.297894365139428e-05 5.246159651438958 2448
1.88 0.0006444938171005528 3.344270538319047e-05 5.265284093595327 1868
1.92 0.0006892429649898524 3.768055406903503e-05 5.39437264988682 1358
1.96 0.000449424760478115 6.201033659564435e-05 3.387466010444817 1062
2 0.0003657435010160755 6.45424239278864e-05 2.655075465814376 776
2.04 0.0006111093227428497 6.605041730061138e-05 4.255393810354348 432
2.08 0.0007597988540691642 5.733687612448541e-05 5.064366984364233 200
2.12 0.001006975938149942 5.035852363796076e-05 6.441876775921747 168
2.16 0.0006860514641516485 3.116333134886941e-05 4.23383615322808 56
2.2 0.0005217806074842687 2.851313182246025e-05 3.10714555621059 7


0.04 2.299077093224393e-07 5.086742699959231e-11 15.81165640549886 18
0.08 1.531842322335134e-06 1.876152251190764e-09 15.49640428974082 62
0.12 6.624988750951728e-06 5.704253077090867e-08 24.65413494100525 98
0.16 7.606711981395245e-06 3.375951862593415e-07 16.58251169178362 210
0.2 2.348784897159122e-06 9.149810769820105e-07 6.551810770320065 350
0.24 2.549506246226043e-06 1.247202354282276e-06 4.590511435764157 450
0.28 1.95130157535706e-05 6.290126255307335e-07 10.49147137104204 602
0.32 3.280901119662923e-05 9.5554627954384e-08 12.27816166162165 762
0.36 1.706870695882481e-05 1.419860847681271e-06 5.643177575098886 1142
0.4 6.465246732396969e-06 2.312600362588394e-06 2.24093150945473 1250
0.44 4.337772454275936e-05 5.517143234018101e-07 8.458364707515051 1458
0.48 3.803940416593425e-05 1.122329113043845e-06 6.267059767074018 1814
0.52 8.349292399895533e-06 2.968511684388812e-06 1.467880260709892 2178
0.56 4.853768323716083e-05 1.042250843829214e-06 5.772082230812845 2498
0.6 4.201437947777297e-05 1.461511864166457e-06 4.356862014495944 2622
0.64 1.812424901037469e-05 3.080803176367234e-06 1.763771543404016 3338
0.68 5.544982634948013e-05 1.462984483077733e-06 4.425972585682018 3722
0.72 3.889434928019623e-05 2.553321194782305e-06 2.810833434888365 4170
0.76 4.399035429066674e-05 3.098104491200883e-06 2.844815425129248 4358
0.8 5.936654116421754e-05 2.638779611466862e-06 3.417936523599085 5034
0.84 5.312830186513955e-05 3.582078032779474e-06 2.789940580764742 5714
0.88 7.670034800602368e-05 3.041318268898477e-06 3.631263002063091 5982
0.92 7.049118365148207e-05 4.418297162708351e-06 3.065100526496209 6602
0.96 7.059581341928974e-05 4.93181546256077e-06 2.817259478047774 7130
1 9.043987212988634e-05 4.658665581825795e-06 3.306967250279045 8034
1.04 9.734482993247268e-05 5.521516349744228e-06 3.291730460022498 8606
1.08 0.0001118832246389711 5.915838605689326e-06 3.501104364103506 9066
1.12 0.0001177427696077849 6.495381825770815e-06 3.423432626403636 9962
1.16 0.0001279079961985384 7.567660222354686e-06 3.465963092807505 10550
1.2 0.0001301645489401972 8.807499542154028e-06 3.296553329123091 11226
1.24 0.0001479668964880132 8.972493273665092e-06 3.502052585992895 12146
1.28 0.0001653214484217889 9.592932679141678e-06 3.666204132715448 12303
1.32 0.0001632585354766175 1.088792474514054e-05 3.404857815841721 12584
1.36 0.0001844077139433696 1.147330831678502e-05 3.619521131036976 12120
1.4 0.0002083290247006702 1.215719615399446e-05 3.854346082315021 11180
1.44 0.0002200320218856601 1.284899767309618e-05 3.845488497689961 11096
1.48 0.0002290494942895987 1.407565024708113e-05 3.789364229685186 10056
1.52 0.0002389559847240118 1.629705962251038e-05 3.748587219468273 9716
1.56 0.0002479331831292411 1.72106076863096e-05 3.690810756651947 8604
1.6 0.0002808591466930494 1.868709074252982e-05 3.970905408133126 8060
1.64 0.0003211328195799861 1.853848940940668e-05 4.316694491953909 7320
1.68 0.0003546607786260004 1.934196378690964e-05 4.542062576913013 6356
1.72 0.0003434557711147193 2.128029555213385e-05 4.196823428768226 5348
1.76 0.0003569056723078119 2.394775340429167e-05 4.163961517179954 4308
1.8 0.0004091374489161066 2.293674702604177e-05 4.558817183048626 3563
1.84 0.0004451681189132343 2.359529208584894e-05 4.74662269399592 2448
1.88 0.0004063356506577042 2.787328148644505e-05 4.151364644620208 1868
1.92 0.0003602057730402448 3.594171248806055e-05 3.531645843825934 1358
1.96 0.0003915842404115845 3.912725238953098e-05 3.682136291145388 1062
2 0.0005401557103972678 2.710352831067397e-05 4.869164652861516 776
2.04 0.0008284284942307605 2.125812717878549e-05 7.176552206773057 432
2.08 0.000845372985949572 2.138684774410586e-05 7.020322995399747 200
2.12 0.0009265802008087371 2.331480527583215e-05 7.393288592780244 168
2.16 0.0004142347689206647 2.790520265227708e-05 3.195889641352469 56
2.2 0.0004839774990074653 1.349018737808107e-05 3.594651899711031 7


0.04 5.985640276906796e-08 6.196772602269712e-09 14.07896929545274 18
0.08 1.947536187291339e-07 5.306595841569644e-08 10.69596312296542 62
0.12 1.81078375676051e-07 3.005825676647257e-07 12.73517029958176 98
0.16 6.253823445586287e-07 5.268368246504519e-07 8.957049365863764 210
0.2 6.822777699464611e-06 4.224968469566668e-07 11.39816866829986 350
0.24 1.849301094094511e-05 7.000695810577502e-08 15.96159938258008 450
0.28 1.866789302089358e-05 2.895359701864372e-07 11.77310287325217 602
0.32 4.299092018351923e-06 1.184598393081062e-06 3.198888132364252 762
0.36 9.468619944741399e-06 1.254103255528745e-06 4.184429745828067 1142
0.4 3.44893571363963e-05 1.735990712078081e-07 9.854059214564872 1250
0.44 1.752192744385334e-05 1.280033334755286e-06 4.452094191551985 1458
0.48 8.300558100670664e-06 1.958169171163753e-06 2.031927590331677 1814
0.52 4.016122614264223e-05 4.18181625698217e-07 6.651309153246963 2178
0.56 2.039358675217222e-05 1.723968334032692e-06 3.07789534355858 2498
0.6 1.640828122239797e-05 1.948591183332191e-06 2.180314515607825 2622
0.64 4.223607454873668e-05 7.836365077776226e-07 4.572390212365829 3338
0.68 2.1344476592378e-05 2.285981420366369e-06 2.147269280352917 3722
0.72 3.531185566387043e-05 1.612433777636784e-06 3.051791191019118 4170
0.76 3.970391596457298e-05 2.028690276580398e-06 3.072711320203266 4358
0.8 3.797239988614484e-05 2.417793142616387e-06 2.654597629418582 5034
0.84 4.646033351730633e-05 2.390748786944617e-06 2.923899283266347 5714
0.88 4.12190905767652e-05 3.296121059950684e-06 2.380990855080641 5982
0.92 6.235594270789227e-05 2.864671080823365e-06 3.248036883923625 6602
0.96 6.096453811657317e-05 3.358389055244502e-06 2.917158897980304 7130
1 6.45267639422968e-05 3.801589037315718e-06 2.84380929316453 8034
1.04 7.19978086100452e-05 4.327124510858203e-06 2.930860786900463 8606
1.08 7.782962991735724e-05 4.932858900911327e-06 2.935461694652675 9066
1.12 8.570795142925065e-05 5.177936677202389e-06 2.999288586890067 9962
1.16 0.0001036411558390049 5.405460321372621e-06 3.371261462432765 10550
1.2 0.0001091534548746912 6.128330612685015e-06 3.316180904929991 11226
1.24 0.0001118427619432246 6.901232716429779e-06 3.181718229041568 12146
1.28 0.0001298155209719453 7.088628373966214e-06 3.456874877581519 12303
1.32 0.0001348073147099895 7.676740998433005e-06 3.373067724083969 12584
1.36 0.0001436025391601596 8.564203383928142e-06 3.384661000316074 12120
1.4 0.0001515818571217055 9.691567759013553e-06 3.370886483246445 11180
1.44 0.0001683974679862576 9.746603672505167e-06 3.534137524074727 11096
1.48 0.0001791861959323904 1.044621481259453e-05 3.558489486918488 10056
1.52 0.0001967203549753101 1.152057771342085e-05 3.701800376294098 9716
1.56 0.0001955455581481576 1.26999973364778e-05 3.493791091073192 8604
1.6 0.0002097128891524975 1.449168358297264e-05 3.560962342644983 8060
1.64 0.0002373829863725702 1.45798898966237e-05 3.831811985843395 7320
1.68 0.0002640454290443227 1.513001392156127e-05 4.059837064720203 6356
1.72 0.0002606524820012698 1.626341041544121e-05 3.823189932209805 5348
1.76 0.0002821442679607763 1.759023329614181e-05 3.949509952211804 4308
1.8 0.0003217062811835348 1.689805981849124e-05 4.30051100622628 3563
1.84 0.000327101452456398 1.88090805294111e-05 4.186698797990911 2448
1.88 0.0002973883512360235 2.198020062870581e-05 3.647947065882216 1868
1.92 0.0002753635735006427 2.713524251445831e-05 3.240995252915305 1358
1.96 0.0004005518173283398 2.312430316052562e-05 4.507835683776494 1062
2 0.0005013255856971128 1.507755470176658e-05 5.414171116779616 776
2.04 0.0006122838594712348 1.793731207768597e-05 6.363082619070197 432
2.08 0.0005627461595746778 2.203444660362451e-05 5.609811206871126 200
2.12 0.000525767618489032 2.987955703310755e-05 5.041199445236851 168
2.16 0.0002662977480007003 2.440222369353889e-05 2.468572567391629 56
2.2 0.0002771521107955226 1.643617041698315e-05 2.473196882788745 7


0.04 2.026042256147497e-08 6.305570983827316e-09 13.68439430667931 18
0.08 3.06910362945671e-07 3.368629850664247e-08 11.56536527853655 62
0.12 2.659429075820131e-06 1.039659482040788e-07 19.45603528794631 98
0.16 7.428595379732715e-06 5.065873183858759e-08 19.97446319525411 210
0.2 1.08914572404893e-05 4.958890867501491e-08 16.96734385756533 350
0.24 6.626725072053366e-06 4.903169543433239e-07 8.752587941858119 450
0.28 8.265531065494477e-07 9.726102167975597e-07 2.907104663870222 602
0.32 1.003994481958301e-05 5.784858564000834e-07 6.164474444783974 762
0.36 2.375926120057255e-05 1.336936391929943e-07 9.962973479667122 1142
0.4 7.747040143056787e-06 1.200805789470353e-06 3.296630484024529 1250
0.44 9.46606402511492e-06 1.242068280419935e-06 3.089455148180957 1458
0.48 3.142156075378333e-05 2.19270448205044e-07 7.172473001549248 1814
0.52 1.073378710354442e-05 1.489593592378106e-06 2.380692048636737 2178
0.56 1.863785475432932e-05 1.220600811605652e-06 3.27011426908085 2498
0.6 3.180537169849822e-05 5.34616107352692e-07 4.606417416004145 2622
0.64 1.199016291887532e-05 1.805130719305143e-06 1.671134160023955 3338
0.68 3.113795906640523e-05 1.026665512589208e-06 3.52320951616439 3722
0.72 2.407476700495461e-05 1.511777513158513e-06 2.464412522314553 4170
0.76 2.949649069332572e-05 1.71586170205744e-06 2.686886670508182 4358
0.8 3.34407243989309e-05 1.741311424530106e-06 2.726673993677494 5034
0.84 3.498185117937293e-05 2.005588474670121e-06 2.585603950719606 5714
0.88 4.556056746896137e-05 1.902205886298769e-06 3.039541396135284 5982
0.92 4.009723393061935e-05 2.811967270626046e-06 2.465864177104468 6602
0.96 4.880488695349741e-05 2.638341365961719e-06 2.732219504202674 7130
1 5.163137384476642e-05 3.003318576621067e-06 2.662103425988726 8034
1.04 6.091291791989351e-05 3.22946184412555e-06 2.894987366887028 8606
1.08 6.73768947341937e-05 3.607320267416833e-06 2.964723866316902 9066
1.12 7.010371297358566e-05 4.000325515201875e-06 2.866298884432363 9962
1.16 7.428524731962802e-05 4.757219216639743e-06 2.832183913289866 10550
1.2 8.818725712564519e-05 4.775612818573404e-06 3.130010944321667 11226
1.24 9.024491287600357e-05 5.395901323967424e-06 2.999377463929076 12146
1.28 9.796212831107201e-05 5.934006845034347e-06 3.051387678057352 12303
1.32 0.000109938814682542 5.928326847683663e-06 3.211976451237019 12584
1.36 0.0001143658290954983 6.786971720793961e-06 3.14883140149097 12120
1.4 0.0001232718186645688 7.533295386346455e-06 3.200908508931847 11180
1.44 0.0001283326686177152 8.065102851478827e-06 3.147937175489882 11096
1.48 0.0001406881271389772 8.400190085808936e-06 3.263462914179767 10056
1.52 0.0001670172016715485 8.509263212589465e-06 3.66607667007269 9716
1.56 0.0001647558834006005 9.524663881907527e-06 3.434240912957617 8604
1.6 0.0001746768188006023 1.103228347404324e-05 3.460968045256568 8060
1.64 0.000185175193665504 1.179027661233995e-05 3.490655195230201 7320
1.68 0.0001977157838689818 1.27424813495301e-05 3.551556590155272 6356
1.72 0.0001957222122721961 1.35894219574966e-05 3.353802481989175 5348
1.76 0.0002208487725724115 1.416878623367457e-05 3.609312059593911 4308
1.8 0.0002557682849634124 1.34394032268159e-05 3.990245940630365 3563
1.84 0.0002644675511913926 1.466495861850594e-05 3.949814074987358 2448
1.88 0.000242407701201613 1.704739442709989e-05 3.469763940494377 1868
1.92 0.00022370527632226 2.11635510669758e-05 3.073111927850823 1358
1.96 0.0003134425960366169 1.870102644794792e-05 4.117009746378876 1062
2 0.0004006936819151053 1.199809415792841e-05 5.047876781673331 776
2.04 0.000486226613600572 1.446712427421926e-05 5.894436585797583 432
2.08 0.0004435161752505604 1.785615436652079e-05 5.158121570607119 200
2.12 0.0004044314591219226 2.458981514518793e-05 4.525725816262214 168
2.16 0.0002104084813402026 1.937951267106788e-05 2.276501569154083 56
2.2 0.0002104667297721273 1.367238576129939e-05 2.192041879158966 7


0.04 1.111869861856517e-07 1.721448719627201e-10 15.24569337999701 18
0.08 7.719194700913026e-07 2.360451464564045e-10 14.41028160206162 62
0.12 3.433298151375862e-06 2.010865435408472e-08 22.70457322873205 98
0.16 3.937011322318814e-06 1.578468963664977e-07 15.61567468227597 210
0.2 1.058766951458955e-06 4.581962411250083e-07 6.795210549061715 350
0.24 1.982636255036771e-06 5.800386036102667e-07 5.490033303205557 450
0.28 1.170280453320878e-05 2.067517361681951e-07 10.2828160897716 602
0.32 1.488937155649069e-05 1.242332564237672e-07 9.346943305327807 762
0.36 3.856923302145103e-06 9.457936388895367e-07 2.948765939830487 1142
0.4 1.035598587502643e-05 7.595468066511305e-07 4.555392976636206 1250
0.44 2.401331307206491e-05 1.503037940404521e-07 7.576454364529977 1458
0.48 5.954740651465502e-06 1.249335216610347e-06 2.025067294956902 1814
0.52 1.610940349946229e-05 8.14549768437467e-07 3.775585932495628 2178
0.56 2.391809567157443e-05 5.414424087477018e-07 4.633561290761349 2498
0.6 6.52362579238353e-06 1.496300998397888e-06 1.30639331880166 2622
0.64 2.53986298512607e-05 6.252766467144526e-07 3.71549486165735 3338
0.68 1.763788743026588e-05 1.279599508138459e-06 2.359699221248767 3722
0.72 2.126706427827925e-05 1.146289225227319e-06 2.490246474979507 4170
0.76 2.583134987109286e-05 1.31979750207919e-06 2.692852377351366 4358
0.8 2.608547168470482e-05 1.496818496422158e-06 2.449468645061697 5034
0.84 2.935899287251451e-05 1.60618796523884e-06 2.488022446631876 5714
0.88 2.837935726092334e-05 2.052940807276615e-06 2.201352485335966 5982
0.92 4.081184883321103e-05 1.857189851301003e-06 2.85152084647935 6602
0.96 3.828583804894818e-05 2.261997840231621e-06 2.46228476402914 7130
1 4.418326146573949e-05 2.351518012323763e-06 2.607156129171138 8034
1.04 4.656931412608175e-05 2.831396429336058e-06 2.542774283280441 8606
1.08 5.270452942881453e-05 3.092126229207655e-06 2.661178148062579 9066
1.12 5.872352631528975e-05 3.202069103117431e-06 2.748580561278703 9962
1.16 6.691865531154954e-05 3.554294392871522e-06 2.91431834706529 10550
1.2 6.861262069849254e-05 4.125785571860745e-06 2.792689394109113 11226
1.24 7.965090692181895e-05 4.092073698724937e-06 3.02533086079975 12146
1.28 8.17667895384801e-05 4.775679855909991e-06 2.914619125089081 12303
1.32 8.416250040102677e-05 5.197820211678867e-06 2.818975367707645 12584
1.36 9.448557971978257e-05 5.512005256225171e-06 2.977008235289783 12120
1.4 0.000108952314266822 5.707667136371111e-06 3.232652466701776 11180
1.44 0.000108481059395718 6.410593232917239e-06 3.043266358876284 11096
1.48 0.0001128077139951014 7.024019137222255e-06 2.995411882876426 10056
1.52 0.0001276159723809383 7.510864506067163e-06 3.208403289227189 9716
1.56 0.0001362669440794456 7.720425867817606e-06 3.248835028099263 8604
1.6 0.0001553219708425498 8.316668020735687e-06 3.515839645232347 8060
1.64 0.0001612845935730269 9.098557578439283e-06 3.474468430959984 7320
1.68 0.0001651306807829657 1.025601643531166e-05 3.39193069833094 6356
1.72 0.0001650857265487921 1.084089700281048e-05 3.234312312969462 5348
1.76 0.0001769657598519513 1.183744720558673e-05 3.308843922869405 4308
1.8 0.0002009758948100767 1.15403179921259e-05 3.587235560231873 3563
1.84 0.0002221504388332625 1.167729312823063e-05 3.792579083325224 2448
1.88 0.0002129010710276488 1.307573609847298e-05 3.481856507464086 1868
1.92 0.0001973000114910871 1.644039225107458e-05 3.096914296899975 1358
1.96 0.0002032786006411609 1.860657198469498e-05 3.062149785478937 1062
2 0.0002922596931404994 1.211788753192209e-05 4.212573201295147 776
2.04 0.0004219787336212897 1.048978887676087e-05 5.844068493552491 432
2.08 0.0004114941708520974 1.171959742898738e-05 5.46458148709729 200
2.12 0.0004162852099907188 1.490936367733323e-05 5.3145661791718 168
2.16 0.0001898282612716469 1.475737859528178e-05 2.34593869698023 56
2.2 0.0002127032306472514 8.710761308473139e-06 2.527903569284584 7


0.04 4.276415669800262e-08 2.840349322640505e-09 14.33332480854884 18
0.08 1.527219624225771e-07 2.647134322545056e-08 11.33656957184068 62
0.12 1.867878227658543e-07 1.593381611364998e-07 14.10176967022 98
0.16 2.807245196493649e-07 2.909340498442917e-07 9.66168502540032 210
0.2 3.795604668487999e-06 2.275218453998603e-07 10.75952102672573 350
0.24 1.026905608978827e-05 3.004467202682324e-08 13.91642889854987 450
0.28 8.915449349908292e-06 2.256555750844908e-07 9.221683272221085 602
0.32 1.234634187064849e-06 7.032227845652999e-07 2.490213424417349 762
0.36 8.997568477800709e-06 4.801203627011825e-07 5.57550799930891 1142
0.4 1.761534629972953e-05 1.64595926681536e-07 7.788898890015544 1250
0.44 3.236337464933723e-06 1.033474609021231e-06 1.841264654485684 1458
0.48 1.355032278303537e-05 5.807979354145977e-07 4.257128989339233 1814
0.52 1.847097330361506e-05 4.232531025627595e-07 4.740438215368177 2178
0.56 5.597260191017458e-06 1.231382204592072e-06 1.518683956323844 2498
0.6 2.209849222071539e-05 3.520565423760186e-07 4.149644266177307 2622
0.64 1.238448577400777e-05 1.014212239223123e-06 2.158541675844782 3338
0.68 1.723581238285015e-05 9.335478936324051e-07 2.577306281620603 3722
0.72 1.884013590517348e-05 9.111921527149104e-07 2.486504464587182 4170
0.76 1.956376742241621e-05 1.218218849847126e-06 2.323924238096267 4358
0.8 2.290767778348603e-05 1.199833636229282e-06 2.424977097598429 5034
0.84 2.411895002939589e-05 1.372748153098212e-06 2.312745649641688 5714
0.88 3.120357801518889e-05 1.314683980339506e-06 2.694960974298658 5982
0.92 2.849991945553393e-05 1.876048901194411e-06 2.26898861622244 6602
0.96 3.383060377470004e-05 1.797414914617177e-06 2.45030553449201 7130
1 3.512098425636809e-05 2.081259399436895e-06 2.344249010729462 8034
1.04 4.249254146845226e-05 2.183523364787629e-06 2.609207269765572 8606
1.08 4.606357540626638e-05 2.491133903861344e-06 2.61970302139955 9066
1.12 4.723124763904333e-05 2.800280136953485e-06 2.496823252944077 9962
1.16 5.402017687516197e-05 3.095955146500046e-06 2.655802118251019 10550
1.2 5.97424235034637e-05 3.332854030832294e-06 2.738364008744858 11226
1.24 6.040601552861075e-05 3.794976916378856e-06 2.593666799704659 12146
1.28 7.159756820564871e-05 3.830300647885653e-06 2.873042466097276 12303
1.32 7.510043968567728e-05 4.103645905868448e-06 2.830328512549045 12584
1.36 8.130782661274113e-05 4.502796262345859e-06 2.884809167871991 12120
1.4 8.423400549110182e-05 5.196219931684775e-06 2.820961382159973 11180
1.44 9.612330496744671e-05 5.077777730967712e-06 3.034205895789988 11096
1.48 0.0001003137483841542 5.557759977851103e-06 2.996903137077178 10056
1.52 0.0001021713309802352 6.587104182899547e-06 2.896178258697391 9716
1.56 0.0001109175232912894 6.669600741702186e-06 2.98002761652222 8604
1.6 0.0001223538554723448 7.429157870026296e-06 3.122393130106476 8060
1.64 0.0001346459820812524 7.6668949499331e-06 3.266554148241039 7320
1.68 0.0001486717986045604 8.006616964420795e-06 3.434805739848573 6356
1.72 0.0001594009215196488 7.859636463720147e-06 3.508709597759882 5348
1.76 0.0001591284568227218 9.29266042109264e-06 3.346541691008254 4308
1.8 0.0001557608251314423 1.045030909229151e-05 3.133840703947911 3563
1.84 0.000183467615671331 9.96475293281367e-06 3.52662492619368 2448
1.88 0.0001948236395887144 9.981400622019064e-06 3.582683219385761 1868
1.92 0.0002045251390460781 1.141793857413639e-05 3.603771069801385 1358
1.96 0.0001353599255823083 1.771192563571451e-05 2.305760755179444 1062
2 0.0001711159273795288 1.466333693953788e-05 2.788347877235734 776
2.04 0.0003207240150575167 1.085833811052644e-05 5.002064942181955 432
2.08 0.0003547185306880665 9.287483085775686e-06 5.299015246481899 200
2.12 0.0004283724789219608 7.728253387383625e-06 6.143550380475459 168
2.16 0.000195736429951866 1.014387541990489e-05 2.716616429571584 56
2.2 0.00022193190946231 4.674723293564154e-06 2.96279925250029 7


0.04 6.373910745524136e-09 3.999013825755814e-09 13.78120131717917 18
0.08 1.34054667752353e-07 2.225265364951672e-08 11.40152028221006 62
0.12 1.359385708379946e-06 7.18758369153744e-08 18.20835559046959 98
0.16 4.209456653822646e-06 3.79192930597572e-08 17.97117844681224 210
0.2 6.386608466049222e-06 2.933436544489154e-08 15.15810692770402 350
0.24 3.55472187549267e-06 3.047735022030523e-07 7.85942668281616 450
0.28 6.202441301627399e-07 5.62687466900389e-07 3.286757254402778 602
0.32 7.517540410370488e-06 2.538432335860844e-07 6.587499088216912 762
0.36 1.267722948898482e-05 1.478562398792423e-07 7.939813380338049 1142
0.4 2.13942292867539e-06 8.302048091319276e-07 2.029841154745127 1250
0.44 1.130993068544108e-05 4.205977396314497e-07 4.810143567785294 1458
0.48 1.504466158037931e-05 3.156688285007815e-07 5.112433790802769 1814
0.52 3.894126349187754e-06 9.978233093425168e-07 1.512349359868527 2178
0.56 1.890515679026463e-05 2.896604728920794e-07 4.589502742445985 2498
0.6 8.792411102188541e-06 8.502677922152985e-07 2.018351897946174 2622
0.64 1.28256375671004e-05 7.396149036392907e-07 2.449847618105937 3338
0.68 1.682189379437346e-05 6.879502363676318e-07 2.779977767867635 3722
0.72 1.326464330470231e-05 9.297242018975312e-07 1.991070076859869 4170
0.76 1.965432328300445e-05 8.819317374873287e-07 2.576469416911969 4358
0.8 1.836352165264647e-05 1.090276441985399e-06 2.180780604218558 5034
0.84 2.187937172638033e-05 1.104195421998232e-06 2.332737257660645 5714
0.88 2.004258447488247e-05 1.48543509280789e-06 1.965003520256849 5982
0.92 2.851578734649884e-05 1.371592356501433e-06 2.510413352063732 6602
0.96 2.798108059680497e-05 1.58882553933317e-06 2.263427984971873 7130
1 3.212073222643129e-05 1.659804614597767e-06 2.382295331400225 8034
1.04 3.342853382957761e-05 2.023924049987068e-06 2.295702302105581 8606
1.08 3.791728497335565e-05 2.206049859447525e-06 2.406231779572162 9066
1.12 4.271731142740272e-05 2.258203444279653e-06 2.510077224453811 9962
1.16 4.640076924277576e-05 2.633645095311046e-06 2.540286729984246 10550
1.2 5.168787940941514e-05 2.810679824949041e-06 2.637023611245516 11226
1.24 5.677295002762676e-05 2.951603385208835e-06 2.705984427179263 12146
1.28 5.774805151886087e-05 3.466357265081144e-06 2.584095643485127 12303
1.32 6.238359065980864e-05 3.602886181121499e-06 2.618930041760713 12584
1.36 6.780983057944253e-05 3.941385138816581e-06 2.679372152626915 12120
1.4 7.540766579439208e-05 4.244149774532935e-06 2.807119382317943 11180
1.44 7.545293543434328e-05 4.720113493357673e-06 2.655619149035874 11096
1.48 8.514840466316628e-05 4.778259014721012e-06 2.830663364211924 10056
1.52 9.667591361374755e-05 5.085225482744844e-06 3.042109138461292 9716
1.56 9.782916872752937e-05 5.523205914027263e-06 2.922069989101917 8604
1.6 0.0001053459107715218 6.30099871023183e-06 2.990110167493035 8060
1.64 0.0001079718506501318 6.955851718293351e-06 2.917213819703189 7320
1.68 0.0001188927488301874 7.304426208270846e-06 3.0586060554723 6356
1.72 0.0001248794784047386 7.367336244455029e-06 3.061302104739722 5348
1.76 0.0001413443693487972 7.61711555773264e-06 3.303559740560688 4308
1.8 0.0001343003229662971 8.852974683486447e-06 3.004650493310879 3563
1.84 0.0001470886635282878 9.092898777033628e-06 3.146971059127651 2448
1.88 0.000164598017021957 8.636464586391403e-06 3.365889992142082 1868
1.92 0.0002012757097379925 8.166979364126166e-06 3.935720362008174 1358
1.96 0.0001711647806405142 1.180526101470016e-05 3.220668097845853 1062
2 0.0001112391249796862 1.461633455557114e-05 2.026391443896506 776
2.04 0.0001697185535050379 1.553895293744319e-05 2.960669657885671 432
2.08 0.0002125084011470922 1.33778019626069e-05 3.541910860044187 200
2.12 0.0003003976675772005 1.056240403375356e-05 4.795867718293382 168
2.16 0.0001917923323745542 7.192890271919631e-06 2.954689127098173 56
2.2 0.0001665504808250878 5.39174209804839e-06 2.473428230183587 7


0.04 6.569166713658189e-08 2.851803502668619e-10 14.95041682387605 18
0.08 4.797232998112486e-07 1.224967097576553e-10 13.83816392580746 62
0.12 2.228367386834338e-06 7.324501712848152e-09 21.78286434569177 98
0.16 2.661177000473361e-06 8.640387550268444e-08 15.46037363655849 210
0.2 7.339276808249996e-07 2.803346547808571e-07 7.257278451468853 350
0.24 1.381612507038093e-06 3.524567317447793e-07 5.796309159911858 450
0.28 7.734022787425198e-06 1.045896899350678e-07 9.657799422516694 602
0.32 8.448669382981855e-06 1.202135878287965e-07 7.722400310068549 762
0.36 1.606617149140134e-06 6.279895945304018e-07 2.435869806523766 1142
0.4 9.549346010678525e-06 3.061630691245697e-07 5.560319425628989 1250
0.44 1.236059941739778e-05 2.324594195167734e-07 5.620195429594087 1458
0.48 2.477785155969311e-06 8.379652921297666e-07 1.494924128066951 1814
0.52 1.511815298908715e-05 2.337506835133966e-07 4.750871004215022 2178
0.56 7.954688900818341e-06 7.088062018630165e-07 2.363786689406979 2498
0.6 9.577372929841313e-06 6.27373343530692e-07 2.360451309276192 2622
0.64 1.448195351527393e-05 4.632872244409984e-07 2.98041238475774 3338
0.68 9.625237218573532e-06 8.631288203936119e-07 1.845482293732707 3722
0.72 1.539204512524843e-05 5.961123375211397e-07 2.489720029536725 4170
0.76 1.356345719764972e-05 9.536595332306869e-07 2.006011190409714 4358
0.8 1.774211750585171e-05 8.465060257937302e-07 2.310177493537604 5034
0.84 1.684308886179752e-05 1.072970894106677e-06 2.001650268776143 5714
0.88 2.372378451622901e-05 9.410438719506271e-07 2.518063055527025 5982
0.92 2.211740297325873e-05 1.333988901938426e-06 2.16425368183943 6602
0.96 2.473833205916474e-05 1.349865528051315e-06 2.206668818676139 7130
1 2.585853316554154e-05 1.549720023088867e-06 2.124677337138503 8034
1.04 3.159686136183269e-05 1.611360490298982e-06 2.384378245004663 8606
1.08 3.47334404738411e-05 1.811774376133472e-06 2.42549616660071 9066
1.12 3.535681714527544e-05 2.053430867107129e-06 2.295677407440552 9962
1.16 4.129637829864494e-05 2.222242358766636e-06 2.490332458986249 10550
1.2 4.300089062906025e-05 2.539736505012251e-06 2.422365327916206 11226
1.24 4.634054271313177e-05 2.71955320248249e-06 2.439659244084071 12146
1.28 5.330196272859609e-05 2.824416424731502e-06 2.623503397430507 12303
1.32 5.526952789142709e-05 3.06033760457932e-06 2.555339405024068 12584
1.36 5.981795969550624e-05 3.360431162070623e-06 2.603153049556766 12120
1.4 6.647759747610308e-05 3.616272342816324e-06 2.725235532831519 11180
1.44 7.061952596775052e-05 3.798322797125985e-06 2.732770253380326 11096
1.48 7.119054665243259e-05 4.296550740345147e-06 2.609475966475796 10056
1.52 7.900938702046382e-05 4.681784519960573e-06 2.742179009269527 9716
1.56 8.361431218328549e-05 4.857720058069839e-06 2.751585692651796 8604
1.6 9.74926759028242e-05 5.112348228458254e-06 3.043302886639089 8060
1.64 0.0001043623973538101 5.415187769860987e-06 3.098268261338562 7320
1.68 0.0001070644628754819 6.11038281418501e-06 3.030779830687868 6356
1.72 0.0001023603447064851 6.736170198055534e-06 2.766171379240029 5348
1.76 0.0001148331396031353 7.052911431120647e-06 2.958544052378922 4308
1.8 0.0001327439333156918 6.719162451825147e-06 3.262351463291411 3563
1.84 0.0001249810951274234 8.039528726125553e-06 2.945088457059984 2448
1.88 0.0001259585333604848 8.480060130696502e-06 2.841369937396065 1868
1.92 0.000144368925327563 8.860500149941284e-06 3.115814392962589 1358
1.96 0.0002175455551697534 6.141515181471517e-06 4.482488561146925 1062
2 0.0001676070968228908 8.459260880810976e-06 3.32960620062957 776
2.04 0.0001211945842463682 1.502243595619036e-05 2.336932230511538 432
2.08 0.0001122758895778082 1.588091465326583e-05 2.078658861968215 200
2.12 0.0001107573719547008 1.805735074664602e-05 1.973916216725036 168
2.16 0.0001376994690665554 7.938629151861098e-06 2.339404772940047 56
2.2 6.864030910444653e-05 9.182390072701879e-06 1.133526039181128 7


0.04 3.466323695205599e-08 1.481926872816612e-09 14.47460181812393 18
0.08 1.359342840739278e-07 1.526649709091742e-08 11.75269008703988 62
0.12 2.118582354907132e-07 9.882921327473808e-08 15.07590492051064 98
0.16 1.309026427880724e-07 1.920328679018813e-07 10.12968060384953 210
0.2 2.338420345502013e-06 1.551180489227817e-07 10.17102476704157 350
0.24 6.676061018507956e-06 1.997480976093739e-08 12.62570386105836 450
0.28 5.409666427029151e-06 1.672149071140331e-07 8.092327455470436 602
0.32 6.585071134922914e-07 4.643004214349379e-07 2.486673139085032 762
0.36 7.274110710499046e-06 2.370852563418673e-07 5.971615369261039 1142
0.4 9.792278184280209e-06 1.967667461140512e-07 6.093846370645602 1250
0.44 1.473086680733342e-06 7.037248863143446e-07 1.535861299668196 1458
0.48 1.2265518511279e-05 1.943704995534254e-07 5.027442191178926 1814
0.52 7.474336098347636e-06 5.192379212979437e-07 2.826370442650247 2178
0.56 7.488455360810078e-06 5.915227736045891e-07 2.425140150807922 2498
0.6 1.343654239432341e-05 2.831172951774534e-07 3.43507525414705 2622
0.64 6.269856009738892e-06 7.530026872760838e-07 1.567545491218286 3338
0.68 1.429577485356494e-05 4.421242803337407e-07 2.836957291946416 3722
0.72 9.629271866564863e-06 7.339628711470695e-07 1.769887762907734 4170
0.76 1.560310822326855e-05 6.362769988207513e-07 2.469791997030564 4358
0.8 1.323924234781633e-05 8.704921623166678e-07 1.91655193318676 5034
0.84 1.778808283687022e-05 7.789205357037596e-07 2.284623193995786 5714
0.88 1.508988051868766e-05 1.13994240810638e-06 1.795510167526474 5982
0.92 2.082465745685662e-05 1.092904301319697e-06 2.221548285969579 6602
0.96 2.167706616382958e-05 1.18869451894802e-06 2.117197238952143 7130
1 2.483347884430386e-05 1.243327736128099e-06 2.222198145454372 8034
1.04 2.580566782031385e-05 1.521055568782913e-06 2.138753292869381 8606
1.08 2.839208407355129e-05 1.70549774049389e-06 2.176565800919009 9066
1.12 3.223676578833975e-05 1.735258904028764e-06 2.285474481518192 9962
1.16 3.488578776149251e-05 2.028919636070717e-06 2.304424169175741 10550
1.2 4.026694764953661e-05 2.089044584720168e-06 2.473878787464309 11226
1.24 4.236357723743232e-05 2.296058474668846e-06 2.434603909428308 12146
1.28 4.463518769551403e-05 2.600477296748769e-06 2.405388933673672 12303
1.32 4.794886679869122e-05 2.717882616746011e-06 2.423875299894368 12584
1.36 5.291508293956925e-05 2.927204372191974e-06 2.515875149150759 12120
1.4 5.549951114954006e-05 3.338567448685382e-06 2.489944119387308 11180
1.44 6.025606691980614e-05 3.432115333173233e-06 2.549634187553603 11096
1.48 6.658126986774598e-05 3.539587454806475e-06 2.661748425105827 10056
1.52 7.110678716970082e-05 4.015452011496214e-06 2.694328286011262 9716
1.56 7.434410304401961e-05 4.211778117924208e-06 2.671599264912314 8604
1.6 7.757140643210574e-05 4.94422396206353e-06 2.650966814068681 8060
1.64 8.557681036788119e-05 5.098206339169031e-06 2.778842407315257 7320
1.68 9.485416068474148e-05 5.314072507876918e-06 2.931860246838875 6356
1.72 0.0001043115174660299 5.08538975747445e-06 3.069101687370188 5348
1.76 0.0001048638335688074 5.964541554976751e-06 2.94801800659155 4308
1.8 0.0001109569728445701 6.223411070714404e-06 2.980070335855833 3563
1.84 0.0001193529135144022 6.492898960399356e-06 3.066216150318113 2448
1.88 0.0001165894405931858 7.097365004842487e-06 2.869002274278781 1868
1.92 0.0001095246711244557 8.793609921644256e-06 2.588100260380251 1358
1.96 0.0001358204251516234 8.617796921139096e-06 3.069706026916545 1062
2 0.0001836180227353166 5.27568311758688e-06 3.969986484686082 776
2.04 0.0002098866860551979 7.106557978491937e-06 4.369293533098705 432
2.08 0.0001842690442038454 8.910960008945876e-06 3.683573103894244 200
2.12 0.0001494945415914609 1.279286278052897e-05 2.883880907301121 168
2.16 9.263829734199433e-05 8.635993417826e-06 1.725143629870233 56
2.2 7.377092154615882e-05 7.272684597411511e-06 1.325362095139245 7


0.04 1.653546078185962e-09 2.84378263454438e-09 13.85969658970944 18
0.08 6.11983817465907e-08 1.660017446451306e-08 11.33203961237614 62
0.12 7.631559146561345e-07 5.682541550357877e-08 17.42629699543424 98
0.16 2.690139499303868e-06 3.378413252868169e-08 16.66398689476054 210
0.2 4.360877824396459e-06 1.725144311985436e-08 14.17642241610737 350
0.24 2.408309562598887e-06 2.051827827760438e-07 7.645583310561753 450
0.28 5.061436748815774e-07 3.751757794447772e-07 3.580824328775441 602
0.32 5.617194175595946e-06 1.431691949560957e-07 6.522601598557054 762
0.36 7.743886224417558e-06 1.437496532636205e-07 6.657663739037019 1142
0.4 1.254966287852541e-06 5.69653612280324e-07 1.934487179609685 1250
0.44 9.862966627886195e-06 1.662615783117727e-07 5.365481278402159 1458
0.48 7.170314187040364e-06 3.735613955697382e-07 3.461128154546448 1814
0.52 4.753977197324614e-06 5.584004352014332e-07 2.137310022322818 2178
0.56 1.250224639664719e-05 2.124181333897763e-07 4.018029922943981 2498
0.6 3.63404999970343e-06 6.959111176494676e-07 1.268112168688506 2622
0.64 1.199324750259464e-05 3.211692647450577e-07 2.929927387566337 3338
0.68 8.010142488027546e-06 6.453409100984238e-07 1.831022276220269 3722
0.72 1.156313223057817e-05 4.868705373944953e-07 2.240440174368529 4170
0.76 1.054157166625179e-05 7.441798140373842e-07 1.867330927871482 4358
0.8 1.442594805597566e-05 6.263229372903807e-07 2.232318712863909 5034
0.84 1.241111904521994e-05 8.742474680080901e-07 1.770162693842121 5714
0.88 1.81685443987768e-05 7.498375617095463e-07 2.297432836801581 5982
0.92 1.81970638772161e-05 9.858742742476792e-07 2.11329198612674 6602
0.96 1.921979968874058e-05 1.05426198638156e-06 2.040936880189907 7130
1 2.000968971265362e-05 1.213805719271888e-06 1.957472377146124 8034
1.04 2.418031857301402e-05 1.278622594235543e-06 2.171120533653002 8606
1.08 2.774260326500056e-05 1.373337147910901e-06 2.299041113938544 9066
1.12 2.811724810946238e-05 1.567251424672733e-06 2.167018208562026 9962
1.16 3.270783048650548e-05 1.701380362949776e-06 2.340437998480174 10550
1.2 3.34498728226173e-05 1.980068072999218e-06 2.237722149169326 11226
1.24 3.698035363564917e-05 2.068642075897672e-06 2.308721555920563 12146
1.28 4.123404404683516e-05 2.215912411224613e-06 2.408447322795839 12303
1.32 4.320723015273659e-05 2.374343266349669e-06 2.369361057310189 12584
1.36 4.612027519437565e-05 2.643755801884525e-06 2.381241262081048 12120
1.4 5.301331668504708e-05 2.748189030245505e-06 2.574784725900904 11180
1.44 5.320753044858201e-05 3.060214555259419e-06 2.443264579664463 11096
1.48 5.604645452057774e-05 3.310597240963192e-06 2.434612495722493 10056
1.52 6.332164962383553e-05 3.54618811854594e-06 2.602641047137895 9716
1.56 6.637880401486634e-05 3.712479003720073e-06 2.587136533440382 8604
1.6 7.70312657157557e-05 3.922026615148573e-06 2.847424892180504 8060
1.64 7.689928868260367e-05 4.469802819268676e-06 2.707634601311472 7320
1.68 8.158371423312677e-05 4.858811196599388e-06 2.736877600602891 6356
1.72 8.016417124228999e-05 5.212740795769379e-06 2.56591065886183 5348
1.76 9.305553652347354e-05 5.285188976155041e-06 2.836893051791949 4308
1.8 8.987375996884026e-05 6.017201960413695e-06 2.622635304924183 3563
1.84 0.0001056571771399627 5.77256079871486e-06 2.943281273583402 2448
1.88 0.0001145067922455219 5.65105823184503e-06 3.049483699649719 1868
1.92 0.0001323953740978965 5.756036303521038e-06 3.37298356982367 1358
1.96 9.032335922595806e-05 9.413223829032606e-06 2.227344839685947 1062
2 8.73300022547898e-05 9.081136881778874e-06 2.069310632992774 776
2.04 0.0001728473316142707 7.067456046713336e-06 3.903834470138699 432
2.08 0.000197969223956419 5.876930122666067e-06 4.278766873533651 200
2.12 0.0002521247518964252 4.361626529380697e-06 5.226280500755066 168
2.16 0.0001183994992398399 5.548652402018264e-06 2.376808227164446 56
2.2 0.0001317339703968352 2.575822388770187e-06 2.541621806709045 7


0.04 4.238750667906393e-08 3.788685631340683e-10 14.75687580036645 18
0.08 3.280564401105118e-07 4.157777824868226e-10 13.45073152885111 62
0.12 1.605832050173155e-06 2.280128709698038e-09 21.18596377704731 98
0.16 2.038797156298284e-06 5.039968018289273e-08 15.5062299069355 210
0.2 6.208657558772325e-07 1.895404688850973e-07 7.720469297918035 350
0.24 9.425169541542367e-07 2.468548792157872e-07 5.87771332621686 450
0.28 5.486316228013293e-06 6.816301830919181e-08 9.058605663629837 602
0.32 5.538021564065553e-06 1.025202597196484e-07 6.815865985037377 762
0.36 1.04604010370598e-06 4.411151529051742e-07 2.422370306227745 1142
0.4 7.85560753921953e-06 1.501621359384809e-07 5.801917943466041 1250
0.44 6.776404501291579e-06 2.605033052048564e-07 4.232340998607147 1458
0.48 2.795833979338263e-06 5.258241186584938e-07 1.904249163648877 1814
0.52 1.106990763138335e-05 1.361098646458996e-07 4.47680163999249 2178
0.56 3.42001731367613e-06 6.066524531625284e-07 1.532725478332776 2498
0.6 1.025660392667099e-05 2.456185633953921e-07 3.10530053935073 2622
0.64 6.989570277565177e-06 4.903791093651778e-07 1.960778457395882 3338
0.68 9.34674053560335e-06 4.587632032806477e-07 2.234961416184655 3722
0.72 8.814976347546469e-06 5.197150405829858e-07 1.883516384081065 4170
0.76 1.1841285902001e-05 5.348633237496729e-07 2.216903215257035 4358
0.8 1.041073713757056e-05 6.966057127490274e-07 1.780254414182964 5034
0.84 1.429282731624013e-05 6.092200423780134e-07 2.156765441664592 5714
0.88 1.30167186752869e-05 8.487703466244046e-07 1.811791376071886 5982
0.92 1.582956624972502e-05 9.063060340039745e-07 1.991744485459837 6602
0.96 1.71838221563681e-05 9.450763737556661e-07 1.972345030084046 7130
1 1.975994523563599e-05 9.851141416335153e-07 2.075502675662971 8034
1.04 2.12976144774556e-05 1.163530778574465e-06 2.067565500617285 8606
1.08 2.217115287352728e-05 1.374464611681887e-06 1.996949539622301 9066
1.12 2.528670832732313e-05 1.394859665326484e-06 2.1038069920397 9962
1.16 2.743669739481511e-05 1.624841065419695e-06 2.126299008743459 10550
1.2 3.189934759630953e-05 1.662973303132929e-06 2.296777082005351 11226
1.24 3.321885953142187e-05 1.845991234013365e-06 2.237958021264812 12146
1.28 3.595644344890657e-05 2.036011452307275e-06 2.268724004325394 12303
1.32 3.823087873423813e-05 2.14926991297927e-06 2.263052546072253 12584
1.36 4.257893814708288e-05 2.292934221499203e-06 2.369074519747333 12120
1.4 4.400851609712676e-05 2.652980081883962e-06 2.311777110327414 11180
1.44 4.93400095753026e-05 2.641272543752755e-06 2.441002538727991 11096
1.48 5.231465329223289e-05 2.842787433755495e-06 2.447830045824005 10056
1.52 5.634628078996946e-05 3.193425800343821e-06 2.498094562671665 9716
1.56 5.843428309719001e-05 3.377699590774441e-06 2.457177183610609 8604
1.6 6.268399869169207e-05 3.861817543472944e-06 2.504891930015905 8060
1.64 7.19888122858794e-05 3.818879160536531e-06 2.729854203319929 7320
1.68 7.744650890115381e-05 4.100665889693873e-06 2.797153324473769 6356
1.72 8.037299394639701e-05 4.181801353424997e-06 2.766147906310369 5348
1.76 8.304034064079914e-05 4.746291375514931e-06 2.729344296421719 4308
1.8 9.448039957464726e-05 4.579974176293071e-06 2.961748853631262 3563
1.84 8.736834841709728e-05 5.58325367641136e-06 2.627977801100055 2448
1.88 8.952004090121275e-05 5.804397323737962e-06 2.576674896865226 1868
1.92 0.0001030550059753764 6.036078453778141e-06 2.836838837293832 1358
1.96 0.0001491947535234307 4.473858206677492e-06 3.918920362869804 1062
2 0.0001049917770145457 6.587383905790259e-06 2.665097058157755 776
2.04 8.022029845325164e-05 1.064918473783661e-05 1.979750032749834 432
2.08 8.483893658798572e-05 1.061231406735512e-05 2.003569096964571 200
2.12 0.0001034151524381488 1.097892124847294e-05 2.33881200691217 168
2.16 0.0001073706657903689 4.879268322599424e-06 2.322046162786414 56
2.2 6.462204141030572e-05 5.389249243111701e-06 1.354487109255297 7


