0.144338 6.088008908970502e-05 7.487053243604947e-05 0.4666470808997704 18
0.288675 0.0003987263806842582 0.0006941866915669392 0.5185972782930128 62
0.433013 0.001316897408956165 0.001955909876660315 0.5983793675388029 98
0.57735 0.003145314503855202 0.006772564060930087 0.7589171655132263 210
0.721688 0.006332370971220315 0.01519094218387531 0.9415479893147197 350
0.866025 0.00928591237359171 0.02521665272231542 0.9380669237966383 450
1.01036 0.005091501089245825 0.01156042574752029 0.3637889935116073 602
1.1547 1.457733818570841e-34 4.195595207378314e-34 7.911022543851898e-33 762
1.29904 1.992089291990823e-34 4.36093221023286e-34 8.411683354456289e-33 1142
1.44338 2.522922126389526e-34 6.300609018366729e-34 8.628103003431605e-33 1250
1.58771 2.836211508385448e-34 7.345892710978205e-34 7.946864416135197e-33 1458
1.73205 3.388795255464824e-34 9.626288694454121e-34 7.937440444799285e-33 1814
1.87639 4.606856680891367e-34 1.096695844198087e-33 9.140672338016766e-33 2178
2.02073 4.807351001440151e-34 1.165625167000952e-33 8.206893024946214e-33 2498
2.16506 5.698226230823613e-34 1.315627674889222e-33 8.442746508255141e-33 2622
2.3094 5.575256557696491e-34 1.192444455200066e-33 7.229286103497732e-33 3191
2.45374 4.428601636555902e-34 1.095525946819552e-33 5.088308518457142e-33 3044
2.59808 4.160429591869641e-34 1.007836145742937e-33 4.262512879440857e-33 2736
2.74241 4.535222396366717e-34 1.047551780724853e-33 4.161208412508417e-33 2276
2.88675 5.23266613088411e-34 1.257680390186351e-33 4.324505658025086e-33 2016
3.03109 5.631306016432279e-34 1.324670325181107e-33 4.222649153264409e-33 1640
3.17543 4.87223228936979e-34 1.303108738421602e-33 3.328199528035669e-33 1056
3.31976 4.928334189809247e-34 1.132141214501333e-33 3.074521617008136e-33 683
3.4641 5.322886715850832e-34 1.179547703587479e-33 3.053149926877769e-33 350
3.60844 5.825979145855622e-34 1.379110605804032e-33 3.084683002410675e-33 192
3.75278 6.082376299156701e-34 1.342531711474572e-33 2.96406390379186e-33 44
3.89711 5.998215055239709e-34 1.617862288743258e-33 2.693653792332117e-33 25


0.144338 2.754413086552201e-07 5.462036882198066e-07 0.4164462579534143 18
0.288675 1.724812522847816e-06 5.988440247091198e-06 0.4410761923809741 62
0.433013 6.839899645519121e-06 1.370539741304614e-05 0.3863507497257703 98
0.57735 1.940896446413659e-05 4.308035213338838e-05 0.4867077195058207 210
0.721688 4.857777565286764e-05 7.57379026160762e-05 0.5472337354179498 350
0.866025 6.694298965345667e-05 0.0001379578180986261 0.4907867464644542 450
1.01036 2.610707548032657e-05 8.343815521989786e-05 0.1464123278379507 602
1.1547 6.86636594690801e-35 1.651487322149697e-34 2.309011548383133e-31 762
1.29904 1.024277891168304e-34 2.212169659957416e-34 2.403109035186883e-31 1142
1.44338 1.548422277998458e-34 2.81248212703621e-34 2.592318773284585e-31 1250
1.58771 1.867573332159648e-34 3.984345189302273e-34 2.516159411246473e-31 1458
1.73205 2.624260624202524e-34 5.15515370840795e-34 2.750395811284716e-31 1814
1.87639 3.074721376758363e-34 6.646447274945114e-34 2.678853266035571e-31 2178
2.02073 3.928248131016401e-34 8.177859928923959e-34 2.804837604618415e-31 2498
2.16506 4.981203194587734e-34 1.045149169248507e-33 2.991323072199818e-31 2622
2.3094 5.630933795893041e-34 1.2313914912215e-33 2.900084643834431e-31 3191
2.45374 6.445732778757174e-34 1.557952165033513e-33 2.907209065469171e-31 3044
2.59808 7.782374874885283e-34 1.713162518029112e-33 3.013761113941321e-31 2736
2.74241 9.060808742348375e-34 2.154498663909203e-33 3.114496647133868e-31 2276
2.88675 9.938627963005035e-34 2.277115587789669e-33 3.004545548665195e-31 2016
3.03109 1.174048099868936e-33 2.669642389780395e-33 3.164843423695929e-31 1640
3.17543 1.335814282150812e-33 3.05726731752158e-33 3.23483256641605e-31 1056
3.31976 1.715310441115678e-33 3.831565385313227e-33 3.739895405819933e-31 683
3.4641 1.717634408323641e-33 4.445917214782223e-33 3.456757568291095e-31 350
3.60844 2.172872439674824e-33 5.156842179294964e-33 3.947412785495878e-31 192
3.75278 2.010812921030033e-33 4.376125361682059e-33 3.306810255161189e-31 44
3.89711 3.641569641276149e-33 4.055027185542037e-33 5.277256727141222e-31 25


0.144338 9.41253722551681e-08 2.100979957844723e-07 0.4162571922190171 18
0.288675 6.265011301944503e-07 2.168861706714844e-06 0.4428713709344337 62
0.433013 2.445282724230222e-06 5.043019432885409e-06 0.3851841509231096 98
0.57735 6.993799305347748e-06 1.572385965868608e-05 0.485078149412896 210
0.721688 1.749851732479075e-05 2.772786985352027e-05 0.5355225239302682 350
0.866025 2.099819299978377e-05 5.680685801271808e-05 0.4728854862856904 450
1.01036 1.04057490113466e-05 2.821617521067177e-05 0.1479360763891474 602
1.1547 5.055875560418677e-35 1.148284865319068e-34 4.457420223521715e-31 762
1.29904 7.715817900303418e-35 1.580731427868329e-34 4.656127986176316e-31 1142
1.44338 9.93802399703135e-35 2.145806343284246e-34 4.48519426120419e-31 1250
1.58771 1.362429891780363e-34 2.775842857663588e-34 4.603924982384331e-31 1458
1.73205 1.700820740969757e-34 3.93406414578475e-34 4.687717618005447e-31 1814
1.87639 2.288017684416667e-34 4.985148284881498e-34 4.945245325629733e-31 2178
2.02073 2.762047530243799e-34 5.746748382509515e-34 4.80178622510606e-31 2498
2.16506 3.351508373281608e-34 7.853881647403856e-34 4.986805521336926e-31 2622
2.3094 4.166510929641687e-34 9.100518946565948e-34 5.110472336012745e-31 3191
2.45374 4.938474778311964e-34 1.091937286338039e-33 5.176495175986746e-31 3044
2.59808 5.923081291216741e-34 1.270908629198838e-33 5.315341898805405e-31 2736
2.74241 6.764309861420367e-34 1.511038330894324e-33 5.317050600889432e-31 2276
2.88675 7.86944701285553e-34 1.670175390400178e-33 5.372069718525615e-31 2016
3.03109 9.282135412160304e-34 1.931170966593895e-33 5.588358485307429e-31 1640
3.17543 9.944046680300354e-34 2.294450603570405e-33 5.426865748966283e-31 1056
3.31976 1.204053382400523e-33 2.909823091358709e-33 5.929868051908674e-31 683
3.4641 1.296919335809879e-33 3.031742834894012e-33 5.720090153976114e-31 350
3.60844 1.554660369271197e-33 3.522687869814977e-33 6.195954959930423e-31 192
3.75278 1.206038808225888e-33 3.854332787107235e-33 4.619148506002516e-31 44
3.89711 1.768965797051049e-33 4.072659445384769e-33 5.835803123960396e-31 25


0.144338 4.92000648250807e-08 1.205006604801788e-07 0.4162236101202065 18
0.288675 3.575039884187037e-07 1.162209335649374e-06 0.4436962697898328 62
0.433013 1.312116546342524e-06 2.83157913389543e-06 0.3847980748367382 98
0.57735 3.674640560358905e-06 8.977714956010635e-06 0.4841188385033159 210
0.721688 9.529764265999741e-06 1.538176937991561e-05 0.5318627503243372 350
0.866025 1.103371855594046e-05 3.219279577853848e-05 0.471492065541848 450
1.01036 6.163429919200853e-06 1.454022685504095e-05 0.1490315608568935 602
1.1547 4.496739732844125e-35 9.551931079011211e-35 6.949566188629428e-31 762
1.29904 6.463506578758003e-35 1.26983547926095e-34 6.867968544177929e-31 1142
1.44338 8.746425330906885e-35 1.863942481257678e-34 7.043834120807462e-31 1250
1.58771 1.077417536917111e-34 2.332670447835904e-34 6.597263972838517e-31 1458
1.73205 1.502495109300246e-34 2.991780009479022e-34 6.947549164177923e-31 1814
1.87639 1.985041706734196e-34 3.736051621434658e-34 7.168354364301222e-31 2178
2.02073 2.243183259295055e-34 4.98353971900909e-34 6.934952237069627e-31 2498
2.16506 2.918382591238636e-34 5.773702952090348e-34 7.164257377153435e-31 2622
2.3094 3.374724285698683e-34 7.490640514436568e-34 7.161899660861603e-31 3191
2.45374 4.141786246847954e-34 8.653244358553865e-34 7.311898577818892e-31 3044
2.59808 4.717037256084192e-34 1.038126767833294e-33 7.232987303471324e-31 2736
2.74241 5.493506335353548e-34 1.235935690285904e-33 7.317788156886121e-31 2276
2.88675 6.26386084259592e-34 1.460489956167371e-33 7.341673071249741e-31 2016
3.03109 7.771652416051271e-34 1.581562393800446e-33 7.756904820202185e-31 1640
3.17543 8.308948007044494e-34 1.670100837895867e-33 7.323302144147116e-31 1056
3.31976 1.123016400798065e-33 2.114667030784403e-33 8.723390610369634e-31 683
3.4641 1.153506881477854e-33 2.448858965967183e-33 8.245485974381611e-31 350
3.60844 1.139226242759483e-33 2.972014084193885e-33 7.645853568264539e-31 192
3.75278 1.467839886273472e-33 3.519635139281001e-33 8.744532719014557e-31 44
3.89711 1.13932726681141e-33 2.310894500870944e-33 5.999547573252375e-31 25


0.144338 3.103604977583825e-08 8.080543330674042e-08 0.4162307509712962 18
0.288675 2.499143673684323e-07 7.231477924804414e-07 0.4442345377421028 62
0.433013 8.343783961481804e-07 1.891762394539153e-06 0.3846088231608428 98
0.57735 2.259779630013936e-06 6.142667612307713e-06 0.4835217437586696 210
0.721688 6.174596125855689e-06 1.011915639711849e-05 0.5301552654224754 350
0.866025 7.137478614153948e-06 2.111488643864722e-05 0.4720801588778268 450
1.01036 4.164333952981607e-06 9.182533832754065e-06 0.149307832982813 602
1.1547 3.78401430770855e-35 7.88729422554264e-35 8.863978192428855e-31 762
1.29904 5.260702570305852e-35 1.082514574836345e-34 8.660556269232054e-31 1142
1.44338 7.463010418811454e-35 1.512521602798061e-34 8.928401215249348e-31 1250
1.58771 9.478699742342841e-35 2.02202113262899e-34 8.76551782013183e-31 1458
1.73205 1.254819493036879e-34 2.700878270843472e-34 9.016632663474734e-31 1814
1.87639 1.614171008122578e-34 3.363341820838211e-34 9.06529988121652e-31 2178
2.02073 1.916161700299858e-34 4.211801666177871e-34 8.87018391618908e-31 2498
2.16506 2.555893705507669e-34 4.999912425303946e-34 9.333776238147109e-31 2622
2.3094 2.95503713055004e-34 6.429320764318829e-34 9.300456978349798e-31 3191
2.45374 3.591128303738659e-34 7.433553166105255e-34 9.380790195091954e-31 3044
2.59808 4.1097609903417e-34 9.138659741550278e-34 9.353229577947193e-31 2736
2.74241 5.173566357642732e-34 9.887567052561603e-34 9.702666177840147e-31 2276
2.88675 6.003667549382449e-34 1.20846867158674e-33 9.933450721222103e-31 2016
3.03109 6.466540576260733e-34 1.39938505002796e-33 9.561473929827496e-31 1640
3.17543 6.969918300489922e-34 1.451456561211109e-33 9.004914622516084e-31 1056
3.31976 9.606841199758301e-34 1.978350402815805e-33 1.100546908551913e-30 683
3.4641 9.550858465142987e-34 2.146630153581706e-33 9.995194369667524e-31 350
3.60844 1.282480721573495e-33 1.914831429748331e-33 1.111177147729728e-30 192
3.75278 1.559236084145551e-33 2.475556587211745e-33 1.237070857672032e-30 44
3.89711 1.259835274863181e-33 2.052806703419899e-33 9.113521160112074e-31 25


0.144338 2.196690954928139e-08 5.858753025167661e-08 0.4162554652987245 18
0.288675 1.955718901836582e-07 4.847362953408489e-07 0.4446289384845891 62
0.433013 5.842550011571854e-07 1.386863954089026e-06 0.3845128457525234 98
0.57735 1.522960331160549e-06 4.611451202708648e-06 0.4831859206782625 210
0.721688 4.394254091956777e-06 7.331927788901211e-06 0.5291340264879311 350
0.866025 5.159747444420282e-06 1.506084423303935e-05 0.4729224622772042 450
1.01036 3.017306886696198e-06 6.524495389987019e-06 0.1492728953580477 602
1.1547 3.391020955785062e-35 6.59684568065216e-35 1.069520430078191e-30 762
1.29904 4.62076340473544e-35 9.853535897468134e-35 1.072654559442148e-30 1142
1.44338 6.597466939722119e-35 1.362825985166088e-34 1.105028307268866e-30 1250
1.58771 8.624900360214214e-35 1.876271864560383e-34 1.11501666421034e-30 1458
1.73205 1.120388388055832e-34 2.522810298575857e-34 1.134032489191244e-30 1814
1.87639 1.385550484184012e-34 3.144165647576499e-34 1.112417713255236e-30 2178
2.02073 1.726363058839111e-34 3.767188849222085e-34 1.09819717165784e-30 2498
2.16506 2.19092307212086e-34 4.560412190832248e-34 1.120396901309614e-30 2622
2.3094 2.753510365091348e-34 5.451619607632186e-34 1.150290586461757e-30 3191
2.45374 3.277165388088427e-34 6.783129244158115e-34 1.169656493711571e-30 3044
2.59808 4.031207722376446e-34 7.843871415299207e-34 1.199957988422578e-30 2736
2.74241 4.549656549789605e-34 8.920269177022336e-34 1.166898805552012e-30 2276
2.88675 5.131300732351081e-34 1.085205091832141e-33 1.167255618563195e-30 2016
3.03109 5.802904215408531e-34 1.297768674433369e-33 1.173545526272134e-30 1640
3.17543 6.783015818452775e-34 1.313444633655612e-33 1.159019243609147e-30 1056
3.31976 8.297148735430467e-34 1.808306929216629e-33 1.297126618954067e-30 683
3.4641 9.503689644217481e-34 1.784270773343323e-33 1.27603587909885e-30 350
3.60844 8.734493008396448e-34 2.486077239998823e-33 1.175321379306762e-30 192
3.75278 1.120049064992659e-33 2.723895490976081e-33 1.294936602027641e-30 44
3.89711 8.461906808068442e-34 2.375382409580792e-33 9.188897556066228e-31 25


0.144338 1.687111233517751e-08 4.436942590152387e-08 0.4162883086237054 18
0.288675 1.63224967759312e-07 3.397345824796428e-07 0.4449221955812097 62
0.433013 4.366608622147064e-07 1.074613710303817e-06 0.3844767565724768 98
0.57735 1.098186367596637e-06 3.644120199800808e-06 0.4830642688113197 210
0.721688 3.311618007418624e-06 5.663518746583428e-06 0.528408437568432 350
0.866025 4.004232444339158e-06 1.132359381097421e-05 0.4737540904716848 450
1.01036 2.284711586031447e-06 5.002008522005797e-06 0.1491242565173823 602
1.1547 3.145778421429734e-35 6.251091830652448e-35 1.315376747195804e-30 762
1.29904 4.248265564186477e-35 9.00844318531965e-35 1.292056890502448e-30 1142
1.44338 6.072261482606089e-35 1.264596279015561e-34 1.333483888581861e-30 1250
1.58771 8.004328634474044e-35 1.710937935067173e-34 1.339929074211584e-30 1458
1.73205 1.018976326049237e-34 2.26409228966279e-34 1.342813357332433e-30 1814
1.87639 1.262327348259908e-34 2.895464413265594e-34 1.327335498841818e-30 2178
2.02073 1.620565651523763e-34 3.321560336310073e-34 1.311283273041797e-30 2498
2.16506 1.945140513828273e-34 4.28867299283998e-34 1.324717875083861e-30 2622
2.3094 2.518058839899401e-34 4.915625803097203e-34 1.358038220291689e-30 3191
2.45374 3.070199095287779e-34 6.245886747072592e-34 1.410759768854834e-30 3044
2.59808 3.565477642696383e-34 7.247830302227941e-34 1.391085578394577e-30 2736
2.74241 3.83647760532769e-34 9.159701767871766e-34 1.356947409966333e-30 2276
2.88675 4.718559070582761e-34 1.007814145100014e-33 1.387774735998242e-30 2016
3.03109 5.46421672370916e-34 1.157508610606321e-33 1.397950375152277e-30 1640
3.17543 5.674953954200877e-34 1.298425639373573e-33 1.304111729940394e-30 1056
3.31976 7.823836025455883e-34 1.602528483408471e-33 1.53902672547652e-30 683
3.4641 7.80414736603287e-34 1.801881080617775e-33 1.415069007940074e-30 350
3.60844 9.837946076891515e-34 1.847100778760458e-33 1.507481457140199e-30 192
3.75278 1.284199585779862e-33 2.294104952993546e-33 1.754913249878284e-30 44
3.89711 8.429300002923432e-34 2.039246055656285e-33 1.116648424369238e-30 25


0.144338 1.376535241394656e-08 3.449947198438797e-08 0.4163236006464796 18
0.288675 1.409901175716419e-07 2.463204186438935e-07 0.4451298879658669 62
0.433013 3.429512321823921e-07 8.620878114413154e-07 0.3844846101458788 98
0.57735 8.407135296241984e-07 2.961743902995743e-06 0.4831253389121174 210
0.721688 2.591701133722939e-06 4.581732871756474e-06 0.5278325798906432 350
0.866025 3.268755631409355e-06 8.813540168988361e-06 0.4745414282029485 450
1.01036 1.782908817856277e-06 4.041622419228367e-06 0.1489377899159574 602
1.1547 2.860999726227603e-35 5.89933263063036e-35 1.532144468754216e-30 762
1.29904 3.867486748600403e-35 8.094936559170326e-35 1.466742667801939e-30 1142
1.44338 5.592598603277007e-35 1.177635222098942e-34 1.552703762696694e-30 1250
1.58771 7.169766292008798e-35 1.60479785215783e-34 1.537705110767192e-30 1458
1.73205 9.446653114275935e-35 2.059685399720266e-34 1.548969370664033e-30 1814
1.87639 1.180125161819221e-34 2.657139810142006e-34 1.546962669060185e-30 2178
2.02073 1.550817093050111e-34 3.047872068296754e-34 1.544841251011963e-30 2498
2.16506 1.818852020776622e-34 4.046794784704888e-34 1.555679136879058e-30 2622
2.3094 2.292423657335828e-34 4.559003229612932e-34 1.551736250074991e-30 3191
2.45374 2.808150087789156e-34 5.816678432980268e-34 1.620670234689137e-30 3044
2.59808 3.284803191320986e-34 6.604505865311072e-34 1.590372554796905e-30 2736
2.74241 3.576828556778159e-34 8.382385979987987e-34 1.566611518695419e-30 2276
2.88675 4.391277604663868e-34 9.426794362280804e-34 1.607989145152912e-30 2016
3.03109 5.220311515775319e-34 1.039366482593575e-33 1.622707997714754e-30 1640
3.17543 5.3808648272746e-34 1.17249251315961e-33 1.511890824571315e-30 1056
3.31976 7.494650722918524e-34 1.475106663247427e-33 1.79971732064413e-30 683
3.4641 7.110775677099328e-34 1.702400252031344e-33 1.61426069725584e-30 350
3.60844 8.335478793016209e-34 1.565963466350974e-33 1.570871204875314e-30 192
3.75278 1.033532320971546e-33 1.933053158970553e-33 1.749940301647124e-30 44
3.89711 7.814229285541892e-34 2.103165689595559e-33 1.321624582444288e-30 25


0.144338 1.173311704060142e-08 2.731129214260018e-08 0.4163572857233371 18
0.288675 1.236297476335136e-07 1.84819456230988e-07 0.4452601083994113 62
0.433013 2.805052356703362e-07 7.071680472446896e-07 0.3845255800774032 98
0.57735 6.818394363142195e-07 2.440765473795046e-06 0.4833395595809278 210
0.721688 2.082583407942484e-06 3.837960937036467e-06 0.5273478631042371 350
0.866025 2.772483575089526e-06 7.022179855978658e-06 0.475284726834068 450
1.01036 1.422090277808263e-06 3.391331851614531e-06 0.1487464802164049 602
1.1547 2.671040489457071e-35 5.494084383321837e-35 1.745842125002061e-30 762
1.29904 3.646984495566008e-35 7.840855586884555e-35 1.705554060683747e-30 1142
1.44338 5.347194458903601e-35 1.111897298067557e-34 1.801674296384134e-30 1250
1.58771 6.535842549362558e-35 1.503863051313311e-34 1.733485012022436e-30 1458
1.73205 9.138599486811226e-35 1.899793568077221e-34 1.784762013466004e-30 1814
1.87639 1.146127104827153e-34 2.453408140163531e-34 1.789613194500778e-30 2178
2.02073 1.462249165463159e-34 2.908857526010508e-34 1.778146633648975e-30 2498
2.16506 1.717046051291986e-34 3.792526490804056e-34 1.778786423026037e-30 2622
2.3094 2.1281306292806e-34 4.275623680330197e-34 1.755888314386215e-30 3191
2.45374 2.592658157763272e-34 5.409763309728275e-34 1.820024884058787e-30 3044
2.59808 3.104190333312864e-34 6.242838284656442e-34 1.819441955105255e-30 2736
2.74241 3.497618594643642e-34 7.419006051121363e-34 1.788034842952464e-30 2276
2.88675 4.041808504416416e-34 8.659127467053793e-34 1.788837318736837e-30 2016
3.03109 4.970121843697974e-34 1.0073478631533e-33 1.876623413250469e-30 1640
3.17543 5.245971243794785e-34 1.04035866549851e-33 1.723744463027435e-30 1056
3.31976 6.370548960364733e-34 1.529702661664733e-33 1.968590181996006e-30 683
3.4641 7.410186743693238e-34 1.532362433840281e-33 1.934457408502693e-30 350
3.60844 6.954699584360158e-34 1.645407166694094e-33 1.688381379020541e-30 192
3.75278 9.891453879362269e-34 1.947863977806924e-33 2.032468505568902e-30 44
3.89711 8.085716739551649e-34 1.827764933879351e-33 1.563692659823144e-30 25


0.144338 1.02996367721945e-08 2.194506918573981e-08 0.4163863941251809 18
0.288675 1.086870093982678e-07 1.44535145109492e-07 0.4453202221718526 62
0.433013 2.373848774320583e-07 5.885804520084727e-07 0.3845902873515327 98
0.57735 5.842128196725239e-07 2.021101998006587e-06 0.4836743510508719 210
0.721688 1.706786768954235e-06 3.301417008599561e-06 0.5269319131157697 350
0.866025 2.421906720217979e-06 5.686689224427338e-06 0.4759820509879361 450
1.01036 1.153802941594427e-06 2.925057456196613e-06 0.1485677083151324 602
1.1547 2.455933477777457e-35 5.298277642061852e-35 1.949847904884799e-30 762
1.29904 3.433220810395452e-35 7.452487957585649e-35 1.921036669026843e-30 1142
1.44338 4.884422444587671e-35 1.060658184424181e-34 1.995582889763106e-30 1250
1.58771 6.039025047358894e-35 1.376060449633446e-34 1.899644436917371e-30 1458
1.73205 8.688871902803793e-35 1.825919437501933e-34 2.033673719482148e-30 1814
1.87639 1.079361454573413e-34 2.264324972223345e-34 1.987124333780803e-30 2178
2.02073 1.389257383687556e-34 2.753459739894374e-34 2.004052353938148e-30 2498
2.16506 1.587421144246579e-34 3.591972199052267e-34 1.977954036515422e-30 2622
2.3094 1.979647227316227e-34 4.174610064486393e-34 1.977741950497614e-30 3191
2.45374 2.455501781147782e-34 4.954496523671711e-34 2.018150454691561e-30 3044
2.59808 2.897873043501907e-34 5.763574169660943e-34 2.004541441080643e-30 2736
2.74241 3.365743302689206e-34 6.747206477175448e-34 1.996728574145485e-30 2276
2.88675 3.954599774564644e-34 7.946165939496411e-34 2.023962602403847e-30 2016
3.03109 4.586483294228468e-34 9.468058025562038e-34 2.062123805741656e-30 1640
3.17543 5.166702770289504e-34 9.655893909031278e-34 1.965945019739096e-30 1056
3.31976 6.104119903605904e-34 1.437269209342855e-33 2.217900030548853e-30 683
3.4641 7.268105967296137e-34 1.586154620770148e-33 2.272113512837317e-30 350
3.60844 6.708050217045148e-34 1.612129021590373e-33 1.931408228204003e-30 192
3.75278 8.393611145874739e-34 2.073932068147756e-33 2.182659956079495e-30 44
3.89711 9.707514318448163e-34 1.86451685353736e-33 2.09562735401926e-30 25


0.144338 9.201526217837773e-09 1.790731074351301e-08 0.4164089147717279 18
0.288675 9.503821921042037e-08 1.188936313394127e-07 0.4453193141464968 62
0.433013 2.066612507438782e-07 4.947497281121871e-07 0.384669732250081 98
0.57735 5.252363138763476e-07 1.672100306671776e-06 0.4840932273856779 210
0.721688 1.421207809870596e-06 2.897193710109335e-06 0.5265784627429915 350
0.866025 2.163488731680315e-06 4.66068067272543e-06 0.4766244138001188 450
1.01036 9.499738035059283e-07 2.573321926990371e-06 0.1484127698320309 602
1.1547 2.209506135078441e-35 5.142471261507698e-35 2.130966977901418e-30 762
1.29904 3.256269155390155e-35 7.153240294725133e-35 2.148709778356397e-30 1142
1.44338 4.54286686104248e-35 1.020893409682299e-34 2.206625066096379e-30 1250
1.58771 5.773433537170118e-35 1.323085051541973e-34 2.131510083409734e-30 1458
1.73205 8.174155389785091e-35 1.679783956586013e-34 2.212400707399031e-30 1814
1.87639 1.045340899914301e-34 2.161466759116195e-34 2.235188543043718e-30 2178
2.02073 1.307611770963184e-34 2.610892624498718e-34 2.210819960836271e-30 2498
2.16506 1.530317107904079e-34 3.41038857670851e-34 2.212365046507943e-30 2622
2.3094 1.844601966795001e-34 3.9794105836031e-34 2.172060314885016e-30 3191
2.45374 2.293251659251104e-34 4.798787623442391e-34 2.230578700949525e-30 3044
2.59808 2.68004211913298e-34 5.705919275701713e-34 2.219731014052947e-30 2736
2.74241 3.219388686406145e-34 6.319507650725242e-34 2.206189852215491e-30 2276
2.88675 3.710265663584526e-34 7.613584176468719e-34 2.228280786968181e-30 2016
3.03109 4.23277209749946e-34 9.183043256289277e-34 2.253411243949848e-30 1640
3.17543 4.860009408057935e-34 9.222322287771713e-34 2.156687276430859e-30 1056
3.31976 5.835185308337741e-34 1.342600694027805e-33 2.441062096509939e-30 683
3.4641 6.631441856913013e-34 1.3968569291154e-33 2.380776119099402e-30 350
3.60844 6.497255101236063e-34 1.412109910490104e-33 2.098394439965338e-30 192
3.75278 8.324810843484827e-34 1.991356939418163e-33 2.482146202193333e-30 44
3.89711 1.000674615058848e-33 1.965831462140661e-33 2.519231916248134e-30 25


0.144338 8.288637671813434e-09 1.488326875454779e-08 0.416423760425259 18
0.288675 8.225531536917601e-08 1.034185261856937e-07 0.4452687889408531 62
0.433013 1.840144065720468e-07 4.190144345189527e-07 0.3847551972263694 98
0.57735 4.900802152102212e-07 1.377852217870808e-06 0.4845569544740984 210
0.721688 1.20012278706632e-06 2.579709049950584e-06 0.5262880968153684 350
0.866025 1.964194986017404e-06 3.857692745431887e-06 0.4771974646583496 450
1.01036 7.933664851839889e-07 2.294986302692483e-06 0.1482901034631004 602
1.1547 2.107980158151186e-35 4.97780420129474e-35 2.363026387511299e-30 762
1.29904 3.146286793860379e-35 6.709903697092741e-35 2.356575975136106e-30 1142
1.44338 4.266047342594138e-35 9.684075357357912e-35 2.402883815271104e-30 1250
1.58771 5.661701705107746e-35 1.260330806906222e-34 2.375518411788715e-30 1458
1.73205 7.828488923960788e-35 1.578879915203281e-34 2.419590705629092e-30 1814
1.87639 1.018612226676884e-34 2.052394535525733e-34 2.481191653004907e-30 2178
2.02073 1.232593622824144e-34 2.499014729644578e-34 2.415180503127807e-30 2498
2.16506 1.451482330445047e-34 3.190299865707262e-34 2.401522015801028e-30 2622
2.3094 1.743714988396686e-34 3.809717954689845e-34 2.375939032726377e-30 3191
2.45374 2.210405959740597e-34 4.65269515061203e-34 2.476779665292079e-30 3044
2.59808 2.537599072551442e-34 5.619055369811658e-34 2.456189671715345e-30 2736
2.74241 3.163782463027761e-34 5.881357956397368e-34 2.441658053701067e-30 2276
2.88675 3.55434448707279e-34 7.305044533120899e-34 2.451478279454193e-30 2016
3.03109 3.989861803745513e-34 8.741959186078474e-34 2.446252602902846e-30 1640
3.17543 4.612218454667073e-34 8.976700472263747e-34 2.367798495800299e-30 1056
3.31976 5.812597644832939e-34 1.25580730951948e-33 2.724603643408679e-30 683
3.4641 6.966115323646493e-34 1.273142723494319e-33 2.727242593187734e-30 350
3.60844 6.557734830103009e-34 1.429264702751859e-33 2.426740831734135e-30 192
3.75278 7.967039231931944e-34 1.76687705321394e-33 2.653162381315305e-30 44
3.89711 1.002314444040779e-33 1.932391078269357e-33 2.870491439472852e-30 25


0.144338 7.476945384022129e-09 1.264988196502425e-08 0.4164307212292007 18
0.288675 7.028284734024551e-08 9.481965483156405e-08 0.4451820270792198 62
0.433013 1.666131416031341e-07 3.573380721179202e-07 0.3848385471879198 98
0.57735 4.684781267042076e-07 1.130056192479439e-06 0.4850258024991974 210
0.721688 1.027190741360923e-06 2.320095435101182e-06 0.5260634138183991 350
0.866025 1.802556470911224e-06 3.223954471930264e-06 0.4776844036117426 450
1.01036 6.728143958683421e-07 2.064438286284522e-06 0.1482061806900688 602
1.1547 2.013165922459467e-35 4.797315072361165e-35 2.592943874227202e-30 762
1.29904 3.094854245945278e-35 6.521574887803816e-35 2.627802579556409e-30 1142
1.44338 4.170703113163695e-35 9.200717895106816e-35 2.640294628219402e-30 1250
1.58771 5.4587833113155e-35 1.193774563356613e-34 2.584777652499421e-30 1458
1.73205 7.632606139452218e-35 1.499671278773013e-34 2.657093170052269e-30 1814
1.87639 9.795494799684298e-35 1.960362697543433e-34 2.706575233820707e-30 2178
2.02073 1.183568423219998e-34 2.398317966376565e-34 2.63800487812434e-30 2498
2.16506 1.400881946394509e-34 3.050261109720123e-34 2.62433065939654e-30 2622
2.3094 1.715453126501737e-34 3.675892552969482e-34 2.635000553459888e-30 3191
2.45374 2.098761945546696e-34 4.415855469840728e-34 2.673265037395037e-30 3044
2.59808 2.440643898609923e-34 5.38088855343764e-34 2.680303940098577e-30 2736
2.74241 2.954699861427546e-34 5.608445805193364e-34 2.606546109396554e-30 2276
2.88675 3.323972843066946e-34 7.37638723710291e-34 2.680369654502234e-30 2016
3.03109 3.801731426761792e-34 8.430537218402825e-34 2.657801087450524e-30 1640
3.17543 4.340268956980324e-34 8.920831031932156e-34 2.574798932628108e-30 1056
3.31976 5.632419969329824e-34 1.144262257154035e-33 2.927169878808788e-30 683
3.4641 6.360977866621563e-34 1.284593405634171e-33 2.919027110850998e-30 350
3.60844 6.267771817177375e-34 1.42760943447249e-33 2.672459748786529e-30 192
3.75278 6.792271102179544e-34 2.011248291908738e-33 2.861176421429169e-30 44
3.89711 8.880219269157693e-34 2.089927411879142e-33 3.064031807522775e-30 25


0.144338 6.723287429616758e-09 1.10335880329295e-08 0.4164303721390553 18
0.288675 5.925313213235276e-08 9.056725393659662e-08 0.4450735261511618 62
0.433013 1.525500420510281e-07 3.071197801788863e-07 0.3849126705433242 98
0.57735 4.531624118356308e-07 9.242052233964642e-07 0.4854622844481535 210
0.721688 8.913838988524496e-07 2.099694485968853e-06 0.5259062798362031 350
0.866025 1.66421241210405e-06 2.724203532898256e-06 0.4780688759560991 450
1.01036 5.806660506803467e-07 1.86527358063816e-06 0.1481655176970181 602
1.1547 1.966363433558089e-35 4.635975682679285e-35 2.838499044890118e-30 762
1.29904 3.040561243887032e-35 6.360644687427597e-35 2.899954814573736e-30 1142
1.44338 4.015097539832372e-35 8.566028547482397e-35 2.818599956618092e-30 1250
1.58771 5.279726777259026e-35 1.155190159769528e-34 2.819825102138293e-30 1458
1.73205 7.195683054550926e-35 1.42019566831199e-34 2.827525326516732e-30 1814
1.87639 9.317236719241286e-35 1.884367752071386e-34 2.914585928775821e-30 2178
2.02073 1.137706046449879e-34 2.29794234461403e-34 2.850483257410586e-30 2498
2.16506 1.361278382787503e-34 2.920664374588646e-34 2.853199563102892e-30 2622
2.3094 1.676543774117574e-34 3.509970777364289e-34 2.870389648957966e-30 3191
2.45374 2.007316785289662e-34 4.250158335424701e-34 2.885285542107905e-30 3044
2.59808 2.376102070491523e-34 5.263814001910918e-34 2.941403236283982e-30 2736
2.74241 2.831525746722845e-34 5.437024582899129e-34 2.819984617850531e-30 2276
2.88675 3.10141014557432e-34 7.095288780352259e-34 2.849698552966032e-30 2016
3.03109 3.677176246133253e-34 8.254776360819022e-34 2.904940764939039e-30 1640
3.17543 3.92437866822595e-34 9.05151197781478e-34 2.737746697371145e-30 1056
3.31976 5.610725729580888e-34 1.062647572522296e-33 3.18826465611339e-30 683
3.4641 5.882912036087879e-34 1.22190243305165e-33 3.055663464405713e-30 350
3.60844 6.056456480962525e-34 1.350467032386656e-33 2.872295979969762e-30 192
3.75278 6.810889609883486e-34 1.7983111457188e-33 3.07861020702748e-30 44
3.89711 7.126310724098077e-34 2.192816496759876e-33 3.074087274764235e-30 25


0.144338 6.010291841241684e-09 9.889973774581373e-09 0.4164239287149416 18
0.288675 4.937027022992441e-08 8.869097561511788e-08 0.4449577926274726 62
0.433013 1.405360137488614e-07 2.665390140555034e-07 0.3849719192226059 98
0.57735 4.390540296899451e-07 7.574142728353112e-07 0.4858339226323594 210
0.721688 7.847943233131011e-07 1.906447281316092e-06 0.5258162579760326 350
0.866025 1.539527439985463e-06 2.333841176137339e-06 0.4783375127340619 450
1.01036 5.113428488804343e-07 1.686946141667053e-06 0.1481704018412635 602
1.1547 1.867917423319704e-35 4.343595475085588e-35 2.980332855057919e-30 762
1.29904 2.989532436429204e-35 6.062057970230324e-35 3.139047332902617e-30 1142
1.44338 3.883758167460378e-35 8.366476922510523e-35 3.060868266048654e-30 1250
1.58771 5.048927370503036e-35 1.102119453808474e-34 3.007272819421996e-30 1458
1.73205 7.107952536906635e-35 1.362415128966695e-34 3.075402882876825e-30 1814
1.87639 9.220604495540081e-35 1.826554814740767e-34 3.191673365601437e-30 2178
2.02073 1.101643031491135e-34 2.225889514445255e-34 3.08244807761336e-30 2498
2.16506 1.32089723792245e-34 2.842977641830709e-34 3.095202760411484e-30 2622
2.3094 1.602664338113281e-34 3.381399280847789e-34 3.071055502759291e-30 3191
2.45374 1.937909620776935e-34 4.099750106686834e-34 3.105808394998195e-30 3044
2.59808 2.251612945228612e-34 5.055524848240658e-34 3.126884232831905e-30 2736
2.74241 2.663402868060082e-34 5.406799676186134e-34 3.02158037373175e-30 2276
2.88675 2.995981229294843e-34 6.847324993162146e-34 3.070750050493906e-30 2016
3.03109 3.582164040029643e-34 8.017439197530184e-34 3.151739612347629e-30 1640
3.17543 3.702964027511491e-34 9.049980087548809e-34 2.946985165660184e-30 1056
3.31976 5.328027636404757e-34 1.011927917825977e-33 3.372806641000019e-30 683
3.4641 5.318438086667196e-34 1.169605509428306e-33 3.14572772888769e-30 350
3.60844 5.934376582036741e-34 1.361946579684664e-33 3.161642961975767e-30 192
3.75278 6.944919487463245e-34 1.329691990098344e-33 3.101914534500305e-30 44
3.89711 8.814343282540552e-34 1.950738964835708e-33 3.715784222560007e-30 25


