0.0500471 1.129724894147772e-05 7.413189209838969e-07 0.8200415955974033 18
0.100094 7.243854365919385e-05 6.701283321782074e-06 1.472280559424818 62
0.150141 0.0002327711942488994 1.969232610717781e-05 2.046035904429367 98
0.200188 0.0005391580988015356 6.91591981559482e-05 2.640362898080437 210
0.250235 0.001045148293958949 0.0001605946204315592 3.317362875822142 350
0.300283 0.001479669462055417 0.000275863838795879 3.27873138175211 450
0.35033 0.002327974524876337 0.000443247554598636 3.759291566693169 602
0.400377 0.00311107086695285 0.000730370279922725 3.826444871857823 762
0.450424 0.003999386013211782 0.001296660925770201 3.906103810043809 1142
0.500471 0.005129800615654192 0.001820705426462118 4.072761850446257 1250
0.550518 0.006177179203844529 0.002622913382372493 4.040970802588803 1458
0.600565 0.008219998967553023 0.003537486742378926 4.504687653331898 1814
0.650612 0.009355568073701569 0.004862202291554218 4.375408186066877 2178
0.700659 0.01151131563970308 0.00646078452170163 4.644502593460571 2498
0.750706 0.01344475508271676 0.008836307483922928 4.714233074546669 2622
0.800754 0.01501539769867108 0.01093662928610299 4.624343930991756 3338
0.850801 0.01685887272824405 0.01353598714421064 4.607158136839802 3722
0.900848 0.01943544133172981 0.01713459314464726 4.742965116610279 4170
0.950895 0.02153848492759928 0.02105068132294781 4.713373730326111 4358
1.00094 0.01060022243593269 0.01176325111142037 2.09186927336611 5034
1.05099 8.322928865746254e-34 5.445998689904447e-34 1.489046508530122e-31 5714
1.10104 8.955024860376021e-34 5.758280426097989e-34 1.459761806515352e-31 5982
1.15108 9.821401073942115e-34 5.944918909442916e-34 1.463676814149269e-31 6602
1.20113 9.867671240592946e-34 6.32885918069126e-34 1.349894953043416e-31 7130
1.25118 1.099562555768585e-33 6.995200715821009e-34 1.38647776308433e-31 8034
1.30122 1.206280477304019e-33 7.230258000366691e-34 1.406897622849419e-31 8606
1.35127 1.261823522588398e-33 8.264274734966402e-34 1.364644113368155e-31 9066
1.40132 1.337597528277611e-33 7.970397997237275e-34 1.34496689793102e-31 9962
1.45137 1.476498033034693e-33 8.732697973081866e-34 1.38403707250622e-31 10550
1.50141 1.538284043206476e-33 9.52971808292522e-34 1.347153140762741e-31 11226
1.55146 1.576105720867355e-33 9.86527722005652e-34 1.292461648089492e-31 12146
1.60151 1.588985551318913e-33 1.066049850113547e-33 1.222314364316396e-31 12303
1.65155 1.627715723446048e-33 1.032737859238834e-33 1.176996910868727e-31 12584
1.7016 1.494039252473253e-33 1.015066778188767e-33 1.018062310669567e-31 12120
1.75165 1.418369505080224e-33 9.32765703202909e-34 9.119914099792766e-32 11180
1.8017 1.386530905312765e-33 9.381811275459903e-34 8.425949851126989e-32 11096
1.85174 1.35043641746133e-33 8.575659700743294e-34 7.769755296085608e-32 10056
1.90179 1.348202049735414e-33 8.472199401277223e-34 7.35371459981401e-32 9716
1.95184 1.390173559344673e-33 8.740773902504339e-34 7.198023152005219e-32 8604
2.00188 1.454628945884619e-33 9.234849368485664e-34 7.158395097142166e-32 8060
2.05193 1.47485210466104e-33 9.5474316557912e-34 6.908417868236896e-32 7320
2.10198 1.534821812396078e-33 1.005180634122572e-33 6.853604255623494e-32 6356
2.15203 1.641551645319752e-33 1.01357471362093e-33 6.991978446096171e-32 5348
2.20207 1.601148330050523e-33 9.913978744984324e-34 6.511098192075838e-32 4308
2.25212 1.577766821957465e-33 1.016575800803247e-33 6.134211359690319e-32 3563
2.30217 1.541380405063978e-33 1.037350792254698e-33 5.737296641397329e-32 2448
2.35221 1.560497695812807e-33 9.869273397241885e-34 5.561077470508377e-32 1868
2.40226 1.590494211080279e-33 1.006095009665811e-33 5.430102609996083e-32 1358
2.45231 1.681160404397869e-33 1.041071885920749e-33 5.506040143238072e-32 1062
2.50235 1.737923964827041e-33 1.104927139603499e-33 5.474402887805522e-32 776
2.5524 2.005296238845912e-33 1.218947947043685e-33 6.079324646923269e-32 432
2.60245 1.608931478759128e-33 1.068274000037431e-33 4.676780352771772e-32 200
2.6525 1.949700191316827e-33 1.077616621689378e-33 5.445257919372775e-32 168
2.70254 1.348249167612228e-33 1.284384536901134e-33 3.634460224344313e-32 56
2.75259 1.213542590413272e-33 2.278247249337834e-33 3.155338208163244e-32 7


0.0500471 0.0004571014075468045 1.639189208834584e-05 756.8524982101693 18
0.100094 0.003908241040379483 2.752301621070818e-05 1061.290824563048 62
0.150141 0.009479643806501755 3.094816755527013e-05 1010.329454969235 98
0.200188 0.01273814427669906 0.0007541190192209907 750.2656999866567 210
0.250235 0.002140929092631253 0.002525853168200926 114.2255412762455 350
0.300283 0.01038454781687472 0.001473536818475465 269.7396074999626 450
0.35033 0.02121438808035689 0.0002435025997799911 384.4513974614646 602
0.400377 0.004321057698208458 0.001842450878120447 63.44515165767825 762
0.450424 0.008208439543270567 0.0008440836051834491 90.27755015059569 1142
0.500471 0.008368360291215678 0.0005988570901717372 74.1968879963019 1250
0.550518 0.002248769884029111 0.001044694517278117 16.95956552324968 1458
0.600565 0.007265371038678024 0.0002299670983878041 44.13117346162466 1814
0.650612 0.001506817051321748 0.000819831896958651 8.056243948063528 2178
0.700659 0.004977257562576047 0.0002060358548744834 22.21876256893713 2498
0.750706 0.001518092377695125 0.0006629702268032113 5.996131680750342 2622
0.800754 0.003386505233469255 0.0002755010637843696 11.5397583169567 3338
0.850801 0.002120933860572488 0.0004795813004271675 6.442595027894995 3722
0.900848 0.002830146645838889 0.0003618211499204895 7.642514506286551 4170
0.950895 0.002301947553867337 0.0004910365767543738 5.584443932057617 4358
1.00094 0.001375421742535645 0.0002000522016265791 3.000603393436163 5034
1.05099 1.96202042097741e-32 3.544949230974007e-33 3.886110215718842e-29 5714
1.10104 2.260786201318594e-32 4.092153476860817e-33 4.078488228084436e-29 5982
1.15108 2.480243668575796e-32 4.689492696940825e-33 4.089868346749988e-29 6602
1.20113 2.762369437275631e-32 5.424044669400659e-33 4.179848501954493e-29 7130
1.25118 3.085240827506443e-32 6.361289215398758e-33 4.30246512870711e-29 8034
1.30122 3.399798116939182e-32 7.053024617369864e-33 4.384104487247465e-29 8606
1.35127 3.841548990173736e-32 8.158567310754183e-33 4.592501027297441e-29 9066
1.40132 4.304696748696536e-32 9.280062547716866e-33 4.783661617805377e-29 9962
1.45137 4.634212002648513e-32 1.054255464982152e-32 4.800595198152884e-29 10550
1.50141 5.139222478182237e-32 1.198990024716235e-32 4.972903874312244e-29 11226
1.55146 5.674979234209297e-32 1.363585194008793e-32 5.141204999267343e-29 12146
1.60151 6.083003882874836e-32 1.485681267762661e-32 5.168741234793373e-29 12303
1.65155 6.549079848760848e-32 1.705349356552655e-32 5.230871593564957e-29 12584
1.7016 7.091549179429924e-32 1.822869529321556e-32 5.336324554256617e-29 12120
1.75165 7.892702748268481e-32 2.114974197722587e-32 5.603861378184675e-29 11180
1.8017 8.441835274543173e-32 2.299547552509519e-32 5.664311797826825e-29 11096
1.85174 9.106971484977337e-32 2.527175594008506e-32 5.784834961518813e-29 10056
1.90179 9.759259915681081e-32 2.79421103631724e-32 5.876693779591659e-29 9716
1.95184 1.028804219140852e-31 3.039804524091089e-32 5.880470138572731e-29 8604
2.00188 1.099841821443117e-31 3.382154183592766e-32 5.974629249177287e-29 8060
2.05193 1.176592399885931e-31 3.627833777044387e-32 6.083147956294711e-29 7320
2.10198 1.262865206462696e-31 3.92214324427126e-32 6.223717541814094e-29 6356
2.15203 1.430076284652883e-31 4.487338304655917e-32 6.722101376718677e-29 5348
2.20207 1.461171875876262e-31 4.847295129777838e-32 6.557276610052518e-29 4308
2.25212 1.571557540753582e-31 5.232081548351373e-32 6.742390198340612e-29 3563
2.30217 1.621422734340906e-31 6.108987084224055e-32 6.66076961203186e-29 2448
2.35221 1.766444920564265e-31 5.712672164854287e-32 6.944951870640853e-29 1868
2.40226 1.777942783280215e-31 6.235553382494839e-32 6.697159038015675e-29 1358
2.45231 1.968251832675434e-31 7.030004674944078e-32 7.112298018427708e-29 1062
2.50235 2.039743178986455e-31 8.42279949860775e-32 7.089642621797727e-29 776
2.5524 2.042237985533124e-31 8.073822081490885e-32 6.830874216624545e-29 432
2.60245 2.165252761948296e-31 8.440389976578529e-32 6.943115268453462e-29 200
2.6525 2.628013375403723e-31 1.010253700651271e-31 8.096828709634108e-29 168
2.70254 3.030035679800961e-31 7.967589215041079e-32 9.004273347317676e-29 56
2.75259 3.553643879680639e-31 2.620411949338122e-32 1.017982961116701e-28 7


0.0500471 0.0002369217899852379 1.804413056475539e-07 765.6365930268714 18
0.100094 0.001309179496552446 3.165979437238648e-05 773.6003481405969 62
0.150141 0.001270961169430163 0.0002559831555580299 364.1437387915959 98
0.200188 0.0004375334367902962 0.0007304721761721309 140.9335108407805 210
0.250235 0.006681239030065549 0.0003113617977871756 486.0896714456329 350
0.300283 0.006029635958386959 0.0003604741348309974 300.0616613089716 450
0.35033 0.001691938067112081 0.000790173602631061 70.13082260368682 602
0.400377 0.00647234557498784 0.0001430754598696615 171.9413891485903 762
0.450424 0.001528513852065193 0.0005075818489705309 34.5011282697618 1142
0.500471 0.003692060861164794 0.0001681874596912137 62.92008456801067 1250
0.550518 0.001497962083587019 0.0003081780693350539 21.51932243669499 1458
0.600565 0.001807147452553657 0.0002145717859997347 21.33870689164216 1814
0.650612 0.001894361569862897 0.0001346251816236796 18.90468514459471 2178
0.700659 0.0008892806488255878 0.0002134596106611135 7.773985541936993 2498
0.750706 0.001428633453090353 0.0001303927023681409 10.66386515649532 2622
0.800754 0.001074162434342653 0.0001381571973284649 7.051853357704937 3338
0.850801 0.001073268145552337 0.0001392394670189752 6.241114816765331 3722
0.900848 0.0009967765319227003 0.0001508537410106464 5.175336124530519 4170
0.950895 0.001201191218185696 0.0001344213664074453 5.572036579410281 4358
1.00094 0.000454250868975239 8.64552019112618e-05 1.905877525418471 5034
1.05099 1.677045402925398e-32 2.450813770746427e-33 6.36531052233506e-29 5714
1.10104 1.88457434475852e-32 2.800570778200898e-33 6.51357919019291e-29 5982
1.15108 2.137799266802374e-32 3.249677807260144e-33 6.751773891602552e-29 6602
1.20113 2.351917035638904e-32 3.767072752370454e-33 6.815319317390172e-29 7130
1.25118 2.621634464903391e-32 4.306705648699983e-33 6.999779415502731e-29 8034
1.30122 2.983754580044255e-32 4.754511586357982e-33 7.363957608967658e-29 8606
1.35127 3.336494511467193e-32 5.447770371547531e-33 7.632852722378281e-29 9066
1.40132 3.698998728300655e-32 6.077584582682978e-33 7.86472758706443e-29 9962
1.45137 4.103338861023345e-32 7.007780295708547e-33 8.131757000135408e-29 10550
1.50141 4.566756161774194e-32 7.655527908892527e-33 8.45145242756367e-29 11226
1.55146 5.032466606751087e-32 8.652076977632208e-33 8.718764257864519e-29 12146
1.60151 5.307235334922234e-32 9.402180843550592e-33 8.623591361310272e-29 12303
1.65155 5.865216016810142e-32 1.088592892417142e-32 8.957779565215406e-29 12584
1.7016 6.326227089883669e-32 1.191400419184606e-32 9.102659345386314e-29 12120
1.75165 6.819343664879364e-32 1.331513921668753e-32 9.257680335802401e-29 11180
1.8017 7.427143162951348e-32 1.435146189623423e-32 9.527315014759877e-29 11096
1.85174 8.152487623287025e-32 1.531561216850775e-32 9.898255414046249e-29 10056
1.90179 8.701796110687874e-32 1.711303324270623e-32 1.001568369949843e-28 9716
1.95184 8.929910872250664e-32 1.902727864043075e-32 9.757377555343383e-29 8604
2.00188 9.887493827847876e-32 1.999364335029011e-32 1.02647716946316e-28 8060
2.05193 1.07817334677016e-31 2.175991755672253e-32 1.065243109247772e-28 7320
2.10198 1.109299484913172e-31 2.430017973946422e-32 1.044888715786023e-28 6356
2.15203 1.198903959410352e-31 2.749706051160729e-32 1.077160887057717e-28 5348
2.20207 1.274236209679244e-31 2.897337771046058e-32 1.092813026232672e-28 4308
2.25212 1.372535353761048e-31 3.176144841717718e-32 1.12534517450321e-28 3563
2.30217 1.389133217180105e-31 3.388206310189959e-32 1.090398828046121e-28 2448
2.35221 1.54149181423142e-31 3.484698201680953e-32 1.15814348114528e-28 1868
2.40226 1.513951722871883e-31 3.709606506378553e-32 1.089771706168029e-28 1358
2.45231 1.750628351093893e-31 4.14547122396099e-32 1.20866284331307e-28 1062
2.50235 1.87765144417818e-31 4.495061542342249e-32 1.246655651439449e-28 776
2.5524 1.737439522089302e-31 4.598060222028873e-32 1.110406849031859e-28 432
2.60245 1.870936516576975e-31 5.498270669551125e-32 1.146536696539987e-28 200
2.6525 1.998882746881813e-31 5.742197049713806e-32 1.176960157135315e-28 168
2.70254 2.344344898355607e-31 6.448260546676977e-32 1.331726427024368e-28 56
2.75259 8.679163715233781e-32 3.160434591599068e-32 4.759193709298885e-29 7


0.0500471 8.145351745038687e-05 5.37801109594006e-06 620.4154483995283 18
0.100094 0.0001966190617725164 7.232848264534771e-05 410.6134353744022 62
0.150141 5.741929604222101e-05 0.0002072325920058858 180.4623297194729 98
0.200188 0.002215724393791418 0.0001987577359362699 428.9517178055679 210
0.250235 0.004106774995406953 0.0001422323056055353 449.5281050709978 350
0.300283 0.0006868311065940743 0.0004775574195543665 75.91311331418757 450
0.35033 0.00417249606478989 9.664865478810962e-05 219.8036904726354 602
0.400377 0.0008680897216784632 0.0003761681255245106 40.85839963567049 762
0.450424 0.00227061444237576 0.0001281808332479306 71.72548415804062 1142
0.500471 0.001473685362891938 0.0001572983850296749 38.09357894589154 1250
0.550518 0.0007815890170576603 0.0001788400202688993 16.99107070342725 1458
0.600565 0.001342138538904553 8.044124859057147e-05 23.37860049969536 1814
0.650612 0.0008777628131983773 9.699226148671502e-05 13.11370403230103 2178
0.700659 0.000605986196519346 0.0001044640188224856 7.851552424390873 2498
0.750706 0.0006883162424522137 8.603412525458413e-05 7.666756800203241 2622
0.800754 0.0006416097254277495 7.21731355151156e-05 6.24935288323328 3338
0.850801 0.0006132031105911695 7.563499873495829e-05 5.293028561780626 3722
0.900848 0.0006383766247849051 7.316869546536409e-05 4.906449481581994 4170
0.950895 0.0005947202341531567 8.487838816773073e-05 4.101620072553251 4358
1.00094 0.0003364381561087899 3.697727162861884e-05 2.08354920031165 5034
1.05099 1.469461841299685e-32 1.983821935459954e-33 8.264139272302682e-29 5714
1.10104 1.662642681407492e-32 2.205506050996427e-33 8.509669597427183e-29 5982
1.15108 1.908556775393818e-32 2.56932615961157e-33 8.92385814743865e-29 6602
1.20113 2.211893006722891e-32 2.953786877487394e-33 9.484187748203043e-29 7130
1.25118 2.38390809367572e-32 3.399261597228647e-33 9.418854568152329e-29 8034
1.30122 2.630422046710201e-32 3.82521929323493e-33 9.60779906984498e-29 8606
1.35127 2.986174489938929e-32 4.231209068843788e-33 1.010600382227606e-28 9066
1.40132 3.28942473056423e-32 4.867434213104475e-33 1.034712641780125e-28 9962
1.45137 3.729069377204675e-32 5.456915537843449e-33 1.092918005761966e-28 10550
1.50141 4.102351625564548e-32 6.145786173027872e-33 1.122898252334142e-28 11226
1.55146 4.526166470419006e-32 6.66357675304343e-33 1.159449003365654e-28 12146
1.60151 4.690936602297626e-32 7.345381504403842e-33 1.127107939846388e-28 12303
1.65155 5.244465512399297e-32 8.304329996299934e-33 1.184172014476328e-28 12584
1.7016 5.782347162920895e-32 8.966780932272253e-33 1.229776078153132e-28 12120
1.75165 6.184715963534715e-32 9.861940258688345e-33 1.240939510123557e-28 11180
1.8017 6.64367413746507e-32 1.099245914816493e-32 1.259719182858403e-28 11096
1.85174 7.173046301342587e-32 1.188963491813395e-32 1.287376482736097e-28 10056
1.90179 7.771189367461883e-32 1.34288307700625e-32 1.322106229240249e-28 9716
1.95184 8.339867577573638e-32 1.41689210098575e-32 1.346486869895137e-28 8604
2.00188 8.64703892490739e-32 1.548109431481647e-32 1.326824520362209e-28 8060
2.05193 9.531568727606771e-32 1.683364060724537e-32 1.391757786032281e-28 7320
2.10198 1.041250658779954e-31 1.794746795078919e-32 1.44901999013245e-28 6356
2.15203 1.116674056337575e-31 1.954520876308689e-32 1.482078206378901e-28 5348
2.20207 1.168595843375683e-31 2.103072541490435e-32 1.480605409988431e-28 4308
2.25212 1.230744568656533e-31 2.297794190695627e-32 1.490821607294862e-28 3563
2.30217 1.267903860690546e-31 2.429647630225533e-32 1.470239705194578e-28 2448
2.35221 1.331394809404371e-31 2.641594304268589e-32 1.478037690988925e-28 1868
2.40226 1.379512818208555e-31 2.748460720004064e-32 1.46699874225183e-28 1358
2.45231 1.548732998597779e-31 3.112689360626327e-32 1.579812254495567e-28 1062
2.50235 1.788641343814078e-31 3.418710828184146e-32 1.754249212163337e-28 776
2.5524 1.568464353438142e-31 3.464896154465361e-32 1.480967696291873e-28 432
2.60245 1.754437290810385e-31 3.658089022601635e-32 1.587767178907589e-28 200
2.6525 1.9525077363854e-31 4.365227643966673e-32 1.698053263132385e-28 168
2.70254 2.26215982027541e-31 4.59054534222615e-32 1.897805688536748e-28 56
2.75259 7.028178789233781e-32 4.696675449839566e-32 5.715983322287705e-29 7


0.0500471 7.801812557198661e-06 8.18863677934268e-06 510.0277037380009 18
0.100094 2.176297985240347e-05 5.809796126959696e-05 345.2546226495811 62
0.150141 0.0006906793104990453 6.827386983256031e-05 400.0931872601916 98
0.200188 0.002495799814773882 2.519978029712953e-05 585.0611754326465 210
0.250235 0.0007335501705358385 0.000297579086379225 161.6736619159278 350
0.300283 0.002511052376496334 9.696400486555814e-05 251.9813276099327 450
0.35033 0.001129550347348539 0.0002357365698288578 90.759308145342 602
0.400377 0.002144302134647684 7.873564415334916e-05 114.6356301345565 762
0.450424 0.0007951815971377865 0.0001585969349646406 35.86463351492955 1142
0.500471 0.0009209451891141259 0.0001102292980377038 32.08578313692833 1250
0.550518 0.001073026280374183 5.516973461605761e-05 29.81345697225354 1458
0.600565 0.0006105658602135769 8.289446863830368e-05 14.46352539100084 1814
0.650612 0.0004592560433852485 7.738868032794903e-05 9.279003350480293 2178
0.700659 0.0005111686573958467 5.575509628100678e-05 8.744202398889678 2498
0.750706 0.0005024929624695028 5.06055705771926e-05 7.427252994678214 2622
0.800754 0.0004132728629019346 4.846737323585528e-05 5.361229205584876 3338
0.850801 0.0004110808768182055 4.878523749695719e-05 4.717791925964261 3722
0.900848 0.0004300358741475507 4.69697507948107e-05 4.390512543569227 4170
0.950895 0.000429213140702714 5.100090251900031e-05 3.925442398879344 4358
1.00094 0.0002053991361324941 2.62879571177002e-05 1.692193916880531 5034
1.05099 1.350895350659959e-32 1.683154717153153e-33 1.008104227254004e-28 5714
1.10104 1.483787587378405e-32 1.94579167059455e-33 1.00804235360377e-28 5982
1.15108 1.713160089380089e-32 2.283374845448621e-33 1.063016928904575e-28 6602
1.20113 1.943514112761563e-32 2.550054106566082e-33 1.105520528621616e-28 7130
1.25118 2.215677057313589e-32 2.917858252116221e-33 1.160651501038931e-28 8034
1.30122 2.51753420801263e-32 3.156516111817397e-33 1.218316081645379e-28 8606
1.35127 2.698719391820416e-32 3.59613334495076e-33 1.21060372614417e-28 9066
1.40132 3.029321395686755e-32 4.156103230144623e-33 1.262807506788052e-28 9962
1.45137 3.402638747903432e-32 4.680276457196724e-33 1.321510958541339e-28 10550
1.50141 3.670887891878316e-32 5.259999979283057e-33 1.331542298703492e-28 11226
1.55146 4.108618000726926e-32 5.653310207145409e-33 1.394378595942605e-28 12146
1.60151 4.481806200578845e-32 6.060180335776777e-33 1.4259948975328e-28 12303
1.65155 4.926983807483605e-32 6.9785925987074e-33 1.473355235639643e-28 12584
1.7016 5.196925099723369e-32 7.590566112990401e-33 1.464037009702882e-28 12120
1.75165 5.639787085013822e-32 8.311182422499167e-33 1.498694916961596e-28 11180
1.8017 6.15817085143977e-32 9.036417601958642e-33 1.546080310886795e-28 11096
1.85174 6.675206754998029e-32 1.006271758957876e-32 1.586381921993398e-28 10056
1.90179 7.251576685926605e-32 1.109141013610654e-32 1.633414035389008e-28 9716
1.95184 7.638889695145678e-32 1.199183232169213e-32 1.633082031871338e-28 8604
2.00188 8.08452862583229e-32 1.269282035162721e-32 1.642223558610853e-28 8060
2.05193 8.786160767512506e-32 1.42492067172138e-32 1.698585039724661e-28 7320
2.10198 9.412168230969432e-32 1.515513036972519e-32 1.734185074400993e-28 6356
2.15203 1.007000484306088e-31 1.615486687814152e-32 1.769379345716263e-28 5348
2.20207 1.059350546325331e-31 1.714427559176245e-32 1.776745370028533e-28 4308
2.25212 1.129462700794096e-31 1.885234646259867e-32 1.811011017094957e-28 3563
2.30217 1.178551057311171e-31 2.025229098138565e-32 1.808998913778058e-28 2448
2.35221 1.273262581928216e-31 2.245788366694995e-32 1.870964708579365e-28 1868
2.40226 1.269580225789778e-31 2.235463966957875e-32 1.786938175821488e-28 1358
2.45231 1.438392310996157e-31 2.494976024395635e-32 1.941863643137345e-28 1062
2.50235 1.515009817698806e-31 2.895753822496604e-32 1.967232377647538e-28 776
2.5524 1.474017340283121e-31 2.692828988134947e-32 1.8416684723253e-28 432
2.60245 1.773659941613976e-31 2.959483461180264e-32 2.123910034443753e-28 200
2.6525 1.955457010603888e-31 4.104870731504978e-32 2.251231153870332e-28 168
2.70254 2.076244966585155e-31 2.873828588867724e-32 2.303988105988606e-28 56
2.75259 2.066320050846024e-31 2.88622748440713e-32 2.211908755609086e-28 7


0.0500471 5.478848501183366e-06 5.878643909223794e-06 519.7604827483799 18
0.100094 0.0002103769656676708 2.175228197164973e-05 513.8280374582507 62
0.150141 0.0009474662315884171 3.403259536010091e-06 554.4232426752512 98
0.200188 0.001096223676393831 9.160488177573886e-05 383.8321876003902 210
0.250235 0.0008150898466887566 0.0001830530254328513 200.5270012581446 350
0.300283 0.00181044661536538 7.173990320521918e-05 230.6968399769432 450
0.35033 0.0008598329595849733 0.000163369160954712 88.13339752010174 602
0.400377 0.0009600035603209193 0.0001199194013145587 68.6824800930063 762
0.450424 0.001021118135796415 6.657781332394714e-05 54.6395733097105 1142
0.500471 0.0006449628163903354 8.062003101460809e-05 28.45073353109084 1250
0.550518 0.0004068534901955827 7.978835146984631e-05 14.976895455874 1458
0.600565 0.000520313416101623 5.133350567861154e-05 15.32728911528498 1814
0.650612 0.0004869060670163524 3.849791100086171e-05 12.07720070538106 2178
0.700659 0.0003768793587661233 3.91095980730647e-05 8.0715539494655 2498
0.750706 0.0003602340491359718 3.662364101538296e-05 6.667878981837648 2622
0.800754 0.0002887005477454578 3.59781991858682e-05 4.694928571621356 3338
0.850801 0.0003188934286989884 3.255342287466425e-05 4.565573835786985 3722
0.900848 0.0002979206143884612 3.526242634095828e-05 3.807105285697442 4170
0.950895 0.00031370437480256 3.627105197179588e-05 3.583711460302398 4358
1.00094 0.000153745080481568 1.824682529783365e-05 1.580709673425685 5034
1.05099 1.270023609511112e-32 1.484465550990012e-33 1.18250231749756e-28 5714
1.10104 1.401132866207798e-32 1.725212129633026e-33 1.187542413758461e-28 5982
1.15108 1.617399771181309e-32 1.932277348045756e-33 1.251066672552215e-28 6602
1.20113 1.818736457613619e-32 2.227418061331646e-33 1.289932441490771e-28 7130
1.25118 2.059595116510107e-32 2.52605315965073e-33 1.344955914231493e-28 8034
1.30122 2.257226995560708e-32 2.862642644020074e-33 1.362506988755711e-28 8606
1.35127 2.512587546328142e-32 3.163584217573339e-33 1.404865830063029e-28 9066
1.40132 2.853172483438518e-32 3.570347117498364e-33 1.481957706655062e-28 9962
1.45137 3.154617696401497e-32 4.114958310278459e-33 1.526820281891343e-28 10550
1.50141 3.531316337526323e-32 4.530804040864359e-33 1.595474468898515e-28 11226
1.55146 3.790013849878716e-32 5.051002195310422e-33 1.602834616766838e-28 12146
1.60151 4.086208847725461e-32 5.398333002430531e-33 1.620010610555603e-28 12303
1.65155 4.626602749790214e-32 6.06552325057597e-33 1.72323352517037e-28 12584
1.7016 4.884198597509604e-32 6.548744882722753e-33 1.713639153360172e-28 12120
1.75165 5.321993792834432e-32 7.306904548528595e-33 1.761379029804886e-28 11180
1.8017 5.646549180183784e-32 7.946311331256649e-33 1.765776866805822e-28 11096
1.85174 6.252930024875808e-32 8.884771804189755e-33 1.850693637673621e-28 10056
1.90179 6.708715592901249e-32 9.606888281526377e-33 1.881819223048639e-28 9716
1.95184 7.122853592394075e-32 1.020201592159547e-32 1.89597265469837e-28 8604
2.00188 7.576937144663626e-32 1.100516577180284e-32 1.916373473810331e-28 8060
2.05193 8.107223888613308e-32 1.215050905384388e-32 1.951454580872765e-28 7320
2.10198 9.120269839234007e-32 1.30926186934036e-32 2.091832948097397e-28 6356
2.15203 9.348598506264138e-32 1.384161016088352e-32 2.045004431720755e-28 5348
2.20207 1.004825897050337e-31 1.48566424158834e-32 2.097988844563654e-28 4308
2.25212 1.050562937490692e-31 1.591644061292634e-32 2.096893140693009e-28 3563
2.30217 1.112978510784953e-31 1.773169756350323e-32 2.126709756645762e-28 2448
2.35221 1.191874895593613e-31 1.878441395051074e-32 2.17994385617208e-28 1868
2.40226 1.163541316066897e-31 1.921033763523695e-32 2.038737676906613e-28 1358
2.45231 1.3500151729925e-31 2.100775354559329e-32 2.268442218206741e-28 1062
2.50235 1.43116764805995e-31 2.456853504784786e-32 2.313022042042388e-28 776
2.5524 1.354714458431651e-31 2.314436124482753e-32 2.106951457865652e-28 432
2.60245 1.479880978276812e-31 2.635623586645083e-32 2.206680580750343e-28 200
2.6525 1.824269511004628e-31 3.107329400780659e-32 2.613163535108932e-28 168
2.70254 2.214443370320485e-31 2.741736731089037e-32 3.05806406256628e-28 56
2.75259 2.458788786935654e-31 2.837539566672334e-32 3.274684547482862e-28 7


0.0500471 2.906235619247187e-05 1.938481056223715e-06 596.8461457574662 18
0.100094 0.0003097802272518433 1.449551914424992e-06 640.5841417274818 62
0.150141 0.0005444499464267025 2.14444109029034e-05 446.7963180418341 98
0.200188 0.0001964381906564856 0.0001356876169416918 201.0124985717384 210
0.250235 0.001514298188638349 4.792654919172103e-05 350.8728543028048 350
0.300283 0.0004271210332437861 0.0001541285914339228 94.59294547378678 450
0.35033 0.00136609585304647 5.116003978939537e-05 149.5840042171293 602
0.400377 0.0005071826336495194 0.0001147140132515467 47.9035535738773 762
0.450424 0.0005958875004335601 7.074868534225377e-05 39.9852599282934 1142
0.500471 0.0006603624121743666 4.417262795787928e-05 34.28384969023341 1250
0.550518 0.000515285154360906 3.883717567794005e-05 21.87950890765147 1458
0.600565 0.0003516078683384124 4.40159967714565e-05 12.63734476695389 1814
0.650612 0.000277523033239321 3.972010020913104e-05 8.472209304906684 2178
0.700659 0.000270755093480566 3.183319139765131e-05 7.015113368340617 2498
0.750706 0.0002521959252453746 3.061602170414e-05 5.648037753077183 2622
0.800754 0.0002380186347421586 2.554801003327736e-05 4.641850846330577 3338
0.850801 0.0002359045006856825 2.576322672616852e-05 4.066236659235389 3722
0.900848 0.0002179223748280815 2.80640719665016e-05 3.353935625732703 4170
0.950895 0.0002464779724458187 2.69814775361441e-05 3.379583339887112 4358
1.00094 0.0001208249986155076 1.355981497894969e-05 1.490581151339387 5034
1.05099 1.1422736654176e-32 1.383416555111185e-33 1.277520304530687e-28 5714
1.10104 1.329232950480114e-32 1.538596764211875e-33 1.351136448970567e-28 5982
1.15108 1.504582045071423e-32 1.730408736839938e-33 1.39574807890692e-28 6602
1.20113 1.698115090033138e-32 2.031775948637538e-33 1.444425877177787e-28 7130
1.25118 1.902985475906226e-32 2.346167621716207e-33 1.490558369291241e-28 8034
1.30122 2.139482003948328e-32 2.591690547251667e-33 1.547904148059674e-28 8606
1.35127 2.377087002898408e-32 2.865654059970662e-33 1.592918163320035e-28 9066
1.40132 2.594827127427737e-32 3.229569576598547e-33 1.61559377193896e-28 9962
1.45137 2.933054500019103e-32 3.697002202313708e-33 1.701113671566861e-28 10550
1.50141 3.273917394850917e-32 4.062568597610625e-33 1.772287510536846e-28 11226
1.55146 3.580235141377253e-32 4.494107171707982e-33 1.813596944935831e-28 12146
1.60151 3.735087698474418e-32 4.958575475347586e-33 1.774465093152671e-28 12303
1.65155 4.261182255144534e-32 5.595413174650597e-33 1.901575871574278e-28 12584
1.7016 4.523105887110864e-32 6.000918874428008e-33 1.901048659118577e-28 12120
1.75165 4.943143880368981e-32 6.63186201190101e-33 1.959559091069619e-28 11180
1.8017 5.308460478101194e-32 7.179090571829437e-33 1.988057042370821e-28 11096
1.85174 5.90504810205835e-32 8.108064662072375e-33 2.092987951953601e-28 10056
1.90179 6.267119874145964e-32 8.589787030112203e-33 2.105010765417806e-28 9716
1.95184 6.71687156872582e-32 9.197062892735528e-33 2.140762893457223e-28 8604
2.00188 7.195648412217838e-32 9.843427539816419e-33 2.178852759130682e-28 8060
2.05193 7.633487724429138e-32 1.05431303422521e-32 2.199479070275927e-28 7320
2.10198 8.578784886901885e-32 1.16185941854638e-32 2.355494461020824e-28 6356
2.15203 8.730245978420415e-32 1.223893695079628e-32 2.286178283664772e-28 5348
2.20207 9.417852605747725e-32 1.336537115464692e-32 2.354021127842124e-28 4308
2.25212 9.793249810538474e-32 1.477925183159037e-32 2.340399042155131e-28 3563
2.30217 1.089791870081036e-31 1.506118066841593e-32 2.491808673405931e-28 2448
2.35221 1.126055704249272e-31 1.634354569913998e-32 2.464958008525479e-28 1868
2.40226 1.121509331639313e-31 1.64715171938115e-32 2.351637480129598e-28 1358
2.45231 1.250475450395292e-31 1.880640802245475e-32 2.515099999194135e-28 1062
2.50235 1.444713008492176e-31 2.070595817507842e-32 2.793518979842195e-28 776
2.5524 1.39638422856886e-31 1.840483638389209e-32 2.597540808973933e-28 432
2.60245 1.495730788905843e-31 2.194263897744277e-32 2.668201580453172e-28 200
2.6525 1.7378261683179e-31 2.67896511085639e-32 2.97885462106437e-28 168
2.70254 2.014342462792127e-31 2.990983813662639e-32 3.330925538289364e-28 56
2.75259 1.939414311571014e-31 2.238708576084398e-32 3.090928065818185e-28 7


0.0500471 3.795210262602469e-05 3.875026312958326e-08 639.8132855293899 18
0.100094 0.0002081902562815887 5.205851967851769e-06 583.6597568758594 62
0.150141 9.84743101161027e-05 5.144898505092282e-05 267.6508881312949 98
0.200188 0.0003620483683996382 8.641768366742784e-05 264.9836073357903 210
0.250235 0.00112042965592818 4.762076500916579e-05 315.7294436835529 350
0.300283 0.0004824910307175699 0.0001072982408817367 113.3122373522934 450
0.35033 0.000794772030604275 7.17592816785015e-05 109.2002411841491 602
0.400377 0.0008600135945963718 4.358261048093563e-05 83.65042262437548 762
0.450424 0.0004463205034212516 5.904800405670035e-05 35.81702583033238 1142
0.500471 0.0003164219765520026 5.730580914594162e-05 20.69732758233018 1250
0.550518 0.0003511793453852189 3.743555825118981e-05 17.80546427036597 1458
0.600565 0.0003351845684405949 2.923172340585444e-05 13.93758149148034 1814
0.650612 0.0002888221940470295 2.431639415958739e-05 10.13751966939132 2178
0.700659 0.0002288683823310356 2.389401555697002e-05 6.926468905203022 2498
0.750706 0.0002172378288952127 2.257293219414018e-05 5.674000506583634 2622
0.800754 0.0001908323962817159 2.01966374277971e-05 4.355568431896562 3338
0.850801 0.0001781123253848164 2.161649466773613e-05 3.602456131257417 3722
0.900848 0.0001965401645642871 1.976375373123391e-05 3.518631335590206 4170
0.950895 0.0001912055612673125 2.206901739798467e-05 3.068071369538675 4358
1.00094 9.415567509421374e-05 1.102339361675355e-05 1.358486385552924 5034
1.05099 1.054646361615076e-32 1.280337004461672e-33 1.378278627463588e-28 5714
1.10104 1.242423196439061e-32 1.436624647278093e-33 1.474698697751626e-28 5982
1.15108 1.377243302953648e-32 1.639299197227627e-33 1.492457495199016e-28 6602
1.20113 1.604504564720886e-32 1.872782471108891e-33 1.592671594612826e-28 7130
1.25118 1.801241215455115e-32 2.166538308145188e-33 1.646167306563137e-28 8034
1.30122 1.998861572461726e-32 2.38626963436264e-33 1.687171626584086e-28 8606
1.35127 2.22839342738041e-32 2.65295220625017e-33 1.741808923067267e-28 9066
1.40132 2.458968173400483e-32 2.959183377162695e-33 1.785297967452157e-28 9962
1.45137 2.789310120145618e-32 3.426799836542875e-33 1.886363196273464e-28 10550
1.50141 3.08648342272294e-32 3.826744169746143e-33 1.948527614379905e-28 11226
1.55146 3.36421757747504e-32 4.191564367048094e-33 1.987162667127052e-28 12146
1.60151 3.560604992268979e-32 4.449059795232811e-33 1.971322344057281e-28 12303
1.65155 4.068001626069826e-32 5.071794764954885e-33 2.115679748236663e-28 12584
1.7016 4.270724292897161e-32 5.519923146266535e-33 2.092206078045171e-28 12120
1.75165 4.696259051634573e-32 6.056654749431747e-33 2.169538325037973e-28 11180
1.8017 5.077708620499435e-32 6.510809277955559e-33 2.215751849190534e-28 11096
1.85174 5.556112115867499e-32 7.391552634098649e-33 2.294862642561174e-28 10056
1.90179 5.987955538646698e-32 7.861015860671341e-33 2.343400061057406e-28 9716
1.95184 6.410175822198124e-32 8.444355617539655e-33 2.380360137238603e-28 8604
2.00188 6.689587529113002e-32 9.150105687092862e-33 2.36052436515125e-28 8060
2.05193 7.090064418727189e-32 9.92528772097697e-33 2.380771101329529e-28 7320
2.10198 7.940138150796183e-32 1.081412154722265e-32 2.540347602087929e-28 6356
2.15203 8.115327655413296e-32 1.122835186656041e-32 2.476011922266936e-28 5348
2.20207 8.83450675568059e-32 1.226276425203627e-32 2.57254222896428e-28 4308
2.25212 9.259050784915272e-32 1.355504876866329e-32 2.577742170997291e-28 3563
2.30217 1.070024258237823e-31 1.381391059957253e-32 2.849478953014215e-28 2448
2.35221 1.056533019013675e-31 1.505024825136915e-32 2.694222723961627e-28 1868
2.40226 1.041942110569988e-31 1.519419346746382e-32 2.545179212464463e-28 1358
2.45231 1.212348571467404e-31 1.72033417774544e-32 2.839956790274936e-28 1062
2.50235 1.258437760078748e-31 1.962220796538328e-32 2.835500398044935e-28 776
2.5524 1.171248145726572e-31 1.817600493246989e-32 2.539433014347746e-28 432
2.60245 1.485974205695639e-31 2.005125028465993e-32 3.086643167245066e-28 200
2.6525 1.782120103138887e-31 2.4993233260576e-32 3.557055361233256e-28 168
2.70254 1.971553606877959e-31 2.539598916120655e-32 3.795789696812717e-28 56
2.75259 6.60954721816713e-32 3.181886860966062e-32 1.237529991483295e-28 7


0.0500471 2.407557528022609e-05 7.658231645090903e-07 609.967135051381 18
0.100094 5.436156820667415e-05 1.621807033589913e-05 445.9574098398137 62
0.150141 4.057154808818159e-05 4.616648451476386e-05 249.2422954889246 98
0.200188 0.0007543407297763594 2.392982085411228e-05 414.0802465012547 210
0.250235 0.00039593483173891 9.309576906135915e-05 184.3543434202321 350
0.300283 0.0009409217786381428 3.171449077694752e-05 199.6006965115254 450
0.35033 0.000346887920576885 9.037338234533992e-05 67.22741639974551 602
0.400377 0.0005968761066366915 4.744792686419378e-05 69.13429019270504 762
0.450424 0.0004581497163380755 3.886235653492627e-05 41.07241903715344 1142
0.500471 0.0003893414385276834 3.323311918448627e-05 27.75321990216492 1250
0.550518 0.0002444488148601197 3.522414801468966e-05 14.61306467928873 1458
0.600565 0.0002284327341665817 2.892934861697057e-05 11.14865492356684 1814
0.650612 0.0001909274268164159 2.490700658584512e-05 7.857209482269491 2178
0.700659 0.0001873091561986223 1.967335814587717e-05 6.515567196277251 2498
0.750706 0.0001717452112155052 1.922909591869305e-05 5.164396434883353 2622
0.800754 0.0001473333615281402 1.759872131456271e-05 3.874103761759245 3338
0.850801 0.0001600928300875129 1.619730810452446e-05 3.695112878180895 3722
0.900848 0.000152449522611117 1.7196410059376e-05 3.136703897284676 4170
0.950895 0.0001533809969333388 1.849566265687256e-05 2.823273513483 4358
1.00094 8.012820097667136e-05 8.726021329626278e-06 1.322173523952375 5034
1.05099 1.052015671771547e-32 1.156809779437688e-33 1.571254102475448e-28 5714
1.10104 1.198810964632452e-32 1.341813639820529e-33 1.627950515678095e-28 5982
1.15108 1.278428558010884e-32 1.545431969044378e-33 1.585833462434809e-28 6602
1.20113 1.515101836781942e-32 1.753553997814429e-33 1.720418255458122e-28 7130
1.25118 1.686175448916426e-32 2.02570072406635e-33 1.762749575551602e-28 8034
1.30122 1.894272131448693e-32 2.228259394247956e-33 1.828305817317635e-28 8606
1.35127 2.115670164007121e-32 2.463352703289682e-33 1.890546813347125e-28 9066
1.40132 2.338371615331873e-32 2.805944085527898e-33 1.940965282399604e-28 9962
1.45137 2.611908292890328e-32 3.236329456258177e-33 2.019641812196172e-28 10550
1.50141 2.974422723416991e-32 3.542729318939814e-33 2.145462844039394e-28 11226
1.55146 3.237415533501358e-32 3.905950988783375e-33 2.184794925507396e-28 12146
1.60151 3.402330614785583e-32 4.173508105307626e-33 2.152384762075694e-28 12303
1.65155 3.833981950486636e-32 4.669538839746158e-33 2.278009187120473e-28 12584
1.7016 4.127999132683657e-32 5.190141622168712e-33 2.310181616672711e-28 12120
1.75165 4.529711406814073e-32 5.496201659710326e-33 2.389673651062502e-28 11180
1.8017 4.803230479377642e-32 6.062012813742129e-33 2.394238051742022e-28 11096
1.85174 5.350791071688042e-32 6.787333110024375e-33 2.523874517343486e-28 10056
1.90179 5.63873812934046e-32 7.278255331665192e-33 2.520465757338414e-28 9716
1.95184 6.078859434865933e-32 7.900256533723635e-33 2.578183487407107e-28 8604
2.00188 6.533025840968417e-32 8.31955460580761e-33 2.631875902950547e-28 8060
2.05193 6.921362752949992e-32 9.165784860019644e-33 2.653514872409014e-28 7320
2.10198 7.751850506305052e-32 9.72154805387992e-33 2.831117763045183e-28 6356
2.15203 7.83378188702962e-32 1.03013562926859e-32 2.72876797577421e-28 5348
2.20207 8.420398000019931e-32 1.149137138871486e-32 2.799876216460768e-28 4308
2.25212 8.830592995441144e-32 1.213925577418333e-32 2.806502193677864e-28 3563
2.30217 9.946710039841454e-32 1.335051403010963e-32 3.025125508978023e-28 2448
2.35221 9.996379249138911e-32 1.389385789521309e-32 2.910442103210521e-28 1868
2.40226 9.93413043163412e-32 1.354309610773437e-32 2.769866764575833e-28 1358
2.45231 1.170103606910133e-31 1.580605419394733e-32 3.12893815490102e-28 1062
2.50235 1.239024685589263e-31 1.69751058405884e-32 3.185745420823606e-28 776
2.5524 1.059142819488882e-31 1.517738741177224e-32 2.620999336726747e-28 432
2.60245 1.380693618453098e-31 1.72607782246622e-32 3.273307300337685e-28 200
2.6525 1.717515839775156e-31 2.032183339744536e-32 3.911266659001457e-28 168
2.70254 2.076635684634079e-31 2.106412426337928e-32 4.560652311675497e-28 56
2.75259 1.068819259971692e-31 2.787189108771995e-32 2.273774146369294e-28 7


0.0500471 5.583486882354939e-06 2.1413069492542e-06 555.1318681513226 18
0.100094 4.87321892054262e-06 1.774693744341892e-05 400.3668541077363 62
0.150141 0.0002386196841637768 1.771376809864083e-05 376.1129749628244 98
0.200188 0.0006817152556019073 1.5377024493693e-05 419.3603524343669 210
0.250235 0.0002677860788529183 8.454921012984457e-05 165.9107556402141 350
0.300283 0.0007358005620747115 3.256722203662225e-05 181.6768855886363 450
0.35033 0.0005014837505065092 5.389332718432193e-05 94.20830058303073 602
0.400377 0.0002845706466791757 6.230733342883386e-05 43.52942814727719 762
0.450424 0.0003589395825212606 3.54078229415935e-05 37.10640603588918 1142
0.500471 0.0003337725537882903 2.730481134551263e-05 26.95800190133837 1250
0.550518 0.0002817206475426512 2.153836988272278e-05 18.35721502346503 1458
0.600565 0.0002129344705346405 2.203922080778002e-05 11.65016109415973 1814
0.650612 0.0001854692863953362 1.821024511600627e-05 8.523306913014563 2178
0.700659 0.0001453282193523031 1.779338709627573e-05 5.762486918176074 2498
0.750706 0.0001486439866527818 1.5672682614594e-05 5.042745574659116 2622
0.800754 0.0001368351608726575 1.334258069546137e-05 4.037881484670145 3338
0.850801 0.0001247333957000346 1.466237440653529e-05 3.266164374694122 3722
0.900848 0.0001259748968568911 1.467300912177986e-05 2.9286566486131 4170
0.950895 0.0001433079431803761 1.392330581196177e-05 2.960296485563015 4358
1.00094 6.643304895635911e-05 7.424523119408757e-06 1.237026546411156 5034
1.05099 9.941038083373273e-33 1.078846048402377e-33 1.673412708558152e-28 5714
1.10104 1.123251290509642e-32 1.28854209275593e-33 1.720149743251677e-28 5982
1.15108 1.244296539671809e-32 1.430457151191444e-33 1.737966467873333e-28 6602
1.20113 1.462142450319436e-32 1.662753876076316e-33 1.869953103164202e-28 7130
1.25118 1.639567739942125e-32 1.90698477597763e-33 1.92972216139933e-28 8034
1.30122 1.774799376011327e-32 2.111050345243641e-33 1.929531842307063e-28 8606
1.35127 2.029801415774106e-32 2.302535412722733e-33 2.041561716898607e-28 9066
1.40132 2.233241119371046e-32 2.632066067790793e-33 2.086541263501543e-28 9962
1.45137 2.47588911888052e-32 3.027352765317465e-33 2.154885419366686e-28 10550
1.50141 2.822398275178995e-32 3.314718135591226e-33 2.291099893874149e-28 11226
1.55146 3.098018279927789e-32 3.643158485254278e-33 2.352396664382431e-28 12146
1.60151 3.241527469120501e-32 3.881730501317407e-33 2.307102560743318e-28 12303
1.65155 3.629235450450392e-32 4.422865134342534e-33 2.426476104882388e-28 12584
1.7016 4.063714923793749e-32 4.750325447208917e-33 2.557130326578399e-28 12120
1.75165 4.263618511691785e-32 5.264296884981408e-33 2.530987397628172e-28 11180
1.8017 4.688558557400005e-32 5.653529184641095e-33 2.628227837942442e-28 11096
1.85174 5.090289858848676e-32 6.353473725716159e-33 2.700633718024767e-28 10056
1.90179 5.478633914079598e-32 6.780138073287376e-33 2.753786113173748e-28 9716
1.95184 5.751266208294143e-32 7.355446692493231e-33 2.743341682515949e-28 8604
2.00188 6.077701571448681e-32 7.834340389288935e-33 2.754033683385156e-28 8060
2.05193 6.759125332828581e-32 8.483359303093697e-33 2.913428372430846e-28 7320
2.10198 7.174604508576052e-32 9.264213750160517e-33 2.947346056886512e-28 6356
2.15203 7.526764972512532e-32 9.587699534978071e-33 2.947911681717082e-28 5348
2.20207 8.353444194528737e-32 1.061431785953685e-32 3.122227103298005e-28 4308
2.25212 8.609024953256371e-32 1.112062861076733e-32 3.075687534074301e-28 3563
2.30217 9.299611190303895e-32 1.267947744312729e-32 3.180627858361156e-28 2448
2.35221 9.650612122948233e-32 1.259143078524586e-32 3.158348042274563e-28 1868
2.40226 9.741402242936851e-32 1.266842895965854e-32 3.053286781563565e-28 1358
2.45231 1.085266493285547e-31 1.554199337497961e-32 3.263974076275238e-28 1062
2.50235 1.229127151403655e-31 1.603023313597834e-32 3.552317263645419e-28 776
2.5524 1.080811036489129e-31 1.410628807891285e-32 3.005771215891261e-28 432
2.60245 1.288846426379305e-31 1.547501984137787e-32 3.434521924666997e-28 200
2.6525 1.427580451598517e-31 2.174215049365269e-32 3.658585690510459e-28 168
2.70254 1.678138313174248e-31 2.110853002409278e-32 4.14554041573828e-28 56
2.75259 3.39496886438818e-32 2.153665984363648e-32 8.209718477632457e-29 7


0.0500471 3.718645627623764e-07 2.27615376716199e-06 540.3504059068833 18
0.100094 6.247884049949847e-05 9.170069243315815e-06 480.1987996114663 62
0.150141 0.000339392966845488 1.335550159532674e-06 458.8430867025411 98
0.200188 0.0002950167318345558 4.281420333736857e-05 294.1722161607987 210
0.250235 0.0005511984014742905 3.903827102637234e-05 253.6385896970168 350
0.300283 0.0002695617709677651 6.499606338203119e-05 103.8038220572955 450
0.35033 0.0006036305776516385 2.810903663696769e-05 117.4401673636174 602
0.400377 0.0003680484487541032 4.0190799327452e-05 56.84373812833024 762
0.450424 0.0002792562065539262 3.312377961773905e-05 33.14553183535347 1142
0.500471 0.0002075315896588651 3.149645820643213e-05 19.91236522849855 1250
0.550518 0.000206632321182945 2.206540470956167e-05 15.40772479488613 1458
0.600565 0.0001921477117542123 1.780976407594494e-05 11.69842615195039 1814
0.650612 0.0001580868436356615 1.565089571904611e-05 8.12958678846695 2178
0.700659 0.0001488885037171327 1.259426177039392e-05 6.488986683529956 2498
0.750706 0.0001244710197667753 1.368632370531093e-05 4.725236310240102 2622
0.800754 0.0001054071134660526 1.267355585719648e-05 3.499719418856691 3338
0.850801 0.0001145925079278301 1.167891412958318e-05 3.331429789745689 3722
0.900848 0.0001164093205054594 1.158994285176646e-05 3.003384709534923 4170
0.950895 0.0001071720626617152 1.360041593326154e-05 2.486104105409461 4358
1.00094 5.618885614813163e-05 6.415950973996932e-06 1.166421151847449 5034
1.05099 9.059041657414486e-33 1.064978550822564e-33 1.701764849251724e-28 5714
1.10104 1.071242022647727e-32 1.230336465988931e-33 1.826743808606639e-28 5982
1.15108 1.203030176992272e-32 1.344627728103829e-33 1.869517662155639e-28 6602
1.20113 1.3893883203821e-32 1.58628547004925e-33 1.977854293107241e-28 7130
1.25118 1.601602347262253e-32 1.762279868041384e-33 2.09564444842692e-28 8034
1.30122 1.707103943490822e-32 2.008389162412584e-33 2.064543110710472e-28 8606
1.35127 1.952162843343215e-32 2.181062379184297e-33 2.183551586366449e-28 9066
1.40132 2.124631593871239e-32 2.468230220532315e-33 2.207512565181197e-28 9962
1.45137 2.382073421395998e-32 2.835025558345398e-33 2.304779629055349e-28 10550
1.50141 2.728004468239835e-32 3.154591889487681e-33 2.461890457916604e-28 11226
1.55146 2.996795799082188e-32 3.447848393096274e-33 2.529270417775224e-28 12146
1.60151 3.127056695007942e-32 3.652800321678554e-33 2.473633245531428e-28 12303
1.65155 3.483635848043835e-32 4.175521480951809e-33 2.588700993310695e-28 12584
1.7016 3.918105063484834e-32 4.463729023601203e-33 2.739693825212196e-28 12120
1.75165 4.007520064592916e-32 4.9461800112621e-33 2.644141160476226e-28 11180
1.8017 4.520732980562072e-32 5.336121205488394e-33 2.815792697371152e-28 11096
1.85174 4.862638048935289e-32 6.069933176237946e-33 2.867012456426827e-28 10056
1.90179 5.257649194655083e-32 6.375223729451872e-33 2.936190933592353e-28 9716
1.95184 5.645613238957061e-32 6.882961579202278e-33 2.991278345143762e-28 8604
2.00188 5.862635167297867e-32 7.446716255835783e-33 2.95158727505671e-28 8060
2.05193 6.423245234169104e-32 8.299666673222388e-33 3.076840019709687e-28 7320
2.10198 6.809105467829189e-32 8.970242152759901e-33 3.108293006910635e-28 6356
2.15203 7.200921171267835e-32 9.108635461013037e-33 3.133115300517004e-28 5348
2.20207 7.663262134570859e-32 1.030552642076479e-32 3.183210230625373e-28 4308
2.25212 8.253721585702421e-32 1.063109521668349e-32 3.275712970210546e-28 3563
2.30217 9.135583517723491e-32 1.159982573998826e-32 3.469440145147449e-28 2448
2.35221 9.357940811804938e-32 1.170665559443198e-32 3.401150576683219e-28 1868
2.40226 9.006667772006961e-32 1.254807538074503e-32 3.137031258085763e-28 1358
2.45231 1.058717180179767e-31 1.383088678061988e-32 3.535169401391332e-28 1062
2.50235 1.124412743294969e-31 1.582057305823146e-32 3.611020266940737e-28 776
2.5524 9.701215147711397e-32 1.3140608553804e-32 2.997224297550602e-28 432
2.60245 1.054282413109733e-31 1.770854143907118e-32 3.125710284752165e-28 200
2.6525 1.467173529023497e-31 2.09085690734166e-32 4.174887148159415e-28 168
2.70254 1.580774159945474e-31 2.311291978863148e-32 4.340379769800212e-28 56
2.75259 1.083244307449758e-31 1.604966676022497e-32 2.86819033341787e-28 7


0.0500471 8.257188269745147e-06 1.159647665104331e-06 574.5619936137502 18
0.100094 0.0001198063185291834 1.25185412282353e-06 568.3865295468095 62
0.150141 0.0002197454813662665 8.906592711704787e-06 397.6484682742666 98
0.200188 8.854822668842764e-05 5.425781735001507e-05 220.2996362229181 210
0.250235 0.0006266538154848948 1.875866293027496e-05 292.2368175306192 350
0.300283 0.0002025757127045139 5.947564485031497e-05 95.78015598808949 450
0.35033 0.0003959809748800944 3.773727651042432e-05 92.86219149701822 602
0.400377 0.0004319431667552776 2.327556141111494e-05 69.391363550154 762
0.450424 0.0002536773059189965 2.755267344157682e-05 33.25747025815842 1142
0.500471 0.0002231681011843542 2.278829558226921e-05 22.88159309867615 1250
0.550518 0.0001578863631696183 2.136359864338427e-05 13.36291529323668 1458
0.600565 0.0001466608666743424 1.756491422197456e-05 10.07644866462268 1814
0.650612 0.0001209828285006135 1.529104476529134e-05 6.999676316102454 2178
0.700659 0.0001017179928384531 1.385927873508689e-05 5.0313158514104 2498
0.750706 0.0001110072564074065 1.156010125316795e-05 4.649129816717621 2622
0.800754 0.0001009136655473049 9.979056420788435e-06 3.673446102973148 3338
0.850801 9.406941929645334e-05 1.071907158862141e-05 3.033193125059718 3722
0.900848 9.208030775702212e-05 1.104165959082863e-05 2.639233821676013 4170
0.950895 0.0001078437442551811 1.018302387088712e-05 2.73629868108309 4358
1.00094 5.139644977044189e-05 5.2813318821142e-06 1.17364192183249 5034
1.05099 9.188863971473574e-33 9.555776859652946e-34 1.897790380554913e-28 5714
1.10104 1.06366880125612e-32 1.150934207277724e-33 1.997045980865352e-28 5982
1.15108 1.164639021255119e-32 1.274190008929114e-33 1.993891327107159e-28 6602
1.20113 1.346876627705839e-32 1.513934393634701e-33 2.112282305026152e-28 7130
1.25118 1.516633131128319e-32 1.685174208556755e-33 2.186966464756066e-28 8034
1.30122 1.696872596666221e-32 1.843422014136991e-33 2.257566293523552e-28 8606
1.35127 1.850303543088654e-32 2.113065179275746e-33 2.280306952264062e-28 9066
1.40132 2.073792014872444e-32 2.34189980063964e-33 2.371828689643167e-28 9962
1.45137 2.293712631429973e-32 2.678047646647253e-33 2.443242397502668e-28 10550
1.50141 2.61214062386196e-32 2.968544530177181e-33 2.594758383984263e-28 11226
1.55146 2.8486732583623e-32 3.31567353393791e-33 2.647238809514189e-28 12146
1.60151 3.036531030213165e-32 3.500492784668366e-33 2.643726636770855e-28 12303
1.65155 3.37226852999546e-32 3.971988397451716e-33 2.757753037863419e-28 12584
1.7016 3.743825965504422e-32 4.281410203110448e-33 2.881233140333188e-28 12120
1.75165 3.892847552013336e-32 4.650408025933904e-33 2.825804857851035e-28 11180
1.8017 4.289622321030656e-32 5.102808341403278e-33 2.940469671718331e-28 11096
1.85174 4.715859528826549e-32 5.701339269806568e-33 3.05872688571228e-28 10056
1.90179 5.042614813296229e-32 6.020422072141836e-33 3.098192859011375e-28 9716
1.95184 5.495704844277206e-32 6.482967042884546e-33 3.202899142173117e-28 8604
2.00188 5.721009486652227e-32 7.009442739567027e-33 3.168016936875166e-28 8060
2.05193 6.222791153234947e-32 7.986093403930357e-33 3.279281723426858e-28 7320
2.10198 6.671854054806047e-32 8.351085067452757e-33 3.349249103883851e-28 6356
2.15203 6.838009287097412e-32 8.626157410184934e-33 3.272909677057566e-28 5348
2.20207 7.705547128268663e-32 9.377402020017565e-33 3.51857516941682e-28 4308
2.25212 8.15583523392929e-32 9.878929796833314e-33 3.559058691358655e-28 3563
2.30217 8.933646043803e-32 1.117931210419621e-32 3.731489431133163e-28 2448
2.35221 8.678172685533392e-32 1.121264973854423e-32 3.469877872310383e-28 1868
2.40226 9.535691531256642e-32 1.154841781484921e-32 3.650026290555939e-28 1358
2.45231 9.93153243036894e-32 1.287381463523276e-32 3.647250895841672e-28 1062
2.50235 1.181671836469894e-31 1.357982177665066e-32 4.169258654288386e-28 776
2.5524 9.499056254148985e-32 1.250494728489865e-32 3.227058407473576e-28 432
2.60245 1.276240976746682e-31 1.370152117492201e-32 4.151666991682214e-28 200
2.6525 1.557237955271663e-31 1.801045579635426e-32 4.868373537970266e-28 168
2.70254 1.52407428329888e-31 1.914142826335593e-32 4.598921348674765e-28 56
2.75259 1.476386618281147e-31 8.501297987322967e-33 4.285582856103838e-28 7


0.0500471 1.590768336307425e-05 1.344686947970342e-07 610.8623735720178 18
0.100094 0.000102221798880754 1.438258852866512e-06 558.1737796066295 62
0.150141 4.927173749645064e-05 2.256706658169366e-05 287.0072363588122 98
0.200188 0.0002050443601674104 3.451192837898452e-05 280.6222631615235 210
0.250235 0.0003778424954490407 3.434848358613022e-05 230.0195439950287 350
0.300283 0.0004229114568406686 2.696133108381569e-05 152.4842742176812 450
0.35033 0.000223068155789249 4.600166876833071e-05 68.68291449943256 602
0.400377 0.0002869336906200977 3.011355356966802e-05 54.64083442378871 762
0.450424 0.0002348753669141765 2.29854753198554e-05 33.64104949201495 1142
0.500471 0.0002224746622081215 1.729747016594907e-05 24.57325446938858 1250
0.550518 0.0001697789999153698 1.552050580472683e-05 15.2965064969983 1458
0.600565 0.0001343324364192381 1.485336762205559e-05 10.09427177344296 1814
0.650612 0.0001250058513870144 1.145657076298693e-05 7.784892236444071 2178
0.700659 0.0001075774784494997 1.02380449985447e-05 5.719743900444327 2498
0.750706 9.519967530421434e-05 1.040621917226164e-05 4.384069565798122 2622
0.800754 8.422638603643383e-05 9.247992268788896e-06 3.375844451286655 3338
0.850801 8.673199522794608e-05 8.976905865564177e-06 3.052183969267422 3722
0.900848 8.884252178133462e-05 8.833791605400643e-06 2.769706562363646 4170
0.950895 8.186047432328369e-05 1.034810913394589e-05 2.295534915737465 4358
1.00094 4.207571327789978e-05 4.976018134881251e-06 1.055794412056897 5034
1.05099 8.5024065637271e-33 9.526450504361775e-34 1.924431749901412e-28 5714
1.10104 1.002524628126843e-32 1.11691364453142e-33 2.059934547759227e-28 5982
1.15108 1.10417068647807e-32 1.260080005749862e-33 2.068755105830387e-28 6602
1.20113 1.307224561407318e-32 1.439114860214822e-33 2.239790138941221e-28 7130
1.25118 1.444029164688887e-32 1.657418840138949e-33 2.276999705452774e-28 8034
1.30122 1.582844523684398e-32 1.814792023943244e-33 2.303178696192198e-28 8606
1.35127 1.753967666488528e-32 2.054644027666819e-33 2.362597848044911e-28 9066
1.40132 1.977481722182853e-32 2.266305495275848e-33 2.471162808146581e-28 9962
1.45137 2.222317997691462e-32 2.557632139753123e-33 2.584886616196649e-28 10550
1.50141 2.535993716494561e-32 2.809321223720732e-33 2.750037455831594e-28 11226
1.55146 2.75956545819923e-32 3.166833794564765e-33 2.799727869025737e-28 12146
1.60151 2.918297891251638e-32 3.372828492768149e-33 2.77417232422681e-28 12303
1.65155 3.26575286261439e-32 3.77619755184772e-33 2.915051106699564e-28 12584
1.7016 3.569318826657946e-32 4.130552271316026e-33 2.999089799859263e-28 12120
1.75165 3.812130350466912e-32 4.436119162188331e-33 3.019776343527244e-28 11180
1.8017 4.109231225451746e-32 4.910077426410892e-33 3.074704927041169e-28 11096
1.85174 4.528728135708903e-32 5.34584967710326e-33 3.205239534710133e-28 10056
1.90179 4.920321206475927e-32 5.704317639245351e-33 3.298370366584461e-28 9716
1.95184 5.283945241103143e-32 6.368994779023782e-33 3.361300683785462e-28 8604
2.00188 5.622307737625342e-32 6.69291850387274e-33 3.396642389440544e-28 8060
2.05193 6.091529987441189e-32 7.465210920232985e-33 3.501622008761437e-28 7320
2.10198 6.41419927500729e-32 7.938633384943396e-33 3.513260961709394e-28 6356
2.15203 6.753764161489444e-32 8.310496725486049e-33 3.526508058944515e-28 5348
2.20207 7.57136780646687e-32 8.951287967767974e-33 3.771348498610002e-28 4308
2.25212 7.975117323905436e-32 9.635002122761918e-33 3.796926065556176e-28 3563
2.30217 8.445799830835956e-32 1.083707630936174e-32 3.849594537020329e-28 2448
2.35221 8.287160151614431e-32 1.073923047126997e-32 3.615160754480346e-28 1868
2.40226 9.269146999096554e-32 1.146563910378263e-32 3.871082039144382e-28 1358
2.45231 9.720122351427595e-32 1.247435192497102e-32 3.893801061327885e-28 1062
2.50235 1.080336736478126e-31 1.351051850666682e-32 4.159827100382445e-28 776
2.5524 8.683798670128201e-32 1.235451454486333e-32 3.219816408993237e-28 432
2.60245 1.011930629048357e-31 1.500875882736577e-32 3.597282397856419e-28 200
2.6525 1.353482112360236e-31 1.73218686316801e-32 4.618032721548914e-28 168
2.70254 1.366265150883753e-31 2.021950498690286e-32 4.500561575268983e-28 56
2.75259 1.308258947595362e-31 1.621913649397009e-32 4.151440994007073e-28 7


0.0500471 1.379953546802115e-05 1.555326933385219e-07 607.5185313773476 18
0.100094 3.808938334501973e-05 6.678684937744521e-06 474.5392168516001 62
0.150141 1.74676975177011e-05 2.267635668274136e-05 268.5344043666323 98
0.200188 0.000372358982637712 1.111745970288712e-05 372.0798927144793 210
0.250235 0.0001606501401205165 4.84145523768274e-05 167.0307496431482 350
0.300283 0.0004671791212905701 1.457163006303865e-05 172.3017373132744 450
0.35033 0.0002675471949842728 3.358424867251971e-05 80.89011594482149 602
0.400377 0.0001846289487536021 3.394657884340953e-05 43.07007030752933 762
0.450424 0.0002105351664777149 2.019675091771418e-05 33.00676997058437 1142
0.500471 0.0001602557499989381 1.924868260272612e-05 20.21415991551646 1250
0.550518 0.0001532216972376248 1.353325425930137e-05 15.04567187898046 1458
0.600565 0.0001330115944873873 1.174758426079155e-05 10.73621278257401 1814
0.650612 0.0001048449143750483 1.082300791050128e-05 7.175253669941326 2178
0.700659 9.671576463173062e-05 8.966589752301209e-06 5.595143241508657 2498
0.750706 8.644047799155152e-05 9.030615369280116e-06 4.3259653471853 2622
0.800754 7.351202607628761e-05 8.339625050142677e-06 3.213382739907809 3338
0.850801 7.50156465692101e-05 8.182640918983868e-06 2.878576300586123 3722
0.900848 7.399215563895598e-05 8.373718737064987e-06 2.520847530876774 4170
0.950895 8.519582634209607e-05 7.82973766198685e-06 2.568208063704773 4358
1.00094 4.056280304156574e-05 4.067854795303864e-06 1.100234214540244 5034
1.05099 8.336412065856421e-33 9.112068224042761e-34 2.048374292808705e-28 5714
1.10104 9.662500058257778e-33 1.05260820743464e-33 2.154993656828482e-28 5982
1.15108 1.091485975095985e-32 1.181772572817394e-33 2.217630859801569e-28 6602
1.20113 1.235535238092986e-32 1.411683474341163e-33 2.300215876490706e-28 7130
1.25118 1.420600735293054e-32 1.58751218401253e-33 2.4297005951751e-28 8034
1.30122 1.549470911033369e-32 1.735652549437703e-33 2.445611149352162e-28 8606
1.35127 1.725191119696595e-32 1.927120666165992e-33 2.51926851862488e-28 9066
1.40132 1.927327719820292e-32 2.210616547841214e-33 2.612784772136569e-28 9962
1.45137 2.191935788449102e-32 2.432884859226403e-33 2.763786132144022e-28 10550
1.50141 2.397826191132584e-32 2.762272685837882e-33 2.821786940848417e-28 11226
1.55146 2.66310966316928e-32 3.056003324786098e-33 2.93007816305423e-28 12146
1.60151 2.844803193077007e-32 3.204923137911155e-33 2.931421244640582e-28 12303
1.65155 3.220989831152132e-32 3.554780087763292e-33 3.115516737924535e-28 12584
1.7016 3.44811152623799e-32 3.916043786946399e-33 3.140463315731623e-28 12120
1.75165 3.682824573638146e-32 4.244528431458536e-33 3.162344205935607e-28 11180
1.8017 3.987904730994709e-32 4.714750540763028e-33 3.234352703718457e-28 11096
1.85174 4.385696846683739e-32 5.185933892749552e-33 3.364684397319016e-28 10056
1.90179 4.79870684728338e-32 5.46235098605272e-33 3.486054274546458e-28 9716
1.95184 5.049107135623079e-32 6.146875811240899e-33 3.481645417116086e-28 8604
2.00188 5.428073110872426e-32 6.400967421344453e-33 3.553767943858071e-28 8060
2.05193 5.994740311837019e-32 7.055928681916147e-33 3.733286905603646e-28 7320
2.10198 6.196829427213904e-32 7.579677631087998e-33 3.677956876697492e-28 6356
2.15203 6.540501019837489e-32 7.873569427300393e-33 3.700239532462268e-28 5348
2.20207 7.27994372549213e-32 8.794321907562711e-33 3.930032730902865e-28 4308
2.25212 7.703395856665171e-32 9.191775155224424e-33 3.973715579831764e-28 3563
2.30217 8.000486709491674e-32 1.019521806935134e-32 3.9510903735447e-28 2448
2.35221 8.228926140627601e-32 1.006902517231517e-32 3.887902076594299e-28 1868
2.40226 8.497716105147412e-32 1.137569261829257e-32 3.847324244099591e-28 1358
2.45231 9.33681719182021e-32 1.206589742421803e-32 4.052689028952348e-28 1062
2.50235 9.638015602021496e-32 1.398120638663608e-32 4.024926375165704e-28 776
2.5524 9.672057292688647e-32 1.016957557024012e-32 3.87832092525082e-28 432
2.60245 1.06825103549984e-31 1.384116517962408e-32 4.110535806666635e-28 200
2.6525 1.263348355169303e-31 1.821559485554714e-32 4.673045315294828e-28 168
2.70254 1.653168911104922e-31 1.608635063607116e-32 5.886015453498708e-28 56
2.75259 5.316998528354737e-32 2.547898486416727e-32 1.855778759117446e-28 7


0.0500471 5.270934074788767e-06 8.65877698977922e-07 573.7641884542255 18
0.100094 2.449711079342904e-06 9.210792167571069e-06 425.2765487762247 62
0.150141 0.0001127957073127272 1.032151542230938e-05 351.1585295175347 98
0.200188 0.0003374559818345632 9.615942494813849e-06 368.6517284284071 210
0.250235 0.0001988732299429046 3.762020484548594e-05 186.9609216029656 350
0.300283 0.000266174051879715 2.877713903248385e-05 127.7997773028145 450
0.35033 0.0003386862283915538 1.986972087264501e-05 99.53089120699731 602
0.400377 0.0002284573586964146 2.382682926218419e-05 52.31510475947574 762
0.450424 0.0001798962129942748 1.897052586427363e-05 31.12590230028757 1142
0.500471 0.0001393201800816489 1.76513738720323e-05 19.28667705456542 1250
0.550518 0.0001161473018715371 1.430883025470589e-05 12.79723815223868 1458
0.600565 0.0001074579417695898 1.173998224709754e-05 9.572505664925687 1814
0.650612 8.574838676089488e-05 1.05429326624298e-05 6.453834536596907 2178
0.700659 6.965268668661536e-05 9.816863070382969e-06 4.496806130428679 2498
0.750706 7.686731021525356e-05 8.145383659250146e-06 4.169086651104124 2622
0.800754 7.288147873728663e-05 6.71898833246744e-06 3.412422674211645 3338
0.850801 6.771837017138561e-05 7.267328801270772e-06 2.808699634881912 3722
0.900848 6.804707885672982e-05 7.30116104244001e-06 2.500949767411609 4170
0.950895 6.467101939667673e-05 8.265367666422592e-06 2.133414870982426 4358
1.00094 3.404257165231511e-05 3.890372159855333e-06 1.001954834432002 5034
1.05099 8.100322847008303e-33 8.702859837124991e-34 2.148387480077061e-28 5714
1.10104 9.335874400295463e-33 1.016210797204369e-33 2.247786450293725e-28 5982
1.15108 1.039598494241965e-32 1.165210745595825e-33 2.282091797418971e-28 6602
1.20113 1.223152309027579e-32 1.309035930302296e-33 2.453471833216721e-28 7130
1.25118 1.399928132944365e-32 1.497962268026153e-33 2.581171067605019e-28 8034
1.30122 1.488636054623085e-32 1.662687198073907e-33 2.534656458665944e-28 8606
1.35127 1.678156495819808e-32 1.848270647172679e-33 2.642544905514797e-28 9066
1.40132 1.893175392440646e-32 2.118364248731169e-33 2.766792430146855e-28 9962
1.45137 2.108267167584893e-32 2.346827533870362e-33 2.86674036877812e-28 10550
1.50141 2.340086794386771e-32 2.636802898080127e-33 2.968366309356833e-28 11226
1.55146 2.559701004245533e-32 2.945221128316234e-33 3.036518199648129e-28 12146
1.60151 2.729656416589299e-32 3.122751333658905e-33 3.032998509907398e-28 12303
1.65155 3.056636942416049e-32 3.442919731758254e-33 3.187748914137066e-28 12584
1.7016 3.333589164602539e-32 3.778576778981556e-33 3.27238721948583e-28 12120
1.75165 3.58590538055898e-32 4.097024312338788e-33 3.318240458842943e-28 11180
1.8017 3.870063409251503e-32 4.476480984804134e-33 3.381850433622131e-28 11096
1.85174 4.214434672461532e-32 5.021257342319407e-33 3.484723864659344e-28 10056
1.90179 4.711002519447338e-32 5.266520450121889e-33 3.687098568713721e-28 9716
1.95184 4.948427645390014e-32 5.819529903968333e-33 3.675522612624927e-28 8604
2.00188 5.235256570917372e-32 6.148459058362642e-33 3.692938740370441e-28 8060
2.05193 5.817637481560317e-32 6.789012049453112e-33 3.90314247107321e-28 7320
2.10198 6.069626347894787e-32 7.275049844119916e-33 3.880487330739147e-28 6356
2.15203 6.380972944082722e-32 7.573873940462733e-33 3.888649959258621e-28 5348
2.20207 7.068138326675058e-32 8.538401391118639e-33 4.11059953049874e-28 4308
2.25212 7.474802339779776e-32 8.728158611151695e-33 4.152942427303931e-28 3563
2.30217 7.812916723521062e-32 9.501104166383842e-33 4.154923289397357e-28 2448
2.35221 7.94337080085155e-32 9.680876350012213e-33 4.042591942338064e-28 1868
2.40226 8.123053911665858e-32 1.077068479395008e-32 3.961394557191294e-28 1358
2.45231 9.290743184643993e-32 1.1240945291344e-32 4.341777816068149e-28 1062
2.50235 9.982281791717344e-32 1.258022706395995e-32 4.485689779773857e-28 776
2.5524 8.935597550195527e-32 1.123008811113898e-32 3.863051330959746e-28 432
2.60245 1.174822275159971e-31 1.202336415966705e-32 4.86225918370652e-28 200
2.6525 1.365289714481361e-31 1.455921874249693e-32 5.429685880392746e-28 168
2.70254 1.423355700201074e-31 1.88597885858242e-32 5.467257368875132e-28 56
2.75259 1.45992743787981e-31 9.39393173974472e-33 5.391333688453237e-28 7


0.0500471 1.256113449795944e-07 1.253768666655078e-06 552.1829038539591 18
0.100094 2.371537383605127e-05 6.094320968709513e-06 463.586690598541 62
0.150141 0.0001819165560601989 1.117625241404786e-06 418.7151232305569 98
0.200188 0.0001584613097516631 2.368341932101492e-05 284.5867141648169 210
0.250235 0.0003361125969541012 1.78409704378271e-05 246.2707808564288 350
0.300283 0.000117802641404289 3.851925899194055e-05 91.43544875129001 450
0.35033 0.0002781785671077755 2.080489758963939e-05 91.68678438057349 602
0.400377 0.000258469253072958 1.611131684215307e-05 60.09520151850887 762
0.450424 0.0001534012403378698 1.803983553261036e-05 29.27020344999866 1142
0.500471 0.0001512859744215546 1.326496830248007e-05 21.73055000377182 1250
0.550518 0.0001068485168327267 1.268980919816795e-05 12.69082127041597 1458
0.600565 9.062521207891826e-05 1.125166768238683e-05 8.834207359263049 1814
0.650612 8.875018839706496e-05 8.316513064216871e-06 7.057362153777071 2178
0.700659 8.006135892384794e-05 7.04069149311504e-06 5.389314187221344 2498
0.750706 6.890516280566303e-05 7.396716271591518e-06 4.029824691500894 2622
0.800754 5.649154850442665e-05 7.047608201543149e-06 2.895859740003926 3338
0.850801 6.19534488472202e-05 6.468185028298357e-06 2.761522200952539 3722
0.900848 6.33205041738949e-05 6.385544874599696e-06 2.49642663138303 4170
0.950895 6.896461589212786e-05 6.315424992321784e-06 2.413584212341907 4358
1.00094 3.17781784386998e-05 3.394624409320341e-06 1.002855630058555 5034
1.05099 7.643417402139892e-33 8.465806316903078e-34 2.180586611621566e-28 5714
1.10104 9.09173717918536e-33 9.810532338527582e-34 2.350774940364097e-28 5982
1.15108 1.037397821019115e-32 1.091713853674309e-33 2.441340496333657e-28 6602
1.20113 1.15744730995179e-32 1.288227688858551e-33 2.495489413161379e-28 7130
1.25118 1.321577128573021e-32 1.478518072861364e-33 2.618714687845021e-28 8034
1.30122 1.450915947201744e-32 1.595170040852002e-33 2.65060720970485e-28 8606
1.35127 1.625611828353225e-32 1.800559622876105e-33 2.747445345050461e-28 9066
1.40132 1.834666890286011e-32 2.029910973025356e-33 2.87653998092297e-28 9962
1.45137 2.02552929935926e-32 2.253154322963485e-33 2.95506639887514e-28 10550
1.50141 2.2537160980539e-32 2.525994280644639e-33 3.066538312577041e-28 11226
1.55146 2.555213982998149e-32 2.755456485220304e-33 3.24812854996105e-28 12146
1.60151 2.621149956190027e-32 3.042524899825478e-33 3.124651546004288e-28 12303
1.65155 2.922441972991061e-32 3.382688566617078e-33 3.27018749634283e-28 12584
1.7016 3.144951634426399e-32 3.744144083199443e-33 3.313199937008915e-28 12120
1.75165 3.470474644115405e-32 4.001627296957298e-33 3.444219484339787e-28 11180
1.8017 3.752178442203651e-32 4.291855826952462e-33 3.515365997201877e-28 11096
1.85174 4.086309634330323e-32 4.811058262031531e-33 3.622297212839453e-28 10056
1.90179 4.500684256510115e-32 5.162824774925876e-33 3.777645492483576e-28 9716
1.95184 4.80302759082291e-32 5.633352089942254e-33 3.824614514086738e-28 8604
2.00188 5.073328544514008e-32 5.941198181454833e-33 3.836394435197908e-28 8060
2.05193 5.621669427992782e-32 6.569317478131006e-33 4.043270149537203e-28 7320
2.10198 5.897553918178048e-32 6.984646316543364e-33 4.041390881656095e-28 6356
2.15203 6.220626780229168e-32 7.264693782352617e-33 4.062902058390186e-28 5348
2.20207 6.852224397209298e-32 8.360373702186611e-33 4.271955090163149e-28 4308
2.25212 7.28103761273394e-32 8.47972040536164e-33 4.33564665439222e-28 3563
2.30217 7.685962861115128e-32 9.281483604118856e-33 4.380667493231552e-28 2448
2.35221 7.724195267697815e-32 9.349820335191951e-33 4.212893571921334e-28 1868
2.40226 8.245920108516066e-32 9.749059251611664e-33 4.305922094829224e-28 1358
2.45231 9.128068780791441e-32 1.080581924420822e-32 4.57094425034492e-28 1062
2.50235 1.00301787608686e-31 1.148313117848428e-32 4.827102329812369e-28 776
2.5524 8.138898838520158e-32 1.138830337444206e-32 3.77377650414521e-28 432
2.60245 1.153525599535078e-31 1.221480958463468e-32 5.11671352804967e-28 200
2.6525 1.330249375538661e-31 1.455651084599506e-32 5.669334780948024e-28 168
2.70254 1.169559558638787e-31 2.103998503450188e-32 4.825976844566179e-28 56
2.75259 1.628247148596185e-31 3.392072723163764e-33 6.426895748005579e-28 7


0.0500471 2.69396897385708e-06 8.728400286385381e-07 566.0159951568481 18
0.100094 6.1595338808395e-05 1.433121439769742e-06 532.847062842464 62
0.150141 0.0001361016732878172 4.029936164326419e-06 387.9884276920524 98
0.200188 5.865172201308071e-05 3.022255368785115e-05 235.2741444590454 210
0.250235 0.0003353189407665619 1.317095459254545e-05 255.2185698768069 350
0.300283 0.0001784463474503974 2.758092153691766e-05 112.7345718908333 450
0.35033 0.0001743924833607356 2.696300001859464e-05 72.41198995146243 602
0.400377 0.0001946584818253298 1.880571794919423e-05 51.80017114139883 762
0.450424 0.0001468734285882832 1.560911860261858e-05 29.82322158862255 1142
0.500471 0.0001349446206973539 1.231780209394657e-05 20.96827757184536 1250
0.550518 0.0001129318919119572 9.878453472764933e-06 13.98993835729822 1458
0.600565 9.560150908552185e-05 8.832573754594331e-06 9.747068770830969 1814
0.650612 7.879233085092721e-05 7.748652834610118e-06 6.75249438033075 2178
0.700659 7.095116007757601e-05 6.586086627810402e-06 5.140556856216858 2498
0.750706 6.369187768784602e-05 6.601387096914729e-06 3.986439810246824 2622
0.800754 5.806009436871133e-05 5.683472018655824e-06 3.145046985713055 3338
0.850801 5.514048338554749e-05 5.994615822264618e-06 2.638802094967747 3722
0.900848 5.280630097491865e-05 6.301418997056418e-06 2.247697629110815 4170
0.950895 5.476899555426859e-05 6.582554468582958e-06 2.075138249806046 4358
1.00094 2.960736524126844e-05 3.004685583730255e-06 0.9978489785148924 5034
1.05099 7.674707788497808e-33 7.982141760781973e-34 2.337145433668683e-28 5714
1.10104 8.779648661457936e-33 9.543874378770018e-34 2.428393343332036e-28 5982
1.15108 9.672585271588516e-33 1.101491131611167e-33 2.43986808845274e-28 6602
1.20113 1.146568727421155e-32 1.243256105886769e-33 2.640681377460089e-28 7130
1.25118 1.302523879896351e-32 1.407502768834991e-33 2.756062081736388e-28 8034
1.30122 1.399001647644466e-32 1.552460515100906e-33 2.731977730974737e-28 8606
1.35127 1.574319291387543e-32 1.747921604255236e-33 2.843102060357817e-28 9066
1.40132 1.780561059161037e-32 1.987504327014795e-33 2.982893247019912e-28 9962
1.45137 1.965960253576722e-32 2.222591438700631e-33 3.064817102316452e-28 10550
1.50141 2.212409990510635e-32 2.444283898161355e-33 3.214582010652811e-28 11226
1.55146 2.423754205956343e-32 2.763713670109695e-33 3.293690703842602e-28 12146
1.60151 2.616329593188757e-32 2.880796938805143e-33 3.327705335337756e-28 12303
1.65155 2.872524025412716e-32 3.224030217956314e-33 3.430579694898199e-28 12584
1.7016 3.134975692095964e-32 3.559277562514861e-33 3.523842227664652e-28 12120
1.75165 3.3988407063345e-32 3.864203279501701e-33 3.600656709093728e-28 11180
1.8017 3.655402501062647e-32 4.1601340401962e-33 3.655816084977254e-28 11096
1.85174 4.003243689100333e-32 4.605745847888335e-33 3.787214287334663e-28 10056
1.90179 4.288620339717669e-32 5.057546083337321e-33 3.843718790838845e-28 9716
1.95184 4.677167098443757e-32 5.465517363394261e-33 3.975235340378473e-28 8604
2.00188 5.008791825977291e-32 5.675314492839494e-33 4.041202772869678e-28 8060
2.05193 5.475796273814189e-32 6.417456620712868e-33 4.203497262902574e-28 7320
2.10198 5.922592748174799e-32 6.572670561280182e-33 4.328524009482749e-28 6356
2.15203 6.078886088809235e-32 6.964317857143372e-33 4.236315875639895e-28 5348
2.20207 6.660965773270415e-32 7.981915153163989e-33 4.430841502674137e-28 4308
2.25212 7.015678414368037e-32 8.303270878878161e-33 4.458750979822908e-28 3563
2.30217 7.523690270431996e-32 8.870603097386244e-33 4.574928351876757e-28 2448
2.35221 7.519554030752514e-32 9.096937467685271e-33 4.376402589191129e-28 1868
2.40226 8.267213602391038e-32 9.374854250721803e-33 4.604839093048302e-28 1358
2.45231 8.852955656244598e-32 1.067415322357675e-32 4.730781434140592e-28 1062
2.50235 1.03025752988313e-31 1.054884448651791e-32 5.285897192647051e-28 776
2.5524 7.980506255494081e-32 1.145428515879818e-32 3.949464983089307e-28 432
2.60245 1.132518767140907e-31 1.293011470562881e-32 5.361818794693529e-28 200
2.6525 1.189094566784507e-31 1.464709759152775e-32 5.410795057316417e-28 168
2.70254 1.271619442614189e-31 1.869732514694688e-32 5.588785477509282e-28 56
2.75259 1.431843271835445e-31 5.892842072309146e-33 6.034449049015618e-28 7


0.0500471 8.105390188820713e-06 2.194817872829279e-07 595.0490743415102 18
0.100094 6.536357668867109e-05 3.882915164644303e-07 546.58375366575 62
0.150141 4.016333438372044e-05 1.231187610918217e-05 306.2587809359931 98
0.200188 0.0001219173199482315 2.056337371631613e-05 277.3341483317444 210
0.250235 0.0001980680713914986 2.317962304227125e-05 205.9426513037915 350
0.300283 0.0002875063472023421 1.240042522128585e-05 151.0987095859527 450
0.35033 0.00015743926311018 2.479300240860555e-05 71.22550050406436 602
0.400377 0.0001348939569403804 2.160303315795716e-05 42.94646765835937 762
0.450424 0.0001470808375282963 1.29254123252833e-05 31.26721281972066 1142
0.500471 0.0001064948741353273 1.299454042443616e-05 18.44770135636516 1250
0.550518 0.0001007359612201303 9.280925046234863e-06 13.4384845122264 1458
0.600565 8.808446488117074e-05 7.993698249064262e-06 9.598379795989782 1814
0.650612 6.447585547063904e-05 7.86312703302648e-06 6.027898717855521 2178
0.700659 5.184588904196459e-05 7.377166917751179e-06 4.161570461216641 2498
0.750706 5.757924889632109e-05 6.095116753041026e-06 3.855736047516959 2622
0.800754 5.285186116878578e-05 5.214819331134943e-06 3.057560113895435 3338
0.850801 5.136406845298028e-05 5.370743507619083e-06 2.617728107814109 3722
0.900848 5.466987358167509e-05 5.070514496784437e-06 2.45197150416425 4170
0.950895 5.413361025950602e-05 5.571760476875851e-06 2.171604073699347 4358
1.00094 2.474685261967684e-05 2.99032551357446e-06 0.8957093572633279 5034
1.05099 7.26350856766166e-33 8.039322424255856e-34 2.362556917835053e-28 5714
1.10104 8.538034005496718e-33 9.253417845351262e-34 2.515958062860428e-28 5982
1.15108 9.940826713623946e-33 1.014322524455904e-33 2.661436105735977e-28 6602
1.20113 1.107759759402773e-32 1.209913262185699e-33 2.717712499322788e-28 7130
1.25118 1.246723289720334e-32 1.388312185047024e-33 2.811112654056176e-28 8034
1.30122 1.376874055546574e-32 1.482381031267238e-33 2.860030810927976e-28 8606
1.35127 1.552266013320962e-32 1.68672357511333e-33 2.982336714923533e-28 9066
1.40132 1.737559291135404e-32 1.919179530214881e-33 3.097286702472375e-28 9962
1.45137 1.968888310748871e-32 2.109694852631937e-33 3.262333940388018e-28 10550
1.50141 2.125771534600342e-32 2.386837653311777e-33 3.287126160251196e-28 11226
1.55146 2.369108304594373e-32 2.624329464520856e-33 3.423147951381126e-28 12146
1.60151 2.511518389839044e-32 2.80836123122708e-33 3.398997138822072e-28 12303
1.65155 2.799399887753548e-32 3.070715006499484e-33 3.55470129325589e-28 12584
1.7016 3.096658496252549e-32 3.380530480230797e-33 3.699790581803506e-28 12120
1.75165 3.320251968789794e-32 3.733291500234391e-33 3.740126759817009e-28 11180
1.8017 3.540829218868002e-32 4.014707810575631e-33 3.765746595342953e-28 11096
1.85174 3.913087182470709e-32 4.451515412917891e-33 3.935807160586559e-28 10056
1.90179 4.223411767724444e-32 4.857785138336983e-33 4.023783091972252e-28 9716
1.95184 4.517636862607241e-32 5.367991554979731e-33 4.083464041593235e-28 8604
2.00188 4.890179692641289e-32 5.485922844967704e-33 4.194355587653e-28 8060
2.05193 5.338918358309043e-32 6.20311213211778e-33 4.356876284185263e-28 7320
2.10198 5.811623172999707e-32 6.339622467517171e-33 4.514580713755236e-28 6356
2.15203 5.961223233296593e-32 6.745190685260948e-33 4.415758594114709e-28 5348
2.20207 6.48408083820308e-32 7.651613125918121e-33 4.584433251525591e-28 4308
2.25212 6.838962878534464e-32 8.078055930722916e-33 4.620088151474384e-28 3563
2.30217 7.276658817721493e-32 8.466316830799743e-33 4.70268992479649e-28 2448
2.35221 7.44172274242495e-32 8.775294162615042e-33 4.602577203428061e-28 1868
2.40226 8.140920386327834e-32 9.18981924585296e-33 4.819447415347639e-28 1358
2.45231 8.773161134155585e-32 1.034736830112509e-32 4.982057383298179e-28 1062
2.50235 1.02244589312954e-31 1.03406080898618e-32 5.574752224625818e-28 776
2.5524 8.009291010409058e-32 1.124162468593085e-32 4.211950111676639e-28 432
2.60245 1.11788125083278e-31 1.245613527081294e-32 5.62377610425199e-28 200
2.6525 1.151112299723007e-31 1.394881785406071e-32 5.566118409001357e-28 168
2.70254 1.374395493774724e-31 1.741993548984921e-32 6.412351698129365e-28 56
2.75259 1.221808197877243e-31 8.542577694481787e-33 5.47918450256786e-28 7


0.0500471 9.257981173952859e-06 1.701592869475035e-08 603.8443631481887 18
0.100094 3.273622600126118e-05 3.157319677657408e-06 493.8093372366299 62
0.150141 7.468672756475044e-06 1.430028024250399e-05 278.4957585536084 98
0.200188 0.0002214573200193736 7.657120277433551e-06 344.9664651824412 210
0.250235 0.0001043344541526989 2.922405063599082e-05 170.2525366993484 350
0.300283 0.0002596570340458426 1.187512174882031e-05 147.510263677399 450
0.35033 0.0002022511192937078 1.681687717620952e-05 85.0659367698955 602
0.400377 0.0001466961153049817 1.745989828634733e-05 46.96499518332846 762
0.450424 0.0001296531459294729 1.242605575833702e-05 29.87294126464516 1142
0.500471 0.0001015037963851855 1.153869104916186e-05 18.62998500424532 1250
0.550518 7.928514906524291e-05 9.891686436059718e-06 11.71848302209201 1458
0.600565 6.888053740720904e-05 8.590258402808398e-06 8.280420346513829 1814
0.650612 6.517596835387121e-05 6.593693306584916e-06 6.38539037407796 2178
0.700659 5.932940886438423e-05 5.54200426951797e-06 4.894249596632852 2498
0.750706 5.276741176551043e-05 5.607547960989571e-06 3.763240318848356 2622
0.800754 4.310417989686768e-05 5.36034984483218e-06 2.695107854119688 3338
0.850801 4.680896022322841e-05 4.970473151250077e-06 2.539263853078318 3722
0.900848 4.435163042041677e-05 5.280466569779329e-06 2.141767770051806 4170
0.950895 5.027174967751939e-05 5.059295624803703e-06 2.140555577838423 4358
1.00094 2.607338726104942e-05 2.388442782565355e-06 0.9907340695180438 5034
1.05099 7.345287029890449e-33 7.708714951771062e-34 2.53188467702805e-28 5714
1.10104 8.474502360795067e-33 8.711382234461163e-34 2.646492578523141e-28 5982
1.15108 9.137435976300254e-33 1.054214087148337e-33 2.607576335959445e-28 6602
1.20113 1.086000193347363e-32 1.168017387592666e-33 2.825951943942937e-28 7130
1.25118 1.24755830604667e-32 1.326995538050422e-33 2.980552959779172e-28 8034
1.30122 1.327352605799374e-32 1.464748808137772e-33 2.926887155503884e-28 8606
1.35127 1.498378553524018e-32 1.653807951438388e-33 3.054687939633543e-28 9066
1.40132 1.700514688255242e-32 1.853652940706078e-33 3.213810331928266e-28 9962
1.45137 1.873239021203812e-32 2.103215066021701e-33 3.2948065721516e-28 10550
1.50141 2.114451698079432e-32 2.276051810853473e-33 3.463811929191414e-28 11226
1.55146 2.303303661140625e-32 2.530759447486047e-33 3.527774954613171e-28 12146
1.60151 2.425456209452754e-32 2.763966154892935e-33 3.481100616078958e-28 12303
1.65155 2.6838438933758e-32 3.002966913724477e-33 3.613771876921367e-28 12584
1.7016 2.932243477862273e-32 3.375010213279094e-33 3.716628141334704e-28 12120
1.75165 3.197796574278734e-32 3.65011879125243e-33 3.818715486872285e-28 11180
1.8017 3.470011683448708e-32 3.893041439383956e-33 3.910410104049722e-28 11096
1.85174 3.81690779150184e-32 4.319655247445062e-33 4.068108421774981e-28 10056
1.90179 4.105462785700818e-32 4.702243212166291e-33 4.144531686873823e-28 9716
1.95184 4.423494824048794e-32 5.151924707859579e-33 4.23567324979887e-28 8604
2.00188 4.640506411786656e-32 5.424578088706096e-33 4.219389680359974e-28 8060
2.05193 5.239626034263029e-32 5.965608124882644e-33 4.529273331225621e-28 7320
2.10198 5.508331813528856e-32 6.366508200585099e-33 4.536258302443082e-28 6356
2.15203 5.847068228318405e-32 6.577536394533315e-33 4.588228697197156e-28 5348
2.20207 6.392043503769962e-32 7.438400615985558e-33 4.787036527670973e-28 4308
2.25212 6.671432084325853e-32 7.859070087499346e-33 4.774407652250295e-28 3563
2.30217 7.057737236543987e-32 8.434281942669324e-33 4.83312375488816e-28 2448
2.35221 7.301172716399594e-32 8.626027147148218e-33 4.783569816722369e-28 1868
2.40226 7.962761089728308e-32 8.887679234271987e-33 4.992817124928174e-28 1358
2.45231 8.517982398452497e-32 1.003106596373617e-32 5.123590493154348e-28 1062
2.50235 1.015394023096527e-31 9.9883181016428e-33 5.862639308286395e-28 776
2.5524 7.633561024771023e-32 1.083524248913109e-32 4.25291651069311e-28 432
2.60245 1.089222303570993e-31 1.19315680610887e-32 5.802766904973094e-28 200
2.6525 1.078200970160722e-31 1.353725836502257e-32 5.523428872513847e-28 168
2.70254 1.288502771716849e-31 1.695493645327707e-32 6.368832100630412e-28 56
2.75259 1.122621093624801e-31 1.143470180422766e-32 5.341875416340165e-28 7


0.0500471 5.049783810245132e-06 3.739683651783178e-07 584.2056772554431 18
0.100094 3.941876500793998e-06 5.597995069343542e-06 443.7439576763264 62
0.150141 5.865698748654362e-05 7.87230033844889e-06 332.7817570229553 98
0.200188 0.0002133511607131375 6.164931467321949e-06 347.9394842123464 210
0.250235 0.0001437630579650291 2.204856256204619e-05 192.3897699451651 350
0.300283 0.000137449525249733 2.146023645042037e-05 110.3424598646126 450
0.35033 0.0002071683754015354 1.341259159803216e-05 89.44631604394269 602
0.400377 0.0001716864293383684 1.235837961291189e-05 53.90577365714488 762
0.450424 0.0001046771112452598 1.30050119108241e-05 26.91538103172078 1142
0.500471 0.0001051006589414194 9.45685572790926e-06 19.92929195489975 1250
0.550518 7.520151418481646e-05 8.90890265017345e-06 11.76368351942063 1458
0.600565 6.633701256904792e-05 7.631228752594648e-06 8.408439986106396 1814
0.650612 6.300976426626241e-05 5.783256584144143e-06 6.504230930559829 2178
0.700659 5.765297485942177e-05 4.809761502071842e-06 5.007860191197392 2498
0.750706 4.927682935958896e-05 5.109937060541072e-06 3.723214141685376 2622
0.800754 4.570630608761395e-05 4.317525464087486e-06 2.975212748458568 3338
0.850801 4.32334571355366e-05 4.579024815412644e-06 2.486168242980414 3722
0.900848 4.421226132418315e-05 4.518847851578177e-06 2.243519420740975 4170
0.950895 4.219421786273065e-05 5.110739312501761e-06 1.921617620604392 4358
1.00094 2.091550888782098e-05 2.53818329922221e-06 0.8523156744911412 5034
1.05099 7.096018979206359e-33 7.758671234984939e-34 2.593929144904002e-28 5714
1.10104 7.955549276631205e-33 8.883278884010174e-34 2.637316140087556e-28 5982
1.15108 9.539955485052042e-33 9.621367568268036e-34 2.867239713739551e-28 6602
1.20113 1.047056168757102e-32 1.144211016845285e-33 2.883908576494311e-28 7130
1.25118 1.200688188761755e-32 1.320206606123653e-33 3.037504758397021e-28 8034
1.30122 1.316366733398116e-32 1.405268758188619e-33 3.067110936274915e-28 8606
1.35127 1.466016690111425e-32 1.606747663101884e-33 3.159671548085892e-28 9066
1.40132 1.641949287040004e-32 1.822783101673756e-33 3.282515040361119e-28 9962
1.45137 1.846088069810107e-32 2.019262682985302e-33 3.430683762018496e-28 10550
1.50141 1.991252642434787e-32 2.278168280705334e-33 3.452902151212887e-28 11226
1.55146 2.200401356141288e-32 2.497905916375423e-33 3.56469758963054e-28 12146
1.60151 2.432235678572822e-32 2.637701519037005e-33 3.685751097128408e-28 12303
1.65155 2.618725872867037e-32 2.921454357777965e-33 3.726142910953624e-28 12584
1.7016 2.938069088309498e-32 3.218388553548412e-33 3.931817340015317e-28 12120
1.75165 3.143979439838004e-32 3.508267949303797e-33 3.965595583241927e-28 11180
1.8017 3.373861455067425e-32 3.778629640411102e-33 4.017027817543977e-28 11096
1.85174 3.735320557937258e-32 4.179073530868336e-33 4.205383049625297e-28 10056
1.90179 3.961554635700844e-32 4.658804059505168e-33 4.226649255342963e-28 9716
1.95184 4.405020246406868e-32 4.898138455130107e-33 4.452984242674005e-28 8604
2.00188 4.486337376521547e-32 5.328481601209373e-33 4.309970305219657e-28 8060
2.05193 5.114480802020062e-32 5.837670530005205e-33 4.670001485992106e-28 7320
2.10198 5.253729941105777e-32 6.323561092304585e-33 4.572262348257228e-28 6356
2.15203 5.677725835676508e-32 6.413391535788631e-33 4.705902795883784e-28 5348
2.20207 6.23921564019696e-32 7.249605365090734e-33 4.934971155960216e-28 4308
2.25212 6.480803185821763e-32 7.528789795568021e-33 4.897520959792808e-28 3563
2.30217 6.945667479849129e-32 8.225100505570918e-33 5.022774019737772e-28 2448
2.35221 7.145185703735574e-32 8.271736016014595e-33 4.942729560172731e-28 1868
2.40226 7.583890560619916e-32 8.731310559199109e-33 5.022892848565343e-28 1358
2.45231 8.439199715198784e-32 9.660541111584324e-33 5.359027895944675e-28 1062
2.50235 9.765358470420549e-32 9.631487404212768e-33 5.953398357318175e-28 776
2.5524 7.292228796585863e-32 1.042714457635099e-32 4.290919745317993e-28 432
2.60245 1.038072674885449e-31 1.129065720446974e-32 5.839471406278187e-28 200
2.6525 1.048101046325273e-31 1.300300847163592e-32 5.668852384099869e-28 168
2.70254 1.196990530486419e-31 1.609928672738627e-32 6.249179389066217e-28 56
2.75259 1.243059401550526e-31 1.538555862370228e-32 6.253339208530257e-28 7


