0.0256672 3.099825165232528e-06 4.95228111769774e-08 1.493236607829334 18
0.0513344 1.981391806788634e-05 4.464887120943207e-07 2.907742610509582 62
0.0770016 6.342440470401625e-05 1.319081054521759e-06 4.087240800542498 98
0.102669 0.0001463184499768634 4.641968997595259e-06 5.266358366464723 210
0.128336 0.0002823313271751945 1.082369204693853e-05 6.602824584383122 350
0.154003 0.0003981338572026103 1.866368264401487e-05 6.508171637829804 450
0.17967 0.0006244081052772122 3.008810371880772e-05 7.44750446658254 602
0.205338 0.0008320945542748467 4.970370054634011e-05 7.561504305095719 762
0.231005 0.00106713645686182 8.846662635769442e-05 7.700135416380861 1142
0.256672 0.001366009709137315 0.0001244453678305341 8.015920268921262 1250
0.282339 0.00164234196675134 0.0001795490326899085 7.941531520201588 1458
0.308006 0.002182536358516326 0.0002424588330284019 8.84466525179238 1814
0.333674 0.002481226706659049 0.0003336242233244222 8.580897878929507 2178
0.359341 0.00305008030761887 0.0004437361319482206 9.10182134237046 2498
0.385008 0.003559561928299914 0.0006073647179926124 9.230939833930945 2622
0.410675 0.003972730518001739 0.0007522479157020897 9.049608721350603 3338
0.436342 0.004457757924918567 0.0009315559444696597 9.011055650951596 3722
0.46201 0.005136391307886351 0.001179842423070768 9.272506522090511 4170
0.487677 0.005689749229361009 0.001450102628624229 9.210860553723307 4358
0.513344 0.006172321744854275 0.001812228887498675 9.010417746581112 5034
0.539011 0.007059425396335201 0.002174625356586799 9.353673212094677 5714
0.564678 0.007702559467842479 0.002585119006633118 9.300963462600235 5982
0.590346 0.008731049966169349 0.003139321394849022 9.640059653785981 6602
0.616013 0.009249618743850994 0.003570339548331565 9.374608562556132 7130
0.64168 0.01016602250536812 0.004325663887465589 9.498375064019415 8034
0.667347 0.01087240425618528 0.005164814913438062 9.397442261762514 8606
0.693014 0.011792268919986 0.005932009149873164 9.451531295483045 9066
0.718682 0.01275627638391149 0.006960028970355329 9.506673442867672 9962
0.744349 0.01367098677013893 0.007820741089384639 9.498559026118622 10550
0.770016 0.01454601935555708 0.008873189587544034 9.442388732647705 11226
0.795683 0.01598043846410029 0.0100864406939868 9.713645461112549 12146
0.82135 0.01692037764800186 0.01140021150813356 9.648226032807326 12303
0.847018 0.01766660102120638 0.01281679730814932 9.469997716092287 12584
0.872685 0.01876457006817427 0.01461234939710106 9.478715408989476 12120
0.898352 0.02008106716256165 0.01674754287413461 9.572023659270695 11180
0.924019 0.02038564302260088 0.018143066340576 9.184444526744413 11096
0.949686 0.0215826536852622 0.02020515701484431 9.20641725042891 10056
0.975354 0.02354959526388879 0.02280458171384478 9.5236140773287 9716
1.00102 0.0118649600796203 0.01120109276515586 4.554730451424095 8604
1.02669 3.075708171341929e-33 1.732224172849157e-33 1.12191446058319e-30 8060
1.05236 3.013023596426642e-33 1.857450671940964e-33 1.046167873847801e-30 7320
1.07802 3.14355503373979e-33 1.915544004836489e-33 1.040526980427555e-30 6356
1.10369 3.169398160534522e-33 1.998903554346741e-33 1.000694276602376e-30 5348
1.12936 3.234901052437509e-33 1.964904934810266e-33 9.750998002927598e-31 4308
1.15502 3.185185108838438e-33 2.030516556748107e-33 9.179646394372318e-31 3563
1.18069 3.168540433625235e-33 2.071060427232196e-33 8.742495188868296e-31 2448
1.20636 3.116345392366272e-33 2.010963342027853e-33 8.232286853796784e-31 1868
1.23203 3.168897430783794e-33 1.985212212657264e-33 8.01961030124024e-31 1358
1.25769 3.082293985644791e-33 2.003621889347884e-33 7.483350974701028e-31 1062
1.28336 3.276183254275266e-33 1.983751150584159e-33 7.649447587209601e-31 776
1.30903 3.21941774375738e-33 1.63046425796889e-33 7.234739359245566e-31 432
1.33469 3.276592400925097e-33 1.738628972013177e-33 7.059398473777205e-31 200
1.36036 3.461383313874743e-33 2.097241777499863e-33 7.166195030242877e-31 168
1.38603 2.646255726621646e-33 2.071512359534092e-33 5.287156022063537e-31 56
1.4117 2.076325839379496e-33 5.416176757627786e-34 4.001340771782827e-31 7


0.0256672 704.077155471081 5.703280141878729 3462250608.919282 18
0.0513344 4781.434186949714 16.23516562816856 4866790743.0147 62
0.0770016 12651.80933123372 4.876871233010249 5299753251.120946 98
0.102669 21651.2693517797 25.65092051212181 4942496168.594651 210
0.128336 17380.94027691989 251.6502350153684 2553314611.913264 350
0.154003 4070.527690326686 489.7769850736779 421851922.8536575 450
0.17967 820.5312448273272 497.266433596729 65188028.03018246 602
0.205338 6272.011407275753 177.2466780334506 353407186.8267444 762
0.231005 7261.897242662714 13.74086399547731 323408743.673821 1142
0.256672 2529.590267180482 85.79691480778371 91669111.29441847 1250
0.282339 155.2935681823404 99.77667601700422 4772823.98586295 1458
0.308006 1070.893432790365 28.81628516994054 26739220.35148407 1814
0.333674 934.3692581818601 5.633591500479188 19878163.04295627 2178
0.359341 156.0224291460344 21.19190041157981 2874279.185093119 2498
0.385008 104.989372891041 12.29975923133459 1678669.570016115 2622
0.410675 178.6938248555694 1.767744852144685 2501496.952877237 3338
0.436342 67.1041533512317 3.486493556208845 834091.910934074 3722
0.46201 21.02213351967923 3.186766644815084 233728.3898418743 4170
0.487677 31.38103103973831 1.111295464694204 312116.7127248884 4358
0.513344 19.94630995951568 0.8495440585086023 178871.6828730067 5034
0.539011 10.7869148062182 0.7385884040155102 87817.57702413441 5714
0.564678 8.234906046886435 0.5145593962123084 61080.86864107247 5982
0.590346 5.009543037217505 0.4435573002774938 33980.60406403065 6602
0.616013 3.544720791256748 0.3435943998577746 22070.08533271353 7130
0.64168 3.952810079797699 0.185583528315493 22673.0941421686 8034
0.667347 3.204117958489982 0.1477365660063825 16999.65940527029 8606
0.693014 2.333295215687897 0.1423018007199107 11479.99292085835 9066
0.718682 1.848425590104397 0.1360148378199953 8456.186781587068 9962
0.744349 1.540067210716763 0.12795640814488 6568.471171617679 10550
0.770016 1.237022437634479 0.1211810249699483 4929.363551448055 11226
0.795683 1.17160045114608 0.1175412345276085 4371.48637684271 12146
0.82135 0.9274551849034159 0.09577544008933687 3246.104990000779 12303
0.847018 0.6612096746852671 0.06000451432871273 2175.223951459742 12584
0.872685 0.4317808685365123 0.03587115092465305 1338.427801986388 12120
0.898352 0.2971984022398 0.02681261504059055 869.3076841423913 11180
0.924019 0.1795556167139726 0.02137136020713851 496.4466412459661 11096
0.949686 0.1481429621727151 0.01679762048132594 387.7748797935242 10056
0.975354 0.111657198657218 0.01539267551743967 277.1075578637579 9716
1.00102 0.04883796796033183 0.006011220139547875 115.0460031438442 8604
1.02669 6.956250783650485e-26 8.055020285208805e-27 1.557337463189189e-22 8060
1.05236 7.261519855580155e-26 8.910152880912257e-27 1.547405718097294e-22 7320
1.07802 7.923135128003845e-26 9.560735695068061e-27 1.609524088331171e-22 6356
1.10369 8.423835323648863e-26 1.092788124843238e-26 1.632316187225638e-22 5348
1.12936 8.854542673721175e-26 1.14240216806631e-26 1.638020205924699e-22 4308
1.15502 9.610405595951914e-26 1.262075078584284e-26 1.699783698672888e-22 3563
1.18069 1.023445671076744e-25 1.424278471322946e-26 1.733009648240087e-22 2448
1.20636 1.024881671843344e-25 1.504466817742631e-26 1.661537328017097e-22 1868
1.23203 1.128423586187497e-25 1.693264373804162e-26 1.752600014539658e-22 1358
1.25769 1.218558152476864e-25 1.922587049941006e-26 1.815644170141631e-22 1062
1.28336 1.250776149804056e-25 1.826458553426809e-26 1.79223062169313e-22 776
1.30903 1.41424665790447e-25 2.142605857255839e-26 1.950459805982999e-22 432
1.33469 1.382311659880991e-25 2.038924448669434e-26 1.827705281109931e-22 200
1.36036 1.35675481263112e-25 1.859253697518484e-26 1.723770455253478e-22 168
1.38603 1.825702507002747e-25 2.698263544401143e-26 2.238370140567289e-22 56
1.4117 1.156566072401213e-25 2.178611342855647e-26 1.367984218360526e-22 7


0.0256672 265.2478465474512 2.828921368198226 2567556529.574471 18
0.0513344 1963.926859388728 5.913029882693611 3727557899.180651 62
0.0770016 5170.592486532002 0.850807521793859 4004463872.369862 98
0.102669 7190.771863900844 50.27008115739384 3039989597.645006 210
0.128336 2202.295283179865 220.8034102322505 619215117.7020262 350
0.154003 1287.675507153827 193.1583839314983 251871894.0095306 450
0.17967 6023.964986625455 36.98172193476798 820486113.9324074 602
0.205338 3388.634550807123 54.35334381344633 351111722.2255038 762
0.231005 413.7230264777735 82.50795027646505 34800278.8215052 1142
0.256672 1765.769344964894 9.183918731381388 117475929.0153529 1250
0.282339 457.4809627460933 25.66511711728812 25166602.44532998 1458
0.308006 343.293665849986 15.01115657277068 15790675.45788513 1814
0.333674 332.9327241100331 4.731998295345475 13027109.97813493 2178
0.359341 65.5194997835584 7.536081942202296 2223644.875486086 2498
0.385008 135.2998841407363 1.354630932197193 3964707.548028509 2622
0.410675 29.85700972758473 2.596288498342078 770817.1571733435 3338
0.436342 36.93721085678157 0.9152655757195791 843601.0948024574 3722
0.46201 17.51665533069619 0.8196388761775287 357427.6248928019 4170
0.487677 12.25597919067305 0.4940896872826531 224136.9340307822 4358
0.513344 7.434814966929747 0.3675308271869692 122602.8071477732 5034
0.539011 6.209322011477403 0.1987253075862736 92873.45165380155 5714
0.564678 2.94938100142602 0.2206768854746989 40235.03421640013 5982
0.590346 2.724254429983126 0.134200507753774 33955.00687112509 6602
0.616013 2.345442261762075 0.08650053584139103 26823.55538955473 7130
0.64168 1.654468368424074 0.0748983102486899 17442.86202776165 8034
0.667347 1.107673929691494 0.06972665235371019 10804.77431101464 8606
0.693014 0.8594443307334901 0.05941859688309293 7773.704598323363 9066
0.718682 0.878287748516088 0.04528392261392915 7383.742184308841 9962
0.744349 0.839675441812111 0.03780596318100655 6580.029198221308 10550
0.770016 0.7516548349313378 0.03268369920016167 5502.609415717387 11226
0.795683 0.7473128574443773 0.02994593576944272 5122.314492202195 12146
0.82135 0.5280435996639437 0.02804267493505685 3395.544945287237 12303
0.847018 0.3171987040939508 0.02015392445453718 1917.532375836038 12584
0.872685 0.2030462402404992 0.01239666033927637 1156.578951725854 12120
0.898352 0.1502612252623733 0.008524867315067313 807.5793718326503 11180
0.924019 0.09222325489205267 0.006734900045927978 468.5163826751569 11096
0.949686 0.07532240062997575 0.005300561213442352 362.2697542591686 10056
0.975354 0.06847807974057138 0.004099407594619768 312.2041884497362 9716
1.00102 0.02635580836625374 0.001821391300925433 114.0703239741232 8604
1.02669 7.021564481169227e-26 5.357079901444325e-27 2.888398046950205e-22 8060
1.05236 7.621813599296488e-26 5.741503178324587e-27 2.984244254464432e-22 7320
1.07802 8.174424632812515e-26 6.345974387736235e-27 3.05115787262923e-22 6356
1.10369 8.768191391180481e-26 6.935834889791822e-27 3.121762653520656e-22 5348
1.12936 8.965473641131266e-26 7.604605952424158e-27 3.047448630030481e-22 4308
1.15502 9.595327994936813e-26 8.409046477592153e-27 3.118334445772093e-22 3563
1.18069 1.073346170499367e-25 9.251977529814298e-27 3.33941303129175e-22 2448
1.20636 1.081736095003937e-25 9.495410265593727e-27 3.222144199354187e-22 1868
1.23203 1.297854713771291e-25 1.047201384210396e-26 3.703430015041801e-22 1358
1.25769 1.244908701278912e-25 1.236595823947317e-26 3.408160365064304e-22 1062
1.28336 1.326410951914866e-25 1.205009130429247e-26 3.492070521270316e-22 776
1.30903 1.357573018420446e-25 1.208845621727181e-26 3.439984912259254e-22 432
1.33469 1.596482454059602e-25 1.382769075267157e-26 3.878331772693748e-22 200
1.36036 1.738343590534121e-25 1.522685996209799e-26 4.057924174284905e-22 168
1.38603 1.938924983297851e-25 1.194211826473617e-26 4.367197716349683e-22 56
1.4117 1.999574849375759e-25 2.034711490532234e-26 4.345231517926856e-22 7


0.0256672 152.5149394767384 1.607544936912672 2265050662.997159 18
0.0513344 1161.195085252561 2.497850606076336 3246979838.123067 62
0.0770016 2890.695511692864 2.277962060988284 3282720635.638157 98
0.102669 3150.700779173725 52.49197783005668 1968397263.62157 210
0.128336 423.2152811490963 144.1684235056925 201795892.0321937 350
0.154003 2855.440090601855 53.46719598579873 785659430.6134293 450
0.17967 3577.673042207423 20.60506894772581 710547185.0518457 602
0.205338 337.514082581115 73.25087428941363 53611436.75799602 762
0.231005 1455.906172264175 11.99088070894804 173947550.2196529 1142
0.256672 332.4473202628135 25.66754322440444 32594818.86727919 1250
0.282339 487.5064984756764 7.198173702111048 38941456.72822431 1458
0.308006 183.9553143116774 9.159971343261413 12349455.33332491 1814
0.333674 176.3038972299989 3.075805933522682 10054000.76861888 2178
0.359341 59.27288527033358 3.522161549101323 2924498.013144939 2498
0.385008 69.19238800702675 1.102604721560756 2954405.060558463 2622
0.410675 23.10601207297456 1.22278726650714 868232.8358959241 3338
0.436342 20.35134641684354 0.5660915234206351 677189.4674512182 3722
0.46201 11.43891670758368 0.4033453094326986 339908.7270326362 4170
0.487677 6.522161721717726 0.3004210779498816 173811.8238375295 4358
0.513344 5.818107497399398 0.1471323459987283 139640.5784017293 5034
0.539011 2.645964473056723 0.1489683403632448 57694.27416585695 5714
0.564678 2.650803429386724 0.08354261163898846 52614.384970618 5982
0.590346 1.857595024863743 0.06441418418363114 33709.66260273819 6602
0.616013 1.096698287521713 0.05897090136885726 18275.2548534235 7130
0.64168 1.000628951221669 0.03993468363108163 15362.61088496099 8034
0.667347 0.8960851857306651 0.02800220461155312 12721.97920012946 8606
0.693014 0.6245014983253088 0.02742480626383103 8223.026356384338 9066
0.718682 0.4857319073928839 0.02627542617952837 5947.379546575373 9962
0.744349 0.4249334399412467 0.02372385699219521 4850.279439218693 10550
0.770016 0.4248604975649495 0.01870188314338744 4529.241584532482 11226
0.795683 0.3995564031299519 0.01830918688378242 3988.346132993031 12146
0.82135 0.3354207967348786 0.0141773379797238 3140.388491021254 12303
0.847018 0.2093703136452087 0.01000768679479034 1842.744116699093 12584
0.872685 0.1238276252835342 0.006573557583071965 1027.01516290556 12120
0.898352 0.08840750100637607 0.004677250097519702 691.8586964878351 11180
0.924019 0.05951951445604094 0.003382393543100433 440.2381407224958 11096
0.949686 0.0473320214330794 0.002729912608688548 331.449934897972 10056
0.975354 0.04123744447580149 0.002228645461586139 273.7462682072633 9716
1.00102 0.01614450574545195 0.0009644739169522005 101.7379342963735 8604
1.02669 6.774756768480234e-26 4.05096873232943e-27 4.057448698733242e-22 8060
1.05236 7.079881781252335e-26 4.498249668136282e-27 4.036038668337581e-22 7320
1.07802 7.509853520976142e-26 4.900447785300754e-27 4.081212557052026e-22 6356
1.10369 8.343137981583554e-26 5.365498636210893e-27 4.324725841409554e-22 5348
1.12936 8.43778652552559e-26 5.714410901322671e-27 4.175669027445989e-22 4308
1.15502 9.355718036564494e-26 6.09644894331502e-27 4.426465407946846e-22 3563
1.18069 1.008489335312462e-25 6.721583466399217e-27 4.568009336860636e-22 2448
1.20636 1.045400428980705e-25 6.898281313298572e-27 4.533399640552019e-22 1868
1.23203 1.221017167323641e-25 7.806793586955885e-27 5.072546287394663e-22 1358
1.25769 1.21942981861342e-25 8.77034569822972e-27 4.860118896192584e-22 1062
1.28336 1.39590446049754e-25 9.127680771560536e-27 5.35015868092406e-22 776
1.30903 1.258563548199308e-25 9.155212775401026e-27 4.642996253017878e-22 432
1.33469 1.363299811509384e-25 1.167431279091814e-26 4.82210615841585e-22 200
1.36036 1.522193388011267e-25 1.131816731534946e-26 5.173349106614137e-22 168
1.38603 1.629893825201879e-25 9.885862377308794e-27 5.344919596624081e-22 56
1.4117 1.132369639692178e-25 1.232531406512731e-26 3.583038575114021e-22 7


0.0256672 102.400098049999 1.054965614269585 2091396941.283346 18
0.0513344 790.2580121206269 1.272768505491347 2934606929.101503 62
0.0770016 1852.845869564838 3.349776309740135 2786706862.774795 98
0.102669 1596.694166280385 47.1607925725996 1342070595.891358 210
0.128336 446.583264747735 90.59990646392903 269581534.0258667 350
0.154003 2794.640750611137 13.15120825557661 1005806279.231061 450
0.17967 1384.522995703504 40.19855951341633 365281099.8064957 602
0.205338 752.420989865091 33.64254487878973 151141710.6688838 762
0.231005 849.2291489790121 11.90136636029113 133593229.751449 1142
0.256672 316.6271463267716 13.87032069928053 40666639.95200834 1250
0.282339 290.8257461430827 6.053696538254429 30568956.01255763 1458
0.308006 170.8159189638713 4.481864119146877 15039324.89349654 1814
0.333674 71.06670986217698 3.508825364937805 5347500.946162192 2178
0.359341 76.79941441160803 1.158290963063162 4961091.619106753 2498
0.385008 24.50464348151515 1.421130003490888 1380284.006823657 2622
0.410675 23.18085883640887 0.5563873708995151 1142488.52687191 3338
0.436342 12.27919307595005 0.4178398886366345 537142.3513468729 3722
0.46201 8.447953953743079 0.2402279138122843 329727.0244758185 4170
0.487677 4.384615755294569 0.1960717697566996 153545.7185877072 4358
0.513344 3.944178815197442 0.09681690388484659 124358.0342507792 5034
0.539011 1.982558968988871 0.08952511040904584 56778.06887785515 5714
0.564678 1.79425688598854 0.05496191258604902 46783.31398473286 5982
0.590346 1.189426882441202 0.04451976956110862 28358.43746460238 6602
0.616013 0.7805620454846781 0.03674633537867476 17085.47756490254 7130
0.64168 0.7919192175734865 0.02191733489217687 15965.06428557173 8034
0.667347 0.5296873421649686 0.02130016620829844 9880.677388163793 8606
0.693014 0.3725597351234132 0.0196839106526778 6445.786357601691 9066
0.718682 0.3807351113691678 0.01499435104244318 6121.559955678174 9962
0.744349 0.3803234803175611 0.01183341120695721 5699.020500801586 10550
0.770016 0.3127580737986627 0.01126071865433791 4378.634772106749 11226
0.795683 0.2903295672884744 0.01123103947618507 3805.977854791121 12146
0.82135 0.2227092746004257 0.009438589377339383 2738.717546047624 12303
0.847018 0.1432285913590267 0.006420025361696981 1655.669712372179 12584
0.872685 0.09534386025624066 0.003777457107747726 1038.400841581261 12120
0.898352 0.06571160036379961 0.002794166017382035 675.3133013846779 11180
0.924019 0.04271526571719293 0.002083502739549993 414.9233587898833 11096
0.949686 0.03456629827561036 0.001652990551803685 317.8762264836105 10056
0.975354 0.03105199543565934 0.00129984743316249 270.6853389477099 9716
1.00102 0.01131367488014342 0.0006058967830316653 93.63219422552568 8604
1.02669 6.324139490783025e-26 3.33758189335119e-27 4.974116760374254e-22 8060
1.05236 6.943805331364477e-26 3.666003174290147e-27 5.198314020123203e-22 7320
1.07802 7.563255509494828e-26 3.892872925146763e-27 5.397419356225928e-22 6356
1.10369 7.980910216749133e-26 4.311447948810394e-27 5.432724662595924e-22 5348
1.12936 8.282895967328281e-26 4.549167833920983e-27 5.382768635788982e-22 4308
1.15502 9.204981843164298e-26 4.76444592875895e-27 5.719032802488817e-22 3563
1.18069 1.008851584296714e-25 5.386596449656756e-27 6.000707923448677e-22 2448
1.20636 1.028303792871925e-25 5.565942247975832e-27 5.855815502304731e-22 1868
1.23203 1.135372099203073e-25 6.421125767227554e-27 6.194142103399939e-22 1358
1.25769 1.170654506289778e-25 7.166227783962564e-27 6.127058806818888e-22 1062
1.28336 1.280373737845911e-25 7.930976698277187e-27 6.444660952686342e-22 776
1.30903 1.167399595412284e-25 8.300561109980107e-27 5.655910251131776e-22 432
1.33469 1.573964827015432e-25 8.974817561724083e-27 7.310014976156157e-22 200
1.36036 1.312030046390643e-25 1.002103079462816e-26 5.856224808102741e-22 168
1.38603 9.989750279272904e-26 8.308970227349687e-27 4.302862095140396e-22 56
1.4117 1.71164178254038e-25 4.536230250769455e-27 7.109116235959178e-22 7


0.0256672 74.82212055987918 0.7580455138314356 1974224765.413501 18
0.0513344 582.1630393135702 0.7375783926998692 2707005508.253483 62
0.0770016 1289.075058217054 3.848707211833185 2424844853.167053 98
0.102669 891.5987139166301 40.72994089144838 961758981.4102794 210
0.128336 634.8790269778746 57.5625450161594 445528337.9315246 350
0.154003 2203.291153569468 5.587650055432592 982763789.0554192 450
0.17967 488.5167408822968 42.22397721562388 165046647.4197378 602
0.205338 1064.922232586788 10.86824418828444 262380896.120732 762
0.231005 305.7242825685977 16.88831249006461 60447712.71573236 1142
0.256672 463.1261848245538 3.810708304273 73191379.70902444 1250
0.282339 83.65671605310781 7.819373896252041 11076555.56423725 1458
0.308006 159.5721274896422 2.334500853395712 17385462.57262473 1814
0.333674 69.68919139306006 1.973354305440641 6485278.118499808 2178
0.359341 33.34942357740612 1.512350530295688 2680724.373080698 2498
0.385008 32.16311337407913 0.6020780968975881 2236863.844275712 2622
0.410675 14.0797982573513 0.4839852910007035 860960.450874866 3338
0.436342 9.828418978782212 0.2759931862470653 532599.5426953663 3722
0.46201 5.384413788752571 0.1977331696184891 260611.0781761813 4170
0.487677 3.989863952371219 0.1157925500231885 172978.8666987895 4358
0.513344 2.532833250627328 0.08116915373477866 98997.81720898832 5034
0.539011 1.613661514603434 0.05897901661295948 57241.33872170057 5714
0.564678 1.202126181493315 0.04320143219103473 38847.19138466421 5982
0.590346 0.977908452359834 0.02837021815492076 28876.73978927896 6602
0.616013 0.568981497175862 0.02638418045344405 15431.64096077091 7130
0.64168 0.5798241001633977 0.01586304203229687 14481.12946030673 8034
0.667347 0.40394788769465 0.01470007887050645 9334.256377769749 8606
0.693014 0.2928628254984806 0.01330864050256654 6276.333358301822 9066
0.718682 0.2992504314877255 0.01005927066403461 5959.573989647733 9962
0.744349 0.2779659705577815 0.008565945793324975 5159.751528289277 10550
0.770016 0.2158076182658158 0.008599110552538545 3743.22171004062 11226
0.795683 0.2248608857250757 0.007596893491217145 3651.137173070828 12146
0.82135 0.1762001471590748 0.006296587296805329 2683.731191286266 12303
0.847018 0.1217785018863322 0.003963663966652885 1743.33358783872 12584
0.872685 0.06780942970734821 0.002800027035376415 914.8685600229528 12120
0.898352 0.0473993144083817 0.002029349705034221 603.4172574803861 11180
0.924019 0.03358396710945537 0.001393993649206327 404.0517774700233 11096
0.949686 0.02588014406398894 0.001161483959344967 294.798059819656 10056
0.975354 0.02308671411822419 0.0009225758910515879 249.2790398898936 9716
1.00102 0.00905247025369312 0.0003994394685039719 92.78823098689269 8604
1.02669 6.025343256296627e-26 2.925835045239974e-27 5.869977322102683e-22 8060
1.05236 6.686277459178801e-26 3.176358852300861e-27 6.199825583866982e-22 7320
1.07802 7.072444610225521e-26 3.356861740529689e-27 6.251466418794546e-22 6356
1.10369 7.552257602847396e-26 3.719545678354278e-27 6.367540029112573e-22 5348
1.12936 7.931266669217837e-26 3.927766566211968e-27 6.383972533975596e-22 4308
1.15502 8.472115943581851e-26 4.341115423633533e-27 6.519861880042779e-22 3563
1.18069 9.070946438352639e-26 4.807735068132317e-27 6.683038158888928e-22 2448
1.20636 9.016418236648545e-26 5.185812944355319e-27 6.360114886205084e-22 1868
1.23203 1.051213748000329e-25 5.508089947609457e-27 7.103283950529911e-22 1358
1.25769 1.142646752014271e-25 5.733739789039336e-27 7.406801638901716e-22 1062
1.28336 1.244523525271994e-25 6.205672683094058e-27 7.758103376619978e-22 776
1.30903 1.254396376801979e-25 6.381047110800191e-27 7.526283834277001e-22 432
1.33469 1.238864502927554e-25 8.762187758565609e-27 7.127574230114535e-22 200
1.36036 1.464718255012177e-25 7.426438151764512e-27 8.096024600224532e-22 168
1.38603 1.119389658370526e-25 6.398961948270835e-27 5.970794702393568e-22 56
1.4117 1.583432372009374e-25 9.533610339273347e-27 8.147648262576719e-22 7


0.0256672 57.70320349471525 0.5787738342310941 1888456599.08572 18
0.0513344 451.5698045265092 0.4694800318550433 2531299373.775317 62
0.0770016 948.0243765425153 4.007807757049195 2150183578.733768 98
0.102669 535.9168973042181 34.87588690462212 723435469.5778145 210
0.128336 755.681865831368 37.36933469586378 615262546.6602696 350
0.154003 1599.245259909424 6.903643227104712 853601771.8827394 450
0.17967 266.3679498457275 34.93515922238407 111237278.5678038 602
0.205338 945.3581762659708 5.258702675954253 277621894.1269313 762
0.231005 192.3252336975927 13.92985186882249 45832911.81629038 1142
0.256672 301.18645459897 4.502501231044436 56938185.47805727 1250
0.282339 145.3345000712506 3.745386354535377 22654305.76642254 1458
0.308006 66.45390002077939 3.336179792236799 8709468.428326398 1814
0.333674 69.37395901650729 1.094356424705935 7690300.296295288 2178
0.359341 33.72827953022339 0.9170027579754554 3228707.792414107 2498
0.385008 16.40101093278434 0.7021652574357805 1365842.616324311 2622
0.410675 12.62584503205559 0.320153913160103 920538.8085006025 3338
0.436342 6.819195675407491 0.2334079009001957 441293.397409672 3722
0.46201 4.806750508303682 0.1314973654073255 277408.5223522065 4170
0.487677 3.094517263820237 0.08760328045107407 160078.7309158508 4358
0.513344 1.823205630454051 0.06634951269370964 85059.8377373137 5034
0.539011 1.421709571992721 0.03941651597328059 60139.07349546135 5714
0.564678 0.8770606489363095 0.03461128780421312 33824.80841025717 5982
0.590346 0.7926759242274898 0.02043031636747231 27919.86175797181 6602
0.616013 0.5019063554738132 0.01807147795128991 16232.71199021171 7130
0.64168 0.4019162046018739 0.01363475723596478 11978.56666140034 8034
0.667347 0.3545845573398245 0.009793487701914894 9770.86510439523 8606
0.693014 0.236694708071919 0.009770941428147613 6050.676659291427 9066
0.718682 0.2255410461896326 0.007865876216596077 5358.400958806848 9962
0.744349 0.2139831983382938 0.006577000350691709 4738.124216858222 10550
0.770016 0.1660722026915951 0.006563967466441035 3436.186595142751 11226
0.795683 0.1773525649063541 0.005666378816313017 3434.861327764237 12146
0.82135 0.1403329014097712 0.004641589880927072 2549.399123592596 12303
0.847018 0.0896980390590822 0.003194836145768681 1531.79384985478 12584
0.872685 0.05329529684440732 0.002095816755383605 857.6583437123245 12120
0.898352 0.03669983246391308 0.001545661694600377 557.2872460806889 11180
0.924019 0.02746579724555189 0.001004300797002335 394.1067716813742 11096
0.949686 0.02080027151611051 0.0008529645864308052 282.5906591312838 10056
0.975354 0.0162685608872535 0.0007706125190244176 209.5563896777838 9716
1.00102 0.007643118421819331 0.0002776133342669104 93.42984596740635 8604
1.02669 5.985927320239831e-26 2.506067175022011e-27 6.95488128144678e-22 8060
1.05236 6.416707910586998e-26 2.835256080057054e-27 7.096372500257496e-22 7320
1.07802 6.617469083487705e-26 3.058285845788016e-27 6.976649755407309e-22 6356
1.10369 7.077100452557349e-26 3.368658285616789e-27 7.116867419751437e-22 5348
1.12936 7.763396967715384e-26 3.457057242354021e-27 7.452693844455033e-22 4308
1.15502 8.325588476822654e-26 3.897687202241587e-27 7.641503116945689e-22 3563
1.18069 8.97802174353883e-26 4.179946682243215e-27 7.888719941610431e-22 2448
1.20636 8.90090569333101e-26 4.360271932266051e-27 7.487873043438842e-22 1868
1.23203 9.659740311682921e-26 4.78509475835287e-27 7.78495319093588e-22 1358
1.25769 1.075733732162055e-25 5.098190534914147e-27 8.31652681527338e-22 1062
1.28336 1.087064768520192e-25 5.492576102284722e-27 8.082470030319492e-22 776
1.30903 1.110924734279321e-25 5.711648953462622e-27 7.949949709017038e-22 432
1.33469 1.389927182243384e-25 6.68242818323171e-27 9.535457499414599e-22 200
1.36036 1.093222476898202e-25 8.186772646053692e-27 7.208906779566048e-22 168
1.38603 1.183654264712764e-25 5.277623593623735e-27 7.529297650746298e-22 56
1.4117 1.384322225179261e-25 6.543396606836078e-27 8.494621913881472e-22 7


0.0256672 46.20529716786656 0.4613975202281714 1822386834.892362 18
0.0513344 363.2765424493671 0.3213532207124802 2390498175.4546 62
0.0770016 725.9216415769741 3.986072704401566 1935422155.337848 98
0.102669 342.7479618239479 29.91750371212649 570901288.531875 210
0.128336 803.085567289333 24.84895481944436 749491595.1127613 350
0.154003 1118.645813167597 9.643378801656011 697868309.7456121 450
0.17967 285.6175414088592 25.8992740363882 136629341.801571 602
0.205338 675.129538968316 6.39710819169072 231101372.2012304 762
0.231005 233.6123082303615 8.978530846897655 64038688.74459587 1142
0.256672 142.1080662531028 6.201276325588047 31565214.39564085 1250
0.282339 165.2570806479 1.708749411327869 29827843.07622167 1458
0.308006 60.97480243996143 2.423491088556597 9277891.70929121 1814
0.333674 35.60036157084476 1.422135225383263 4611316.976588739 2178
0.359341 31.02009443669322 0.6262708273190517 3447924.263531407 2498
0.385008 18.08482949272851 0.4174576336333273 1745828.642825337 2622
0.410675 8.775863999641526 0.2928099363896636 744565.8877948901 3338
0.436342 6.395428533024389 0.158789268191965 480518.360465601 3722
0.46201 3.4548207048528 0.1161339062776837 231888.4936822547 4170
0.487677 2.301449765684265 0.07545183326233548 138418.1742225086 4358
0.513344 1.711115391293547 0.04519485075467775 92693.36759861126 5034
0.539011 1.013671916186531 0.03519452919879353 49854.48670478412 5714
0.564678 0.8880661789192219 0.02180306329068267 39756.1865746441 5982
0.590346 0.5004267331054963 0.02050594047894076 20501.39779619996 6602
0.616013 0.4863710102429068 0.01171023596540873 18264.16376364951 7130
0.64168 0.2939517393768079 0.01175579425551363 10182.88415434754 8034
0.667347 0.2788308607902065 0.007969145697277587 8927.218078819649 8606
0.693014 0.2209162446211843 0.006757961437557808 6558.113401628548 9066
0.718682 0.1739690330398925 0.00649403321901464 4802.552300822836 9962
0.744349 0.1758532406384986 0.005094451199827432 4523.397431323602 10550
0.770016 0.1348436000729636 0.005151984194937462 3241.31851038357 11226
0.795683 0.1306582440427971 0.004885498707699131 2940.415877587944 12146
0.82135 0.1078465586396054 0.003847416612359587 2276.307585720429 12303
0.847018 0.07027904935872184 0.002594860606673634 1394.336673518234 12584
0.872685 0.04408180170726259 0.001618766078000064 824.0534220105482 12120
0.898352 0.03054681674161939 0.001186296947374869 538.8207936461981 11180
0.924019 0.02164220121435854 0.0008141111730259984 360.7673186639388 11096
0.949686 0.01709570135162332 0.0006624880137623285 269.8008771499979 10056
0.975354 0.01497339484056597 0.0005352425095222531 223.9972049200207 9716
1.00102 0.005801997228514313 0.0002362125214240684 82.39805030255252 8604
1.02669 5.601100926187958e-26 2.291177745849602e-27 7.559705436367683e-22 8060
1.05236 6.168687898447585e-26 2.536387061590197e-27 7.924467735899584e-22 7320
1.07802 6.568443627874394e-26 2.597616762784864e-27 8.043361213222397e-22 6356
1.10369 7.114300127405084e-26 2.910021143066814e-27 8.309742016352528e-22 5348
1.12936 7.39328278993354e-26 3.23441413665227e-27 8.244503785877444e-22 4308
1.15502 7.787201651192941e-26 3.56240489879568e-27 8.302497833452406e-22 3563
1.18069 8.672125924393868e-26 3.751114863265611e-27 8.851076887682462e-22 2448
1.20636 8.579824258464653e-26 3.842070086208018e-27 8.383829902290803e-22 1868
1.23203 9.645286781445739e-26 4.219319582478658e-27 9.028845794998179e-22 1358
1.25769 1.023870742139883e-25 4.683415031260801e-27 9.194645757380625e-22 1062
1.28336 1.007410720568607e-25 4.910846004173574e-27 8.700579906857359e-22 776
1.30903 1.064621394654566e-25 5.039651588024616e-27 8.849359301719215e-22 432
1.33469 1.415982729616727e-25 5.994295621050874e-27 1.128315354274048e-21 200
1.36036 1.081402654324199e-25 6.840877566969862e-27 8.282474972953992e-22 168
1.38603 1.005375888688122e-25 4.674306595776309e-27 7.428705936512362e-22 56
1.4117 1.009445617932655e-25 6.698721017081508e-27 7.197238031815583e-22 7


0.0256672 38.03824768727008 0.379865257248707 1769638918.838583 18
0.0513344 300.3048172377968 0.2332221042976105 2274603689.902831 62
0.0770016 573.2534206511388 3.871903225515781 1763556743.647947 98
0.102669 231.9906816515698 25.80625968363117 472224885.7347413 210
0.128336 801.2540384375584 16.94219643254084 845862968.8175598 350
0.154003 769.2878279486735 11.77050465774982 552098213.3585379 450
0.17967 355.9950075136543 18.16807749488794 189890365.1560475 602
0.205338 429.7234725542695 8.523270895658932 168939108.6072085 762
0.231005 268.1738686380605 5.419858049919145 83228607.05244572 1142
0.256672 87.2779730995649 5.840223004059766 22350080.73163063 1250
0.282339 118.2411807177622 1.90099918576999 24378587.82126416 1458
0.308006 72.81784838618894 1.387668230725011 12568420.8687028 1814
0.333674 29.19183287031536 1.163194865356213 4313583.759782665 2178
0.359341 20.54184082003201 0.6519953398624546 2609199.828488505 2498
0.385008 14.41882943836498 0.3588043023380365 1587226.247620003 2622
0.410675 8.125293425349108 0.2150432644980478 785041.3315223077 3338
0.436342 4.687298049386003 0.147199121256526 401781.4815839892 3722
0.46201 3.358565175908914 0.08077607780379205 256636.7430698212 4170
0.487677 2.019773203206228 0.05809074785994795 138389.630686731 4358
0.513344 1.270530856003078 0.04126506763990634 78483.1499423436 5034
0.539011 0.9468116494779907 0.02559381056105666 53030.22174879217 5714
0.564678 0.5907932789291123 0.02215626659461009 30170.52023241786 5982
0.590346 0.5243955017785071 0.01343767546473118 24452.90466104783 6602
0.616013 0.3090049761737179 0.0124426947104722 13236.79823948308 7130
0.64168 0.3106542381449228 0.007523280559969946 12249.89247049556 8034
0.667347 0.1893200902041144 0.007826769924806997 6911.656284635039 8606
0.693014 0.1940019233527412 0.005165670658439972 6560.294192751055 9066
0.718682 0.1512672737350048 0.005080809995017008 4756.986715116959 9962
0.744349 0.1397511020640132 0.004355090247295723 4095.998732033591 10550
0.770016 0.1243190083213767 0.003800795973958819 3403.553170725759 11226
0.795683 0.1100501606400705 0.003940699584963592 2821.502335909707 12146
0.82135 0.09515092991847637 0.002962120136024754 2287.67443297928 12303
0.847018 0.06160442229993467 0.002009249410134323 1392.244517491178 12584
0.872685 0.03691484791574428 0.001307993415313904 786.1485086760531 12120
0.898352 0.02584720771203337 0.0009484742810731899 519.3814889718561 11180
0.924019 0.0177027917306221 0.0006732264353599039 336.1960097264437 11096
0.949686 0.01473394310837989 0.0005200576212407881 264.8779980936685 10056
0.975354 0.01280858945544657 0.0004233679544542771 218.2714249999607 9716
1.00102 0.005181104222926458 0.0001772202961569386 83.80978980879705 8604
1.02669 5.43662022156883e-26 2.103489884789153e-27 8.358783559180723e-22 8060
1.05236 5.840686060169349e-26 2.346905598233426e-27 8.547413945391877e-22 7320
1.07802 6.098500203135527e-26 2.448210452282339e-27 8.507545469993682e-22 6356
1.10369 6.796935863857752e-26 2.676258494745943e-27 9.043805211590257e-22 5348
1.12936 7.103687816933116e-26 2.913198395486713e-27 9.023665974378469e-22 4308
1.15502 8.04620824004328e-26 3.113626440832345e-27 9.771301898426489e-22 3563
1.18069 8.245488166504333e-26 3.525880367642235e-27 9.586792264895448e-22 2448
1.20636 8.325749534722393e-26 3.583617023418702e-27 9.267523862571226e-22 1868
1.23203 9.582247676281573e-26 3.8183822553187e-27 1.021743460419728e-21 1358
1.25769 9.706152946068102e-26 4.326875823262531e-27 9.929215422409975e-22 1062
1.28336 9.668147982162839e-26 4.471333861822882e-27 9.511578968273897e-22 776
1.30903 1.12656997975336e-25 4.739756229319168e-27 1.06665113476275e-21 432
1.33469 1.262435444392026e-25 6.255087081500787e-27 1.146070345247828e-21 200
1.36036 1.326329271956004e-25 5.044549979795564e-27 1.156796818901323e-21 168
1.38603 1.188850523895194e-25 3.621034306822038e-27 1.000447351564981e-21 56
1.4117 1.579370303477065e-25 4.988572224224939e-27 1.28214188811511e-21 7


0.0256672 31.98878158545668 0.3206284113161177 1726386470.085534 18
0.0513344 253.5433408973354 0.1776197403985536 2177242328.091835 62
0.0770016 463.8735867456004 3.713179624847283 1623438435.370528 98
0.102669 165.7947556900982 22.4104837770856 408402254.9779993 210
0.128336 770.9007126077631 11.8617140539274 909792015.1729223 350
0.154003 526.0202675587373 12.95108991535018 429853865.090253 450
0.17967 411.3778526523105 12.43942033426747 243162973.7427253 602
0.205338 261.5809570692235 9.715758853986973 117094974.8919497 762
0.231005 262.5714323616656 3.631093155121086 91288063.80095167 1142
0.256672 94.81879099237209 4.332706713006824 27092124.78501891 1250
0.282339 69.21466605641778 2.395726141232503 16143886.18505658 1458
0.308006 64.99038928579984 1.078336936727228 12590246.73243819 1814
0.333674 33.62580207806636 0.7344685708408945 5556469.708879774 2178
0.359341 16.42635374754362 0.5693130943377041 2345408.085875669 2498
0.385008 10.45605531628164 0.3472130849642592 1294812.165083885 2622
0.410675 6.955099388744578 0.1780007729617166 754460.8712841213 3338
0.436342 4.034020607748578 0.1210478504099325 388202.8988860139 3722
0.46201 2.414606456960394 0.07961799234298211 207410.9131052404 4170
0.487677 1.761871971859014 0.04725449597176992 135497.7500066762 4358
0.513344 1.124130697520467 0.03306141524574457 77932.26133595381 5034
0.539011 0.729777215851288 0.0234773129343797 45909.28435242397 5714
0.564678 0.6156188353057651 0.01513948220578642 35250.04996326343 5982
0.590346 0.3740217696505156 0.01328122185613934 19594.10169812385 6602
0.616013 0.3354233717527648 0.008202027936111253 16108.99287016247 7130
0.64168 0.2087122353459324 0.007933508850924691 9246.979671860126 8034
0.667347 0.2031087334752588 0.005225672368914231 8314.473968419712 8606
0.693014 0.1348469091119828 0.005241803685831343 5121.95099774458 9066
0.718682 0.136789866500308 0.003967320277249927 4826.894467818694 9962
0.744349 0.1116962089850233 0.003852191625075983 3674.973748358454 10550
0.770016 0.1043453367581951 0.003198335724973866 3206.212108856677 11226
0.795683 0.1013783341383142 0.003036751651665852 2916.339608915589 12146
0.82135 0.08092857005696881 0.002466859819690202 2183.640000611027 12303
0.847018 0.05278332435354982 0.001659139623552772 1338.709752684197 12584
0.872685 0.03186242257672933 0.001071650023480476 761.47990262478 12120
0.898352 0.02218574526732926 0.000782840660916584 500.2975763509615 11180
0.924019 0.01524175158395663 0.0005536567593356118 324.8339492534071 11096
0.949686 0.01274169340427955 0.0004251812666125109 257.0507217199066 10056
0.975354 0.01075994539929572 0.0003576266455981749 205.775809949961 9716
1.00102 0.004224954527308047 0.0001545042772474019 76.7026382470072 8604
1.02669 5.247007524641445e-26 1.9544337233857e-27 9.05303157691393e-22 8060
1.05236 5.709571668187902e-26 2.159849610126173e-27 9.376310990969107e-22 7320
1.07802 5.746633303880907e-26 2.300536383473119e-27 8.996503182327016e-22 6356
1.10369 6.377755999322104e-26 2.529045065639948e-27 9.523304176502254e-22 5348
1.12936 6.970444367173271e-26 2.651550715622029e-27 9.935873211264985e-22 4308
1.15502 7.385989634066711e-26 2.966372118095946e-27 1.006599510246487e-21 3563
1.18069 7.796327457306006e-26 3.232699416268225e-27 1.017206341206399e-21 2448
1.20636 8.251581759243658e-26 3.252246608481485e-27 1.030661548832186e-21 1868
1.23203 9.035722116052206e-26 3.737851579375388e-27 1.0812288675459e-21 1358
1.25769 9.61023950252634e-26 3.871162523949977e-27 1.103149396826677e-21 1062
1.28336 1.029407634210216e-25 3.893913690115657e-27 1.136312753923731e-21 776
1.30903 1.083134599442867e-25 4.505809371663667e-27 1.150814775533291e-21 432
1.33469 1.358646805460512e-25 4.987437550311098e-27 1.383806950952741e-21 200
1.36036 1.205964375654879e-25 5.101869452721874e-27 1.180381969015697e-21 168
1.38603 1.064329033070289e-25 4.429346946442414e-27 1.005234048117936e-21 56
1.4117 8.705447222560877e-26 5.162399428575659e-27 7.933670933227142e-22 7


