0.0228759 3.979418144124023e-06 2.175846181020864e-08 2.632647647621311 18
0.0457518 2.399272792898914e-05 1.903165655515077e-07 4.944410813044555 62
0.0686277 7.208830821897797e-05 6.069465838921207e-07 6.546602132183474 98
0.0915036 0.0001569969516902962 2.200571917133185e-06 7.96818510062503 210
0.11438 0.0002856242094115621 5.399035242253455e-06 9.424876641022149 350
0.137255 0.0003849846675902395 9.718941541866658e-06 8.881995428375935 450
0.160131 0.0005841267043438073 1.621257855485875e-05 9.835386575730803 602
0.183007 0.0007571487821582812 2.744525458556985e-05 9.713969270728713 762
0.205883 0.0009498011477605639 5.000209112615741e-05 9.676194308297093 1142
0.228759 0.001194316930439729 7.147271378847038e-05 9.895737696386592 1250
0.251635 0.001416803745569402 0.0001044650500603698 9.673705838279508 1458
0.274511 0.001861866980790579 0.0001425426014838436 10.65464020094661 1814
0.297387 0.002097193151939156 0.000197914004431251 10.24189222100854 2178
0.320263 0.002558646124692429 0.0002652471005190653 10.78242681842015 2498
0.343139 0.002967573614056964 0.0003652902220245569 10.86783546675633 2622
0.366014 0.003294831185674207 0.0004548442713924787 10.5991986492816 3338
0.38889 0.003679868561854129 0.0005656721015577087 10.50500542742243 3722
0.411766 0.00422347338945167 0.000719341113425803 10.76759803130086 4170
0.434642 0.004663423452173195 0.0008869187354238582 10.66165648091376 4358
0.457518 0.005044534762928622 0.001111470163388971 10.39990378444204 5034
0.480394 0.005754755591129449 0.001337159519725866 10.76856158833402 5714
0.50327 0.006265474207719923 0.001592902540307965 10.68481234671196 5982
0.526146 0.007088613122596187 0.001938078305466536 11.05344044418662 6602
0.549022 0.007496888285480573 0.002207800668358828 10.73088488459313 7130
0.571898 0.008226976984151828 0.002679059089066123 10.85585407107783 8034
0.594773 0.008786620515956006 0.003203205597972229 10.72581822319812 8606
0.617649 0.009518472637605465 0.003683445292138124 10.77454018641529 9066
0.640525 0.01028534059949592 0.004326403942381991 10.82555661721578 9962
0.663401 0.01101198583036042 0.004866192727429459 10.80569709678117 10550
0.686277 0.01170649968310134 0.005525907292365352 10.73235231177094 11226
0.709153 0.01285052256503149 0.006286581469901201 11.03182124535576 12146
0.732029 0.01359647350461275 0.007110674543157989 10.9495691265441 12303
0.754905 0.01418669433009578 0.007999468450489492 10.74016761599996 12584
0.777781 0.01505892816021689 0.009125752151879607 10.74329945330292 12120
0.800656 0.01610640567294276 0.01046518125530382 10.84296639859495 11180
0.823532 0.01634219361837684 0.01134300216019312 10.39851091867795 11096
0.846408 0.01729339973578384 0.01263840099740879 10.41835731266361 10056
0.869284 0.01886108402042683 0.01427064278210292 10.77257759088682 9716
0.89216 0.01991247587552701 0.01538496418958935 10.79620345523901 8604
0.915036 0.02138877687596273 0.01746371994543004 11.02191664991019 8060
0.937912 0.02192809838848053 0.01886265390729642 10.7559404299458 7320
0.960788 0.02345178994122874 0.02111344946359749 10.96643256632156 6356
0.983664 0.02447555853429957 0.02298352940454062 10.91733050823035 5348
1.00654 0.00538374269464138 0.005298391748707375 2.292675617953063 4308
1.02942 3.269345032684789e-33 1.855785635651323e-33 1.330879962735653e-30 3563
1.05229 3.70712807314197e-33 2.030488158341809e-33 1.444733097633333e-30 2448
1.07517 3.804231531881531e-33 2.214218889012216e-33 1.419464092280636e-30 1868
1.09804 3.818603923677628e-33 2.187119033163929e-33 1.365024262232271e-30 1358
1.12092 3.7875229232493e-33 2.300170237538559e-33 1.29887058930788e-30 1062
1.1438 4.18376981343386e-33 2.275401389999501e-33 1.379795147076132e-30 776
1.16667 3.497593374964209e-33 2.550428214327938e-33 1.110329817130459e-30 432
1.18955 4.009999576526349e-33 2.637640327386654e-33 1.220376091688621e-30 200
1.21242 3.288767758038755e-33 1.979702843181629e-33 9.6179624994111e-31 168
1.2353 3.129295094461906e-33 1.178906646015601e-33 8.830446147975133e-31 56
1.25817 2.023474440267862e-33 6.243883040257257e-34 5.507941569615549e-31 7


0.0228759 2187247.036671734 35078.4371105457 13704388983872.24 18
0.0457518 16235398.97397071 120946.6758654562 21072165988128.61 62
0.0686277 46789249.73116221 115900.0045954443 25052901828750.17 98
0.0915036 78338801.76830834 34449.79188706511 22878373289126.18 210
0.11438 62049398.56417036 58787.8243934815 11642774596604.38 350
0.137255 17325542.75286137 198571.9551893548 2262138544982.332 450
0.160131 1316721.11525793 218065.120225525 127127344297.035 602
0.183007 3284962.406160214 78312.56157074818 237290811418.9945 762
0.205883 4178777.505567927 5036.692913325302 238766782899.0291 1142
0.228759 1288206.570639892 13713.98440509456 59820318663.19539 1250
0.251635 56424.63678310356 14887.73493660004 2181982176.31132 1458
0.274511 262916.0263273741 3579.027536596373 8420165496.535064 1814
0.297387 185628.6242409918 614.1936686826457 5068259112.953529 2178
0.320263 23643.55215406986 1844.75878739858 557975609.5752568 2498
0.343139 15631.8723354781 843.0552579098554 320226109.5028319 2622
0.366014 20562.84529950262 105.2622339899172 369460797.0055056 3338
0.38889 6129.958776824727 203.4812169907879 97765860.69475719 3722
0.411766 1731.91395285623 155.3100796864251 24686537.60881693 4170
0.434642 2279.191384057783 48.15223750676056 29093059.91658655 4358
0.457518 1323.344376916476 32.35571449765432 15230098.49396593 5034
0.480394 634.1825579583492 26.47771526742536 6625307.34126039 5714
0.50327 406.9763274349614 17.97204131948991 3874268.751970576 5982
0.526146 232.9536220178184 13.69104364030487 2027809.86643752 6602
0.549022 157.6971653439823 9.84216386388912 1259981.452416257 7130
0.571898 164.5301285667196 4.940200861896877 1211362.540046516 8034
0.594773 129.3716412463919 3.510634284090009 881043.7294185662 8606
0.617649 89.06369288299375 3.262067629136026 562451.6595745926 9066
0.640525 65.06029042635866 3.10389401657694 382033.9371829141 9962
0.663401 51.98378455766586 2.882692832264108 284581.8858559848 10550
0.686277 39.49238417255812 2.605683170606748 201992.0845282949 11226
0.709153 37.34865411737029 2.51912743979041 178870.2790756298 12146
0.732029 26.91731377567451 1.979902174770894 120928.767707685 12303
0.754905 16.97108809255942 1.094760022886403 71667.20407140505 12584
0.777781 9.07229242139697 0.5586669147422809 36100.41004149749 12120
0.800656 5.786024649380163 0.3368830685420763 21724.69690835963 11180
0.823532 3.017097320669994 0.2364073306881015 10707.61730036506 11096
0.846408 2.207687684638474 0.1702308619483139 7417.903456860124 10056
0.869284 1.410605254153513 0.1535082118053471 4493.914070475223 9716
0.89216 1.043683103322083 0.1249543188688209 3156.374237041739 8604
0.915036 1.057215744390925 0.09576421140073904 3038.420050440931 8060
0.937912 0.951506134005119 0.0674371173646157 2602.7323161312 7320
0.960788 0.8718611999682027 0.05226031558671114 2273.43015842169 6356
0.983664 0.8664002714115271 0.04808992386400973 2154.927106683322 5348
1.00654 0.1174933549879713 0.01088904330308995 279.0220459808374 4308
1.02942 2.308409217672588e-22 2.194291417210715e-23 5.241316939442104e-19 3563
1.05229 2.217631809635906e-22 2.441501724625909e-23 4.820713920398975e-19 2448
1.07517 2.572120986519868e-22 2.713107681050808e-23 5.353062654892025e-19 1868
1.09804 2.603953135502946e-22 2.975334210118509e-23 5.191901711102424e-19 1358
1.12092 2.774553538929788e-22 3.068321359239248e-23 5.307034808663723e-19 1062
1.1438 2.825002781963567e-22 3.263516456738481e-23 5.196682802466759e-19 776
1.16667 2.803960110836236e-22 3.88579452719831e-23 4.964736732418972e-19 432
1.18955 3.411225048427996e-22 3.720025917696418e-23 5.790314496640002e-19 200
1.21242 3.800327012108072e-22 3.554168120402297e-23 6.198507413816457e-19 168
1.2353 3.560677331978876e-22 4.475063452894008e-23 5.604640411088011e-19 56
1.25817 4.883023393648718e-22 4.493755237257394e-23 7.413970530736196e-19 7


0.0228759 1455265.313796069 13683.11312094729 16724550265694.9 18
0.0457518 2454314.496197136 91001.85648663143 6189607457513.392 62
0.0686277 303328.5302686562 195344.7367137887 491791222546.5043 98
0.0915036 11245895.58490164 168329.7708014722 6042411833047.808 210
0.11438 25128647.9411791 16914.70227904342 8592520182636.557 350
0.137255 6560498.988763675 79884.94069582652 1562966206818.939 450
0.160131 1641777.838188461 70688.25288571297 286070187305.9583 602
0.183007 4122767.649150875 4976.547039167877 541359069781.1974 762
0.205883 491593.1508903971 17611.1590085272 51376095278.68858 1142
0.228759 678536.6215858258 3147.402432338929 57380773833.19604 1250
0.251635 185630.4054532517 3399.328118196353 12937272671.24225 1458
0.274511 109948.2884149354 1499.537483560951 6415190120.029246 1814
0.297387 56218.45767869415 700.1786601740278 2796980335.712805 2178
0.320263 20740.8594124569 447.1664168860565 890431670.8387803 2498
0.343139 15419.84760413864 173.1623935385335 574726066.6314667 2622
0.366014 4455.996832676803 137.5123150091641 145957006.9946403 3338
0.38889 3780.636117183775 50.96050869571559 109782904.8092857 3722
0.411766 1478.783142279455 39.0954712138215 38355680.56742526 4170
0.434642 936.1654932284644 21.46830631841923 21766927.84266364 4358
0.457518 650.9682727416498 10.67942606717633 13643383.19202915 5034
0.480394 269.7215439766672 9.656650903131487 5132542.541898882 5714
0.50327 227.7459341690369 5.337576705618956 3947860.439960197 5982
0.526146 170.7470473202125 3.199703439115323 2705779.648505098 6602
0.549022 92.75772005870682 2.889956672495004 1349448.461457902 7130
0.571898 58.44123387776596 2.310585665786457 783792.2070213181 8034
0.594773 51.37071694605236 1.536203715468602 637181.4485145436 8606
0.617649 46.74472929119994 0.9940616718629847 537545.186650086 9066
0.640525 37.00250174420184 0.8861684270955139 395634.4367012421 9962
0.663401 29.42416900486305 0.847448867432721 293307.9116903148 10550
0.686277 22.29844223533786 0.7758063383420712 207671.3791929333 11226
0.709153 20.35335208577055 0.7779807790013119 177497.487043609 12146
0.732029 15.95688647504141 0.5714547543810127 130530.830841292 12303
0.754905 9.375705855690947 0.3307936723491223 72094.22241264304 12584
0.777781 4.50879665326155 0.1861264695126908 32671.57079952659 12120
0.800656 2.545578783776584 0.1259918606576118 17406.37631727631 11180
0.823532 1.683659368137734 0.07031256854519286 10880.24877278829 11096
0.846408 1.198968586305555 0.05135531115359933 7335.634452392979 10056
0.869284 0.8690433371739138 0.04219891625752628 5040.933496138396 9716
0.89216 0.6528223728823981 0.03491656305503429 3594.701968301804 8604
0.915036 0.4807640626334914 0.03406616918145003 2516.271362806183 8060
0.937912 0.4440676861431396 0.02397009372360221 2212.024534534447 7320
0.960788 0.4165847046810816 0.0184980783118435 1978.10693236752 6356
0.983664 0.4492138425680711 0.01536404793117007 2034.507495637091 5348
1.00654 0.06215254908162024 0.003323225097018683 268.7654084005179 4308
1.02942 2.611518122209384e-22 1.627633462441426e-23 1.079755920850642e-18 3563
1.05229 2.75262694250343e-22 1.672325728305858e-23 1.089564050941156e-18 2448
1.07517 2.922317790385511e-22 1.895981186820897e-23 1.107478266597202e-18 1868
1.09804 3.063987465412154e-22 2.069005392768816e-23 1.112428519699365e-18 1358
1.12092 3.315151527639776e-22 2.103458519943178e-23 1.15464797127311e-18 1062
1.1438 3.223196306604937e-22 2.370364762386647e-23 1.079680420130861e-18 776
1.16667 4.092553383892905e-22 2.235944399428146e-23 1.319361709640286e-18 432
1.18955 3.617388556592021e-22 3.247470725530238e-23 1.118192897867561e-18 200
1.21242 5.11744780688432e-22 4.134786544499748e-23 1.520013953766998e-18 168
1.2353 4.156753476218375e-22 3.090259016918823e-23 1.191402474358927e-18 56
1.25817 3.638126225161194e-22 3.586221948331647e-23 1.006022397481344e-18 7


0.0228759 1755252.852444835 716.255614702707 28151299894325.09 18
0.0457518 8276467.088724452 2243.269742925356 28333863218640.3 62
0.0686277 8919777.977521043 51362.76545670459 12744316126492.1 98
0.0915036 1922224.035291295 135664.3962562391 1578411529972.25 210
0.11438 9584281.985496406 47099.30454533218 4770136181030.382 350
0.137255 5933886.806358817 26652.91168655387 2048915147369.991 450
0.160131 1178262.500421288 37502.81398067115 298139225662.5481 602
0.183007 2210614.801197713 5429.231098218235 421404086640.1871 762
0.205883 332319.6180517075 8844.398051649649 50420573497.37342 1142
0.228759 381814.4352606094 2249.99427093891 46869840856.60374 1250
0.251635 120208.7923514119 1618.083080306799 12158604478.03731 1458
0.274511 60850.9239021053 938.0540223913636 5154787824.943519 1814
0.297387 42700.16118824768 250.6441903837511 3081882388.592937 2178
0.320263 10009.73430674541 280.0656038295189 624129503.9351659 2498
0.343139 10033.03814360576 83.6306345128306 542613606.3197554 2622
0.366014 3426.526295528555 62.61456017756498 162821353.0491146 3338
0.38889 2081.301303895206 31.04950701769633 87716340.50892253 3722
0.411766 997.5839874318631 19.26242376633903 37544308.97377497 4170
0.434642 704.3844164609407 9.147324456860702 23760238.1012637 4358
0.457518 285.4778571060417 7.805623433908448 8686292.32627036 5034
0.480394 253.0457088228519 3.42521687741669 6983908.80449384 5714
0.50327 129.1504830573502 3.091501876001566 3248993.114065715 5982
0.526146 88.06811869654615 2.034458959136499 2025452.629130315 6602
0.549022 75.57534989160976 1.143685025002348 1594982.831153902 7130
0.571898 40.62024061926024 1.118025939458632 790430.9457031543 8034
0.594773 29.59785427776263 0.8519825810090331 532748.0517825022 8606
0.617649 28.25279604963157 0.5483353134315342 471435.1595744427 9066
0.640525 24.79452965121613 0.4256712285547237 384645.197929234 9962
0.663401 18.76592812611162 0.4345785028452094 271425.0782073803 10550
0.686277 14.29639613130562 0.395581444169709 193192.3256159512 11226
0.709153 13.61945066923648 0.3815374180087666 172330.2102750916 12146
0.732029 11.08910845942384 0.2714659160256406 131611.5900695316 12303
0.754905 7.072206252903808 0.1433287151440812 78897.04922053588 12584
0.777781 3.260714067448841 0.08533478322297847 34280.11191455938 12120
0.800656 1.947478029656372 0.05485461294672715 19319.50361105333 11180
0.823532 1.181894692544286 0.03280313539070413 11081.29323494693 11096
0.846408 0.7626780039182595 0.0264342934385473 6770.599231570761 10056
0.869284 0.5403346987522432 0.02197703553276508 4547.748538469257 9716
0.89216 0.4571360862910668 0.01626003750539105 3652.075075672657 8604
0.915036 0.448345670722286 0.01224090337207837 3403.952168538155 8060
0.937912 0.3216440217580411 0.01100839005652566 2324.530522345424 7320
0.960788 0.2421821584067994 0.0103905749171121 1668.642278740032 6356
0.983664 0.1830850105243599 0.01180517077081837 1203.457479367765 5348
1.00654 0.05191714816428562 0.001264309445226645 325.6979572897913 4308
1.02942 2.633929692861178e-22 1.102061508789453e-23 1.58002447961743e-18 3563
1.05229 2.727238001605822e-22 1.278654591009158e-23 1.566293608206475e-18 2448
1.07517 2.779407313061683e-22 1.429691688504196e-23 1.528300887932265e-18 1868
1.09804 3.043502442822817e-22 1.424255474386947e-23 1.603206959747371e-18 1358
1.12092 3.042673677737134e-22 1.603188030436856e-23 1.537641555695166e-18 1062
1.1438 3.307009587691137e-22 1.630809209319375e-23 1.607199630223593e-18 776
1.16667 3.364758754126484e-22 1.906006112645649e-23 1.573982179918076e-18 432
1.18955 3.697844161159056e-22 1.848449800684121e-23 1.658336397691234e-18 200
1.21242 4.039455526313434e-22 2.910010637486314e-23 1.740938702388278e-18 168
1.2353 4.026475624321025e-22 2.217287441905928e-23 1.674424028039421e-18 56
1.25817 6.200054587606673e-22 3.263034915519193e-23 2.487223463910229e-18 7


0.0228759 57907.33701198032 8228.887183790403 3141413189890.35 18
0.0457518 2210047.520249383 23660.10711831138 10352769840317.26 62
0.0686277 9683414.157226877 4821.527096625155 18035131917559.59 98
0.0915036 9231989.76137244 32496.99603181842 9399873683992.268 210
0.11438 1952382.847420695 66357.51366410458 1302928974901.849 350
0.137255 5305864.619451371 6517.283468676002 2399867016841.614 450
0.160131 762744.3334181699 25127.36327292931 253874892263.4367 602
0.183007 1462396.669971559 3903.586995565241 365588626105.5897 762
0.205883 312894.1933590849 4940.462026386031 62172945634.14198 1142
0.228759 164600.4856743543 2372.723648757725 26538807186.46106 1250
0.251635 138197.2708614913 517.4385761498768 18305318262.53688 1458
0.274511 36248.80410740759 637.9282014899979 4028692510.406734 1814
0.297387 19318.13543455657 284.3834888746149 1829866329.478264 2178
0.320263 13740.24544881281 99.35351933456026 1121536221.161746 2498
0.343139 5465.182991791003 70.52609407265442 387677254.0430239 2622
0.366014 2589.230369961374 37.86831404707377 161288877.7722936 3338
0.38889 1455.601544681422 19.52986249595683 80426923.68531711 3722
0.411766 717.8304918511194 11.94349893844775 35417335.03286525 4170
0.434642 506.2151865799219 5.64727393266391 22384842.23569028 4358
0.457518 219.3372698657424 4.583301563890139 8748280.010730008 5034
0.480394 169.6967164476148 2.323479418161986 6140192.268892938 5714
0.50327 89.77927358693152 1.949621828353798 2960963.352443509 5982
0.526146 78.57476676803724 1.006959580870032 2368387.518648234 6602
0.549022 44.70901768673874 0.8716926535918285 1237165.198166903 7130
0.571898 32.05813151315262 0.6329685263011776 817683.5258848279 8034
0.594773 28.51658710664844 0.3995854892488253 672667.2506277728 8606
0.617649 17.72568449749264 0.3878494923708568 387777.8341187018 9066
0.640525 13.63265750520787 0.3403692326263054 277300.4402378408 9962
0.663401 13.91940494134031 0.2563962603885576 263904.6911092506 10550
0.686277 11.79673070051873 0.213262926921941 208946.2369543467 11226
0.709153 10.4693563790681 0.2209656999660813 173642.8930122804 12146
0.732029 7.529764511684998 0.1758114887143101 117153.0913106601 12303
0.754905 4.074026439856182 0.1088295826469435 59587.15008830868 12584
0.777781 2.399797411784681 0.05108231278879622 33071.18269278831 12120
0.800656 1.428689989346808 0.03321826804472874 18578.42834814211 11180
0.823532 0.7795964941625965 0.02211031044947096 9582.155726335026 11096
0.846408 0.5853119643651183 0.01526194279903859 6810.925023603705 10056
0.869284 0.4478449042525277 0.01189232666589359 4940.485839124824 9716
0.89216 0.3249763398512759 0.0101441957916814 3403.32016646032 8604
0.915036 0.263818352871993 0.009285760689403946 2625.942168246133 8060
0.937912 0.2461811845514541 0.006297450929751736 2332.096236168095 7320
0.960788 0.2164051903607508 0.005168599032794515 1954.253575662558 6356
0.983664 0.1900706470667709 0.00547439741666797 1637.321585307356 5348
1.00654 0.03047402049837639 0.001002250915757768 250.6283561669982 4308
1.02942 2.495234900374127e-22 8.756439422401598e-24 1.962082563708389e-18 3563
1.05229 2.660729180559868e-22 9.663431842841259e-24 2.00302422309855e-18 2448
1.07517 2.881220636256412e-22 1.025189249263469e-23 2.076598644654058e-18 1868
1.09804 2.913146689403771e-22 1.118941209348068e-23 2.011501587273255e-18 1358
1.12092 3.203229368307047e-22 1.151976788715415e-23 2.121807723488027e-18 1062
1.1438 3.303929787168184e-22 1.190134008231924e-23 2.104712516244327e-18 776
1.16667 3.462738883300115e-22 1.512351761406814e-23 2.123240696799745e-18 432
1.18955 4.470604757712056e-22 1.351880946063278e-23 2.627834874099236e-18 200
1.21242 4.860783712366009e-22 1.612286615590705e-23 2.745586383501409e-18 168
1.2353 4.227779671581469e-22 1.059396315039315e-23 2.304293608467e-18 56
1.25817 1.62000939680207e-22 2.187639231922177e-23 8.523869984326909e-19 7


0.0228759 550279.9408984779 2618.995978154046 15407602555813.7 18
0.0457518 635511.7849597028 24906.63961829215 4187756233137.599 62
0.0686277 1015200.186818562 46367.34712460609 2598087026328.771 98
0.0915036 7800302.106295676 13961.94217395707 9821701891768.92 210
0.11438 2723389.608396499 39393.252969504 2223039317047.92 350
0.137255 2992721.523253385 11120.99327972257 1678271109795.866 450
0.160131 991090.3845483518 14812.1724005896 405959634721.0724 602
0.183007 1054064.815389453 2935.096147239397 326148495033.584 762
0.205883 235894.9900107734 3503.113094291981 58032601167.75012 1142
0.228759 112755.3947072792 1756.367562808829 22514573844.57495 1250
0.251635 96709.95407091762 438.625592788062 15853955157.73566 1458
0.274511 39494.5799179704 329.7324031394432 5425527087.638373 1814
0.297387 13277.26288613781 208.2292360471353 1556851607.651079 2178
0.320263 7860.388329560965 96.64131458731383 794405515.0929552 2498
0.343139 4615.876633269921 44.92756660099215 405063668.7668971 2622
0.366014 2156.202479778363 23.89996856966357 166161308.1059053 3338
0.38889 1064.766261043603 14.06344255196343 72799496.77197182 3722
0.411766 663.6606311862404 6.810396604735327 40501270.13091218 4170
0.434642 321.5190402389516 4.744986887756478 17596136.66052888 4358
0.457518 196.966548193431 2.786490579457921 9717541.305067195 5034
0.480394 127.2620528490562 1.630553161683699 5697346.979100076 5714
0.50327 72.41763419766238 1.295194507814218 2954814.961366999 5982
0.526146 58.81894426801664 0.7141053670468926 2193527.429687152 6602
0.549022 34.71106998261097 0.5931703050351578 1188350.891844179 7130
0.571898 25.63642846948903 0.4206071178967304 808967.4494650669 8034
0.594773 21.39293540285623 0.2827811795775915 624338.6117908065 8606
0.617649 12.99984773996465 0.2744104819015509 351872.2271140911 9066
0.640525 12.18436310706679 0.204870977817214 306581.2469168685 9962
0.663401 10.91610426889113 0.1734458545310427 256048.5361151372 10550
0.686277 8.221461633370438 0.1622289422676552 180175.9352115407 11226
0.709153 8.953978710117733 0.1361785636162224 183716.6994798511 12146
0.732029 6.550622209002584 0.1072636406415486 126079.5751004951 12303
0.754905 3.647986030152354 0.06566022834792425 66002.75560058074 12584
0.777781 1.73519539194674 0.03726834282563574 29585.29164835433 12120
0.800656 1.040371597204812 0.02389166342582815 16738.20018552579 11180
0.823532 0.66157562084041 0.01380811458144521 10059.35365736963 11096
0.846408 0.4521999977545913 0.01044393726287737 6509.951821961879 10056
0.869284 0.3310010274955734 0.008484009143432071 4517.668277758749 9716
0.89216 0.2578429442562252 0.00675615425771029 3340.609991245406 8604
0.915036 0.2350324584211469 0.005566200893417486 2893.941268824009 8060
0.937912 0.1833915105916405 0.004531093442045908 2149.353168903303 7320
0.960788 0.1643587909227772 0.003582639185088402 1836.25426514281 6356
0.983664 0.1169742086354295 0.004490575545999896 1246.826826496213 5348
1.00654 0.02782157785912375 0.0005864658692972163 283.0500713412013 4308
1.02942 2.397724941739893e-22 7.032532913600849e-24 2.332501775626812e-18 3563
1.05229 2.621582147580048e-22 7.594454280468553e-24 2.441510976412153e-18 2448
1.07517 2.84676857276876e-22 8.446353970135667e-24 2.538304394428965e-18 1868
1.09804 2.759367247091022e-22 9.134981251414136e-24 2.357158201718241e-18 1358
1.12092 3.047086745273176e-22 9.670572592353198e-24 2.497038662762252e-18 1062
1.1438 3.153008348284379e-22 1.001430574375467e-23 2.48489634851767e-18 776
1.16667 3.132322458700677e-22 1.313291006647473e-23 2.376207489106332e-18 432
1.18955 4.347067736416236e-22 1.08595491061507e-23 3.161111096683972e-18 200
1.21242 4.480370259545276e-22 1.446355226993603e-23 3.130925414680677e-18 168
1.2353 3.767631010665908e-22 9.929692513650973e-24 2.540541972097118e-18 56
1.25817 2.64960599375715e-22 1.476445039603956e-23 1.723984339069637e-18 7


0.0228759 582068.8448909525 777.9198205144045 18855416389976 18
0.0457518 3079047.817431362 852.5461304531307 20574190012351.61 62
0.0686277 2260138.087447012 26107.82794864532 6420064799212.241 98
0.0915036 1372510.460036987 44196.04554629404 2169426501554.743 210
0.11438 4781445.151447971 10097.71183516745 4604210374176.301 350
0.137255 830178.8871518559 19840.73756012632 563732514720.1783 450
0.160131 1370717.978082408 6584.613207980504 666383430768.517 602
0.183007 684276.2745839154 3272.845884424689 252648565478.2942 762
0.205883 185985.6592211422 2655.730634242749 54568109452.63786 1142
0.228759 96948.29912965483 1247.888438278365 23071078566.86813 1250
0.251635 70867.67728600303 375.8985055811554 13850914895.74299 1458
0.274511 32999.15258271233 232.1474867026661 5402722928.715497 1814
0.297387 13260.36765696838 128.8075650315467 1852005548.881975 2178
0.320263 5718.531878443798 76.50410828932785 689076593.522478 2498
0.343139 3122.959257308109 38.8516849747492 326781554.2951092 2622
0.366014 1714.650433665008 17.86187943294737 157489926.969139 3338
0.38889 879.5518501327336 10.04694283277058 71669127.13951106 3722
0.411766 424.8215978523926 6.247191700388215 30912791.26109125 4170
0.434642 276.6834322313057 3.303985351567468 18044869.04867855 4358
0.457518 166.0126162862107 1.943888131687343 9760577.549403854 5034
0.480394 89.93273999159609 1.354109740424455 4799370.835703303 5714
0.50327 71.35817701723828 0.7803433793315624 3468948.442451811 5982
0.526146 38.70370395072425 0.639293960630375 1720664.505261356 6602
0.549022 32.89072650770358 0.3669901863975325 1341688.103754238 7130
0.571898 18.25125391300184 0.3430088428578567 686488.7876859888 8034
0.594773 17.60506738270387 0.2010859229715788 612295.6532289503 8606
0.617649 10.70853320156713 0.1985896220351148 345427.8486418888 9066
0.640525 10.02902635576632 0.1471387605561825 300729.6270701258 9962
0.663401 8.280181101832257 0.1353540970964194 231474.9913351741 10550
0.686277 6.774843238926645 0.115889922898512 176937.3603316174 11226
0.709153 7.218255147872084 0.0994067218362919 176498.952894558 12146
0.732029 5.092744229183244 0.08183483702043437 116817.0007112381 12303
0.754905 2.849825925062759 0.04955419118695931 61449.29225115622 12584
0.777781 1.435370700089439 0.02662204446443999 29164.89871043315 12120
0.800656 0.9334830845246394 0.01575900888634057 17896.3925568545 11180
0.823532 0.4884451142657144 0.01097018176887554 8851.485988878081 11096
0.846408 0.3722616604016675 0.00749601424812179 6386.525513942309 10056
0.869284 0.2901162939078987 0.005707081137651174 4718.494947793522 9716
0.89216 0.2090161577820277 0.00491829727804975 3227.19063139305 8604
0.915036 0.1722671889055197 0.004452880007566287 2527.971443351268 8060
0.937912 0.1462895933262646 0.003342907869524835 2043.238908954223 7320
0.960788 0.1430592560559382 0.002414204052554891 1904.615273484991 6356
0.983664 0.1109267727787085 0.002891739928513623 1408.874081832811 5348
1.00654 0.02758019310372696 0.0002950552573121243 334.3454011719109 4308
1.02942 2.345058085635326e-22 5.92322639238264e-24 2.718570856982383e-18 3563
1.05229 2.419101350751402e-22 6.711478355073592e-24 2.684909345226277e-18 2448
1.07517 2.72079832382589e-22 7.122131277562608e-24 2.891050971755298e-18 1868
1.09804 2.744672869147472e-22 7.589865873331334e-24 2.794020017272052e-18 1358
1.12092 2.941035409734571e-22 8.422132199054613e-24 2.872178458633046e-18 1062
1.1438 2.950458968739251e-22 8.839887886008984e-24 2.771082863998258e-18 776
1.16667 3.710661619035395e-22 9.055012463267343e-24 3.354109281923851e-18 432
1.18955 3.130003807031267e-22 1.027819107816416e-23 2.712707249350665e-18 200
1.21242 4.857904355095005e-22 1.080989545261602e-23 4.045253389104206e-18 168
1.2353 3.316757604311793e-22 7.982437594736855e-24 2.665261230615549e-18 56
1.25817 3.077964573133276e-22 1.675459474898372e-23 2.386636134681475e-18 7


0.0228759 2955.261273184356 3859.935455180701 2662401338521.239 18
0.0457518 878930.3319024449 11464.71436368267 7400863168003.033 62
0.0686277 4499606.352344188 1352.27295241394 14409640052574.97 98
0.0915036 2662985.994443 24813.19392364016 4719564788658.79 210
0.11438 2777882.351563422 15294.39880936792 3121744460866.517 350
0.137255 866690.6671769425 14578.85166864128 681137103204.4497 450
0.160131 1227579.153215328 4145.204573409247 692683343717.4792 602
0.183007 376269.1780907214 3983.498255626413 161845167764.6713 762
0.205883 177343.8744325972 1895.36732007445 60374013423.33771 1142
0.228759 91057.71694617248 878.8089620306191 25147039915.82645 1250
0.251635 56717.89921021395 302.0101004473324 12872762512.81192 1458
0.274511 26297.38346815127 187.9676881874282 4999805642.757101 1814
0.297387 11742.23190347756 92.73088254478817 1903765243.924539 2178
0.320263 4870.88338647851 57.97350940863458 681443499.8720686 2498
0.343139 2678.616130564521 29.00644965471225 325398886.5105042 2622
0.366014 1315.335186004404 14.84500389600952 140296289.7910972 3338
0.38889 772.4373788451254 7.31409528156509 73065881.07817768 3722
0.411766 414.3823508577856 4.144458641858385 34995617.09440854 4170
0.434642 213.4089811413286 2.707215768048676 16161212.90899209 4358
0.457518 129.7219523671426 1.593159255992546 8855615.449556887 5034
0.480394 84.21489498788691 0.9327659522132988 5216578.757631662 5714
0.50327 50.04541395910577 0.7085224327640084 2825200.47303747 5982
0.526146 34.97643369978289 0.4602079565362681 1805005.108384705 6602
0.549022 24.3274788384027 0.3184589911012574 1152260.707726765 7130
0.571898 16.56244576330804 0.2468658851983215 723139.7798193672 8034
0.594773 13.62234907543484 0.1672749275775816 550064.9190857882 8606
0.617649 9.560783041690105 0.1438062823589845 358004.1141281121 9066
0.640525 8.23802494929366 0.1149858752256256 286780.5200632006 9962
0.663401 7.229177113027442 0.09922544823671532 234601.9029958288 10550
0.686277 5.612227315375925 0.08935467720074403 170160.2533760737 11226
0.709153 5.444862026734428 0.08417396927859475 154573.0330221707 12146
0.732029 3.872269982986201 0.0679987347023371 103122.8210459236 12303
0.754905 2.283735973642294 0.03921369735196701 57168.3773993803 12584
0.777781 1.248616966788785 0.01955753545607253 29451.26286461938 12120
0.800656 0.736426353846288 0.01283741867566545 16390.94537773464 11180
0.823532 0.4519134385903051 0.007592549801156336 9506.246181142065 11096
0.846408 0.2932303453125275 0.006065406441381351 5840.385984676558 10056
0.869284 0.2294628778150674 0.00461174731217299 4332.677753012253 9716
0.89216 0.1898405166748596 0.003469114456995756 3402.481351735811 8604
0.915036 0.157694201842792 0.003147399961052267 2686.240106149879 8060
0.937912 0.1149762217399179 0.00269898166863407 1864.345211838748 7320
0.960788 0.09010761132942276 0.002433243281765861 1392.947013538648 6356
0.983664 0.1120043234837371 0.001817150803747148 1651.210591631912 5348
1.00654 0.02129802745152908 0.0002580307133444489 299.7363140431423 4308
1.02942 2.280652160577123e-22 5.237080108820363e-24 3.069264901237764e-18 3563
1.05229 2.378057055476183e-22 5.618694385911708e-24 3.063909294526142e-18 2448
1.07517 2.659388866293431e-22 6.110428393307856e-24 3.280369888665777e-18 1868
1.09804 2.622772872330504e-22 6.675110945864421e-24 3.099481244571184e-18 1358
1.12092 2.814694654631896e-22 7.368461323592161e-24 3.191025739629492e-18 1062
1.1438 2.959597999255071e-22 7.374527219334831e-24 3.226764450792963e-18 776
1.16667 3.046493769233988e-22 9.727282717478464e-24 3.197167792414614e-18 432
1.18955 3.632469851308934e-22 7.664350750856614e-24 3.654264305440902e-18 200
1.21242 4.515792647444119e-22 9.239781451030124e-24 4.36532750311968e-18 168
1.2353 2.732932486044345e-22 7.665330048433202e-24 2.549580855525584e-18 56
1.25817 4.908728592300618e-22 1.186611483574878e-23 4.417424433266187e-18 7


0.0228759 353988.3093881884 778.0273953216947 15731618287197.34 18
0.0457518 447830.3568322574 11643.55731096862 4710735057482.197 62
0.0686277 720785.5518177574 21969.85358924266 2930493005315.53 98
0.0915036 4183139.026611807 5835.060914161222 8323845116646.581 210
0.11438 957619.4070707983 22483.04833719689 1258457065367.306 350
0.137255 1714406.031479422 4538.66455876467 1516485318410.06 450
0.160131 680647.3703121884 5876.894437403029 439285028539.7208 602
0.183007 250032.3676754165 3773.716025392334 122886406670.5083 762
0.205883 183348.774194885 1263.652715886822 71000368645.87643 1142
0.228759 87426.95388154377 618.1277300744741 27480085748.69806 1250
0.251635 46536.19232929456 250.3613827309707 12029624060.85616 1458
0.274511 21027.97648402637 160.5826021636965 4554042205.349902 1814
0.297387 9921.980152780838 74.36075342811084 1831947425.914398 2178
0.320263 4286.515241045398 45.03415599483669 682848704.2946932 2498
0.343139 2335.177888528009 22.60974943998306 323018152.5722336 2622
0.366014 1140.935952020809 11.59084716991179 138571031.8547899 3338
0.38889 593.1095525954903 6.474078159725813 63902013.06977885 3722
0.411766 359.1014029477412 3.233037234895957 34531795.15627412 4170
0.434642 195.1160065708091 2.021134424408738 16822734.05518909 4358
0.457518 103.9227227875426 1.336866882073695 8079363.729780179 5034
0.480394 65.21226727675881 0.8127771464753314 4600457.876306926 5714
0.50327 48.06057079418105 0.5054318362403004 3088743.22708756 5982
0.526146 29.62312049732007 0.365742755095151 1740726.708334937 6602
0.549022 19.81240029116674 0.2661504486412488 1068600.254268562 7130
0.571898 16.06630521939183 0.1706564649471492 798582.3808330457 8034
0.594773 10.15437543604791 0.1525280466689829 466966.6676779058 8606
0.617649 9.145372148313925 0.1007050102203477 389865.8257821184 9066
0.640525 6.602160520346719 0.09699994477336027 261716.2028484883 9962
0.663401 6.108954689264674 0.07928890059227427 225732.7572040214 10550
0.686277 5.095106800853232 0.06725564255846088 175884.7995792922 11226
0.709153 4.83753649359187 0.0647195431409659 156362.7991886927 12146
0.732029 3.626682552708004 0.04990750772211092 109960.6913160883 12303
0.754905 1.992032396306934 0.03062801796184156 56777.41874341921 12584
0.777781 1.115252921423266 0.01480639554295209 29950.63057357571 12120
0.800656 0.6251680812356413 0.01022017434134394 15843.44914470155 11180
0.823532 0.3698716208055483 0.00630501807500027 8859.263818315105 11096
0.846408 0.2610966601868637 0.004624497709417779 5920.963757469313 10056
0.869284 0.2095028892498217 0.003425722573669994 4503.836807270115 9716
0.89216 0.1547153076668224 0.002890626820851547 3157.414053245765 8604
0.915036 0.1240928113332403 0.002677927555044946 2407.023853044233 8060
0.937912 0.1059679880942666 0.001992530849676265 1956.312888002632 7320
0.960788 0.106252968359389 0.001384675963238781 1869.724738390919 6356
0.983664 0.08102547508524059 0.001719972215431882 1360.232930979053 5348
1.00654 0.01056487318253309 0.0003660112360395604 169.3669341850677 4308
1.02942 2.171891545595869e-22 4.635441210616333e-24 3.328013399427231e-18 3563
1.05229 2.279504787522566e-22 5.18786321622045e-24 3.344041429065432e-18 2448
1.07517 2.606978572664955e-22 5.32312977791555e-24 3.661360440310415e-18 1868
1.09804 2.668261592709897e-22 5.930677795470199e-24 3.590190410145092e-18 1358
1.12092 2.8099677363715e-22 6.469790852844878e-24 3.627125606968264e-18 1062
1.1438 3.064363106934832e-22 6.79239576563041e-24 3.803974301124821e-18 776
1.16667 3.073014115788277e-22 8.377124403072722e-24 3.671855442103121e-18 432
1.18955 3.455950750429726e-22 6.652372380742428e-24 3.958514124260235e-18 200
1.21242 4.02685021318413e-22 8.96977391630002e-24 4.432353693691691e-18 168
1.2353 2.809979095059311e-22 6.857041622838772e-24 2.984708809075629e-18 56
1.25817 4.101890185492955e-22 6.988376720618798e-24 4.202602042933716e-18 7


0.0228759 261473.3866738341 858.0536747410174 13531534095984.03 18
0.0457518 1721032.093658664 352.8878570255907 17208045234955.15 62
0.0686277 1176268.581214193 14863.8989704403 5072963952738.953 98
0.0915036 1236170.952001248 20998.89775634502 2871285387038.042 210
0.11438 1964065.825298209 10707.48795381388 2826992493092.99 350
0.137255 1218713.629947346 5335.80814197985 1212522385731.686 450
0.160131 429932.7182593809 6073.96853620264 313000571525.7864 602
0.183007 291001.3166625527 2572.03554120867 159985296910.1927 762
0.205883 166109.3368544429 967.2964823764767 72155800152.20396 1142
0.228759 79894.08793469927 467.1475797770821 28167883211.38706 1250
0.251635 36693.54753667727 231.2157075923856 10646630953.29355 1458
0.274511 16753.00097844286 143.2997677276547 4072294115.123564 1814
0.297387 8345.714591325406 62.82127872870071 1728973864.29004 2178
0.320263 3770.539882468298 36.38437213153785 673851134.3932678 2498
0.343139 2020.724437596281 18.53161664930687 313593722.4237259 2622
0.366014 1008.184370823276 9.285920865763289 137362465.4472434 3338
0.38889 498.4976772356148 5.435864709367723 60258746.72461302 3722
0.411766 262.6724599110097 3.130374985733563 28348834.38738374 4170
0.434642 171.8031153102176 1.623417834052671 16616651.25208221 4358
0.457518 104.5355761671633 0.9418893893841788 9114120.198853156 5034
0.480394 56.0670349166498 0.6705323590825677 4437208.561568025 5714
0.50327 36.51003302861713 0.4673032995792655 2632858.829373186 5982
0.526146 27.11734532741735 0.284282060964726 1787395.33129738 6602
0.549022 17.63356775655141 0.2111446155871906 1066867.218829734 7130
0.571898 11.98885844943449 0.1631530647470742 668640.7496741809 8034
0.594773 9.671660432399058 0.1140672771747966 498861.3314161099 8606
0.617649 7.032292607346323 0.09336191505894312 336346.2610070416 9066
0.640525 6.088742213486135 0.07481407936962609 270733.0181795355 9962
0.663401 5.17689990376156 0.0663148393617688 214591.1455244432 10550
0.686277 4.183371309596908 0.05754889898614421 162005.16177738 11226
0.709153 4.081119780650004 0.05413882808030521 147979.2219360647 12146
0.732029 3.141944500083792 0.04065985616798964 106862.3912889002 12303
0.754905 1.863113905496321 0.02326833392783741 59564.02683502954 12584
0.777781 0.9443569780740274 0.01240782424675616 28449.52193016878 12120
0.800656 0.5382299264359232 0.008390561670321676 15301.04127299516 11180
0.823532 0.3099268568498329 0.00532149917143783 8327.57337226944 11096
0.846408 0.2299923750213311 0.003721675174948474 5850.516332226965 10056
0.869284 0.1764829283358751 0.002888121241716447 4256.00523494494 9716
0.89216 0.1320767773935737 0.002391989218605954 3023.613433853162 8604
0.915036 0.1186303479777307 0.002000045726391857 2580.98867499256 8060
0.937912 0.09794851533437959 0.001523384362067841 2028.298152622888 7320
0.960788 0.07293776630358248 0.001472398930510103 1439.995583217525 6356
0.983664 0.0671343681138066 0.001461521023701644 1264.293823541268 5348
1.00654 0.01252944889946999 0.000229966890080566 225.2477926655462 4308
1.02942 2.161920060738939e-22 4.116186600377333e-24 3.715946080973894e-18 3563
1.05229 2.201739664391467e-22 4.672592158068422e-24 3.623161792694657e-18 2448
1.07517 2.364371415521713e-22 5.065014223858369e-24 3.725029935922822e-18 1868
1.09804 2.575622179447781e-22 5.321666658483056e-24 3.887410580702627e-18 1358
1.12092 2.733747827578998e-22 5.938385633818712e-24 3.958321512701819e-18 1062
1.1438 2.955409821281165e-22 6.157021638492812e-24 4.115331381979757e-18 776
1.16667 3.228689379643804e-22 7.200167239743227e-24 4.327289419419994e-18 432
1.18955 3.355303194150204e-22 6.251451675543277e-24 4.311103668265703e-18 200
1.21242 4.383619339090456e-22 6.952376274533576e-24 5.411997705868843e-18 168
1.2353 2.548253347589415e-22 6.634813500256896e-24 3.036350000963004e-18 56
1.25817 2.245155306298499e-22 9.097253303815001e-24 2.581256371408084e-18 7


