0.0574618 9.648847014656106e-06 1.880663364750639e-06 0.5835798546564659 18
0.114924 6.319389298751351e-05 1.743718711824901e-05 0.9074754331337305 62
0.172385 0.0002087142401129573 4.913025134829608e-05 1.246856257892683 98
0.229847 0.0004984989100599138 0.0001701191760106464 1.646216680671202 210
0.287309 0.001003613470394815 0.0003815793488366579 2.132898767675581 350
0.344771 0.00147171836883561 0.0006334139043101131 2.175535331140097 450
0.402233 0.002386771548257554 0.0009851492540390023 2.563763945140616 602
0.459694 0.003283093989616833 0.001581444874995332 2.682941687755346 762
0.517156 0.004331361961129425 0.002729637724210321 2.80922830459366 1142
0.574618 0.005684911605494233 0.003754148255525369 2.994313206518786 1250
0.63208 0.006975277671671718 0.005310094406944661 3.025884366150073 1458
0.689542 0.009438740643423963 0.007050415431967241 3.427648339611434 1814
0.747003 0.01090109243330156 0.009553045982933535 3.377668671975636 2178
0.804465 0.01358204301722543 0.01253345294452356 3.629287728254889 2498
0.861927 0.01603443963569609 0.01696017909484546 3.723048029782886 2622
0.919389 0.01809438324521985 0.02044863387301498 3.686639395449734 3191
0.976851 0.0181075292828587 0.02227382971369288 3.270851899789608 3044
1.03431 1.530196505342215e-33 1.375965485243969e-33 2.465012422680607e-31 2736
1.09177 1.76372444667725e-33 1.514466565587939e-33 2.545977569062254e-31 2276
1.14924 1.772371933624883e-33 1.646812773808524e-33 2.307138227022572e-31 2016
1.2067 1.867186660040999e-33 1.730704346339581e-33 2.204919970099244e-31 1640
1.26416 1.665371805608182e-33 1.630170253778611e-33 1.791606790224345e-31 1056
1.32162 1.676181793370527e-33 1.447836380811105e-33 1.648511549204439e-31 683
1.37908 1.553569991851554e-33 1.559011237380142e-33 1.405372976679452e-31 350
1.43654 1.858197306119806e-33 1.365559774487248e-33 1.550436438480358e-31 192
1.49401 1.279843736442335e-33 9.457454980166822e-34 9.844491198151602e-32 44
1.55147 1.884555266848192e-33 2.562275478703436e-33 1.333947403198185e-31 25


0.0574618 2.947777673769894e-06 1.560157105774833e-07 5.104731297669715 18
0.114924 2.266595464922995e-05 3.302266806273487e-06 6.642275034152039 62
0.172385 3.186497499593194e-05 1.537511878060399e-05 4.088155883942187 98
0.229847 2.754999246639856e-05 6.283010225630917e-05 3.017636165923371 210
0.287309 2.976008652016147e-05 0.0001133169460265098 2.196140204337979 350
0.344771 0.0002720580589644543 6.866483412208814e-05 5.688805155215013 450
0.402233 0.0005642758213206497 1.027428726490087e-05 7.90253088406447 602
0.459694 0.000445736687157839 0.0001006290511089271 4.874834892698553 762
0.517156 0.0001045711376186316 0.0002678972044632537 1.186742684460981 1142
0.574618 0.0004157865556435639 0.0002184888801503278 2.956920650024129 1250
0.63208 0.0009754521153218687 8.615039889881393e-05 5.405280613966088 1458
0.689542 0.0008369729818268741 0.0002140321400694114 3.923238872211145 1814
0.747003 0.0006641183937616901 0.0003690036349617487 2.697597487426749 2178
0.804465 0.0009797380436294806 0.0003563015586292163 3.370464670501771 2498
0.861927 0.001342413495733002 0.0003910997996475259 3.980363350965843 2622
0.919389 0.001196168147650208 0.0004997955167762071 3.122148773935615 3191
0.976851 0.00122827611121455 0.0005033960865772086 2.832482228391865 3044
1.03431 1.717649862985106e-32 6.627519560944909e-33 3.523630257298195e-29 2736
1.09177 2.029694488001877e-32 7.747311110345874e-33 3.724147804063378e-29 2276
1.14924 2.161031788401851e-32 9.188550007214083e-33 3.573404326568884e-29 2016
1.2067 2.440967294578349e-32 1.013667449995106e-32 3.655813899020135e-29 1640
1.26416 2.898341179754193e-32 1.195584812988604e-32 3.948540178621947e-29 1056
1.32162 3.226095709067842e-32 1.43334203596033e-32 4.017227967650032e-29 683
1.37908 3.801109323723687e-32 1.700475030143306e-32 4.34773100411381e-29 350
1.43654 4.054757960214343e-32 1.5752392998986e-32 4.270147312891934e-29 192
1.49401 3.899933626507699e-32 1.426533984767748e-32 3.781783304796536e-29 44
1.55147 5.339336932587387e-32 1.68491730813732e-32 4.759902389961486e-29 25


0.0574618 1.090382031780449e-07 3.870640115009666e-07 4.163140171014314 18
0.114924 8.754789696963459e-08 3.991799148166201e-06 4.209948128088961 62
0.172385 3.518597467456661e-06 8.429372988301279e-06 2.91203954278464 98
0.229847 4.057138595991492e-05 1.314210925765549e-05 5.164961089398586 210
0.287309 0.0001308202211153404 2.656402238385626e-06 7.718115744534507 350
0.344771 0.0001004672158791296 2.748958824563536e-05 4.473544326313805 450
0.402233 1.609531701667698e-05 7.050814562023012e-05 1.254829727603328 602
0.459694 0.0001599000869959653 3.913449676623365e-05 3.586956886226506 762
0.517156 0.0002565046784844305 2.57487688880675e-05 4.27682954023643 1142
0.574618 9.791938158232303e-05 0.0001031826038616913 1.575352302433018 1250
0.63208 0.0002111709642956117 8.731597186532155e-05 2.433405811690031 1458
0.689542 0.0003410374549752174 7.067813802599114e-05 3.142857531969335 1814
0.747003 0.000297369987547168 0.0001205450605365354 2.378033294704997 2178
0.804465 0.0004166728113214494 0.0001173455198441188 2.806451433044989 2498
0.861927 0.0005250368614532094 0.0001411235542051898 3.048946878681889 2622
0.919389 0.000449020448700741 0.0001869305267846371 2.306500842237823 3191
0.976851 0.0005022109018914111 0.000173704673381166 2.26129740139492 3044
1.03431 1.294653448443953e-32 5.103661265266628e-33 5.199532807252342e-29 2736
1.09177 1.606186310671385e-32 5.584024529337439e-33 5.741843921011941e-29 2276
1.14924 1.796930107765956e-32 6.23574509104613e-33 5.774140339003698e-29 2016
1.2067 2.088554592747731e-32 7.327324352043844e-33 6.073993359936317e-29 1640
1.26416 2.496425834813851e-32 7.896599243714577e-33 6.587879791733363e-29 1056
1.32162 2.658371851667711e-32 9.466942883583812e-33 6.413871474380142e-29 683
1.37908 2.601018381405353e-32 1.13298261903429e-32 5.778925990587448e-29 350
1.43654 2.953264841442149e-32 1.389214688927298e-32 6.050814738856237e-29 192
1.49401 3.606358304308041e-32 1.444409417509392e-32 6.783890485325429e-29 44
1.55147 4.873252972487484e-32 1.828571853216661e-32 8.421323700184273e-29 25


0.0574618 2.391552246441239e-07 1.543367914392715e-07 4.393947719300055 18
0.114924 4.227338013480352e-06 8.254425211739845e-07 5.654813480501743 62
0.172385 1.507296129310604e-05 3.47785804716869e-07 4.970567606136104 98
0.229847 4.033032866630478e-05 1.524605171728056e-06 6.471050499861262 210
0.287309 2.111422179348994e-05 1.878140224096178e-05 3.514947740309649 350
0.344771 1.826258383248762e-05 2.753254693018318e-05 2.289038799669226 450
0.402233 0.0001079875179529475 5.860893969888654e-06 4.71171078491951 602
0.459694 8.088841103492822e-05 2.49163378241217e-05 2.909480913619674 762
0.517156 4.662644732453983e-05 4.648763862249604e-05 1.576023436085236 1142
0.574618 0.0001677343081174138 1.858746547329262e-05 3.41593394978237 1250
0.63208 0.0001138607273361103 5.019878519310964e-05 2.042325859659063 1458
0.689542 0.0001422448508256863 5.542423971604615e-05 2.069469079559993 1814
0.747003 0.0001794003695576353 6.19743520164491e-05 2.170747618939431 2178
0.804465 0.0001740211602193381 8.515172643362502e-05 1.834717047589804 2498
0.861927 0.0002701979964840206 8.572489002071199e-05 2.385256946980457 2622
0.919389 0.0002931776556182955 8.863216436551371e-05 2.248635203177853 3191
0.976851 0.0002742355086722371 9.829376763506267e-05 1.863908680533696 3044
1.03431 1.145984959903773e-32 3.9641409114777e-33 6.900247256479469e-29 2736
1.09177 1.36334525457444e-32 4.741994004179513e-33 7.322226636577591e-29 2276
1.14924 1.474712256346106e-32 5.240045699031621e-33 7.113358053877487e-29 2016
1.2067 1.77124585310364e-32 6.024075696367431e-33 7.711719140284656e-29 1640
1.26416 2.132609828459668e-32 7.180135590349514e-33 8.428101809949284e-29 1056
1.32162 2.059679329601098e-32 8.332646970812581e-33 7.454140104889843e-29 683
1.37908 2.292384330073475e-32 9.680185736472668e-33 7.615303725506612e-29 350
1.43654 2.943491205435004e-32 1.040622271890112e-32 8.965312602349433e-29 192
1.49401 3.068614976722268e-32 1.045058025786625e-32 8.592293555259767e-29 44
1.55147 2.724677760894743e-32 1.299724207213047e-32 7.057370931366457e-29 25


0.0574618 4.633852700230925e-07 6.280038781038989e-10 4.709941257612526 18
0.114924 4.059721713708864e-06 1.253786495105671e-07 6.010002642054208 62
0.172385 5.87891753175723e-06 1.575780228873241e-06 4.00634021512347 98
0.229847 3.629656659698078e-06 8.571378911752489e-06 3.501678540563028 210
0.287309 1.598762671733864e-05 1.151551352826166e-05 3.662008226944613 350
0.344771 6.214116801216905e-05 1.421958241213131e-06 5.22505391207461 450
0.402233 3.038576584074768e-05 1.750255038259902e-05 2.476021114198408 602
0.459694 2.911075816759284e-05 2.418287692182149e-05 1.851094615976778 762
0.517156 9.447997467757155e-05 9.15432824709268e-06 3.275775938885763 1142
0.574618 4.256157893304919e-05 3.505710754929223e-05 1.499140755914866 1250
0.63208 9.566542024029762e-05 2.565896779762683e-05 2.252458247867795 1458
0.689542 0.0001008205569734843 3.395892484423208e-05 1.984085602791026 1814
0.747003 0.0001271693647191322 3.745676863185451e-05 2.072402330976643 2178
0.804465 0.0001559328092246298 4.173405463693434e-05 2.147648777065178 2498
0.861927 0.0001633916419560787 6.116224515628567e-05 1.971793125893508 2622
0.919389 0.0001757230912179578 6.381967783410148e-05 1.836542376415721 3191
0.976851 0.0001835619546560571 6.330278404612856e-05 1.679659909187904 3044
1.03431 1.049940133049548e-32 3.339331764776572e-33 8.478779557581384e-29 2736
1.09177 1.183318668535293e-32 4.077567318299139e-33 8.53716378043367e-29 2276
1.14924 1.367458876480682e-32 4.736314720767112e-33 8.845784839762675e-29 2016
1.2067 1.557146431659872e-32 5.370012638222871e-33 9.09151239517454e-29 1640
1.26416 1.885986311874055e-32 6.400001065962764e-33 9.981249521049294e-29 1056
1.32162 1.778344054280265e-32 7.088632614766257e-33 8.617408047939442e-29 683
1.37908 2.009023719842205e-32 8.643484730405188e-33 8.941235251131482e-29 350
1.43654 2.450019950212998e-32 9.64491572762713e-33 9.997426006223659e-29 192
1.49401 2.768109149489869e-32 1.035091339618915e-32 1.036999010084302e-28 44
1.55147 2.73567148255007e-32 1.272881734953237e-32 9.468651197357311e-29 25


0.0574618 1.38680833803382e-07 6.518623592908608e-08 4.460642118427304 18
0.114924 4.171111390529822e-07 9.188537895539123e-07 4.926208448896379 62
0.172385 2.14052619128721e-07 2.455092354776635e-06 3.130765613373855 98
0.229847 8.725222960227148e-06 4.118029602981935e-06 4.402487170556458 210
0.287309 3.356423131534903e-05 1.00869895392501e-06 5.713783991290637 350
0.344771 1.370585106269474e-05 1.138227432157186e-05 2.698240972448693 450
0.402233 1.839559009406044e-05 1.366923268374551e-05 2.212770120996662 602
0.459694 6.227790938944018e-05 3.687048626527077e-06 3.527127481975034 762
0.517156 2.133626783682814e-05 2.221809683620587e-05 1.435638497542763 1142
0.574618 6.677364931892498e-05 1.304462140660324e-05 2.448583235612036 1250
0.63208 6.079474519005653e-05 2.130806670491303e-05 1.893882219994601 1458
0.689542 7.379078709540973e-05 2.400113205138356e-05 1.85762185866339 1814
0.747003 7.881597890083577e-05 3.130721435064698e-05 1.687205671438004 2178
0.804465 9.029374543147972e-05 3.742631769226649e-05 1.639676332234183 2498
0.861927 0.0001263078432057308 4.106487836415603e-05 1.920659630116825 2622
0.919389 0.0001338207507577818 4.351824565631439e-05 1.763308729064359 3191
0.976851 0.0001350572782566036 4.460058776944687e-05 1.56171639027967 3044
1.03431 8.998780965269257e-33 3.128070333654846e-33 9.228732249423922e-29 2736
1.09177 1.104420274359763e-32 3.617687942619645e-33 1.003813167602796e-28 2276
1.14924 1.244421272979159e-32 4.00496755686674e-33 1.012132962014307e-28 2016
1.2067 1.368183152095411e-32 5.009927859183678e-33 1.009251397886826e-28 1640
1.26416 1.614284007328808e-32 6.10088990164174e-33 1.080040355943955e-28 1056
1.32162 1.927186456659196e-32 5.558835263546252e-33 1.162332606038674e-28 683
1.37908 2.098615561859424e-32 7.092842638211802e-33 1.16511425203328e-28 350
1.43654 2.380405319577628e-32 8.933321169507418e-33 1.21875657979827e-28 192
1.49401 2.338096003025982e-32 8.509548882309891e-33 1.099215431949452e-28 44
1.55147 3.592213412524072e-32 9.293047332201004e-33 1.537791949035618e-28 25


0.0574618 1.225342865118807e-08 8.045945127086442e-08 4.348645950284947 18
0.114924 7.173184576122424e-07 5.672410415133027e-07 5.147921128703227 62
0.172385 4.404453215699608e-06 4.703746914839807e-07 4.187395762772204 98
0.229847 1.524764706463042e-05 3.19639371102729e-07 5.662011025083713 210
0.287309 8.39856363532982e-06 6.501769543767233e-06 3.604524849478815 350
0.344771 1.075608771361466e-05 8.553358134146195e-06 2.710739820526618 450
0.402233 4.005212812589217e-05 1.82935890806485e-06 3.79546014424439 602
0.459694 1.17172961611792e-05 1.477374309592403e-05 1.565612869824799 762
0.517156 4.262833431590924e-05 8.144301811783673e-06 2.462044586112167 1142
0.574618 3.957820906586122e-05 1.385522040358303e-05 1.927125900446129 1250
0.63208 4.312857791445555e-05 1.732863352012586e-05 1.698710423905125 1458
0.689542 5.430686429428389e-05 1.905022328747498e-05 1.699671519334873 1814
0.747003 6.931583226200897e-05 2.083169478299871e-05 1.771421690324078 2178
0.804465 8.556344912982545e-05 2.30461639424177e-05 1.830928003196744 2498
0.861927 9.622054150201316e-05 3.148832310799596e-05 1.787991720506708 2622
0.919389 9.84833222763981e-05 3.449429206302066e-05 1.590990521752786 3191
0.976851 9.982483886367954e-05 3.520594431774966e-05 1.411230689544201 3044
1.03431 8.513757842329982e-33 2.851310415141769e-33 1.058679905863784e-28 2736
1.09177 9.713917058282656e-33 3.369507301272547e-33 1.074761975610928e-28 2276
1.14924 1.121049870670367e-32 3.857242887056205e-33 1.10863796251055e-28 2016
1.2067 1.385012865814045e-32 4.442734366675438e-33 1.229767669806184e-28 1640
1.26416 1.587737642999818e-32 5.237742861145094e-33 1.277873541776244e-28 1056
1.32162 1.578388788271288e-32 5.79235321062213e-33 1.160789237924992e-28 683
1.37908 1.996427700306034e-32 6.46145906832057e-33 1.336272709525396e-28 350
1.43654 2.496017126090173e-32 7.577212851976514e-33 1.531947714141466e-28 192
1.49401 2.013069818472589e-32 8.025468226461373e-33 1.145323356870742e-28 44
1.55147 2.964673732975607e-32 8.812350698591332e-33 1.533820693924348e-28 25


0.0574618 1.658192671496897e-07 1.245211823800708e-08 4.566365396912444 18
0.114924 1.908883496648615e-06 1.040075038459106e-08 5.794395862449325 62
0.172385 3.770369978225326e-06 2.918226553384564e-07 4.202530990072727 98
0.229847 3.520842301622608e-06 3.110398966672061e-06 4.083468507468637 210
0.287309 5.767552727634953e-06 5.456745305563425e-06 3.499914019056308 350
0.344771 2.681194916850165e-05 7.700925698104558e-07 4.377353053868298 450
0.402233 9.282335897407984e-06 8.974945884337109e-06 2.036729739242057 602
0.459694 2.353537569483922e-05 6.994982518822455e-06 2.357713206045522 762
0.517156 2.976942455592014e-05 7.910561859308611e-06 2.166329594504742 1142
0.574618 2.499099430995636e-05 1.316038685586305e-05 1.603712078368289 1250
0.63208 4.450234603837085e-05 1.041803591077614e-05 1.953542014829469 1458
0.689542 4.490825895677854e-05 1.459099059996893e-05 1.666497740112289 1814
0.747003 5.255849836210004e-05 1.747652835364687e-05 1.619894366998111 2178
0.804465 5.433601702814569e-05 2.294786555817357e-05 1.450859441432875 2498
0.861927 7.194275539885029e-05 2.660512650875492e-05 1.607593941116741 2622
0.919389 8.14506230598079e-05 2.643220583980289e-05 1.550445105209809 3191
0.976851 8.286271830062119e-05 2.687206090375779e-05 1.378033592100091 3044
1.03431 7.824635389889185e-33 2.663160889689384e-33 1.151175167449065e-28 2736
1.09177 9.428776736145328e-33 3.149779391646159e-33 1.228690920948616e-28 2276
1.14924 1.035624777761179e-32 3.662142148243725e-33 1.209587008921506e-28 2016
1.2067 1.223120597901308e-32 4.302226932306758e-33 1.285151200749319e-28 1640
1.26416 1.42307879664982e-32 5.017339708637393e-33 1.352274531287309e-28 1056
1.32162 1.511283470559431e-32 5.264167650847397e-33 1.303963411870057e-28 683
1.37908 1.798526059050552e-32 6.425684779485568e-33 1.420522532493368e-28 350
1.43654 2.042893539252711e-32 8.165766409276532e-33 1.488158924774179e-28 192
1.49401 2.309968598606842e-32 6.78879323088497e-33 1.526096647834433e-28 44
1.55147 2.516517848015715e-32 8.028871652461559e-33 1.530010501691222e-28 25


0.0574618 1.327775428540435e-07 1.143930175946037e-08 4.555530590422824 18
0.114924 6.999250700957449e-07 2.956803369927371e-07 5.308746744119704 62
0.172385 2.110458025725742e-07 1.19121361100943e-06 3.358571747845703 98
0.229847 2.318310675516015e-06 2.730816159070738e-06 4.002356361051869 210
0.287309 1.625179155170009e-05 6.670553120363517e-07 5.056812427136462 350
0.344771 7.499541652617806e-06 5.448162918399796e-06 2.760623305931587 450
0.402233 1.137973221991748e-05 6.088046042392652e-06 2.332693004342651 602
0.459694 2.770542867616268e-05 2.974368933384601e-06 2.821292836530769 762
0.517156 1.298569620084296e-05 1.027319159918636e-05 1.512809286074431 1142
0.574618 3.565467491340418e-05 5.758928767247184e-06 2.211707845573094 1250
0.63208 2.517898430936181e-05 1.23232023500507e-05 1.469353436894017 1458
0.689542 3.684549570285389e-05 1.197032012657251e-05 1.601912886478192 1814
0.747003 3.953308385163357e-05 1.552155625846564e-05 1.458502957601053 2178
0.804465 5.491021549659471e-05 1.536504728280149e-05 1.629680221031871 2498
0.861927 6.619859969872383e-05 1.942858936101495e-05 1.681093584157219 2622
0.919389 6.437167267559169e-05 2.250221566217048e-05 1.433309873356898 3191
0.976851 6.629166946213169e-05 2.261267766878609e-05 1.283728676440364 3044
1.03431 7.355643291082944e-33 2.518013189595216e-33 1.254084823850435e-28 2736
1.09177 8.572672996864821e-33 2.954917939251184e-33 1.295036004663538e-28 2276
1.14924 1.036746391022144e-32 3.273736071643526e-33 1.389160582914684e-28 2016
1.2067 1.174313066967473e-32 3.907306521616196e-33 1.419438446499139e-28 1640
1.26416 1.342756431542363e-32 4.38238042102162e-33 1.465108061349834e-28 1056
1.32162 1.495906973458412e-32 4.614139773123146e-33 1.478010226433219e-28 683
1.37908 1.721133126345753e-32 5.530747985068359e-33 1.557316065102576e-28 350
1.43654 2.089274138027772e-32 7.045597840948205e-33 1.737652438660957e-28 192
1.49401 2.234163095109975e-32 5.928703238317884e-33 1.689781180974516e-28 44
1.55147 2.757472965594977e-32 7.748946715653055e-33 1.916983992202954e-28 25


0.0574618 5.382283022188877e-09 4.460812152743498e-08 4.391618314026394 18
0.114924 6.697497697093022e-08 4.193040286305437e-07 5.028263136645354 62
0.172385 1.456272937438799e-06 5.750836821944744e-07 3.773869606300688 98
0.229847 8.096373829920283e-06 2.604563513040888e-07 5.237327610886912 210
0.287309 6.741616090861151e-06 2.852949783634741e-06 3.946474849328453 350
0.344771 4.948231283108417e-06 5.004934154365832e-06 2.610271204573765 450
0.402233 2.141289559298161e-05 1.189247100091178e-06 3.334900501422237 602
0.459694 5.786041836830972e-06 8.295611356060703e-06 1.536817174478451 762
0.517156 2.558179327140763e-05 3.743212366082354e-06 2.330396735026731 1142
0.574618 1.658415528031918e-05 9.28510477764319e-06 1.504834198448289 1250
0.63208 2.912969844211777e-05 7.673467275784854e-06 1.752111705764905 1458
0.689542 2.870960165777003e-05 1.07911993166532e-05 1.474527746467905 1814
0.747003 4.098124563277212e-05 1.043411703959747e-05 1.639700575676863 2178
0.804465 4.093804822536716e-05 1.463131501243706e-05 1.43457730372177 2498
0.861927 4.920434482511963e-05 1.843946475576309e-05 1.47081114243857 2622
0.919389 5.653627306511723e-05 1.805367284579191e-05 1.425778261096776 3191
0.976851 5.510813927981376e-05 1.916373313337663e-05 1.220660031447394 3044
1.03431 7.007186749422499e-33 2.308264559130049e-33 1.356960416606342e-28 2736
1.09177 8.236631501464276e-33 2.73431379922802e-33 1.412419905356331e-28 2276
1.14924 9.184157516233506e-33 3.283300192673661e-33 1.412062635941562e-28 2016
1.2067 1.083856133598437e-32 3.7009244251558e-33 1.491227167680858e-28 1640
1.26416 1.239759521647494e-32 4.213769745634418e-33 1.53957640382527e-28 1056
1.32162 1.278953147026861e-32 4.983725424647027e-33 1.453697793235546e-28 683
1.37908 1.571683313429621e-32 5.929595253441054e-33 1.626678982124239e-28 350
1.43654 1.969595504025258e-32 6.606236219538209e-33 1.855817882275002e-28 192
1.49401 1.621682682567397e-32 7.375080281157167e-33 1.424570777697583e-28 44
1.55147 2.473597095803726e-32 7.838644576681337e-33 1.95461880361291e-28 25


0.0574618 5.262350779696656e-08 2.220757867299782e-08 4.472142830848137 18
0.114924 9.181664736309256e-07 7.390616570151839e-08 5.5445666018203 62
0.172385 2.655426912024398e-06 2.706958548528157e-08 4.219196765983535 98
0.229847 3.902278091039129e-06 1.225626029757499e-06 4.533415340891745 210
0.287309 2.119703351803607e-06 3.637714192661612e-06 3.363582416344045 350
0.344771 1.539717791522631e-05 5.84502051279419e-07 3.963779079658362 450
0.402233 6.020429749799717e-06 5.095583207346677e-06 2.10201246715299 602
0.459694 1.512112625582541e-05 3.704622609627015e-06 2.30728736204935 762
0.517156 1.484874693010749e-05 5.546011666447602e-06 1.834092077715703 1142
0.574618 1.893556037502434e-05 6.343587532483036e-06 1.728679644102995 1250
0.63208 2.240228160321027e-05 7.405284921041164e-06 1.595040097465338 1458
0.689542 2.857716044862004e-05 7.881702504979196e-06 1.586515386871403 1814
0.747003 2.690653266998292e-05 1.163513365951797e-05 1.324195174619293 2178
0.804465 3.502704560787776e-05 1.24925809442145e-05 1.390843532750649 2498
0.861927 4.53594106808702e-05 1.466388420295008e-05 1.504966324100195 2622
0.919389 4.577993050364507e-05 1.629521213781709e-05 1.319415329692702 3191
0.976851 5.037761794012541e-05 1.52956279122146e-05 1.240642381775654 3044
1.03431 6.478128287485972e-33 2.291729475728311e-33 1.42203088053888e-28 2736
1.09177 7.866902910875874e-33 2.551088269610708e-33 1.51364679294105e-28 2276
1.14924 9.263110885135386e-33 2.96201520254594e-33 1.585772908914102e-28 2016
1.2067 1.030803268122512e-32 3.442551316034349e-33 1.589048398346592e-28 1640
1.26416 1.154588908831837e-32 3.989423018125714e-33 1.609620655747474e-28 1056
1.32162 1.394413936795605e-32 3.897988856491661e-33 1.740154050664904e-28 683
1.37908 1.703422734880571e-32 5.186948241797721e-33 1.95020735779885e-28 350
1.43654 1.902421967138447e-32 6.502716855383377e-33 2.008022528040174e-28 192
1.49401 2.304340996799486e-32 5.501648224712277e-33 2.194408756968485e-28 44
1.55147 1.980810204762094e-32 8.792965465496919e-33 1.781890937126694e-28 25


0.0574618 1.033722329990213e-07 2.613762147936639e-10 4.568732368291733 18
0.114924 7.801661419276409e-07 7.025390322882118e-08 5.519467677103576 62
0.172385 6.467810817142274e-07 5.718889120485221e-07 3.630008392692583 98
0.229847 5.55951276704282e-07 1.996138721509299e-06 3.889445113362229 210
0.287309 9.118908660830603e-06 7.477012203846615e-07 4.60846012410506 350
0.344771 6.430461687880202e-06 2.808843816635924e-06 2.994073815650246 450
0.402233 6.398385448915965e-06 4.022334212498303e-06 2.222466140221173 602
0.459694 1.669609205139083e-05 2.040600047768566e-06 2.559165204110098 762
0.517156 9.540171933398766e-06 5.913378827296074e-06 1.583593318557674 1142
0.574618 2.046546532978243e-05 4.173122283693343e-06 1.92341733868862 1250
0.63208 1.740702174358191e-05 7.096184726517107e-06 1.464531822013461 1458
0.689542 2.079999898412768e-05 8.173393102184557e-06 1.384302610938447 1814
0.747003 2.816453975986505e-05 8.486668133916043e-06 1.463550177652131 2178
0.804465 3.366431238565403e-05 9.75712923522823e-06 1.454305655823441 2498
0.861927 4.00143820647235e-05 1.251237584373223e-05 1.478506833163366 2622
0.919389 4.249309586995687e-05 1.321296509635596e-05 1.346110451471668 3191
0.976851 3.858797039780842e-05 1.498781226523022e-05 1.090374245484275 3044
1.03431 6.49509241863999e-33 2.047035591680302e-33 1.570580096230074e-28 2736
1.09177 7.141177844864309e-33 2.487669879206982e-33 1.539834131285778e-28 2276
1.14924 8.52719981047799e-33 2.975063589078645e-33 1.635425593792186e-28 2016
1.2067 9.897486776686579e-33 3.289346420646552e-33 1.694577195454099e-28 1640
1.26416 1.106650252946828e-32 3.812660371135573e-33 1.712932133245486e-28 1056
1.32162 1.108878343294411e-32 4.510682373371728e-33 1.574891994065367e-28 683
1.37908 1.405180313991389e-32 5.718267344410681e-33 1.818072446198288e-28 350
1.43654 1.810205643606467e-32 5.974491158706852e-33 2.113137688190943e-28 192
1.49401 1.705796382612092e-32 6.807564703058352e-33 1.845853936786508e-28 44
1.55147 2.321661650520098e-32 6.726732687620614e-33 2.260134371852984e-28 25


0.0574618 2.866053378312949e-08 2.078115544505366e-08 4.457619730921055 18
0.114924 3.850400097652511e-08 2.752431850744228e-07 5.097699666637316 62
0.172385 3.356893065965326e-07 5.78005005224974e-07 3.55694886734828 98
0.229847 4.311379162402091e-06 4.886852174076059e-07 4.82306642609508 210
0.287309 6.244694143419488e-06 1.246037111743869e-06 4.24458294167424 350
0.344771 2.096729150347665e-06 3.63692302077923e-06 2.49622614771859 450
0.402233 1.381521696007821e-05 8.229480225814822e-07 3.099622074133635 602
0.459694 4.153089617799314e-06 5.277096829080336e-06 1.602965763289846 762
0.517156 1.640918483210376e-05 2.531755247709679e-06 2.150457201849975 1142
0.574618 1.063948466904693e-05 6.103338699245222e-06 1.440396997460017 1250
0.63208 1.902187367442313e-05 4.993999783668264e-06 1.631785123786886 1458
0.689542 2.015910356758967e-05 6.54999863924938e-06 1.44114695376174 1814
0.747003 2.498423990370063e-05 7.380078124542555e-06 1.438874872758837 2178
0.804465 2.617191435709781e-05 9.702670554051426e-06 1.304250912406677 2498
0.861927 3.201229643601349e-05 1.20345832353659e-05 1.347931604762386 2622
0.919389 3.48558909176419e-05 1.243531591712274e-05 1.244902000424554 3191
0.976851 3.941538532496939e-05 1.132199945333227e-05 1.188960620744016 3044
1.03431 5.966920153779347e-33 2.051758308757547e-33 1.608633712699733e-28 2736
1.09177 7.042592706360021e-33 2.340629921372496e-33 1.668321558428305e-28 2276
1.14924 8.312612581477515e-33 2.807503465738433e-33 1.75287538786133e-28 2016
1.2067 8.989879640090523e-33 3.247173970450161e-33 1.708610316562347e-28 1640
1.26416 1.072847843592571e-32 3.52475493668614e-33 1.821311465445391e-28 1056
1.32162 1.277391376784086e-32 3.597242801603375e-33 1.942986314396375e-28 683
1.37908 1.626027686592592e-32 4.623738868837516e-33 2.256606729759165e-28 350
1.43654 1.608703788911961e-32 6.276832840618326e-33 2.087336925090837e-28 192
1.49401 1.965448955714757e-32 4.883460608631207e-33 2.274169231725694e-28 44
1.55147 1.986228445004962e-32 5.490667771336834e-33 2.117105649434205e-28 25


0.0574618 8.257133753336355e-09 2.407635793284049e-08 4.426980836027006 18
0.114924 3.52699944903354e-07 1.387310433681593e-07 5.321486437636562 62
0.172385 1.702948641715088e-06 4.891980607368023e-08 4.089159236283336 98
0.229847 3.92622569496053e-06 4.034292569269521e-07 4.820761219419976 210
0.287309 1.058624052704314e-06 2.586611517218535e-06 3.381356154380179 350
0.344771 9.578920488966173e-06 6.733752957532931e-07 3.637293003073573 450
0.402233 5.260454959724446e-06 3.053152047616327e-06 2.249711574387323 602
0.459694 9.653568717651025e-06 2.699867271316182e-06 2.159900786250955 762
0.517156 9.871314443583968e-06 3.808978697089578e-06 1.753688227005512 1142
0.574618 1.372231683292186e-05 3.991458396982546e-06 1.705521523082111 1250
0.63208 1.433744753569481e-05 5.281718377193975e-06 1.463230462778255 1458
0.689542 1.907343786642709e-05 5.422268483202475e-06 1.470609705868549 1814
0.747003 1.824986478101339e-05 7.853874820257036e-06 1.248903504786495 2178
0.804465 2.437067370618889e-05 8.230450453764388e-06 1.318576875639481 2498
0.861927 3.152248254923389e-05 9.64653475684151e-06 1.416615671713759 2622
0.919389 3.246587351444357e-05 1.052600591681965e-05 1.258353628213867 3191
0.976851 3.111762055109871e-05 1.134232709873717e-05 1.061083621106605 3044
1.03431 5.713989270707297e-33 1.968900614440029e-33 1.690660288433996e-28 2736
1.09177 6.875920389684349e-33 2.228860519887397e-33 1.779694755624903e-28 2276
1.14924 8.211170730020942e-33 2.661756662236746e-33 1.888338485800281e-28 2016
1.2067 9.350622744603378e-33 2.843017778395639e-33 1.914201319349675e-28 1640
1.26416 1.010920701259701e-32 3.463914640645814e-33 1.882665775387895e-28 1056
1.32162 1.073004261111917e-32 4.039736287721666e-33 1.82293170931974e-28 683
1.37908 1.348912163268049e-32 5.471471875294401e-33 2.098463459539176e-28 350
1.43654 1.673242319610194e-32 4.927667610646392e-33 2.325255917608755e-28 192
1.49401 1.369201466965364e-32 6.787982750600293e-33 1.810636939872199e-28 44
1.55147 1.880249766863835e-32 7.19529332333939e-33 2.227089714442321e-28 25


0.0574618 6.453673338689354e-08 2.686627975254754e-09 4.535865605185719 18
0.114924 6.776705523547723e-07 4.948688194817335e-09 5.571181712945585 62
0.172385 9.991382530781244e-07 2.18245485566793e-07 3.868246989629508 98
0.229847 4.576181889700928e-07 1.371377005725043e-06 4.002584934135907 210
0.287309 5.016430107193793e-06 9.685955439705184e-07 4.205139004481313 350
0.344771 6.217288571037244e-06 1.388304159226328e-06 3.234051298411776 450
0.402233 3.481255962219006e-06 3.135479851828223e-06 2.098510991323816 602
0.459694 1.19545051443177e-05 1.325975841638536e-06 2.462907575484728 762
0.517156 6.953270582695039e-06 4.030985182316886e-06 1.585138745668371 1142
0.574618 1.359060335341841e-05 3.146015160176366e-06 1.772866916649711 1250
0.63208 1.299728425878475e-05 4.673131105614122e-06 1.453417777476706 1458
0.689542 1.398695131991005e-05 5.882815482617116e-06 1.291030251648374 1814
0.747003 2.058865526634204e-05 5.61905540281878e-06 1.415180099259127 2178
0.804465 2.331147449170107e-05 6.876314221710559e-06 1.350754682477444 2498
0.861927 2.725908343437823e-05 8.961149862775971e-06 1.354464633167002 2622
0.919389 2.918440615007138e-05 9.38736149589824e-06 1.234402088532627 3191
0.976851 2.876311992638427e-05 9.852892523487596e-06 1.061749447841178 3044
1.03431 5.818736589130384e-33 1.78946916926029e-33 1.851149678465021e-28 2736
1.09177 6.287276823447228e-33 2.278597537692145e-33 1.796800358913926e-28 2276
1.14924 7.683903256763177e-33 2.684824667911499e-33 1.938434899209366e-28 2016
1.2067 8.287952890099841e-33 3.036176342036501e-33 1.878228750452056e-28 1640
1.26416 9.803490074200566e-33 3.414747783183149e-33 1.987503001791098e-28 1056
1.32162 1.137618860927664e-32 3.536888045881533e-33 2.064740877838829e-28 683
1.37908 1.540065223301101e-32 4.375525872667818e-33 2.529334539700753e-28 350
1.43654 1.396720698675259e-32 5.553746583429052e-33 2.151644815649618e-28 192
1.49401 2.169905144879447e-32 3.908574623617817e-33 2.920707368523534e-28 44
1.55147 2.015907934781373e-32 5.708609604617563e-33 2.537870565749202e-28 25


