0.0456435 6.146618715035406e-06 7.422498345685003e-07 0.6599759757035641 18
0.091287 4.024428506079251e-05 6.87848350423523e-06 1.111312615738951 62
0.13693 0.0001328625023479135 1.939414305825124e-05 1.558558576260184 98
0.182574 0.0003171772763181684 6.716752028668043e-05 2.065124684795135 210
0.228217 0.0006381531847871575 0.0001507480613586335 2.684308500666839 350
0.273861 0.0009352006575732009 0.0002503954463852117 2.741626372171389 450
0.319504 0.001515774057299305 0.0003896919301203268 3.234438186276102 602
0.365148 0.00208376411474801 0.0006259067244020322 3.384767307702476 762
0.410791 0.002747544140211546 0.001081013837492295 3.542714110590691 1142
0.456435 0.003604260167741176 0.001487452057696584 3.776340862145215 1250
0.502078 0.004420386964021704 0.002104862380189674 3.8152383272196 1458
0.547722 0.005979073945865887 0.002795785739660312 4.322081953523082 1814
0.593365 0.006902853019663829 0.003789559844170658 4.25777393661208 2178
0.639009 0.008597693899830922 0.004973497770676484 4.57453401757331 2498
0.684652 0.01014720654109779 0.006732016200313645 4.691539289807417 2622
0.730296 0.01143595078222377 0.008254702644914317 4.643675535233186 3338
0.775939 0.01294812041601067 0.01013872399794656 4.66506945532048 3722
0.821583 0.01503541160370594 0.01273856918521585 4.837193271575398 4170
0.867226 0.01676394632899546 0.01555675391451938 4.836098953265017 4358
0.91287 0.01829279947812261 0.01933141705221262 4.758815274123098 5034
0.958513 0.02103452995655455 0.02307285166982832 4.965980158071038 5714
1.00416 0.007940339247801737 0.009209134596791587 1.708232271825213 5982
1.0498 8.86567621529843e-34 6.543327597952794e-34 1.742414695483243e-31 6602
1.09544 9.522991274114753e-34 7.186966937940152e-34 1.71786605140545e-31 7130
1.14109 1.000361600705635e-33 7.447787068755108e-34 1.663319493531708e-31 8034
1.18673 1.101426556349033e-33 8.16088300142937e-34 1.693910019263348e-31 8606
1.23237 1.185573563183993e-33 8.410522628673611e-34 1.690576269884142e-31 9066
1.27802 1.221633435991629e-33 9.242601222899054e-34 1.619757276920852e-31 9962
1.32366 1.329386784089456e-33 9.922812909179162e-34 1.643130869992692e-31 10550
1.3693 1.38748211579608e-33 9.893248604697745e-34 1.602120282962013e-31 11226
1.41495 1.483208749523312e-33 1.063627986024885e-33 1.603647698307182e-31 12146
1.46059 1.467768518601858e-33 1.119157849208884e-33 1.488678982928395e-31 12303
1.50624 1.489063254207754e-33 1.123032953518211e-33 1.419644043451997e-31 12584
1.55188 1.496268258345266e-33 1.157079487789461e-33 1.344266466579153e-31 12120
1.59752 1.409291435656708e-33 1.152213553383925e-33 1.194720254177004e-31 11180
1.64317 1.421089687408301e-33 1.105741012079747e-33 1.138582418294688e-31 11096
1.68881 1.373956056468514e-33 1.084926965927275e-33 1.042210657737486e-31 10056
1.73445 1.310285109349016e-33 9.921429134342786e-34 9.422597988832094e-32 9716
1.7801 1.320442045192477e-33 9.768640223359061e-34 9.013880717004838e-32 8604
1.82574 1.336861432869513e-33 1.006291545365983e-33 8.673456963084297e-32 8060
1.87138 1.437727612720281e-33 1.067549425196687e-33 8.878542134775637e-32 7320
1.91703 1.422387265012372e-33 1.087293592546888e-33 8.373930710564597e-32 6356
1.96267 1.552148170211388e-33 1.190236306735997e-33 8.716166242505372e-32 5348
2.00831 1.575054562062395e-33 1.156241286431048e-33 8.443836850259438e-32 4308
2.05396 1.50129853803438e-33 1.129314339521717e-33 7.695319316943321e-32 3563
2.0996 1.549166762424295e-33 1.120548047558667e-33 7.602024503170522e-32 2448
2.14524 1.450621053113303e-33 1.122636432542518e-33 6.815455838524337e-32 1868
2.19089 1.488994387948922e-33 1.04451680113775e-33 6.701935073866742e-32 1358
2.23653 1.565454776031208e-33 1.1437599633548e-33 6.759554084533579e-32 1062
2.28217 1.589131570284091e-33 1.308744011983977e-33 6.599147445714596e-32 776
2.32782 1.556285377544029e-33 1.452482451773695e-33 6.220402659028078e-32 432
2.37346 2.170772372674309e-33 1.281160968922781e-33 8.317585010320121e-32 200
2.41911 1.902486510625655e-33 1.318915674288705e-33 7.005057882844582e-32 168
2.46475 1.983192397428011e-33 1.317357371444221e-33 7.04691579445753e-32 56
2.51039 1.160011569117937e-33 9.423621614419941e-34 3.977803176329041e-32 7


0.0456435 4.287242052941808e-05 6.340187103597883e-07 90.47623677930071 18
0.091287 0.0003746357153122791 5.470571251549599e-07 131.0525076682703 62
0.13693 0.0009022398187856136 8.260653669534081e-06 122.0499756441965 98
0.182574 0.001707622572538845 0.0001259052892758789 125.5890230586538 210
0.228217 0.0009465670457283148 0.0005720359042762314 51.28827775397576 350
0.273861 0.0001458805269516447 0.000870211622363468 11.30489002009901 450
0.319504 0.002274390729861047 0.0005451626262551898 52.71004517038704 602
0.365148 0.004843948790936905 5.547357469792513e-05 81.26176674046073 762
0.410791 0.002263889634619379 0.000588250892242062 30.87457322400999 1142
0.456435 0.0005204419462890295 0.0009662504252989263 6.593600032297692 1250
0.502078 0.003629470576909466 0.0002047041868640358 32.13872789916832 1458
0.547722 0.002805674737459238 0.0003868752376258722 20.87946306315382 1814
0.593365 0.0005708208819304573 0.0008406297030682062 3.897205025981272 2178
0.639009 0.003057905448801937 0.0001962695629670483 16.61131277726973 2498
0.684652 0.001927763638200638 0.0004912981670037938 9.163211516855723 2622
0.730296 0.001064628708309015 0.0006196726485650246 4.493157950505731 3338
0.775939 0.002554860602352012 0.0002720699195091534 9.382041690221483 3722
0.821583 0.00142460753156019 0.0005887351126433024 4.711413417587965 4170
0.867226 0.001943566875647396 0.000487944596487403 5.728784325434686 4358
0.91287 0.002115347918062845 0.0005367354971245641 5.61658451490945 5034
0.958513 0.002040198642566279 0.000616094198641565 4.917753735195894 5714
1.00416 0.0008852759016437082 0.0001965327354930025 1.939703789437734 5982
1.0498 6.76019313226467e-33 1.983941048062171e-33 1.355335992597319e-29 6602
1.09544 7.386892282748328e-33 2.275738749452707e-33 1.358903609171994e-29 7130
1.14109 8.286487055718775e-33 2.535249966575815e-33 1.404331339957473e-29 8034
1.18673 9.661243794720479e-33 2.889762944685003e-33 1.513662597115918e-29 8606
1.23237 1.058847921995759e-32 3.129274954967948e-33 1.537525571095487e-29 9066
1.27802 1.166667280615195e-32 3.692334880111534e-33 1.574929020196968e-29 9962
1.32366 1.276047738432434e-32 4.090862880455874e-33 1.60538527422272e-29 10550
1.3693 1.43538888017858e-32 4.543113221727446e-33 1.686505415540347e-29 11226
1.41495 1.548180753756778e-32 5.086059527695667e-33 1.70303279259659e-29 12146
1.46059 1.675131056099702e-32 5.599293975791201e-33 1.728167855092312e-29 12303
1.50624 1.820859984700678e-32 6.132522858860366e-33 1.765440829593866e-29 12584
1.55188 1.911917378404968e-32 6.834862334532838e-33 1.746717955468758e-29 12120
1.59752 2.143247315795517e-32 7.325801209760232e-33 1.846983994132434e-29 11180
1.64317 2.305693594610638e-32 8.282946582558916e-33 1.877870085405915e-29 11096
1.68881 2.456112985517999e-32 9.035595638913267e-33 1.89367308000231e-29 10056
1.73445 2.751684370556047e-32 9.602316492077642e-33 2.010743590090934e-29 9716
1.7801 2.768134524959511e-32 1.073940757686439e-32 1.920326610495806e-29 8604
1.82574 3.006812493680141e-32 1.170860966088717e-32 1.982200201900376e-29 8060
1.87138 3.231029114707905e-32 1.279346252959156e-32 2.027219156273065e-29 7320
1.91703 3.595561826929186e-32 1.363114477697706e-32 2.150103701587714e-29 6356
1.96267 3.581494981940513e-32 1.465308558670582e-32 2.04300001063322e-29 5348
2.00831 3.957026417139721e-32 1.729809037646813e-32 2.154985895594429e-29 4308
2.05396 3.979316015271274e-32 1.676267793613808e-32 2.07160306237582e-29 3563
2.0996 4.545283529403369e-32 1.948706663631936e-32 2.265171708751992e-29 2448
2.14524 4.830305396915327e-32 2.056161918879414e-32 2.304460021883799e-29 1868
2.19089 4.832609662469812e-32 2.175817195897447e-32 2.208763100132733e-29 1358
2.23653 5.260376265559189e-32 2.302480408260463e-32 2.306218518749916e-29 1062
2.28217 5.454360650069062e-32 2.549233089410635e-32 2.299784733360754e-29 776
2.32782 6.540450123167338e-32 2.396862052006907e-32 2.653048957818949e-29 432
2.37346 6.042759671016658e-32 2.539270909454439e-32 2.350314969479092e-29 200
2.41911 6.577845025870113e-32 3.023797686474817e-32 2.458701164364985e-29 168
2.46475 6.280939700949063e-32 3.53164579887856e-32 2.265946297494466e-29 56
2.51039 9.830851267789541e-32 4.924767707130377e-32 3.421197515276617e-29 7


0.0456435 5.952565260415204e-06 2.424806942191524e-06 67.39229723965769 18
0.091287 1.939612701090272e-05 2.577354691311424e-05 55.88592080971543 62
0.13693 2.512218753870251e-06 7.310744536154695e-05 28.80744710333488 98
0.182574 0.0001491462223675032 0.0001485401226156868 40.93346336592452 210
0.228217 0.001056808638954307 6.786669869876982e-05 96.36900303307964 350
0.273861 0.001435765262851436 4.40309049163289e-05 86.73723491970584 450
0.319504 0.0004019492699256797 0.0003127024645010364 21.97449118364731 602
0.365148 0.0006370087421544618 0.0002798828416082568 23.13045163468209 762
0.410791 0.001620454582681609 5.797401567176884e-05 41.54417160739752 1142
0.456435 0.0002837019154198518 0.0003463868741523529 7.130972221348098 1250
0.502078 0.00122933431616114 0.0001187250012353463 21.06549554364054 1458
0.547722 0.0008597300236370584 0.0001941078929898649 12.48260119263719 1814
0.593365 0.0006653251774357723 0.0002118167076548428 8.273630586229435 2178
0.639009 0.0009813435960405921 0.0001273372880061515 10.27576904762869 2498
0.684652 0.0005194964550389364 0.0002304496206257153 4.83667563318321 2622
0.730296 0.0008890793510054755 0.0001224352704533027 7.071514032230041 3338
0.775939 0.0006102132467968123 0.0001942882412406418 4.347871056493116 3722
0.821583 0.0007808518959535775 0.0001625995527911814 4.921759394441992 4170
0.867226 0.0007872795155044997 0.0001769732034983585 4.445149591514999 4358
0.91287 0.0007474449648942084 0.0002184296541782653 3.810844498803422 5034
0.958513 0.0009656966621435506 0.0001867034223576706 4.44205265172824 5714
1.00416 0.0003227631975028267 8.00874733019824e-05 1.354234559745126 5982
1.0498 5.640567955075397e-33 1.395263763291081e-33 2.16134177932577e-29 6602
1.09544 6.516504112797447e-33 1.629582630484409e-33 2.289802580212553e-29 7130
1.14109 7.191288429957091e-33 1.832889174663104e-33 2.327586122495092e-29 8034
1.18673 8.179051962484331e-33 2.088105095778476e-33 2.446720595099075e-29 8606
1.23237 9.120141924348112e-33 2.307785642249635e-33 2.527879225829834e-29 9066
1.27802 9.984949069733063e-33 2.64979696527439e-33 2.572212403904626e-29 9962
1.32366 1.101875794944945e-32 2.900082484506416e-33 2.644723264696335e-29 10550
1.3693 1.211203987106219e-32 3.233636955214065e-33 2.714611424189037e-29 11226
1.41495 1.321568706820213e-32 3.514492635444276e-33 2.772165778715847e-29 12146
1.46059 1.44153400255602e-32 3.878784808828362e-33 2.835441254581297e-29 12303
1.50624 1.582132697226169e-32 4.293969501025578e-33 2.924286074904499e-29 12584
1.55188 1.685100104872963e-32 4.630396969383471e-33 2.934020984282007e-29 12120
1.59752 1.790792717629826e-32 5.216729323844062e-33 2.9419445255625e-29 11180
1.64317 1.954823794047264e-32 5.632253642693224e-33 3.034044219971776e-29 11096
1.68881 2.115595585584036e-32 6.057011349284782e-33 3.107841636794895e-29 10056
1.73445 2.285452592676983e-32 6.612448196094695e-33 3.18216105789828e-29 9716
1.7801 2.448638198755243e-32 7.189264775620609e-33 3.235795190511688e-29 8604
1.82574 2.628960242140377e-32 8.094852586629165e-33 3.301612143079514e-29 8060
1.87138 2.855060551657414e-32 8.662555314347745e-33 3.411880843459846e-29 7320
1.91703 3.015988261253211e-32 9.278346527566693e-33 3.435384538061382e-29 6356
1.96267 3.179762875142636e-32 9.656349021411253e-33 3.453967877121895e-29 5348
2.00831 3.462080874010386e-32 1.098510476076228e-32 3.59011731983227e-29 4308
2.05396 3.652642831514233e-32 1.130762602846491e-32 3.620527524554874e-29 3563
2.0996 3.909878860438926e-32 1.27461479745523e-32 3.710183327327309e-29 2448
2.14524 4.143491504638225e-32 1.460158036527336e-32 3.764765993278217e-29 1868
2.19089 4.349417081666815e-32 1.475764986235279e-32 3.784925131887641e-29 1358
2.23653 4.401529986822917e-32 1.521380888580501e-32 3.674240746962802e-29 1062
2.28217 5.213479421017156e-32 1.583970071945037e-32 4.183441612606055e-29 776
2.32782 5.252111875852151e-32 1.828496429353876e-32 4.057098018578868e-29 432
2.37346 5.790626767511097e-32 1.475344818652455e-32 4.285321255317535e-29 200
2.41911 5.61786939852972e-32 1.805041084949993e-32 3.996505189497547e-29 168
2.46475 7.638703688269934e-32 2.087360001398848e-32 5.241917820879282e-29 56
2.51039 1.061770779786416e-31 1.888313696416619e-32 7.022683305865246e-29 7


0.0456435 3.223417559120815e-06 1.350348372489121e-06 67.58741992462025 18
0.091287 4.859818416863903e-05 6.490817341911546e-06 79.66942279628438 62
0.13693 0.0001823525913703028 3.570240378348131e-06 81.56631996787797 98
0.182574 0.0004557899605718785 7.108669107694896e-06 101.0585109904316 210
0.228217 0.0002628696749407834 0.000107346790786695 47.65154107317474 350
0.273861 0.0001198524891637336 0.0001649251143564298 20.49898615217765 450
0.319504 0.0008805649213234973 3.607013645906273e-05 57.73126757750786 602
0.365148 0.0005310506725164551 0.0001218897001932676 27.98616331160925 762
0.410791 0.000362558893957019 0.0001462186937260733 15.53878989510106 1142
0.456435 0.0008105647669924379 5.44730464095276e-05 25.23243731473054 1250
0.502078 0.0001881885630632949 0.0001739640350213483 5.686508955461563 1458
0.547722 0.0007660152325845528 4.620212622642358e-05 16.21418585786592 1814
0.593365 0.0002386871795991189 0.0001473748175099711 4.672383882511917 2178
0.639009 0.0006016142101593749 5.971149721140531e-05 9.343395163106132 2498
0.684652 0.0003240070638196731 0.0001206424229003014 4.501381986148879 2622
0.730296 0.0004439624086345089 8.067610082781658e-05 5.273332506955704 3338
0.775939 0.0004089314468473185 9.288910128058739e-05 4.312858322225045 3722
0.821583 0.0003970421903907547 9.967987021187674e-05 3.733830114811049 4170
0.867226 0.0004589127655656625 9.489773053218617e-05 3.845018265145178 4358
0.91287 0.0004826886917187454 0.0001063370575430914 3.641648298540143 5034
0.958513 0.0004755897062623251 0.0001200331139656173 3.256136834058337 5714
1.00416 0.0001857415649869447 4.318469133477947e-05 1.155270341831224 5982
1.0498 4.869371035121808e-33 1.12315366277141e-33 2.76434216254539e-29 6602
1.09544 5.641066918404342e-33 1.339891804382052e-33 2.936248984049837e-29 7130
1.14109 6.143289770309671e-33 1.549872133111325e-33 2.945885120784176e-29 8034
1.18673 6.904015062526311e-33 1.724280587575655e-33 3.058305679591754e-29 8606
1.23237 7.836960108829999e-33 1.907843045862238e-33 3.21505754619468e-29 9066
1.27802 8.654623490373993e-33 2.138976017430758e-33 3.298554309423357e-29 9962
1.32366 9.498702398486706e-33 2.37326254222962e-33 3.372497244016245e-29 10550
1.3693 1.063821183006063e-32 2.606251368543608e-33 3.525527881450799e-29 11226
1.41495 1.190196002246777e-32 2.876994031972261e-33 3.690498352268182e-29 12146
1.46059 1.274529157002481e-32 3.212138357727055e-33 3.705969487623128e-29 12303
1.50624 1.391062155711593e-32 3.5229689863593e-33 3.800225549170111e-29 12584
1.55188 1.497904291613561e-32 3.756048412638615e-33 3.853863446179812e-29 12120
1.59752 1.588451010131109e-32 4.161559372512599e-33 3.855432682709558e-29 11180
1.64317 1.758343027501123e-32 4.594964860003034e-33 4.031838816721972e-29 11096
1.68881 1.848741148800951e-32 4.93607957728547e-33 4.012310404528833e-29 10056
1.73445 1.956809290502469e-32 5.410596563262815e-33 4.025331664291199e-29 9716
1.7801 2.202722729885447e-32 5.802618389579772e-33 4.298736716452892e-29 8604
1.82574 2.419686255581369e-32 6.284759473014812e-33 4.486291037922849e-29 8060
1.87138 2.575207348104856e-32 6.761349944514714e-33 4.54353436259858e-29 7320
1.91703 2.714062455596184e-32 7.344762335392075e-33 4.564206709453444e-29 6356
1.96267 2.867599336779903e-32 7.766253660381405e-33 4.598736962025469e-29 5348
2.00831 3.114823252158098e-32 8.607482942984344e-33 4.768091909653521e-29 4308
2.05396 3.25460825357774e-32 8.934070112526985e-33 4.762150812736811e-29 3563
2.0996 3.597664806388236e-32 9.781785545778332e-33 5.038315808905686e-29 2448
2.14524 3.954798591624642e-32 1.078192090839321e-32 5.301623986169198e-29 1868
2.19089 4.024897616592393e-32 1.109936217975604e-32 5.168307879907768e-29 1358
2.23653 4.043485921904623e-32 1.225909530698864e-32 4.981807206969028e-29 1062
2.28217 4.255320245681453e-32 1.390659129184061e-32 5.04233669798081e-29 776
2.32782 4.856481912519689e-32 1.535857824344762e-32 5.537274387543458e-29 432
2.37346 4.920163553971484e-32 1.311148773453038e-32 5.374819291885076e-29 200
2.41911 4.687935691618841e-32 1.64908166068593e-32 4.924702318175229e-29 168
2.46475 6.035519027078577e-32 1.716529378026298e-32 6.113020931267923e-29 56
2.51039 8.472991239756812e-32 1.197160381821353e-32 8.266608445927533e-29 7


0.0456435 6.059719560639877e-06 9.306908786173172e-08 76.37261747213059 18
0.091287 3.763794157938113e-05 3.211569314518243e-06 81.56432553479281 62
0.13693 4.021967608852879e-05 1.888108184154306e-05 48.64569174710162 98
0.182574 1.399007053700565e-05 6.328982229143713e-05 33.60657740742931 210
0.228217 0.0002610298507561467 5.162928961224368e-05 57.66474721330913 350
0.273861 0.000547715544050989 1.219209927299432e-05 67.60293815882984 450
0.319504 0.0001316124429845029 0.0001173445427194942 17.93256820578986 602
0.365148 0.0004247511488825416 6.336404739905289e-05 29.58343712070022 762
0.410791 0.0003740036934322226 6.879876857644705e-05 20.38497886765723 1142
0.456435 0.0003051818207699451 8.316124901181464e-05 13.61109840784639 1250
0.502078 0.0003870291366457125 5.929008659331298e-05 13.48806980853415 1458
0.547722 0.0003038772208974568 7.271555079674449e-05 8.957733721761844 1814
0.593365 0.0002724382011988548 7.249496986667573e-05 6.804348281482705 2178
0.639009 0.0003674443327981779 4.532006521224987e-05 7.642512553399198 2498
0.684652 0.0001948169024399363 8.341728743899217e-05 3.671015706973206 2622
0.730296 0.0003067757947658008 4.987318283272859e-05 4.84949058728616 3338
0.775939 0.0002710494766296938 6.078458983662595e-05 3.814097381501867 3722
0.821583 0.0002670211425372811 6.42084658391733e-05 3.346336045302199 4170
0.867226 0.0002912827617670584 6.491581787874104e-05 3.254937435738417 4358
0.91287 0.0003334410845127205 6.654609500214353e-05 3.342183562897157 5034
0.958513 0.0003053483253956106 8.04778212575135e-05 2.78516692195254 5714
1.00416 0.0001324293943936354 2.618467282350746e-05 1.092430120336295 5982
1.0498 4.306757930068233e-33 9.906601267745526e-34 3.249551170462396e-29 6602
1.09544 5.14552888415226e-33 1.154162912465304e-33 3.555505816603858e-29 7130
1.14109 5.765596105009553e-33 1.29406570090864e-33 3.666545354617358e-29 8034
1.18673 6.443801123994846e-33 1.444813209306195e-33 3.785055492479829e-29 8606
1.23237 6.973857626141081e-33 1.648290778918136e-33 3.795901920879467e-29 9066
1.27802 7.724601380926276e-33 1.826849484340721e-33 3.904504474728876e-29 9962
1.32366 8.553792180258689e-33 2.019060754025935e-33 4.026593128425576e-29 10550
1.3693 9.398470280070836e-33 2.276665966076329e-33 4.130462997281087e-29 11226
1.41495 1.07171356485175e-32 2.484952076912171e-33 4.404452545639577e-29 12146
1.46059 1.150516022305962e-32 2.738762689702172e-33 4.433096988043708e-29 12303
1.50624 1.24930732961164e-32 2.982831840660503e-33 4.521876087495868e-29 12584
1.55188 1.366785720936204e-32 3.234269757625102e-33 4.658335327839703e-29 12120
1.59752 1.444262850864483e-32 3.534600085554394e-33 4.643096937291017e-29 11180
1.64317 1.590998855677846e-32 3.924919502167095e-33 4.831814972327464e-29 11096
1.68881 1.689115679532137e-32 4.173270672244017e-33 4.854269204229419e-29 10056
1.73445 1.799152836541857e-32 4.592152945127663e-33 4.900530933622281e-29 9716
1.7801 2.037924217341931e-32 4.859324632515421e-33 5.264671150638453e-29 8604
1.82574 2.137943182091538e-32 5.547188089305282e-33 5.249711907423626e-29 8060
1.87138 2.284972418993441e-32 5.909862586991506e-33 5.338305525076144e-29 7320
1.91703 2.469128089774537e-32 6.19383711757095e-33 5.496238738244769e-29 6356
1.96267 2.587448436592546e-32 6.884072624761874e-33 5.493736779327909e-29 5348
2.00831 2.82272310918629e-32 7.346056582963458e-33 5.719241090474975e-29 4308
2.05396 2.966684861798305e-32 7.717826838681127e-33 5.745294148555429e-29 3563
2.0996 3.217531330254857e-32 8.590090934380203e-33 5.964515946932548e-29 2448
2.14524 3.583048040802394e-32 9.428289629178045e-33 6.357229894496714e-29 1868
2.19089 3.746234317802333e-32 9.842500812659295e-33 6.366140938241123e-29 1358
2.23653 3.947167510511165e-32 1.088967232089973e-32 6.434829067570652e-29 1062
2.28217 3.841814605168555e-32 1.126663776930172e-32 6.023333672480846e-29 776
2.32782 4.268446312910125e-32 1.226803480720176e-32 6.438827990636079e-29 432
2.37346 4.126994289537842e-32 1.242614260561296e-32 5.968864297370622e-29 200
2.41911 4.292077266655875e-32 1.399607008006717e-32 5.9660994533213e-29 168
2.46475 6.109902092044362e-32 1.702757233285844e-32 8.189344896576415e-29 56
2.51039 3.633134090823913e-32 1.113507254774124e-32 4.698794366002883e-29 7


0.0456435 3.764193665156011e-08 9.511662136604245e-07 64.95815301529629 18
0.091287 2.404572866617672e-06 7.33624999163105e-06 60.039635807314 62
0.13693 3.858886192512073e-05 1.152201592214245e-05 52.47489558515832 98
0.182574 0.0002005378551568777 6.484979222982594e-06 81.97204892743694 210
0.228217 0.0002488386828605325 2.527901597593935e-05 65.11464192178326 350
0.273861 3.224091037183047e-05 8.341516366804589e-05 17.6963197565086 450
0.319504 0.00037903977013807 2.546914016826878e-05 43.49953825796889 602
0.365148 0.0002291767843710273 6.235609277331729e-05 21.84071839983057 762
0.410791 0.0002596182183700047 5.118499868954457e-05 18.17378819338141 1142
0.456435 0.0002326219542076516 5.789800950454911e-05 13.13290449434673 1250
0.502078 0.0002811905595166355 4.186190533427868e-05 12.37526645123738 1458
0.547722 0.0001691686105878568 6.335505348457519e-05 6.556990517390165 1814
0.593365 0.0003057571506716967 2.890203973494023e-05 9.260476539758081 2178
0.639009 0.0001462483752246257 5.806937514045467e-05 4.048104226726242 2498
0.684652 0.0002270165069257431 4.164626595499301e-05 5.177698976265714 2622
0.730296 0.0002019073009747208 4.009658182982257e-05 4.028474530040147 3338
0.775939 0.0002030429485914069 4.225089510776619e-05 3.578042600534678 3722
0.821583 0.0001892977052906158 4.698988267107465e-05 2.979494279150652 4170
0.867226 0.0002236946565086283 4.384208336181486e-05 3.122001826484401 4358
0.91287 0.0002302385170716776 5.027641016994084e-05 2.894369327966244 5034
0.958513 0.0002307833562943215 5.564746244620664e-05 2.630329277297025 5714
1.00416 9.236728989759919e-05 1.960758027842777e-05 0.9538447585360682 5982
1.0498 3.97124814557462e-33 8.886709049718519e-34 3.744126640787503e-29 6602
1.09544 4.649831698291901e-33 1.031095967331599e-33 4.014369362479349e-29 7130
1.14109 5.282620661247786e-33 1.166681510901925e-33 4.195270629560389e-29 8034
1.18673 5.804282103050844e-33 1.3031197420611e-33 4.257304390578036e-29 8606
1.23237 6.347884581470213e-33 1.489988202016486e-33 4.313467095938205e-29 9066
1.27802 6.997077469424848e-33 1.670534095051054e-33 4.41510404926542e-29 9962
1.32366 7.878908385130135e-33 1.803968193646124e-33 4.626187640026356e-29 10550
1.3693 8.799293798501255e-33 2.029751673819851e-33 4.821944962825001e-29 11226
1.41495 9.608147875462932e-33 2.304684998084772e-33 4.92712818373103e-29 12146
1.46059 1.05462661819908e-32 2.464454982501013e-33 5.06671747729915e-29 12303
1.50624 1.132415350789784e-32 2.75648657168197e-33 5.111833737524905e-29 12584
1.55188 1.231770739308577e-32 2.880384279116457e-33 5.233070699619612e-29 12120
1.59752 1.33571053424407e-32 3.124949663997798e-33 5.350729198074676e-29 11180
1.64317 1.468443993552841e-32 3.544539233045061e-33 5.557453154377062e-29 11096
1.68881 1.566458294751946e-32 3.721366398696052e-33 5.608519873315244e-29 10056
1.73445 1.684202908611984e-32 4.037121610615327e-33 5.713980349358838e-29 9716
1.7801 1.870266662844375e-32 4.386406529050625e-33 6.0188718109116e-29 8604
1.82574 1.950238742703416e-32 4.866708802190096e-33 5.964715120249042e-29 8060
1.87138 2.125491518521661e-32 5.115734943343416e-33 6.183356168451804e-29 7320
1.91703 2.300992965845006e-32 5.54310970214982e-33 6.378542900624178e-29 6356
1.96267 2.321737553796924e-32 6.102430932239753e-33 6.140108330826792e-29 5348
2.00831 2.616547436386377e-32 6.389760824726107e-33 6.600661248687705e-29 4308
2.05396 2.812929151595684e-32 6.763392709631528e-33 6.781342196765575e-29 3563
2.0996 3.023585263730409e-32 7.569882332346341e-33 6.97790447434568e-29 2448
2.14524 3.148820661813895e-32 8.300499741057307e-33 6.95703149312284e-29 1868
2.19089 3.660064396381192e-32 8.393630824933064e-33 7.739428058632209e-29 1358
2.23653 3.564053390909429e-32 9.668011114811098e-33 7.23407912293812e-29 1062
2.28217 3.631003748263512e-32 9.524026908534466e-33 7.084465274918653e-29 776
2.32782 3.954727992690036e-32 1.089628126044797e-32 7.426498445962784e-29 432
2.37346 4.413431793388874e-32 1.000396014638367e-32 7.937426693141326e-29 200
2.41911 4.063228884507005e-32 1.10520414571342e-32 7.025760202883599e-29 168
2.46475 5.195395521802277e-32 1.167736436507162e-32 8.660321346109053e-29 56
2.51039 4.186701091766897e-32 1.257323938508821e-32 6.739737086423214e-29 7


0.0456435 2.958800597186248e-06 1.268204592484897e-07 73.32559384924279 18
0.091287 2.886283045742178e-05 9.09962329777525e-08 85.51636648482788 62
0.13693 6.22696775089422e-05 2.182183517567141e-06 67.1794559455285 98
0.182574 6.114969928684105e-05 2.401048857574248e-05 52.14802244371894 210
0.228217 4.957900781069086e-05 4.797652915959552e-05 34.36884090852135 350
0.273861 0.000301118690007466 6.874889937264053e-06 57.94212989011098 450
0.319504 0.0001310135663217327 5.257000356604797e-05 23.6526382175346 602
0.365148 0.0002073527131417084 4.064810856845304e-05 23.38293811730749 762
0.410791 0.0001902708393027537 4.119334289284756e-05 16.5022518552707 1142
0.456435 0.000228575135037659 3.339870691964152e-05 15.11049071848327 1250
0.502078 0.0001261124392770491 5.08740823443732e-05 7.415370554678607 1458
0.547722 0.0002509133007946071 2.27989147595886e-05 10.85170477683923 1814
0.593365 0.0001098290841122362 4.823042657979109e-05 4.429219223789247 2178
0.639009 0.0001756316343757134 3.101912808777113e-05 5.611942512449344 2498
0.684652 0.0001911890143941375 2.800699213480335e-05 5.22553355807656 2622
0.730296 0.0001375363275046936 3.429430158828924e-05 3.347298425774798 3338
0.775939 0.0001532524813695091 3.27525745615533e-05 3.261810677183036 3722
0.821583 0.0001531830619406762 3.411693088346094e-05 2.897506913431359 4170
0.867226 0.0001788597223832631 3.18407692569648e-05 2.998253877652854 4358
0.91287 0.0001665031960225835 4.05315713347331e-05 2.528461165456265 5034
0.958513 0.0001868796524886773 4.028707653065316e-05 2.556175411036141 5714
1.00416 6.822081825498606e-05 1.552332425862712e-05 0.848578987474724 5982
1.0498 3.741459080647896e-33 8.201678440933069e-34 4.238816958980322e-29 6602
1.09544 4.326872664119858e-33 9.302430494271062e-34 4.485900610158368e-29 7130
1.14109 4.849864727692404e-33 1.078628493171155e-33 4.627381406386486e-29 8034
1.18673 5.361943939737465e-33 1.197707852697412e-33 4.722750756639265e-29 8606
1.23237 6.032658189797418e-33 1.369559673471354e-33 4.918839586960594e-29 9066
1.27802 6.545824726711532e-33 1.511202802573774e-33 4.955427821355027e-29 9962
1.32366 7.365403379381403e-33 1.648188176443046e-33 5.18761195825268e-29 10550
1.3693 8.073558375176412e-33 1.868310604426959e-33 5.307749333307234e-29 11226
1.41495 9.154189830139693e-33 2.051691736727958e-33 5.625957499110099e-29 12146
1.46059 9.945503944871038e-33 2.208864942077064e-33 5.726629827017035e-29 12303
1.50624 1.083812966882579e-32 2.43692559395453e-33 5.86134079297213e-29 12584
1.55188 1.147294852384345e-32 2.65131415903154e-33 5.842874634618553e-29 12120
1.59752 1.235214049329571e-32 2.902653102560904e-33 5.931624692963558e-29 11180
1.64317 1.386426188947292e-32 3.173806168686927e-33 6.285821151270613e-29 11096
1.68881 1.428572091471343e-32 3.427993176100961e-33 6.130416102836341e-29 10056
1.73445 1.566897656068129e-32 3.70503026828476e-33 6.369299234997927e-29 9716
1.7801 1.691915326824166e-32 4.10910192717963e-33 6.525889358906259e-29 8604
1.82574 1.888673665750289e-32 4.380742713454706e-33 6.916780465571881e-29 8060
1.87138 1.952293905676079e-32 4.807960558388573e-33 6.805004902898364e-29 7320
1.91703 2.112034079424092e-32 5.098191738042724e-33 7.013253346260961e-29 6356
1.96267 2.215758544110341e-32 5.33454012826689e-33 7.014634117501472e-29 5348
2.00831 2.461755295726193e-32 5.824093690754399e-33 7.436236683091829e-29 4308
2.05396 2.500183339217574e-32 6.202840053986937e-33 7.220106439246296e-29 3563
2.0996 2.776606390857121e-32 7.166999501164517e-33 7.675201703878411e-29 2448
2.14524 3.051730171754444e-32 7.199561850462055e-33 8.069027805602791e-29 1868
2.19089 3.251793932147125e-32 7.92744938640247e-33 8.235808948565372e-29 1358
2.23653 3.314203531727965e-32 8.532200680951152e-33 8.052380331994665e-29 1062
2.28217 3.380024659350421e-32 8.419493400470314e-33 7.893563165897334e-29 776
2.32782 3.910840274728583e-32 9.909390558041163e-33 8.788567378218863e-29 432
2.37346 3.787118024524742e-32 9.723688023092714e-33 8.158208400020505e-29 200
2.41911 3.607747369374102e-32 9.843634803558582e-33 7.469161450063175e-29 168
2.46475 4.738115383198107e-32 1.023858168026721e-32 9.452931707247025e-29 56
2.51039 5.108724084718922e-32 1.553257411466391e-32 9.845597183804019e-29 7


0.0456435 1.407497176267518e-06 2.975648339859553e-07 70.27949630887981 18
0.091287 4.098921650491417e-06 3.945319860872626e-06 65.23870395250052 62
0.13693 9.440899637607062e-07 1.166803022162089e-05 40.51801451959766 98
0.182574 5.629688444693555e-05 1.744093222689934e-05 54.2734506003595 210
0.228217 0.0002047146549338142 4.411026771086926e-06 71.6358273767345 350
0.273861 5.246768602256422e-05 4.41069344607784e-05 24.2036005600179 450
0.319504 0.0001650729345686962 2.912369358742141e-05 30.49442584130194 602
0.365148 0.0001834928889250991 2.886466682519556e-05 24.08746088745939 762
0.410791 0.0001490761964579358 3.311345973915369e-05 15.49918160010466 1142
0.456435 0.0001275539821841835 3.813551103426089e-05 10.7814093893941 1250
0.502078 0.0002016353896439971 1.929894657482984e-05 12.43982928550072 1458
0.547722 8.596373763403761e-05 4.200532859343832e-05 5.061985775348573 1814
0.593365 0.0001689487612333093 2.140735192403445e-05 7.336190450545856 2178
0.639009 0.0001379499224666786 2.502134361784182e-05 5.195751219760647 2498
0.684652 0.0001015205628783696 3.306929034041431e-05 3.411172499950163 2622
0.730296 0.000124557622928204 2.415486648467771e-05 3.52229043304606 3338
0.775939 0.0001165461443706489 2.725807648530864e-05 2.924857403341488 3722
0.821583 0.0001333136510259836 2.475961855907044e-05 2.939003727801744 4170
0.867226 0.0001293365818817182 2.817749020486959e-05 2.556683693768363 4358
0.91287 0.0001398249243700794 3.075267840278684e-05 2.480230940169438 5034
0.958513 0.0001528122562007617 3.122998349317786e-05 2.443627484175045 5714
1.00416 5.487460549359159e-05 1.225153003876587e-05 0.798536182120974 5982
1.0498 3.572641971031059e-33 7.553362413001793e-34 4.730487518692559e-29 6602
1.09544 4.109591148169097e-33 8.730023843900251e-34 4.9806852738594e-29 7130
1.14109 4.472857053607101e-33 9.915922592043149e-34 4.988403283081892e-29 8034
1.18673 4.937609203739317e-33 1.115372990221471e-33 5.083347927276812e-29 8606
1.23237 5.747334654397167e-33 1.272836050561376e-33 5.472330196950491e-29 9066
1.27802 6.190758393969238e-33 1.389359880077129e-33 5.471734384370074e-29 9962
1.32366 6.907085786038983e-33 1.497535297635084e-33 5.677719844380491e-29 10550
1.3693 7.752832243816645e-33 1.722640217745201e-33 5.947132609373161e-29 11226
1.41495 8.630738791564488e-33 1.878342375787626e-33 6.188788112893081e-29 12146
1.46059 9.348095009359209e-33 2.047534819061571e-33 6.280517353261934e-29 12303
1.50624 1.024203242339406e-32 2.269493116099225e-33 6.461750074570119e-29 12584
1.55188 1.087896481845939e-32 2.463584277316187e-33 6.46223216714353e-29 12120
1.59752 1.161625197491597e-32 2.656339771594196e-33 6.505482309302642e-29 11180
1.64317 1.27857888334896e-32 2.97580239933013e-33 6.762513782923525e-29 11096
1.68881 1.391979100124105e-32 3.122082206885821e-33 6.961647005617272e-29 10056
1.73445 1.489110519173451e-32 3.45391295166043e-33 7.057433294131743e-29 9716
1.7801 1.651466136548238e-32 3.702982679273351e-33 7.422095370806108e-29 8604
1.82574 1.747569108758984e-32 4.173897771736022e-33 7.463884392403198e-29 8060
1.87138 1.920287027969621e-32 4.368185052817873e-33 7.798185889523259e-29 7320
1.91703 1.983284645463477e-32 4.743442653024408e-33 7.676760873745862e-29 6356
1.96267 2.117493086543482e-32 4.888813796228563e-33 7.811443151238584e-29 5348
2.00831 2.202556875530685e-32 5.570543404981826e-33 7.758995251027852e-29 4308
2.05396 2.402049876239248e-32 5.516280555168282e-33 8.080074301829289e-29 3563
2.0996 2.601581247251359e-32 6.440413639987236e-33 8.379057168956707e-29 2448
2.14524 2.819760273310668e-32 6.65939125166431e-33 8.688016601335406e-29 1868
2.19089 3.061197367832757e-32 7.555296765359154e-33 9.035411148537305e-29 1358
2.23653 3.290521181585598e-32 8.021895661024628e-33 9.313055411503403e-29 1062
2.28217 3.050117483162032e-32 8.323764141923869e-33 8.305104784629865e-29 776
2.32782 3.494467002150999e-32 9.341435570782543e-33 9.153015506311535e-29 432
2.37346 3.694818368778673e-32 8.433099587401122e-33 9.267383048245302e-29 200
2.41911 3.410653964947533e-32 9.015129298362651e-33 8.22496687943962e-29 168
2.46475 4.668669680097304e-32 9.244957183525529e-33 1.084436134784127e-28 56
2.51039 4.045494250023735e-32 1.783537541567174e-32 9.109958123454381e-29 7


0.0456435 4.371200070567711e-07 3.890845479793893e-07 67.97570583903119 18
0.091287 1.00422142912634e-05 1.858677645485921e-06 72.89226706416818 62
0.13693 4.394086056576787e-05 7.411934419673064e-07 65.68299195280254 98
0.182574 9.639890546957975e-05 4.122274657972186e-06 71.6338680675866 210
0.228217 2.289996781725775e-05 3.338658987911444e-05 32.75438852061134 350
0.273861 0.0001406245689599516 1.603167594845269e-05 42.16248332862703 450
0.319504 0.000151307065336543 2.083388665650059e-05 31.65819808550347 602
0.365148 9.030981916832748e-05 3.594680478279317e-05 16.58804526124661 762
0.410791 0.0001431245752283548 2.303615751296842e-05 16.70672294114358 1142
0.456435 0.0001454038369762279 2.272267154801393e-05 13.29424840341461 1250
0.502078 7.662314117660593e-05 3.440065611997881e-05 6.445909923791084 1458
0.547722 0.0001627318875570028 1.527539282053918e-05 9.554192031322591 1814
0.593365 9.421323546525831e-05 2.678931546693e-05 4.999720211969905 2178
0.639009 9.029790410725023e-05 2.540155307404233e-05 4.05175501781853 2498
0.684652 0.000121475256800905 1.9138558549834e-05 4.501812364409927 2622
0.730296 9.717909999613682e-05 2.08753269410083e-05 3.181396366585323 3338
0.775939 0.0001064242298305489 2.009811958107907e-05 3.043638814145484 3722
0.821583 9.955421015427377e-05 2.241393169053754e-05 2.542789816377094 4170
0.867226 0.000100524964710366 2.434570164061101e-05 2.293914406756217 4358
0.91287 0.0001223422840695879 2.362276677123836e-05 2.480780460846863 5034
0.958513 0.0001212005085958253 2.653325052178005e-05 2.22893588754192 5714
1.00416 4.748082525060062e-05 9.534024760804254e-06 0.7901193507759228 5982
1.0498 3.308341363719953e-33 7.261472949499112e-34 5.027556778882835e-29 6602
1.09544 3.827887830187948e-33 8.284402818101906e-34 5.319372835105825e-29 7130
1.14109 4.205128267471117e-33 9.400170087018219e-34 5.37454356929407e-29 8034
1.18673 4.658804097406455e-33 1.051190472715622e-33 5.494084747541441e-29 8606
1.23237 5.390878800826255e-33 1.175484970030698e-33 5.875728483484842e-29 9066
1.27802 5.926258665847816e-33 1.3202362806231e-33 5.995358738030502e-29 9962
1.32366 6.522988880984934e-33 1.40738065893985e-33 6.136530463359926e-29 10550
1.3693 7.470722653769698e-33 1.600165163023323e-33 6.553475536747288e-29 11226
1.41495 7.999869513477455e-33 1.786683861108546e-33 6.565455024953936e-29 12146
1.46059 8.778369441567449e-33 1.936767766172252e-33 6.746759068398521e-29 12303
1.50624 9.617024890664519e-33 2.146323117698397e-33 6.940045802339701e-29 12584
1.55188 1.033568054510364e-32 2.306218798433507e-33 7.019778123474277e-29 12120
1.59752 1.113270394473179e-32 2.459150986761904e-33 7.125648826138948e-29 11180
1.64317 1.215652653600942e-32 2.78286326589666e-33 7.34966526033191e-29 11096
1.68881 1.333898555123939e-32 2.932670808045579e-33 7.624216649113827e-29 10056
1.73445 1.414603914232247e-32 3.223942133379254e-33 7.661873911398442e-29 9716
1.7801 1.5319236154326e-32 3.56571982420399e-33 7.871718221011069e-29 8604
1.82574 1.691729179903733e-32 3.767393905104184e-33 8.251785601720395e-29 8060
1.87138 1.805684197679717e-32 4.155409881337754e-33 8.38005883082809e-29 7320
1.91703 1.867996533728457e-32 4.418085749140852e-33 8.26117813104643e-29 6356
1.96267 1.972945278873753e-32 4.616178597663177e-33 8.316798572110688e-29 5348
2.00831 2.212222596188717e-32 4.924857590274041e-33 8.893974118508707e-29 4308
2.05396 2.200653161163312e-32 5.242429287655965e-33 8.459291408833444e-29 3563
2.0996 2.577331622949021e-32 5.960894218527401e-33 9.47755576296509e-29 2448
2.14524 2.652641463502463e-32 6.25299705284546e-33 9.335810872100903e-29 1868
2.19089 2.990301619264094e-32 6.549785694798224e-33 1.007276481212552e-28 1358
2.23653 3.117283722671841e-32 7.385681645163564e-33 1.00749423071249e-28 1062
2.28217 3.124332613303981e-32 7.260051630286432e-33 9.705809250476325e-29 776
2.32782 3.432337171385766e-32 7.939989056426296e-33 1.025859261290599e-28 432
2.37346 3.260780909112604e-32 7.917360306336946e-33 9.343648948714728e-29 200
2.41911 3.494861366785782e-32 8.070271661266378e-33 9.617022200626248e-29 168
2.46475 3.308800539485651e-32 1.238124622774171e-32 8.814796438928564e-29 56
2.51039 8.686303208590129e-32 8.312186985234927e-33 2.216220111749786e-28 7


0.0456435 1.948658277443002e-06 4.497808518871684e-09 73.39658394671662 18
0.091287 1.269153979107404e-05 7.025754117052233e-07 77.65890049498617 62
0.13693 1.233134119641467e-05 5.669785985721587e-06 49.53926819986273 98
0.182574 6.216157212909225e-06 1.873067274242084e-05 41.22051780326219 210
0.228217 0.0001151454195201809 8.32635784980629e-06 59.50086933805213 350
0.273861 0.0001024248331001365 1.680779898144765e-05 37.79884889508646 450
0.319504 5.795484571454909e-05 3.158893304078603e-05 20.04452064896419 602
0.365148 0.000165755593383276 1.178832114219498e-05 27.06383848263359 762
0.410791 8.284703739183322e-05 2.695976449146074e-05 12.44400302808241 1142
0.456435 0.0001007510761275918 2.36141280097036e-05 11.04491221648382 1250
0.502078 0.0001360706415669817 1.395700261211663e-05 11.06482847339482 1458
0.547722 6.431685223902867e-05 2.786076299828605e-05 5.000335693647772 1814
0.593365 0.0001026132730821383 1.766584109530163e-05 5.94219786029218 2178
0.639009 0.0001038368338271049 1.545852648137725e-05 5.064420820502982 2498
0.684652 8.392512509821589e-05 1.983855455708566e-05 3.616659022395757 2622
0.730296 8.180656471640368e-05 1.750437983790812e-05 3.037383093416938 3338
0.775939 8.258164618921406e-05 1.831219522665162e-05 2.69748301926239 3722
0.821583 8.464883259011197e-05 1.861604159900808e-05 2.445734880072044 4170
0.867226 9.481865323150735e-05 1.824404620348431e-05 2.42420713176444 4358
0.91287 9.475183782978273e-05 2.153533146459735e-05 2.185904697048878 5034
0.958513 0.0001021335076344174 2.221771828159054e-05 2.122339781161159 5714
1.00416 3.90329608261411e-05 8.187015269001241e-06 0.734584632232926 5982
1.0498 3.146263611083972e-33 6.920365950484811e-34 5.399279071592215e-29 6602
1.09544 3.598133394122668e-33 7.922645177251506e-34 5.646312485698631e-29 7130
1.14109 4.032598669409023e-33 8.819989119741384e-34 5.812331433580861e-29 8034
1.18673 4.514868839753334e-33 9.727963992449518e-34 5.998735133645724e-29 8606
1.23237 5.142461107508128e-33 1.103892000288362e-33 6.318330738607045e-29 9066
1.27802 5.587768496037543e-33 1.257191601572003e-33 6.374720871972111e-29 9962
1.32366 6.095542384111205e-33 1.344840034386726e-33 6.465538904546975e-29 10550
1.3693 7.015844608558087e-33 1.53584437461431e-33 6.938065199000326e-29 11226
1.41495 7.503751626136759e-33 1.697559533526236e-33 6.939938897218916e-29 12146
1.46059 8.35956199927558e-33 1.826587151531916e-33 7.236222250783424e-29 12303
1.50624 9.161289823652521e-33 1.989976591317831e-33 7.442879129836819e-29 12584
1.55188 9.85473109465647e-33 2.182979081431562e-33 7.536417868425401e-29 12120
1.59752 1.053386440411579e-32 2.328981601033974e-33 7.591783846372766e-29 11180
1.64317 1.158229501854412e-32 2.648912257392864e-33 7.884022378128108e-29 11096
1.68881 1.251322947078026e-32 2.786061262055294e-33 8.052524504997352e-29 10056
1.73445 1.362496659829975e-32 3.027309774046882e-33 8.304051689045536e-29 9716
1.7801 1.448668799317281e-32 3.37252494988354e-33 8.378338063607999e-29 8604
1.82574 1.608007736001009e-32 3.55508498785784e-33 8.825926241227158e-29 8060
1.87138 1.705762718572581e-32 3.894740113613113e-33 8.907730421998994e-29 7320
1.91703 1.820341622680333e-32 4.132459121594249e-33 9.054872408815667e-29 6356
1.96267 1.871680225768882e-32 4.354996442580906e-33 8.876997228397719e-29 5348
2.00831 2.112224961690075e-32 4.647442797349508e-33 9.552531924310531e-29 4308
2.05396 2.125413090790258e-32 4.892800444169206e-33 9.188676980220169e-29 3563
2.0996 2.370942485958189e-32 5.702346218894602e-33 9.811195107514017e-29 2448
2.14524 2.519419517820793e-32 6.006933944371966e-33 9.975357605743933e-29 1868
2.19089 2.627550370696639e-32 6.591173197200562e-33 9.966068063856578e-29 1358
2.23653 3.06196883429828e-32 6.967857404041684e-33 1.112738603952736e-28 1062
2.28217 3.002728886438922e-32 7.177948631884443e-33 1.049355410716419e-28 776
2.32782 3.247694037255235e-32 7.49307147084217e-33 1.091654438863088e-28 432
2.37346 3.237705881499862e-32 7.295216877928117e-33 1.042801969371892e-28 200
2.41911 3.337727757736315e-32 9.174678014569044e-33 1.034212416737011e-28 168
2.46475 4.413547447747772e-32 8.006959074296041e-33 1.31567256918837e-28 56
2.51039 4.815933389071272e-32 1.602197003810002e-32 1.389942567687052e-28 7


