0.22876 0.00112722110878886 0.0001494860918587562 0.8022448054324887 18
0.457519 0.004538879826798256 0.001162858573505357 0.9839694061563247 62
0.686279 0.01096872672700991 0.00438345560318302 1.031896073275258 98
0.915038 0.01897063901771547 0.01509319503350057 1.009392504757141 210
1.1438 1.042408087061415e-34 5.451527994019722e-35 3.500219668481632e-33 350
1.37256 1.107839104111739e-34 1.000561170587728e-34 2.610025477827917e-33 450
1.60132 1.139686616089293e-34 7.735805632445055e-35 1.942165801665325e-33 602
1.83008 1.304625490129595e-34 8.924055313074546e-35 1.689306178817975e-33 762
2.05884 2.579240900723194e-34 9.559775860057652e-35 2.636768260006553e-33 1142
2.2876 2.907653133788727e-34 1.962694298089667e-34 2.423185536650801e-33 1250
2.51636 2.504672373211187e-34 1.383410606359641e-34 1.716951594881203e-33 1458
2.74512 2.008779532855123e-34 1.086100341465142e-34 1.153627689999111e-33 1814
2.97387 2.487053151118441e-34 1.142426022483845e-34 1.219265013702476e-33 2178
3.20263 4.285390805809001e-34 1.54761526735999e-34 1.809127139971754e-33 2498
3.43139 4.743489789603101e-34 2.071148758130412e-34 1.7400800766551e-33 2622
3.66015 3.513628616011652e-34 1.880784288283085e-34 1.132140702878598e-33 3338
3.88891 6.338663816811218e-34 2.956595941022064e-34 1.81156982179965e-33 3722
4.11767 6.283492690052528e-34 2.698635031299424e-34 1.603694326194709e-33 4170
4.34643 5.53299984978587e-34 3.050198409804342e-34 1.26649561769398e-33 4358
4.57519 4.741550503423477e-34 2.653532819458251e-34 9.784233692836099e-34 5034
4.80395 5.32610277027443e-34 2.935821432841277e-34 9.975376360385865e-34 5714
5.03271 6.363764799145886e-34 2.948680756098405e-34 1.085830218573435e-33 5982
5.26147 6.960869172586061e-34 3.612653696466434e-34 1.086000440072326e-33 6602
5.49023 5.610168872343071e-34 4.331883953040219e-34 8.037084760343568e-34 7130
5.71899 7.217589740039939e-34 3.194501897008141e-34 9.527767736629337e-34 8034
5.94775 9.803326205849769e-34 4.563066530051753e-34 1.197012225773444e-33 8606
6.17651 8.513489366767029e-34 5.1737679049856e-34 9.641022373807836e-34 9066
6.40527 9.512533822447309e-34 5.487620877210607e-34 1.001459705645609e-33 9962
6.63403 1.507872709338835e-33 7.891955584455268e-34 1.479771064712667e-33 10550
6.86279 1.373603737027128e-33 7.794894123874036e-34 1.259365199275821e-33 11226
7.09155 2.312776532138268e-33 1.013612747745426e-33 1.985422294322853e-33 12146
7.32031 1.371015779832958e-33 6.84932338874487e-34 1.104144486919221e-33 12303
7.54907 9.769612797980596e-34 5.055489994445047e-34 7.396241837764129e-34 12584
7.77783 1.008943573870816e-33 5.17899194586822e-34 7.197687154747401e-34 12120
8.00659 1.105680019129919e-33 5.636459416954974e-34 7.442948498092582e-34 11180
8.23535 1.08089121610482e-33 5.96175915940664e-34 6.877280216490216e-34 11096
8.46411 1.123588494005039e-33 5.353405005236967e-34 6.768305473716086e-34 10056
8.69286 1.288150132036118e-33 6.437673387895818e-34 7.356247899809763e-34 9716
8.92162 1.257391131427063e-33 6.643518152378786e-34 6.816516100162351e-34 8604
9.15038 1.435653424091825e-33 7.274314251208179e-34 7.39707042003605e-34 8060
9.37914 1.368724754369409e-33 7.473377856653804e-34 6.712797304143678e-34 7320
9.6079 1.725423680690813e-33 8.438238677600586e-34 8.066853070561925e-34 6356
9.83666 1.596280915599241e-33 8.677808973539527e-34 7.119007686624456e-34 5348
10.0654 1.739504837480217e-33 8.362298409056234e-34 7.406079901968851e-34 4308
10.2942 1.584546083314683e-33 8.502582842040916e-34 6.450328017754073e-34 3563
10.5229 1.526871940183772e-33 7.21548779208664e-34 5.950585039930871e-34 2448
10.7517 1.589215013342834e-33 8.296659746075526e-34 5.92988931109719e-34 1868
10.9805 1.794378238718224e-33 8.927606322895348e-34 6.414189075343812e-34 1358
11.2092 1.857155937071518e-33 1.00574262814892e-33 6.368887234649587e-34 1062
11.438 2.165801571261952e-33 1.256826255943729e-33 7.142904137029129e-34 776
11.6667 2.541762171031624e-33 1.517752272088041e-33 8.068399764319955e-34 432
11.8955 2.938667054218181e-33 1.304342001144437e-33 8.942880732162654e-34 200
12.1243 3.96101615910594e-33 1.796305889330034e-33 1.158330763884555e-33 168
12.353 5.121830851678537e-33 1.141716592478247e-33 1.445263424980955e-33 56
12.5818 5.716839055486674e-33 8.40842073480716e-34 1.556334408427132e-33 7


0.22876 5.605699986554496e-05 5.647180321200767e-07 3.656500953659394 18
0.457519 0.0002308461268782072 1.178344138489272e-06 2.622381170480427 62
0.686279 0.0002553087667663579 2.515057744710666e-06 1.203243661693567 98
0.915038 0.0002598401200133088 1.242636200634542e-05 0.7239810300844005 210
1.1438 1.651687539762139e-35 4.104843275970444e-37 2.722102160691004e-32 350
1.37256 1.947825491233737e-35 8.18897470951888e-37 2.245674601278881e-32 450
1.60132 2.164125903331985e-35 1.301505275893361e-36 1.820253673976063e-32 602
1.83008 3.065757326888111e-35 2.175233071584111e-36 1.949521860395549e-32 762
2.05884 3.907752018140038e-35 3.545677111800939e-36 1.972347233498562e-32 1142
2.2876 5.054901048468018e-35 5.075179627980148e-36 2.060749909638685e-32 1250
2.51636 5.876761994164311e-35 7.317780945241473e-36 1.972654816353518e-32 1458
2.74512 7.102268439220519e-35 1.05001524257125e-35 1.998962754425691e-32 1814
2.97387 8.546989267646047e-35 1.523365701214676e-35 2.053686957882587e-32 2178
3.20263 1.064870132540597e-34 1.959748829488291e-35 2.19599676810165e-32 2498
3.43139 1.284875630088542e-34 2.582398411854863e-35 2.296923317402829e-32 2622
3.66015 1.395752425256484e-34 3.542700533977656e-35 2.201165205748837e-32 3338
3.88891 1.757103822887782e-34 4.62520669758864e-35 2.449519253889516e-32 3722
4.11767 1.92518880864008e-34 5.728743088417296e-35 2.397232711792664e-32 4170
4.34643 2.207979569468549e-34 7.595090218061245e-35 2.469227677719902e-32 4358
4.57519 2.664034942110098e-34 9.372495616179116e-35 2.677173864382666e-32 5034
4.80395 2.971460003932078e-34 1.150568201346476e-34 2.710015144399621e-32 5714
5.03271 3.216060077754738e-34 1.327957899788007e-34 2.669724487511685e-32 5982
5.26147 3.718160086768334e-34 1.652345901287001e-34 2.8201739502798e-32 6602
5.49023 4.144732697452926e-34 2.060474656453542e-34 2.888784091988585e-32 7130
5.71899 4.594999426011382e-34 2.379338510961773e-34 2.947651119087277e-32 8034
5.94775 5.34561299518289e-34 2.745135268641081e-34 3.162100917679382e-32 8606
6.17651 5.996155819540025e-34 3.229013337583485e-34 3.285807097133437e-32 9066
6.40527 6.503160792155799e-34 3.720920632093572e-34 3.312123034849316e-32 9962
6.63403 7.245556279338472e-34 4.396933071816701e-34 3.439109321629209e-32 10550
6.86279 8.129103746708295e-34 5.084901330723017e-34 3.60031008593568e-32 11226
7.09155 9.170165848573516e-34 5.776142932747842e-34 3.796068355812617e-32 12146
7.32031 9.47449204431406e-34 6.468207101492904e-34 3.681259207721036e-32 12303
7.54907 1.010806339471563e-33 7.412468399368169e-34 3.692971450360752e-32 12584
7.77783 1.092292395412243e-33 8.622907698241165e-34 3.761993578976772e-32 12120
8.00659 1.238148613904273e-33 9.8031989834589e-34 4.017299358422109e-32 11180
8.23535 1.273895624474124e-33 1.096099768310578e-33 3.90952836899652e-32 11096
8.46411 1.42284471349422e-33 1.233683840120236e-33 4.128467645281421e-32 10056
8.69286 1.538493922643633e-33 1.365712966592352e-33 4.22883536250371e-32 9716
8.92162 1.626349958016452e-33 1.599808244408958e-33 4.249551400826689e-32 8604
9.15038 1.799091623129566e-33 1.743666623261778e-33 4.459677844960539e-32 8060
9.37914 1.977304935532425e-33 1.952782930858824e-33 4.661521129983876e-32 7320
9.6079 2.14969748248265e-33 2.147576692934666e-33 4.826607303460174e-32 6356
9.83666 2.199850405234708e-33 2.3708486021731e-33 4.714982718950501e-32 5348
10.0654 2.329812527328881e-33 2.630385853584807e-33 4.767656788783833e-32 4308
10.2942 2.507524166751136e-33 2.823894314486774e-33 4.899783089473975e-32 3563
10.5229 2.711046396245083e-33 3.242226011490768e-33 5.07386658928241e-32 2448
10.7517 2.949359104184547e-33 3.663222564000078e-33 5.284151479406102e-32 1868
10.9805 3.053474755918883e-33 3.960828600065957e-33 5.241296278765389e-32 1358
11.2092 3.239297491545993e-33 4.304138630082648e-33 5.331945518033482e-32 1062
11.438 3.465474769384176e-33 4.311975080514578e-33 5.471746919228238e-32 776
11.6667 3.575684342766706e-33 4.774443894776007e-33 5.437694322400427e-32 432
11.8955 4.187411857517996e-33 5.187248694881612e-33 6.08986569018107e-32 200
12.1243 4.016018231922401e-33 5.207690297304837e-33 5.614054304460755e-32 168
12.353 5.067164935589052e-33 6.891054454218678e-33 6.837735301539019e-32 56
12.5818 1.411309462019465e-33 1.202372199199934e-32 2.03185243471804e-32 7


0.22876 1.537277028145396e-05 1.960445345294021e-07 2.651763759883629 18
0.457519 8.888826250495909e-05 3.515362229118734e-07 2.070893681888596 62
0.686279 0.0001074108882430526 8.073055290801648e-07 1.028685993009704 98
0.915038 0.0001939551842890893 2.676636198103805e-06 1.017268572403862 210
1.1438 1.132784388354086e-35 1.649630072668105e-37 3.722379493968994e-32 350
1.37256 1.370637172420994e-35 3.275442295852666e-37 3.145745312734785e-32 450
1.60132 1.760269658150145e-35 5.301402417074082e-37 2.926201375864654e-32 602
1.83008 2.680730407954847e-35 9.153994634142498e-37 3.370078492252963e-32 762
2.05884 3.383835864212437e-35 1.387165937619061e-36 3.362080376070495e-32 1142
2.2876 4.119177582779081e-35 2.195159777460216e-36 3.331383153155018e-32 1250
2.51636 4.68674119251762e-35 3.303465209271323e-36 3.135131638235661e-32 1458
2.74512 5.616729391365612e-35 4.632008674458382e-36 3.144670510478375e-32 1814
2.97387 7.385303742335903e-35 6.509023917520326e-36 3.510101625303666e-32 2178
3.20263 8.90451355183467e-35 8.975883719793857e-36 3.648628742170346e-32 2498
3.43139 1.060788664264235e-34 1.305083534640841e-35 3.786050783818374e-32 2622
3.66015 1.248048205811412e-34 1.58113295586543e-35 3.894024044868886e-32 3338
3.88891 1.475045159319493e-34 2.073280859902091e-35 4.079267311264194e-32 3722
4.11767 1.677885917548389e-34 2.641557531164779e-35 4.143609048569179e-32 4170
4.34643 1.964750203666695e-34 3.326947430285318e-35 4.344483864618764e-32 4358
4.57519 2.286572633241844e-34 4.223842136350013e-35 4.55501879016611e-32 5034
4.80395 2.604035431750498e-34 5.110630813446176e-35 4.700525042979937e-32 5714
5.03271 2.892167684928988e-34 6.219232266787184e-35 4.75688606147131e-32 5982
5.26147 3.304135396279891e-34 7.606152139446862e-35 4.96525624517174e-32 6602
5.49023 3.743013027524255e-34 9.010637115894736e-35 5.155008280687813e-32 7130
5.71899 4.169384471916482e-34 1.083729886113072e-34 5.292135879321482e-32 8034
5.94775 4.762663890239396e-34 1.29016026674427e-34 5.584075367099629e-32 8606
6.17651 5.157096574950184e-34 1.508410833929921e-34 5.606799654379339e-32 9066
6.40527 5.829673462857847e-34 1.731938135229791e-34 5.881203676167862e-32 9962
6.63403 6.444190510111586e-34 2.002968883701636e-34 6.055577287908893e-32 10550
6.86279 7.439745189626694e-34 2.295822937588417e-34 6.515752279413888e-32 11226
7.09155 8.115334794884675e-34 2.637522671217374e-34 6.652606839029138e-32 12146
7.32031 8.546701441628869e-34 2.979188875755202e-34 6.573936878574813e-32 12303
7.54907 9.243020213883638e-34 3.44554364197745e-34 6.684198242677693e-32 12584
7.77783 1.021175481329018e-33 3.88771949324395e-34 6.950721599009616e-32 12120
8.00659 1.095957951542962e-33 4.56026238868888e-34 7.045485012115851e-32 11180
8.23535 1.151182781625329e-33 5.106542089327801e-34 6.996195313413107e-32 11096
8.46411 1.26708826958696e-33 5.868138269813549e-34 7.287993444773066e-32 10056
8.69286 1.382029426183511e-33 6.477812586488756e-34 7.52703877080061e-32 9716
8.92162 1.489661310559121e-33 7.328883627118951e-34 7.700833845653386e-32 8604
9.15038 1.632954272898343e-33 8.150785427911692e-34 8.014926362974295e-32 8060
9.37914 1.724374477723263e-33 9.14315073515751e-34 8.05850939313118e-32 7320
9.6079 1.821876947663e-33 1.011791635290908e-33 8.116247854655263e-32 6356
9.83666 1.985016014686157e-33 1.120583015997491e-33 8.427897656461459e-32 5348
10.0654 2.120160658871918e-33 1.208606522416531e-33 8.585761174539864e-32 4308
10.2942 2.291543604886791e-33 1.341362621078323e-33 8.868127145757039e-32 3563
10.5229 2.514446433604834e-33 1.466805291964907e-33 9.304332747324212e-32 2448
10.7517 2.538277711469664e-33 1.698551511520587e-33 9.014737134278456e-32 1868
10.9805 2.773062953111336e-33 1.751120144675259e-33 9.41121271349503e-32 1358
11.2092 2.812410506483832e-33 2.032230767643149e-33 9.178522959887206e-32 1062
11.438 2.913040745516125e-33 2.124652787479499e-33 9.135179042987315e-32 776
11.6667 2.978711746676898e-33 2.204069420701871e-33 8.984640776529261e-32 432
11.8955 3.877153740459028e-33 2.062312055683775e-33 1.112407616323223e-31 200
12.1243 3.888788559722128e-33 2.879737379839694e-33 1.078703783959323e-31 168
12.353 4.799768530057968e-33 2.298947046714307e-33 1.273231542316482e-31 56
12.5818 2.605405705629935e-33 2.378524717446813e-33 6.757294182241294e-32 7


0.22876 8.964500529146851e-07 1.313390358722756e-07 1.609437409232082 18
0.457519 4.154981358874994e-05 2.415756927825897e-07 1.571168223464612 62
0.686279 7.443202551539962e-05 3.318598546804838e-07 1.064131379915091 98
0.915038 0.0001315904918665672 1.157235958866932e-06 1.031878345345125 210
1.1438 9.339880696905145e-36 1.14771467732527e-37 4.659731442349336e-32 350
1.37256 1.3873444770728e-35 1.967312176913358e-37 4.746743296987484e-32 450
1.60132 1.66413872780651e-35 3.18292878437352e-37 4.135579354709921e-32 602
1.83008 2.250092715947899e-35 5.643732910882774e-37 4.252110117609183e-32 762
2.05884 2.843550006085051e-35 8.802260511551193e-37 4.249370619693835e-32 1142
2.2876 3.966505197556394e-35 1.405592261695177e-36 4.795872049119061e-32 1250
2.51636 4.383752407844459e-35 2.043299435573127e-36 4.382219942014422e-32 1458
2.74512 5.237827088402913e-35 2.786196481613783e-36 4.376296904135216e-32 1814
2.97387 6.677138736867665e-35 4.064854786538544e-36 4.750278922114031e-32 2178
3.20263 8.187791809679228e-35 5.575738323660003e-36 5.016462063277443e-32 2498
3.43139 1.012000456124899e-34 7.729137320581873e-36 5.382704673154997e-32 2622
3.66015 1.116591413309725e-34 1.005861440864345e-35 5.223173636243712e-32 3338
3.88891 1.314800914294889e-34 1.319028394722598e-35 5.452457146174235e-32 3722
4.11767 1.603572329849197e-34 1.610065712983016e-35 5.908339717542162e-32 4170
4.34643 1.825416648251295e-34 2.040892118862238e-35 6.030096204623068e-32 4358
4.57519 2.178943272998914e-34 2.630221009209041e-35 6.482606545583517e-32 5034
4.80395 2.439277379932827e-34 3.257057715917158e-35 6.586558004161332e-32 5714
5.03271 2.666384079506789e-34 4.028054954388122e-35 6.569242620218277e-32 5982
5.26147 3.136749469015357e-34 4.670160221826969e-35 7.037098017044995e-32 6602
5.49023 3.444418244883972e-34 5.69207135458525e-35 7.098385121394135e-32 7130
5.71899 3.861565397469834e-34 7.005812872101801e-35 7.338717997115616e-32 8034
5.94775 4.385501378704187e-34 8.133938228938738e-35 7.692648597106966e-32 8606
6.17651 4.877012569093988e-34 9.633645478245044e-35 7.928811151044217e-32 9066
6.40527 5.316672234055837e-34 1.10107001633947e-34 8.029244775906046e-32 9962
6.63403 6.050211145185155e-34 1.255046415075533e-34 8.498148247831072e-32 10550
6.86279 6.904743174122206e-34 1.460581568163166e-34 9.047126454332993e-32 11226
7.09155 7.538296781770747e-34 1.704080695669916e-34 9.248541362675557e-32 12146
7.32031 7.863799364290453e-34 1.881528989788135e-34 9.048563150197035e-32 12303
7.54907 8.808818853098535e-34 2.122080664835977e-34 9.512267423419203e-32 12584
7.77783 9.308334926127883e-34 2.529802526803612e-34 9.489586667148815e-32 12120
8.00659 1.029320339589491e-33 2.859473798016881e-34 9.89071977001105e-32 11180
8.23535 1.095191122515252e-33 3.183900453966183e-34 9.943165330689263e-32 11096
8.46411 1.202238852533604e-33 3.698052057835896e-34 1.033443266362439e-31 10056
8.69286 1.297500562787104e-33 4.126532261903911e-34 1.05677538616753e-31 9716
8.92162 1.399136432415175e-33 4.631987189698472e-34 1.081341662414527e-31 8604
9.15038 1.521884514013578e-33 5.06476244704784e-34 1.116483364660937e-31 8060
9.37914 1.651596637784984e-33 5.832787087505108e-34 1.1535850151248e-31 7320
9.6079 1.761393903566908e-33 6.358347558724766e-34 1.171986588170579e-31 6356
9.83666 1.88567816464814e-33 6.991157204981397e-34 1.196107354612987e-31 5348
10.0654 1.9375978386922e-33 7.616092145830447e-34 1.173784411164398e-31 4308
10.2942 2.18336059532993e-33 8.611795104028958e-34 1.26321544911691e-31 3563
10.5229 2.294940292649187e-33 9.470364189741909e-34 1.271179552680345e-31 2448
10.7517 2.445930925822016e-33 1.066995634059683e-33 1.297576141227942e-31 1868
10.9805 2.670393892293008e-33 1.11249949862129e-33 1.354201397187741e-31 1358
11.2092 2.739187131313065e-33 1.197812645688945e-33 1.332861824419647e-31 1062
11.438 3.083329040501135e-33 1.260089153518848e-33 1.439188953179391e-31 776
11.6667 2.714292750702549e-33 1.288354534199129e-33 1.222457887543556e-31 432
11.8955 3.617345780358782e-33 1.397232200490458e-33 1.553875402171442e-31 200
12.1243 3.398828818998774e-33 1.787565283177896e-33 1.41140090927826e-31 168
12.353 4.830075780211822e-33 1.395026475969743e-33 1.912512888744803e-31 56
12.5818 2.567543630664051e-33 9.764631915170055e-34 9.842051182360118e-32 7


0.22876 1.62931769092799e-05 3.850956929336093e-08 4.284884729597149 18
0.457519 2.595156263650425e-05 1.61201381304657e-07 1.390082279210962 62
0.686279 4.041336547461241e-05 2.667435062418421e-07 0.8146001705741734 98
0.915038 0.0001051682465906779 6.07823328519834e-07 1.09210511585923 210
1.1438 7.962735436535955e-36 8.799257281097592e-38 5.362869720664964e-32 350
1.37256 1.182034579178968e-35 1.382772530938064e-37 5.414272503744398e-32 450
1.60132 1.537225210081026e-35 2.187667725851781e-37 5.085150824495199e-32 602
1.83008 1.923746885063027e-35 4.054935491385638e-37 4.867285858442816e-32 762
2.05884 2.685230792980421e-35 6.519996872983315e-37 5.355034183045498e-32 1142
2.2876 3.793116708935199e-35 1.034609826852424e-36 6.111042952086985e-32 1250
2.51636 4.432107350386979e-35 1.404938475531126e-36 5.871181453349298e-32 1458
2.74512 4.827905035778461e-35 2.011492985730667e-36 5.382106376581682e-32 1814
2.97387 6.278431370305815e-35 2.90166157538478e-36 5.951843764457469e-32 2178
3.20263 7.564426809021564e-35 4.137657918601177e-36 6.190640322066586e-32 2498
3.43139 9.831989989213805e-35 5.715660029327455e-36 6.964365430544205e-32 2622
3.66015 1.105332853168287e-34 7.099924774092648e-36 6.868084288342533e-32 3338
3.88891 1.25409859479625e-34 9.237497421707972e-36 6.915776727716014e-32 3722
4.11767 1.495699518094993e-34 1.188594476597174e-35 7.352080271280401e-32 4170
4.34643 1.715058985724053e-34 1.47003967656731e-35 7.549020086530428e-32 4358
4.57519 2.024067104374448e-34 1.912554804301877e-35 8.030762273978383e-32 5034
4.80395 2.237970982986261e-34 2.447014538381098e-35 8.074050835380133e-32 5714
5.03271 2.56562313251778e-34 2.78937598612761e-35 8.399880268750446e-32 5982
5.26147 2.887477826984628e-34 3.352740229741109e-35 8.635588095509426e-32 6602
5.49023 3.27657163167946e-34 4.032555336993242e-35 8.985198598631265e-32 7130
5.71899 3.76043989305378e-34 4.912677362281307e-35 9.497508101283197e-32 8034
5.94775 4.110036091450389e-34 5.803364250842013e-35 9.600849996508171e-32 8606
6.17651 4.619656744583053e-34 6.938116740743002e-35 1.000171076871816e-31 9066
6.40527 5.06300642638987e-34 7.761469985638624e-35 1.017252699179289e-31 9962
6.63403 5.681979783891804e-34 9.139585086298867e-35 1.063438097958869e-31 10550
6.86279 6.457577268132007e-34 1.049315973167706e-34 1.127019857065987e-31 11226
7.09155 7.115681499389601e-34 1.197354716934588e-34 1.161727053123745e-31 12146
7.32031 7.655025965522986e-34 1.335789876832015e-34 1.171414161982898e-31 12303
7.54907 8.189975892652059e-34 1.545779347669867e-34 1.178741619896805e-31 12584
7.77783 9.00555025774245e-34 1.797333358887107e-34 1.221206259072177e-31 12120
8.00659 9.711844204912286e-34 2.038117793221629e-34 1.24236865007843e-31 11180
8.23535 1.036474099832858e-33 2.27279100003482e-34 1.252688082198138e-31 11096
8.46411 1.157091135689076e-33 2.600565192815699e-34 1.322842716142423e-31 10056
8.69286 1.241599130656451e-33 2.984656571261232e-34 1.346247465040689e-31 9716
8.92162 1.375127424673261e-33 3.212900192520316e-34 1.412141114649825e-31 8604
9.15038 1.468480606144502e-33 3.58872678492973e-34 1.433027648634665e-31 8060
9.37914 1.583728727187498e-33 4.124358759754148e-34 1.471648447685319e-31 7320
9.6079 1.679750970195399e-33 4.571632482795391e-34 1.487802913104714e-31 6356
9.83666 1.782461627437062e-33 4.892439610060587e-34 1.50439386207835e-31 5348
10.0654 1.873705063196518e-33 5.477339294657853e-34 1.510448176262626e-31 4308
10.2942 2.014102859189691e-33 6.089490526455927e-34 1.551893594267293e-31 3563
10.5229 2.26950090413242e-33 6.806786033729077e-34 1.671779853925056e-31 2448
10.7517 2.21198695476297e-33 7.683552867145389e-34 1.564481680514318e-31 1868
10.9805 2.499110322455363e-33 8.351485945131366e-34 1.68967831845155e-31 1358
11.2092 2.543963317244766e-33 9.55698686379476e-34 1.65349166058112e-31 1062
11.438 2.8933609856343e-33 8.950444853944511e-34 1.797866597705479e-31 776
11.6667 2.607334225095779e-33 9.232307072775947e-34 1.562770115677132e-31 432
11.8955 3.219966631103318e-33 1.15463715924119e-33 1.849412532172757e-31 200
12.1243 3.303778275289229e-33 9.85900499431023e-34 1.814804969490355e-31 168
12.353 3.703019100967755e-33 1.293820920298201e-33 1.967528849982393e-31 56
12.5818 2.484197435146096e-33 1.237572571322255e-33 1.283293981853403e-31 7


0.22876 1.932932094673048e-05 2.906217924363809e-09 5.534511233166113 18
0.457519 1.710850561170946e-05 1.183584444246692e-07 1.230478081884139 62
0.686279 2.747851835562045e-05 1.93895939101195e-07 0.7197112272559137 98
0.915038 6.201939190934014e-05 5.176472817456259e-07 0.8443040626999117 210
1.1438 8.031353974740045e-36 6.210679165247289e-38 6.708922272204896e-32 350
1.37256 1.060022474053719e-35 1.241689987283094e-37 6.150000477478063e-32 450
1.60132 1.508117730855173e-35 1.836190706725621e-37 6.260113655452455e-32 602
1.83008 1.980052986854147e-35 3.02149022198726e-37 6.229316118747887e-32 762
2.05884 2.431598576897052e-35 5.308840869869601e-37 6.097479319284032e-32 1142
2.2876 3.605488558348375e-35 7.85823009414566e-37 7.257027172864485e-32 1250
2.51636 3.775305253327882e-35 1.11294383041264e-36 6.29391303757672e-32 1458
2.74512 4.673858650207029e-35 1.539344124125081e-36 6.504567588471772e-32 1814
2.97387 6.063503503096169e-35 2.206907668991122e-36 7.173444417156734e-32 2178
3.20263 7.147747237236816e-35 3.174610670289904e-36 7.310042380200514e-32 2498
3.43139 9.503178164750343e-35 4.27362390117724e-36 8.39459727447192e-32 2622
3.66015 9.847092970167378e-35 5.728925039481621e-36 7.684436520327368e-32 3338
3.88891 1.199839613657554e-34 7.323479422393886e-36 8.277229079513812e-32 3722
4.11767 1.423525522714075e-34 9.355620779151304e-36 8.750571998849641e-32 4170
4.34643 1.608924870804225e-34 1.130733208262191e-35 8.851943048066987e-32 4358
4.57519 1.883918892516845e-34 1.480331514244072e-35 9.349654467089422e-32 5034
4.80395 2.150865648582809e-34 1.848494259983952e-35 9.68296244573236e-32 5714
5.03271 2.375230759753743e-34 2.194086575928577e-35 9.73463548930626e-32 5982
5.26147 2.654076321233207e-34 2.668334514698807e-35 9.944137640322249e-32 6602
5.49023 3.094816046766544e-34 3.082725234439231e-35 1.06026618750683e-31 7130
5.71899 3.537792744078895e-34 3.826432955559941e-35 1.117269254700642e-31 8034
5.94775 3.910128354049857e-34 4.460672103589078e-35 1.141055439982352e-31 8606
6.17651 4.51839352418177e-34 5.190910552970503e-35 1.219637302834772e-31 9066
6.40527 4.864311625264252e-34 5.920292601083879e-35 1.220142428563365e-31 9962
6.63403 5.340681782598097e-34 7.146222643081676e-35 1.249954065897593e-31 10550
6.86279 6.036047217058851e-34 8.151574371097592e-35 1.317141451573298e-31 11226
7.09155 6.764900978105284e-34 9.274987880527863e-35 1.379922708613354e-31 12146
7.32031 7.29581752974215e-34 1.043814966190464e-34 1.395171752409265e-31 12303
7.54907 7.848652686788166e-34 1.171257508842854e-34 1.410066589863704e-31 12584
7.77783 8.544525906298492e-34 1.369631425102699e-34 1.44699531245567e-31 12120
8.00659 9.236033164920911e-34 1.545558892394931e-34 1.475229674358796e-31 11180
8.23535 9.757012441459902e-34 1.744893456954094e-34 1.473402801556834e-31 11096
8.46411 1.080989566336291e-33 1.986367584835827e-34 1.544220735230943e-31 10056
8.69286 1.201494164436959e-33 2.20808674218859e-34 1.624662063802277e-31 9716
8.92162 1.275094682514188e-33 2.54946909424426e-34 1.638223508138213e-31 8604
9.15038 1.346628378868187e-33 2.817409298082818e-34 1.644116499991893e-31 8060
9.37914 1.513602428080945e-33 3.100108807375974e-34 1.755470018288444e-31 7320
9.6079 1.59074419723373e-33 3.495810496150281e-34 1.759842447413368e-31 6356
9.83666 1.709900544128046e-33 3.759644337589457e-34 1.802116051105358e-31 5348
10.0654 1.805399809794245e-33 4.106667991039809e-34 1.816049991669678e-31 4308
10.2942 1.921883928710027e-33 4.569920438709152e-34 1.848284528716955e-31 3563
10.5229 2.140734932541894e-33 5.178984101217651e-34 1.969615135807713e-31 2448
10.7517 2.14711877924951e-33 5.663881797468644e-34 1.893503458918211e-31 1868
10.9805 2.314112011444014e-33 6.176020053576264e-34 1.953667300882696e-31 1358
11.2092 2.516859888755719e-33 6.845464364952555e-34 2.037249313516502e-31 1062
11.438 2.748466517570888e-33 6.619855398272526e-34 2.131261969079001e-31 776
11.6667 2.559453891584543e-33 6.328887826742487e-34 1.909650307392678e-31 432
11.8955 2.999653511959225e-33 8.360420979214517e-34 2.149965232522771e-31 200
12.1243 3.059128681694411e-33 8.265991087743237e-34 2.103786891754822e-31 168
12.353 4.309344214446188e-33 7.257840931304188e-34 2.834866924072714e-31 56
12.5818 2.103009865428505e-33 1.066618679895056e-33 1.367729910071518e-31 7


0.22876 4.140529610143134e-06 3.211125338797363e-08 2.776934365832663 18
0.457519 8.01427243027152e-06 1.046904847491996e-07 0.8872945600163209 62
0.686279 2.569175930423439e-05 1.239269174322846e-07 0.7908127375211409 98
0.915038 6.340125687900998e-05 2.974462164743747e-07 1.004314931390939 210
1.1438 8.305003064763493e-36 5.29203775585908e-38 8.310979148268045e-32 350
1.37256 1.068151856421991e-35 9.001028808455093e-38 7.369549335090451e-32 450
1.60132 1.393570676914801e-35 1.52529281461774e-37 6.975926561096407e-32 602
1.83008 1.930856251859632e-35 2.579747597163263e-37 7.307145838088696e-32 762
2.05884 2.475268714331541e-35 4.020928362864278e-37 7.40391194093755e-32 1142
2.2876 3.302698455047662e-35 6.43127998981757e-37 8.004096570779605e-32 1250
2.51636 3.964185826539727e-35 8.494775119006438e-37 7.877198792910338e-32 1458
2.74512 4.413960473841976e-35 1.235910366329961e-36 7.376181686997568e-32 1814
2.97387 5.663868575280976e-35 1.858857250037901e-36 8.069899489446134e-32 2178
3.20263 7.074650052976514e-35 2.547366967016247e-36 8.668068423439751e-32 2498
3.43139 8.476863461850057e-35 3.49125876589607e-36 9.02150722936578e-32 2622
3.66015 9.126499657638118e-35 4.587737339639161e-36 8.558843086427718e-32 3338
3.88891 1.154729463235304e-34 5.829523435131031e-36 9.551567147808442e-32 3722
4.11767 1.367528020848908e-34 7.6848219592788e-36 1.009315292587911e-31 4170
4.34643 1.578343859495116e-34 8.953023595231824e-36 1.04012271928265e-31 4358
4.57519 1.829428186229691e-34 1.183050353437555e-35 1.088208465822482e-31 5034
4.80395 2.077006079853286e-34 1.489103703521844e-35 1.121397732691852e-31 5714
5.03271 2.358457160209762e-34 1.748697234134812e-35 1.15746135793423e-31 5982
5.26147 2.664157913536295e-34 2.07130329025348e-35 1.193398418989809e-31 6602
5.49023 2.940364562569296e-34 2.552387235790121e-35 1.210194908168591e-31 7130
5.71899 3.465292986095009e-34 3.021632750845087e-35 1.310711223005901e-31 8034
5.94775 3.784230991516101e-34 3.580697899236019e-35 1.324087118950894e-31 8606
6.17651 4.2618857315988e-34 4.228147470185945e-35 1.381321738999129e-31 9066
6.40527 4.599691512908076e-34 4.747349786486806e-35 1.384469978746384e-31 9962
6.63403 5.245449505892874e-34 5.662857528619658e-35 1.47054611182855e-31 10550
6.86279 5.838457393693196e-34 6.542111488886456e-35 1.527630908010895e-31 11226
7.09155 6.474167477212087e-34 7.447688530151484e-35 1.584121234410575e-31 12146
7.32031 6.795151799129036e-34 8.505184430628228e-35 1.560728941602427e-31 12303
7.54907 7.573045694842845e-34 9.542671082204568e-35 1.632252441494726e-31 12584
7.77783 8.279047872827231e-34 1.10211670876719e-34 1.681187520334071e-31 12120
8.00659 8.860205739343992e-34 1.253617319020533e-34 1.697888881303449e-31 11180
8.23535 9.404584294501577e-34 1.395704378689583e-34 1.702881999683119e-31 11096
8.46411 1.025717994018839e-33 1.631722103775483e-34 1.759194017910361e-31 10056
8.69286 1.140294783886152e-33 1.786110426642135e-34 1.850242891957717e-31 9716
8.92162 1.239842350153532e-33 2.033386349237149e-34 1.909381926244686e-31 8604
9.15038 1.32654943408146e-33 2.191557128802956e-34 1.939217682023522e-31 8060
9.37914 1.434640800697588e-33 2.537425158304093e-34 1.997322114981568e-31 7320
9.6079 1.530601875260931e-33 2.782144995329491e-34 2.030196033294431e-31 6356
9.83666 1.623841051574626e-33 3.086171002998956e-34 2.054355355456019e-31 5348
10.0654 1.693188893568516e-33 3.386736369549172e-34 2.045364392198375e-31 4308
10.2942 1.839336313118401e-33 3.685312896234478e-34 2.121878034938297e-31 3563
10.5229 2.046663479379672e-33 4.204808044044864e-34 2.259224516197179e-31 2448
10.7517 2.039758176656846e-33 4.52960277308919e-34 2.157770625583052e-31 1868
10.9805 2.270586749364758e-33 4.872136968952645e-34 2.296592682672424e-31 1358
11.2092 2.3464426288614e-33 5.463807319067974e-34 2.27921832832089e-31 1062
11.438 2.508866716411387e-33 5.27815732687669e-34 2.335491949330929e-31 776
11.6667 2.547132548757477e-33 5.184021605858024e-34 2.278321565061771e-31 432
11.8955 2.861403667068861e-33 6.861191226934678e-34 2.461144468653287e-31 200
12.1243 3.015164862723735e-33 6.835450368598456e-34 2.486909023069876e-31 168
12.353 2.611498449494539e-33 8.587527731154761e-34 2.09617715026333e-31 56
12.5818 1.729134269207049e-33 9.058502683986924e-34 1.360321288891247e-31 7


0.22876 3.498450462113199e-06 2.621904533526473e-08 2.864029424735429 18
0.457519 7.322387001537503e-06 7.839230288626045e-08 0.9280715843583653 62
0.686279 2.206756266607339e-05 9.110937192421829e-08 0.795152731141422 98
0.915038 5.551451180348351e-05 2.151856969183316e-07 1.025337139303034 210
1.1438 6.847921480338997e-36 5.050376209872878e-38 8.190245246784216e-32 350
1.37256 1.088976224275264e-35 7.846486076301395e-38 8.770454905593846e-32 450
1.60132 1.31013037211026e-35 1.431271124386425e-37 7.706420950251429e-32 602
1.83008 1.803464632617583e-35 2.256615748842627e-37 8.009377022567652e-32 762
2.05884 2.462158642363378e-35 3.266279301169372e-37 8.577705749099521e-32 1142
2.2876 3.205627032514851e-35 5.36692377045027e-37 9.065647562204276e-32 1250
2.51636 3.479711182080826e-35 7.757257224492914e-37 8.139272371368188e-32 1458
2.74512 4.248636973225319e-35 1.051628316306495e-36 8.291643032352542e-32 1814
2.97387 5.761677506648044e-35 1.50383291978308e-36 9.540338625236289e-32 2178
3.20263 6.749707585657391e-35 2.231185585011631e-36 9.679900924435744e-32 2498
3.43139 8.327205040599728e-35 2.908401408829851e-36 1.033132409891727e-31 2622
3.66015 9.442909753734119e-35 3.588425460274865e-36 1.02664025604652e-31 3338
3.88891 1.0832397673421e-34 5.003670653843226e-36 1.048044938401937e-31 3722
4.11767 1.322482525702341e-34 6.2759649108661e-36 1.137663351169343e-31 4170
4.34643 1.485636688174021e-34 7.717492831471928e-36 1.145050677879993e-31 4358
4.57519 1.763724888576876e-34 1.003271751041259e-35 1.224919453900758e-31 5034
4.80395 2.01014291125835e-34 1.246486131297003e-35 1.266122085970003e-31 5714
5.03271 2.205309589308006e-34 1.484931237019325e-35 1.26514616111343e-31 5982
5.26147 2.559666739156573e-34 1.763065995118481e-35 1.338951073019031e-31 6602
5.49023 2.912830302721239e-34 2.107404387356701e-35 1.396607982509561e-31 7130
5.71899 3.244478578439198e-34 2.540248148781299e-35 1.433684357120816e-31 8034
5.94775 3.67415467696583e-34 2.993958271229781e-35 1.499514629199253e-31 8606
6.17651 4.116872388825449e-34 3.56739754250823e-35 1.557121836063837e-31 9066
6.40527 4.431625642730182e-34 3.991344456497216e-35 1.556528989583214e-31 9962
6.63403 5.049894460978234e-34 4.693985756467655e-35 1.65120905209186e-31 10550
6.86279 5.555180863188504e-34 5.491007749523759e-35 1.696671964804862e-31 11226
7.09155 6.217565685687472e-34 6.271640369078175e-35 1.77553262865534e-31 12146
7.32031 6.682442686013672e-34 7.043752720663336e-35 1.788814790070485e-31 12303
7.54907 7.314618573046985e-34 7.998606462504433e-35 1.839192451563721e-31 12584
7.77783 7.922565165574255e-34 9.250052377154063e-35 1.87743139433344e-31 12120
8.00659 8.604061397173071e-34 1.041847662826945e-34 1.922657994272921e-31 11180
8.23535 9.223299127667736e-34 1.173305786297815e-34 1.947530943010247e-31 11096
8.46411 1.00215050849949e-33 1.364485904141876e-34 2.00422777793523e-31 10056
8.69286 1.098702908040413e-33 1.491363899640381e-34 2.079607164308533e-31 9716
8.92162 1.207201317933877e-33 1.722962415193494e-34 2.168925846625622e-31 8604
9.15038 1.247051036039208e-33 1.876991731454421e-34 2.129593503383945e-31 8060
9.37914 1.397922957334799e-33 2.132294698587042e-34 2.269906093891595e-31 7320
9.6079 1.494715630912062e-33 2.291244869697028e-34 2.310924662578994e-31 6356
9.83666 1.621076261749357e-33 2.5108777757985e-34 2.388279896150692e-31 5348
10.0654 1.70176238935382e-33 2.718097778944658e-34 2.392686465590084e-31 4308
10.2942 1.761656095676012e-33 3.028292963075971e-34 2.369905370107127e-31 3563
10.5229 2.020062637010228e-33 3.516645864869497e-34 2.599491846389416e-31 2448
10.7517 1.964812300392149e-33 3.643378429809286e-34 2.422005523166506e-31 1868
10.9805 2.106285027363952e-33 4.144645480856918e-34 2.488689312690981e-31 1358
11.2092 2.438447589624253e-33 4.254910292877377e-34 2.752957214085178e-31 1062
11.438 2.156231503789806e-33 4.951755688183066e-34 2.35518050988147e-31 776
11.6667 2.364413620818717e-33 4.892315211135056e-34 2.475916753288456e-31 432
11.8955 2.660046852399902e-33 6.031347792819696e-34 2.674452692533938e-31 200
12.1243 2.869337085898333e-33 5.821192657891628e-34 2.76223282396016e-31 168
12.353 2.667818699468416e-33 7.888515840616954e-34 2.501225065203206e-31 56
12.5818 2.065768289191054e-33 8.106303742704086e-34 1.885835346996782e-31 7


0.22876 8.841292260522165e-06 4.37307566187279e-09 4.576273785338248 18
0.457519 1.665608379853687e-05 2.963242796815647e-08 1.697119149105055 62
0.686279 1.753641940698721e-05 7.657838443728386e-08 0.7414280357005043 98
0.915038 4.167268886535631e-05 1.946986265119746e-07 0.9039969077833583 210
1.1438 7.145534532642661e-36 4.331327388547678e-38 9.722032742073033e-32 350
1.37256 9.670475121797528e-36 7.316931866673167e-38 9.011980141439465e-32 450
1.60132 1.284634504481166e-35 1.248696481401641e-37 8.666003254060087e-32 602
1.83008 1.671290608832886e-35 1.981825938487274e-37 8.528675754304743e-32 762
2.05884 2.550793826827262e-35 2.807373961818524e-37 1.01276692982822e-31 1142
2.2876 3.104996645510618e-35 4.888740535437826e-37 1.007384010457655e-31 1250
2.51636 3.597055214587245e-35 6.412959031938026e-37 9.576325686314798e-32 1458
2.74512 4.234447342717505e-35 8.84217835326734e-37 9.430405521226157e-32 1814
2.97387 5.783765295722471e-35 1.277409933123299e-36 1.092688478811907e-31 2178
3.20263 6.853966088216762e-35 1.821113662269488e-36 1.118546629916116e-31 2498
3.43139 8.321395596075024e-35 2.499719183019418e-36 1.178912241204059e-31 2622
3.66015 9.064248498508126e-35 3.05616639399784e-36 1.126739887054123e-31 3338
3.88891 1.096674740902836e-34 4.153207929088741e-36 1.208861291357019e-31 3722
4.11767 1.247942054659532e-34 5.435713342876856e-36 1.2293378437792e-31 4170
4.34643 1.445421821250516e-34 6.554392326685841e-36 1.272712809376388e-31 4358
4.57519 1.723459675183734e-34 8.540707210465223e-36 1.367426013340407e-31 5034
4.80395 1.958027575346485e-34 1.042037597094326e-35 1.408072813573921e-31 5714
5.03271 2.1690151206747e-34 1.245696979339126e-35 1.420332640205889e-31 5982
5.26147 2.460590594604259e-34 1.473567803309533e-35 1.470276930924169e-31 6602
5.49023 2.823126148286588e-34 1.782778523854515e-35 1.546395320107323e-31 7130
5.71899 3.19399978004853e-34 2.111735621998043e-35 1.610342329318739e-31 8034
5.94775 3.507627075017829e-34 2.558899603806247e-35 1.636965916882249e-31 8606
6.17651 4.002737053291197e-34 2.98520321723857e-35 1.728669638292175e-31 9066
6.40527 4.308985248404575e-34 3.379855296141009e-35 1.728804128305581e-31 9962
6.63403 4.81416912521305e-34 4.081098473211177e-35 1.801111542246931e-31 10550
6.86279 5.514689169541589e-34 4.570078728464974e-35 1.9215359229266e-31 11226
7.09155 6.249859689953677e-34 5.296517505604519e-35 2.03632163491353e-31 12146
7.32031 6.490940440595263e-34 5.956246046040706e-35 1.984803012791363e-31 12303
7.54907 6.984095184669312e-34 6.83004096655854e-35 2.007716099718543e-31 12584
7.77783 7.622600996919936e-34 7.878638381851334e-35 2.064500872823555e-31 12120
8.00659 8.344192108414315e-34 8.799574817004114e-35 2.129969457233838e-31 11180
8.23535 9.000298108333424e-34 9.967366763381436e-35 2.170863086817062e-31 11096
8.46411 9.544595649376303e-34 1.154175783708667e-34 2.181817287302678e-31 10056
8.69286 1.032541316767984e-33 1.288177224993657e-34 2.236104743977895e-31 9716
8.92162 1.165282033235294e-33 1.468702478669894e-34 2.392559588942258e-31 8604
9.15038 1.228100475205205e-33 1.545956602405381e-34 2.392919664063007e-31 8060
9.37914 1.339874421246376e-33 1.803555464429715e-34 2.486199791736397e-31 7320
9.6079 1.44113273461115e-33 1.952339353291732e-34 2.546224135868673e-31 6356
9.83666 1.520817259989792e-33 2.145211077283585e-34 2.562590798040661e-31 5348
10.0654 1.684282422862945e-33 2.281563834507972e-34 2.703367927343078e-31 4308
10.2942 1.714814164526454e-33 2.619371059985655e-34 2.636629788840958e-31 3563
10.5229 1.896974006043678e-33 3.021805939172517e-34 2.79218087496841e-31 2448
10.7517 1.927634406192541e-33 3.110499714545391e-34 2.714381596552389e-31 1868
10.9805 2.083763106018973e-33 3.405450074877487e-34 2.80900920471892e-31 1358
11.2092 2.195587275530085e-33 3.786005399233493e-34 2.840417201962684e-31 1062
11.438 2.374083953446378e-33 3.748534157512978e-34 2.944283095110313e-31 776
11.6667 2.378266049555732e-33 4.292178764026157e-34 2.845053416779443e-31 432
11.8955 2.617230097304192e-33 5.134385085414029e-34 3.005431067579274e-31 200
12.1243 2.730461560034539e-33 5.117590267770366e-34 3.00717120801658e-31 168
12.353 2.879956272113862e-33 5.706100365052101e-34 3.061490062836346e-31 56
12.5818 3.762509967476462e-33 7.089111743598549e-34 3.850420196338769e-31 7


0.22876 3.597586239895273e-06 1.380201323416495e-08 3.204598312208897 18
0.457519 2.036366936044961e-05 4.33551089361149e-09 2.157565703326083 62
0.686279 1.370813109620982e-05 6.766796405447737e-08 0.6771079207584247 98
0.915038 3.425912929977127e-05 1.641704872200279e-07 0.8495692913455691 210
1.1438 6.901038510258561e-36 4.004492531129801e-38 1.062047994500869e-31 350
1.37256 9.568785297908642e-36 6.30586678150905e-38 1.003611913521516e-31 450
1.60132 1.25926403997213e-35 1.070025125252493e-37 9.557500387829282e-32 602
1.83008 1.648185190503057e-35 1.76865431146486e-37 9.47288997856362e-32 762
2.05884 2.103109200938277e-35 3.111717648401775e-37 9.618661218829687e-32 1142
2.2876 3.159413827849262e-35 4.116595781558069e-37 1.149199308124466e-31 1250
2.51636 3.505465453568502e-35 5.677561516827488e-37 1.050777392025617e-31 1458
2.74512 4.024436308624123e-35 8.310735354599343e-37 1.014106283791671e-31 1814
2.97387 5.631421368299955e-35 1.104611846038045e-36 1.196985905992402e-31 2178
3.20263 6.386558330361974e-35 1.613416673361941e-36 1.176209014210767e-31 2498
3.43139 7.947358117493235e-35 2.236194903085182e-36 1.269563069835949e-31 2622
3.66015 8.298974577452079e-35 2.761461440518357e-36 1.166515313324767e-31 3338
3.88891 1.052553218948133e-34 3.671697689443081e-36 1.307315335079495e-31 3722
4.11767 1.273140560704632e-34 4.515737205232744e-36 1.405127260957314e-31 4170
4.34643 1.427252121174721e-34 5.682297007805891e-36 1.412809868574309e-31 4358
4.57519 1.665265405224823e-34 7.520540512083373e-36 1.487665090407752e-31 5034
4.80395 1.882368321719763e-34 9.071071231729886e-36 1.523717157576023e-31 5714
5.03271 2.117440613938966e-34 1.083790963348092e-35 1.55966835310463e-31 5982
5.26147 2.388893940215358e-34 1.290921447220573e-35 1.60649558309739e-31 6602
5.49023 2.705921844331076e-34 1.563735499935405e-35 1.669162673457826e-31 7130
5.71899 3.077072749487902e-34 1.836518339287364e-35 1.745998397040305e-31 8034
5.94775 3.4603558284386e-34 2.157041164520989e-35 1.813702569844524e-31 8606
6.17651 3.86543055803026e-34 2.590421465294026e-35 1.878408714083771e-31 9066
6.40527 4.155161014206328e-34 2.972832571349334e-35 1.876828662785048e-31 9962
6.63403 4.826307436574184e-34 3.447876424465172e-35 2.027096373370015e-31 10550
6.86279 5.272661989021562e-34 4.04093618938864e-35 2.069118758029504e-31 11226
7.09155 5.988945209344495e-34 4.705028462530479e-35 2.197633353495027e-31 12146
7.32031 6.357364981756101e-34 5.144653409998051e-35 2.185938769587477e-31 12303
7.54907 6.756135862049713e-34 5.920357298727329e-35 2.184999460432627e-31 12584
7.77783 7.506269501911073e-34 6.7562804348484e-35 2.285103393672774e-31 12120
8.00659 8.039116287607482e-34 7.624538517658112e-35 2.308885321451327e-31 11180
8.23535 8.650071722496041e-34 8.746557422060877e-35 2.348591150656911e-31 11096
8.46411 9.609204306301031e-34 9.688588465712412e-35 2.465744243931733e-31 10056
8.69286 1.02050126547189e-33 1.099381564407497e-34 2.48350015705839e-31 9716
8.92162 1.148633010658835e-33 1.256749200248867e-34 2.65065751929438e-31 8604
9.15038 1.180820283392211e-33 1.359341548581171e-34 2.589850250119522e-31 8060
9.37914 1.312624138253294e-33 1.545755647276709e-34 2.73820242017538e-31 7320
9.6079 1.399740588278293e-33 1.68397357534709e-34 2.781399691031593e-31 6356
9.83666 1.482001209393733e-33 1.836254722118221e-34 2.807708053671743e-31 5348
10.0654 1.601078755759939e-33 2.044411190800793e-34 2.894718553949252e-31 4308
10.2942 1.672043770521289e-33 2.219099747569166e-34 2.889815078420244e-31 3563
10.5229 1.771316322399857e-33 2.688296632842293e-34 2.938065006761767e-31 2448
10.7517 1.813341957635774e-33 2.713172404118976e-34 2.875076225700882e-31 1868
10.9805 2.05102317275199e-33 2.826777079743101e-34 3.10567007605986e-31 1358
11.2092 2.052754121870742e-33 3.337629473215632e-34 2.991502801134747e-31 1062
11.438 2.162541681493312e-33 3.50400107140952e-34 3.027008966877768e-31 776
11.6667 2.559944674375218e-33 3.587638292051525e-34 3.433419975329034e-31 432
11.8955 2.533989080268757e-33 4.186060961653678e-34 3.268340706255254e-31 200
12.1243 2.777095661523914e-33 3.988528203841154e-34 3.428508226163719e-31 168
12.353 3.130341438894827e-33 4.881277048105327e-34 3.732463109841894e-31 56
12.5818 3.625474278093881e-33 6.30092196983575e-34 4.176523105457018e-31 7


0.22876 2.223926186299317e-06 1.461665697404953e-08 2.918507621007888 18
0.457519 1.021483601484261e-05 2.557302230964647e-08 1.424329598660068 62
0.686279 1.181033518716761e-05 5.720711545318943e-08 0.6592918110383238 98
0.915038 2.820845156963132e-05 1.438777682671111e-07 0.7933818926820037 210
1.1438 6.705026780843895e-36 3.720992579335054e-38 1.156613042494254e-31 350
1.37256 7.988499207464149e-36 6.433715184590762e-38 9.53615306734428e-32 450
1.60132 1.216273784077357e-35 9.693980087974247e-38 1.029978995515783e-31 602
1.83008 1.601304115845789e-35 1.524378117733792e-37 1.022776555741218e-31 762
2.05884 2.475483551889084e-35 2.387036924754969e-37 1.235188911130045e-31 1142
2.2876 2.756630948888474e-35 3.987078765786638e-37 1.126980639042019e-31 1250
2.51636 3.51893110050586e-35 5.02832299096027e-37 1.17099482210458e-31 1458
2.74512 3.944000819909067e-35 7.259044182711695e-37 1.103931733163107e-31 1814
2.97387 4.961704736377565e-35 1.093372502460548e-36 1.184605181571819e-31 2178
3.20263 6.070039306279896e-35 1.43850875400263e-36 1.2449122005024e-31 2498
3.43139 7.525048750685193e-35 2.03507689684829e-36 1.340287796023251e-31 2622
3.66015 8.392157758476212e-35 2.346220828371847e-36 1.306030476972229e-31 3338
3.88891 1.021648675469519e-34 3.273914602476394e-36 1.411093808667212e-31 3722
4.11767 1.238371762524468e-34 4.019492806606389e-36 1.519922847063779e-31 4170
4.34643 1.377105395114689e-34 5.110918554615487e-36 1.51690229341431e-31 4358
4.57519 1.644911150328903e-34 6.59984307040144e-36 1.631683432303221e-31 5034
4.80395 1.816233029221524e-34 8.073513593050615e-36 1.635230185096606e-31 5714
5.03271 2.052721075788697e-34 9.626482613570654e-36 1.681007202939341e-31 5982
5.26147 2.348433840666939e-34 1.137296586625479e-35 1.754227742739673e-31 6602
5.49023 2.669358619030722e-34 1.371103967864288e-35 1.828209586133518e-31 7130
5.71899 3.08295808697878e-34 1.600896094337485e-35 1.941074531102064e-31 8034
5.94775 3.357140830082142e-34 1.901281627933478e-35 1.955617986000037e-31 8606
6.17651 3.776188178538586e-34 2.295361796339864e-35 2.039216347788103e-31 9066
6.40527 4.185429387420814e-34 2.584565398611671e-35 2.097120383984198e-31 9962
6.63403 4.655513353199162e-34 3.041157713515626e-35 2.17343154133794e-31 10550
6.86279 5.240180382886207e-34 3.487252565384459e-35 2.281743161443388e-31 11226
7.09155 5.882203513346209e-34 4.123711964749336e-35 2.397331278791299e-31 12146
7.32031 6.015857245953011e-34 4.604700465673482e-35 2.301685157826711e-31 12303
7.54907 6.634319076744174e-34 5.215935175106448e-35 2.383384767649324e-31 12584
7.77783 7.353885611107621e-34 5.916652262519335e-35 2.486493759602461e-31 12120
8.00659 7.868610257120153e-34 6.675468959905174e-35 2.510067031518539e-31 11180
8.23535 8.431132308540713e-34 7.760021415153399e-35 2.5439382642247e-31 11096
8.46411 9.285955181837903e-34 8.662764798174036e-35 2.649267490294829e-31 10056
8.69286 9.749880017318117e-34 9.890770898035049e-35 2.639522052492194e-31 9716
8.92162 1.116312314165925e-33 1.106507568060121e-34 2.862360744123106e-31 8604
9.15038 1.161409776392023e-33 1.200706972027531e-34 2.829569809321887e-31 8060
9.37914 1.291396309339864e-33 1.348555679693455e-34 2.991431583405825e-31 7320
9.6079 1.376549472969185e-33 1.470034135721128e-34 3.037564176163311e-31 6356
9.83666 1.422781459450665e-33 1.641101016665022e-34 2.997215349503648e-31 5348
10.0654 1.538897367974101e-33 1.825787609343051e-34 3.093473409874726e-31 4308
10.2942 1.59688174974106e-33 1.987499190973747e-34 3.069355937092789e-31 3563
10.5229 1.784632414989538e-33 2.279119513835814e-34 3.282200640706804e-31 2448
10.7517 1.770542887051254e-33 2.38429071223178e-34 3.11860548705627e-31 1868
10.9805 1.990904344199341e-33 2.531139029078669e-34 3.350931464975367e-31 1358
11.2092 2.073432083834736e-33 2.77740458548163e-34 3.34884776060606e-31 1062
11.438 2.087139836998434e-33 2.961095961007928e-34 3.243048547277208e-31 776
11.6667 2.217385965340398e-33 3.384216248546051e-34 3.318927995651432e-31 432
11.8955 2.547799819985958e-33 3.477932896500056e-34 3.643506371513844e-31 200
12.1243 2.855086254211937e-33 3.520052888402005e-34 3.911744471535563e-31 168
12.353 3.250880247188791e-33 4.487357284658507e-34 4.304592305629766e-31 56
12.5818 3.232404774360488e-33 6.158181651857615e-34 4.157513190008896e-31 7


0.22876 4.97083089352512e-06 4.211268461262748e-09 4.035940409969094 18
0.457519 1.816544435843406e-06 4.431546679169135e-08 0.7029767623796016 62
0.686279 1.247849998640203e-05 4.178450284367858e-08 0.737792174744488 98
0.915038 2.30867037602872e-05 1.301450815885142e-07 0.7338308112235419 210
1.1438 6.528566945737147e-36 3.340213273282494e-38 1.241920846008752e-31 350
1.37256 8.680417839938928e-36 5.028763999618348e-38 1.120839430083314e-31 450
1.60132 1.152530334720655e-35 9.13574453049569e-38 1.080152588248892e-31 602
1.83008 1.505609403142843e-35 1.39792675155149e-37 1.062884900965449e-31 762
2.05884 2.056264943972938e-35 2.543850889260869e-37 1.151819916714721e-31 1142
2.2876 2.874574557401729e-35 3.349095807039055e-37 1.284548427729631e-31 1250
2.51636 3.525707977100548e-35 4.480434558977755e-37 1.289869233761586e-31 1458
2.74512 3.978648380207517e-35 6.360668097036855e-37 1.22186195067656e-31 1814
2.97387 5.060644761270339e-35 9.368453101518211e-37 1.323847791492847e-31 2178
3.20263 6.026651113189411e-35 1.287966087212939e-36 1.359484769510153e-31 2498
3.43139 7.29104658132963e-35 1.785434327546356e-36 1.428023654454196e-31 2622
3.66015 8.091274612162756e-35 2.140214683070606e-36 1.387807336769991e-31 3338
3.88891 1.064820034358419e-34 2.799392602355363e-36 1.610076569516281e-31 3722
4.11767 1.193948217114659e-34 3.74663769814593e-36 1.61624001499515e-31 4170
4.34643 1.383916190309005e-34 4.553383331351758e-36 1.674757889718029e-31 4358
4.57519 1.610933996500065e-34 5.88491516587304e-36 1.757834675638819e-31 5034
4.80395 1.846937641739961e-34 7.106257805720353e-36 1.825112767233258e-31 5714
5.03271 2.042386841869635e-34 8.386148577043451e-36 1.836830528090327e-31 5982
5.26147 2.264155522465575e-34 1.031507818693017e-35 1.862813214243957e-31 6602
5.49023 2.638246540815925e-34 1.198799347803576e-35 1.985420144729708e-31 7130
5.71899 2.898484455854734e-34 1.460034723306811e-35 2.012092984258727e-31 8034
5.94775 3.201017449176697e-34 1.749913172594453e-35 2.055580315282417e-31 8606
6.17651 3.717219167171307e-34 2.012801103652868e-35 2.206172186963997e-31 9066
6.40527 4.003040440281279e-34 2.36376739652515e-35 2.210062280099533e-31 9962
6.63403 4.49269888224633e-34 2.733326973252306e-35 2.308877823260381e-31 10550
6.86279 5.089565768025059e-34 3.089463477617695e-35 2.43779074516055e-31 11226
7.09155 5.674191669905355e-34 3.743817072240755e-35 2.546404564465009e-31 12146
7.32031 5.931462231769754e-34 4.084411266934518e-35 2.495120932382424e-31 12303
7.54907 6.523841124708352e-34 4.591867614076772e-35 2.576438894942914e-31 12584
7.77783 7.187484233321929e-34 5.229761781495278e-35 2.672492107137186e-31 12120
8.00659 7.548381529333277e-34 6.087212933161645e-35 2.652017389697404e-31 11180
8.23535 8.33813437124283e-34 6.849410137763562e-35 2.765474283593888e-31 11096
8.46411 9.126159863401468e-34 7.797708659360048e-35 2.864311808670019e-31 10056
8.69286 9.784834429178764e-34 8.595981727492787e-35 2.909197168338337e-31 9716
8.92162 1.054714656168322e-33 9.969261049087848e-35 2.978603883003574e-31 8604
9.15038 1.148660650807996e-33 1.068512364854833e-34 3.077084792885684e-31 8060
9.37914 1.233011385656988e-33 1.219758919364105e-34 3.144992860615061e-31 7320
9.6079 1.266055541758752e-33 1.355520357654358e-34 3.081188316125534e-31 6356
9.83666 1.413514035075205e-33 1.433952666606332e-34 3.271986232922829e-31 5348
10.0654 1.507074671028272e-33 1.595733122959749e-34 3.330276269315205e-31 4308
10.2942 1.555905302819442e-33 1.754329774029248e-34 3.288802360162607e-31 3563
10.5229 1.747355879914104e-33 2.052551300070114e-34 3.535629198413391e-31 2448
10.7517 1.753503156787609e-33 2.153295432300289e-34 3.397162913449334e-31 1868
10.9805 1.879486850991413e-33 2.325679410331486e-34 3.485280221237582e-31 1358
11.2092 1.953430300192731e-33 2.528718581793397e-34 3.475535440249531e-31 1062
11.438 2.093644085511899e-33 2.647747375012213e-34 3.576307947440617e-31 776
11.6667 2.379852378143907e-33 2.795377312467763e-34 3.901967122079476e-31 432
11.8955 2.384391739429947e-33 3.285996164193025e-34 3.759169543049328e-31 200
12.1243 2.983280481858733e-33 3.091033680319186e-34 4.488781355306391e-31 168
12.353 3.313329853866835e-33 3.968714877787223e-34 4.82040905032384e-31 56
12.5818 2.048833167278434e-33 4.794006138566536e-34 2.926995184160667e-31 7


0.22876 2.500550550075361e-06 8.622998681717977e-09 3.220880814297385 18
0.457519 5.975879382254382e-06 2.617635373608494e-08 1.176631316804934 62
0.686279 1.438553376675715e-05 2.524262141459204e-08 0.8791534624898499 98
0.915038 1.969685724359491e-05 1.163222467383532e-07 0.6978573594355946 210
1.1438 6.60941595508753e-36 3.010409312226488e-38 1.376489761200434e-31 350
1.37256 7.252325844166297e-36 5.105856856987704e-38 1.04553181423674e-31 450
1.60132 1.151151727692252e-35 8.448370048498915e-38 1.177800256068957e-31 602
1.83008 1.492164998385727e-35 1.308144833322321e-37 1.152724427967472e-31 762
2.05884 2.000059412297386e-35 2.276313887912985e-37 1.223005702681103e-31 1142
2.2876 2.664092505504632e-35 3.155864432707963e-37 1.306485608212436e-31 1250
2.51636 3.090693357654986e-35 4.478065314327348e-37 1.24860990941634e-31 1458
2.74512 3.87909803225336e-35 5.805987864464128e-37 1.301395530593546e-31 1814
2.97387 4.935533706849612e-35 8.491323660578246e-37 1.409754629493209e-31 2178
3.20263 5.824740903614343e-35 1.132183984499987e-36 1.432437529066517e-31 2498
3.43139 7.425614485051893e-35 1.577636839513106e-36 1.582551237672463e-31 2622
3.66015 7.929310331809336e-35 1.98625459413962e-36 1.486332599636571e-31 3338
3.88891 9.980701875749638e-35 2.650591581388391e-36 1.653985678525977e-31 3722
4.11767 1.137247683497446e-34 3.504031240055518e-36 1.684708071309562e-31 4170
4.34643 1.3154319381663e-34 4.125029419913934e-36 1.739892177853742e-31 4358
4.57519 1.589002569417943e-34 5.261073397968751e-36 1.890627599872669e-31 5034
4.80395 1.760480856875255e-34 6.616225123053265e-36 1.903128918830133e-31 5714
5.03271 1.955990014657494e-34 7.751292140330684e-36 1.92310711917266e-31 5982
5.26147 2.227679187880858e-34 9.290414729269482e-36 1.999212880582166e-31 6602
5.49023 2.549910281939698e-34 1.109937152719751e-35 2.096822868265714e-31 7130
5.71899 2.884286297273172e-34 1.316430875949636e-35 2.183094252842679e-31 8034
5.94775 3.227182582442345e-34 1.546466873141728e-35 2.25675116744957e-31 8606
6.17651 3.585453774485669e-34 1.84651495989791e-35 2.324349163446012e-31 9066
6.40527 3.884302424195618e-34 2.138142451975403e-35 2.340683990701193e-31 9962
6.63403 4.41800442218401e-34 2.458044588644802e-35 2.476563252151215e-31 10550
6.86279 4.93014248751855e-34 2.777411094693698e-35 2.576860772891246e-31 11226
7.09155 5.597013450261422e-34 3.320542043583252e-35 2.738059885686348e-31 12146
7.32031 5.839150613366096e-34 3.67430423921881e-35 2.679060220437577e-31 12303
7.54907 6.445825004550589e-34 4.119242178177958e-35 2.775961831262175e-31 12584
7.77783 6.853423977202746e-34 4.872465297582193e-35 2.785254474840191e-31 12120
8.00659 7.413226038412483e-34 5.499677043509556e-35 2.841383075128361e-31 11180
8.23535 8.058100887195262e-34 6.190164784535741e-35 2.917068804813131e-31 11096
8.46411 9.066152338680626e-34 6.870439726781642e-35 3.100758501674201e-31 10056
8.69286 9.577615345421563e-34 7.649803484792409e-35 3.105301768147144e-31 9716
8.92162 1.045244662149055e-33 8.777722803960155e-35 3.216885443550871e-31 8604
9.15038 1.134978566797576e-33 9.587646843863583e-35 3.315547628331575e-31 8060
9.37914 1.20911985748271e-33 1.094702288869195e-34 3.363908896654836e-31 7320
9.6079 1.293875631100196e-33 1.15649953524946e-34 3.42565820997665e-31 6356
9.83666 1.338672647628528e-33 1.317132393796596e-34 3.385316116083443e-31 5348
10.0654 1.459486854738242e-33 1.437293593810022e-34 3.51928885915614e-31 4308
10.2942 1.543672530768885e-33 1.547479240423545e-34 3.556202893649472e-31 3563
10.5229 1.799465189296944e-33 1.738101441440446e-34 3.960446247762097e-31 2448
10.7517 1.73179009026701e-33 1.893471953647099e-34 3.656781686094771e-31 1868
10.9805 1.785395483435432e-33 2.090769012342085e-34 3.614396407133935e-31 1358
11.2092 1.949662272705636e-33 2.205003944489813e-34 3.778978855077376e-31 1062
11.438 2.049550268078235e-33 2.455956142062041e-34 3.821934205543832e-31 776
11.6667 2.265240605689441e-33 2.639259104191212e-34 4.058454859729269e-31 432
11.8955 2.383124135808292e-33 2.980626146093441e-34 4.097215556763058e-31 200
12.1243 2.74010070520881e-33 3.086499320383052e-34 4.512357063168626e-31 168
12.353 3.227396681359238e-33 3.414519275134677e-34 5.117926876606203e-31 56
12.5818 3.093635328568051e-33 2.448123982589491e-34 4.706877961209595e-31 7


0.22876 1.734795892483071e-06 9.142925787783241e-09 3.01989778417989 18
0.457519 1.067856017926955e-05 6.584136746093445e-09 1.763938233079367 62
0.686279 1.411030589593556e-05 1.821696587088674e-08 0.9236860974451362 98
0.915038 1.829418149680798e-05 9.988979212868899e-08 0.7037582893853814 210
1.1438 6.075815813181143e-36 2.978455154863704e-38 1.389529998802067e-31 350
1.37256 8.116462630988806e-36 4.169028358250933e-38 1.244860592931826e-31 450
1.60132 1.14966451149839e-35 7.658601753396865e-38 1.272661296288533e-31 602
1.83008 1.45010111355202e-35 1.158385138920784e-37 1.212768952689948e-31 762
2.05884 1.987300136243223e-35 1.946138812045769e-37 1.311207733453597e-31 1142
2.2876 2.504937163782107e-35 3.011493346935358e-37 1.339939186331268e-31 1250
2.51636 3.120387035919868e-35 3.952748545262764e-37 1.36163920705702e-31 1458
2.74512 3.937812445082043e-35 5.408238909810663e-37 1.431147966241678e-31 1814
2.97387 4.615766386477224e-35 7.816855140506497e-37 1.43331762340783e-31 2178
3.20263 5.744725044888894e-35 1.018249970520265e-36 1.529787032643112e-31 2498
3.43139 7.225693432826027e-35 1.416174727724936e-36 1.668021174643483e-31 2622
3.66015 7.803309545965458e-35 1.770894422276733e-36 1.583047084139277e-31 3338
3.88891 9.679188378784286e-35 2.470849279863796e-36 1.740913773922653e-31 3722
4.11767 1.177949988308056e-34 3.061298994391546e-36 1.882441044664569e-31 4170
4.34643 1.282929000491284e-34 3.70764396276998e-36 1.838107311911422e-31 4358
4.57519 1.575116382870632e-34 4.747128290986786e-36 2.028985788942911e-31 5034
4.80395 1.755574603940531e-34 5.988126432894206e-36 2.054398129744347e-31 5714
5.03271 1.899550049373306e-34 7.089443207211778e-36 2.025058706036743e-31 5982
5.26147 2.214148657891501e-34 8.397932337666334e-36 2.151277703674508e-31 6602
5.49023 2.489223615194276e-34 1.000854711659389e-35 2.217545910826942e-31 7130
5.71899 2.859184078681277e-34 1.1906708312226e-35 2.343369246230127e-31 8034
5.94775 3.156948524973441e-34 1.411251139676369e-35 2.392426573351105e-31 8606
6.17651 3.501909172886591e-34 1.691008060067909e-35 2.460798456931205e-31 9066
6.40527 3.83592078821499e-34 1.936449807644573e-35 2.50339867025293e-31 9962
6.63403 4.372526733764273e-34 2.197405771451439e-35 2.653077915070898e-31 10550
6.86279 4.747351632232751e-34 2.548953841256726e-35 2.690847009172715e-31 11226
7.09155 5.51591403127246e-34 2.975107763811956e-35 2.921504381739214e-31 12146
7.32031 5.790935350485001e-34 3.322157013738089e-35 2.87700180175702e-31 12303
7.54907 6.284962927150325e-34 3.749870498863153e-35 2.933019747519685e-31 12584
7.77783 6.829446754155104e-34 4.335513573041487e-35 3.003392234459235e-31 12120
8.00659 7.390542172835024e-34 4.913491840569607e-35 3.065581713636833e-31 11180
8.23535 8.079875645292629e-34 5.502868918095821e-35 3.164475358448478e-31 11096
8.46411 8.695309296690502e-34 6.318295001537423e-35 3.225153168986176e-31 10056
8.69286 9.119915812765973e-34 7.188409369829057e-35 3.209595190504357e-31 9716
8.92162 1.027673470129227e-33 7.999755184580211e-35 3.426475955512909e-31 8604
9.15038 1.111462364483692e-33 8.776960775501546e-35 3.518314669349905e-31 8060
9.37914 1.17232572269191e-33 9.955070531533649e-35 3.534608685949161e-31 7320
9.6079 1.256949753533334e-33 1.058302276483512e-34 3.606881612792291e-31 6356
9.83666 1.326249773937642e-33 1.181608266139491e-34 3.631094610882788e-31 5348
10.0654 1.420719925080058e-33 1.316463672205609e-34 3.712926146368354e-31 4308
10.2942 1.535924247145411e-33 1.402420212820683e-34 3.831543402411474e-31 3563
10.5229 1.684374396535765e-33 1.62275244493378e-34 4.023668236174664e-31 2448
10.7517 1.64936503708228e-33 1.76057911151964e-34 3.778354992249515e-31 1868
10.9805 1.767859402562897e-33 1.89227383027712e-34 3.875857779582965e-31 1358
11.2092 1.889384870443303e-33 2.112950102500315e-34 3.974036620885931e-31 1062
11.438 2.128782106349902e-33 2.135737845122267e-34 4.289690117315746e-31 776
11.6667 2.185661206545768e-33 2.482838444202398e-34 4.247501245998058e-31 432
11.8955 2.218253187577093e-33 2.870855397358786e-34 4.143654522320621e-31 200
12.1243 2.879746055259131e-33 2.421220156514472e-34 5.115632722070214e-31 168
12.353 3.412152315513856e-33 3.600778791191705e-34 5.87016646356623e-31 56
12.5818 1.559290050690281e-33 4.405784197455492e-34 2.673970418694398e-31 7


0.22876 3.363589448516724e-06 3.218689246786793e-09 3.81136757489252 18
0.457519 6.599195327715373e-06 1.441097943917146e-08 1.362045009310703 62
0.686279 9.573844615319773e-06 2.651665634430446e-08 0.73443679191664 98
0.915038 1.870764368374708e-05 8.067931411869121e-08 0.758935153076143 210
1.1438 5.742383469018083e-36 2.878587332108487e-38 1.427677908601166e-31 350
1.37256 7.072816129823692e-36 3.997607154855006e-38 1.184797930357514e-31 450
1.60132 1.130718052343013e-35 7.384924439521531e-38 1.356666207188004e-31 602
1.83008 1.440449532251773e-35 1.07425597726796e-37 1.298676122025243e-31 762
2.05884 1.997482526132208e-35 1.815199283042552e-37 1.419635463167852e-31 1142
2.2876 2.605741094057434e-35 2.579855243799458e-37 1.490124077195611e-31 1250
2.51636 3.060877325157625e-35 3.652641160556328e-37 1.439452498475642e-31 1458
2.74512 3.814853265294911e-35 5.02175527634155e-37 1.496071639334015e-31 1814
2.97387 4.542592802368881e-35 7.250856542909675e-37 1.521001908783082e-31 2178
3.20263 5.612211635023475e-35 9.598815148636144e-37 1.6128407134507e-31 2498
3.43139 6.875737863696851e-35 1.341324462697784e-36 1.715593940484578e-31 2622
3.66015 7.871267212004582e-35 1.598136502020347e-36 1.716477928885443e-31 3338
3.88891 9.543595711816511e-35 2.24138213864539e-36 1.848031639133617e-31 3722
4.11767 1.174609647108405e-34 2.737993149269054e-36 2.018827133208494e-31 4170
4.34643 1.257083325890269e-34 3.392086836804926e-36 1.940316479325173e-31 4358
4.57519 1.506301816057712e-34 4.471414111523905e-36 2.095118017113307e-31 5034
4.80395 1.71751065948838e-34 5.521587183434462e-36 2.165861302369254e-31 5714
5.03271 1.877632485924531e-34 6.459148687926458e-36 2.154898905366733e-31 5982
5.26147 2.161950322516209e-34 7.835510014370128e-36 2.26481035625297e-31 6602
5.49023 2.491519862814743e-34 8.931651127068063e-36 2.386369424656631e-31 7130
5.71899 2.741024653754159e-34 1.110259643481411e-35 2.423645419135094e-31 8034
5.94775 3.096843738864015e-34 1.299566837693854e-35 2.528389541447099e-31 8606
6.17651 3.517042958031398e-34 1.512378869157935e-35 2.657306106329313e-31 9066
6.40527 3.803121164516699e-34 1.758193138585632e-35 2.671492607802238e-31 9962
6.63403 4.291062686812681e-34 2.014029595062277e-35 2.804398479029788e-31 10550
6.86279 4.632008802370296e-34 2.344998369781898e-35 2.828839178369824e-31 11226
7.09155 5.397270277027185e-34 2.715273914281827e-35 3.078914169290255e-31 12146
7.32031 5.806328765378033e-34 2.995247219834412e-35 3.103196781561832e-31 12303
7.54907 6.170457878818321e-34 3.42738977847529e-35 3.101197959444642e-31 12584
7.77783 6.924618448732264e-34 3.871037754615763e-35 3.273895890760895e-31 12120
8.00659 7.332275427258246e-34 4.414162355255838e-35 3.272651731492119e-31 11180
8.23535 7.938163618965769e-34 5.063326283730958e-35 3.348792107195857e-31 11096
8.46411 8.383741825971426e-34 5.843677957444596e-35 3.351929167087631e-31 10056
8.69286 9.140323887068989e-34 6.341095837075993e-35 3.458337205003313e-31 9716
8.92162 9.85812590923452e-34 7.421130375991543e-35 3.543842494521684e-31 8604
9.15038 1.084360300186702e-33 8.10605644318306e-35 3.698469166686369e-31 8060
9.37914 1.172164947470592e-33 8.787147302021175e-35 3.800257066283974e-31 7320
9.6079 1.220340922767948e-33 9.77210904627135e-35 3.773452936528765e-31 6356
9.83666 1.333757329818241e-33 1.049245180499757e-34 3.926897251716862e-31 5348
10.0654 1.429614983202537e-33 1.18559157356749e-34 4.019216363540971e-31 4308
10.2942 1.51549063550827e-33 1.265958598095508e-34 4.069455112238924e-31 3563
10.5229 1.705026927224329e-33 1.413997335281592e-34 4.37741105252334e-31 2448
10.7517 1.642395184677032e-33 1.572436200806592e-34 4.047587224861368e-31 1868
10.9805 1.737415176636447e-33 1.744826415420173e-34 4.102769810621835e-31 1358
11.2092 1.898703400082011e-33 1.884900398887482e-34 4.295418364948982e-31 1062
11.438 2.04824388654683e-33 2.024051309274435e-34 4.450813800310813e-31 776
11.6667 2.061423485588243e-33 2.240093645017658e-34 4.317340103154794e-31 432
11.8955 2.441887485007464e-33 2.326590741316514e-34 4.883534247706798e-31 200
12.1243 2.015288661695061e-33 3.011070035719779e-34 3.917302016590208e-31 168
12.353 3.063363244587866e-33 3.364566041233584e-34 5.689590222440436e-31 56
12.5818 2.637376088370318e-33 1.3230924636314e-34 4.662458302149662e-31 7


0.22876 1.673702875879734e-06 6.528911251197732e-09 3.137581863479258 18
0.457519 2.172621949668278e-06 2.448410096755152e-08 0.8609067834074108 62
0.686279 4.071092143114545e-06 3.86754086390737e-08 0.4557345250711021 98
0.915038 2.017934515900601e-05 6.082077801230964e-08 0.8499953797140576 210
1.1438 5.82742182972336e-36 2.644649998164205e-38 1.549407168179403e-31 350
1.37256 6.603451005263298e-36 3.76343633532498e-38 1.19331714575228e-31 450
1.60132 1.059850426789554e-35 6.969706682841302e-38 1.370598748983496e-31 602
1.83008 1.466749844507895e-35 1.017153892127329e-37 1.416145247217862e-31 762
2.05884 2.019143523332159e-35 1.70488246764462e-37 1.538938938906806e-31 1142
2.2876 2.549868419469359e-35 2.422976050912102e-37 1.56540902816728e-31 1250
2.51636 3.143553193576007e-35 3.283406856669809e-37 1.579103273068278e-31 1458
2.74512 3.573878025235457e-35 4.894288497769016e-37 1.511489446143753e-31 1814
2.97387 4.544586486382473e-35 6.522136384804634e-37 1.627300866576116e-31 2178
3.20263 5.646380185463763e-35 8.729402428907719e-37 1.736071633519664e-31 2498
3.43139 7.023487903818019e-35 1.220365112802917e-36 1.873769175083109e-31 2622
3.66015 7.588673776658687e-35 1.478534320959317e-36 1.776124235414149e-31 3338
3.88891 9.63893433360247e-35 2.034247699504095e-36 1.995920303930547e-31 3722
4.11767 1.139353616882175e-34 2.543668547113101e-36 2.100876695475228e-31 4170
4.34643 1.245641116940412e-34 3.043617220320461e-36 2.05708348043682e-31 4358
4.57519 1.491188636787871e-34 4.172734902001223e-36 2.22334203145698e-31 5034
4.80395 1.688789275754239e-34 5.049930905881729e-36 2.281496092651181e-31 5714
5.03271 1.872658449432323e-34 5.865022779984229e-36 2.300277078163018e-31 5982
5.26147 2.110500669591873e-34 7.227579992091525e-36 2.370188713725123e-31 6602
5.49023 2.406455748582861e-34 8.520559478791421e-36 2.475115763564442e-31 7130
5.71899 2.668466626145587e-34 1.026192423148408e-35 2.52967676167577e-31 8034
5.94775 3.06779661666138e-34 1.186856550908475e-35 2.682269292393535e-31 8606
6.17651 3.41869560082136e-34 1.394054870301418e-35 2.769090663292491e-31 9066
6.40527 3.773286628796706e-34 1.598383196822025e-35 2.837777985902788e-31 9962
6.63403 4.177659941307597e-34 1.857864299447696e-35 2.926786825477669e-31 10550
6.86279 4.539303073930455e-34 2.150435756906337e-35 2.970243549241049e-31 11226
7.09155 5.288483996167042e-34 2.467448832118535e-35 3.231704951582914e-31 12146
7.32031 5.590385522500572e-34 2.799846713295876e-35 3.205131745355037e-31 12303
7.54907 6.104002356123709e-34 3.130997110115319e-35 3.285666797148569e-31 12584
7.77783 6.540966303380128e-34 3.695957168475307e-35 3.321508109814187e-31 12120
8.00659 7.153780989472447e-34 4.099007652978201e-35 3.422960538590291e-31 11180
8.23535 7.727175422383186e-34 4.654953549529351e-35 3.493818742643832e-31 11096
8.46411 8.334328238966885e-34 5.257076725067395e-35 3.566606697806456e-31 10056
8.69286 9.018074074168523e-34 5.803940021202791e-35 3.65490912330676e-31 9716
8.92162 9.78024341966945e-34 6.776131264191517e-35 3.765142498757496e-31 8604
9.15038 1.06464169006539e-33 7.482338265667226e-35 3.891153689370617e-31 8060
9.37914 1.101482320685229e-33 8.305117270281271e-35 3.834174358787373e-31 7320
9.6079 1.201790868781544e-33 9.09221495598611e-35 3.98267341052277e-31 6356
9.83666 1.309967112316232e-33 9.613998727322836e-35 4.132042708526718e-31 5348
10.0654 1.369243754970583e-33 1.108675159649095e-34 4.129280708466341e-31 4308
10.2942 1.402018962124738e-33 1.236106446377168e-34 4.0469979378279e-31 3563
10.5229 1.575276761968467e-33 1.367130495978806e-34 4.345839732421427e-31 2448
10.7517 1.582288853921819e-33 1.460943773371144e-34 4.181588097002215e-31 1868
10.9805 1.703805006743295e-33 1.617641316015066e-34 4.312139296563375e-31 1358
11.2092 1.78701421453897e-33 1.819744434309555e-34 4.342320626310251e-31 1062
11.438 2.029894930763296e-33 1.871985272839557e-34 4.725691176720233e-31 776
11.6667 2.090712095309679e-33 2.083960976762722e-34 4.68883864935378e-31 432
11.8955 2.379415468037617e-33 2.109061460893677e-34 5.098130951068345e-31 200
12.1243 2.051520713133975e-33 2.549965493220818e-34 4.256562413284398e-31 168
12.353 2.826468757188018e-33 3.015667233840245e-34 5.630262542644203e-31 56
12.5818 2.182819876077104e-33 9.249376863426379e-35 4.129667442513269e-31 7


0.22876 1.448696719265684e-06 6.174832377429787e-09 3.099484138040902 18
0.457519 4.770090498582037e-06 1.407978329772382e-08 1.239303795540067 62
0.686279 3.627640095935967e-06 3.527754518749753e-08 0.4471647805253913 98
0.915038 2.117939561337156e-05 4.510516714949982e-08 0.9301947342956395 210
1.1438 6.076990860293969e-36 2.231936541083613e-38 1.700885269226589e-31 350
1.37256 7.012408480700463e-36 3.404900976001035e-38 1.344190812081342e-31 450
1.60132 1.111810063230404e-35 6.104330730077808e-38 1.521672242375489e-31 602
1.83008 1.416748622851724e-35 9.723005279158663e-38 1.467089044443344e-31 762
2.05884 1.961349705975749e-35 1.641994709987054e-37 1.600077434498856e-31 1142
2.2876 2.44702043791961e-35 2.27334755639453e-37 1.606775567474531e-31 1250
2.51636 2.815766799127261e-35 3.356596033191866e-37 1.527331349615981e-31 1458
2.74512 3.756101434401635e-35 4.289914126256513e-37 1.683379166638498e-31 1814
2.97387 4.555941883039381e-35 6.045381850902179e-37 1.739388745256332e-31 2178
3.20263 5.654035802374801e-35 7.986494054558659e-37 1.852644418339315e-31 2498
3.43139 6.768308014689477e-35 1.137194357396623e-36 1.929563761074751e-31 2622
3.66015 7.463568090972554e-35 1.385722916636256e-36 1.865067277269841e-31 3338
3.88891 9.49566473525629e-35 1.885918021016927e-36 2.098313292021332e-31 3722
4.11767 1.1038423567294e-34 2.410769186591811e-36 2.1750124220633e-31 4170
4.34643 1.219752689046946e-34 2.851114820405475e-36 2.150802206071494e-31 4358
4.57519 1.483545713962114e-34 3.803453284337531e-36 2.357109761537811e-31 5034
4.80395 1.694729051009671e-34 4.595575861089944e-36 2.438718437963923e-31 5714
5.03271 1.836157978364802e-34 5.480922208830512e-36 2.407591371295806e-31 5982
5.26147 2.114596851226858e-34 6.535277280112712e-36 2.529084790685906e-31 6602
5.49023 2.404992949971086e-34 7.78581515032343e-36 2.635918032187235e-31 7130
5.71899 2.666956624790193e-34 9.290709071150573e-36 2.693177639193063e-31 8034
5.94775 2.954066285511028e-34 1.128718608543652e-35 2.760575057091774e-31 8606
6.17651 3.320326116731564e-34 1.299029082435501e-35 2.871165634829421e-31 9066
6.40527 3.667888570889925e-34 1.505317389239347e-35 2.945942842617698e-31 9962
6.63403 4.115622568576199e-34 1.720011441775142e-35 3.075769721326777e-31 10550
6.86279 4.533028183340307e-34 1.978578889345039e-35 3.16210900560963e-31 11226
7.09155 5.15346656445447e-34 2.320842885976461e-35 3.362140131436028e-31 12146
7.32031 5.571338836032603e-34 2.560265491953232e-35 3.40472316015921e-31 12303
7.54907 5.849946209930454e-34 2.950805111435362e-35 3.363944304981968e-31 12584
7.77783 6.50299188950185e-34 3.388638968453073e-35 3.520441244449675e-31 12120
8.00659 7.01894640480612e-34 3.80071974200295e-35 3.583121366732958e-31 11180
8.23535 7.631738498096552e-34 4.283213460436859e-35 3.679738856670578e-31 11096
8.46411 8.213510763525885e-34 4.865861742747821e-35 3.749303811284004e-31 10056
8.69286 8.838980446136844e-34 5.429402666170917e-35 3.82303728641835e-31 9716
8.92162 9.671747448865761e-34 6.271017020846447e-35 3.971220790684199e-31 8604
9.15038 1.032863583183706e-33 6.972298610976052e-35 4.029420714068553e-31 8060
9.37914 1.145942016490217e-33 7.317764105972775e-35 4.242480977757107e-31 7320
9.6079 1.184845860446357e-33 8.388723525549993e-35 4.187883659036615e-31 6356
9.83666 1.280859081361461e-33 9.124887356859496e-35 4.313435675255495e-31 5348
10.0654 1.329298883414546e-33 1.037039783622502e-34 4.279141693066123e-31 4308
10.2942 1.458366090693103e-33 1.073395490270931e-34 4.475803577930307e-31 3563
10.5229 1.534444262660425e-33 1.287904305038136e-34 4.519086025742955e-31 2448
10.7517 1.584843924953439e-33 1.314790137618523e-34 4.462080084202215e-31 1868
10.9805 1.78824508363319e-33 1.422902241301235e-34 4.813090553908495e-31 1358
11.2092 1.938554142927139e-33 1.534377877278715e-34 4.999959207580965e-31 1062
11.438 1.979055109129684e-33 1.745181971596941e-34 4.916783074146617e-31 776
11.6667 2.124940683051316e-33 1.933153237588864e-34 5.079567177380437e-31 432
11.8955 2.133819874290804e-33 2.254707222416937e-34 4.905342842928175e-31 200
12.1243 2.386795424569356e-33 2.096215392802921e-34 5.243354615544995e-31 168
12.353 3.137057217667238e-33 2.628823783777036e-34 6.638002703163143e-31 56
12.5818 1.932236416908418e-33 9.030050180163647e-35 3.906189603016543e-31 7


0.22876 2.572299388971508e-06 2.275678974476974e-09 3.732751564731601 18
0.457519 7.014938754715264e-06 4.996100012185099e-09 1.603096565881766 62
0.686279 8.211059490861852e-06 1.669167347012537e-08 0.7605311113316422 98
0.915038 2.002023142329714e-05 3.87161658139852e-08 0.9342896822388334 210
1.1438 6.204204558221116e-36 1.933315440464539e-38 1.834442898001538e-31 350
1.37256 6.931379772694534e-36 3.09828913624029e-38 1.409558650831029e-31 450
1.60132 9.609845449766745e-36 6.635914522713571e-38 1.432748309954842e-31 602
1.83008 1.397390440018609e-35 9.388438625963311e-38 1.541753724898631e-31 762
2.05884 1.941829135089555e-35 1.536657929447542e-37 1.685649392376072e-31 1142
2.2876 2.368951358616113e-35 2.185335998588646e-37 1.659189269482221e-31 1250
2.51636 2.917988752028778e-35 3.102995680821985e-37 1.676740978040081e-31 1458
2.74512 3.556159000410291e-35 4.080968666454171e-37 1.700343870855722e-31 1814
2.97387 4.372951377377571e-35 5.821371385601439e-37 1.780444740824579e-31 2178
3.20263 5.280012582421532e-35 7.658124710062664e-37 1.84649519184072e-31 2498
3.43139 6.656574089762351e-35 1.077378180492504e-36 2.018468144634674e-31 2622
3.66015 7.253224638091733e-35 1.307769845083972e-36 1.928863327862283e-31 3338
3.88891 9.079757699870241e-35 1.808117258801092e-36 2.138697704059633e-31 3722
4.11767 1.067626943278363e-34 2.287183584760849e-36 2.239881739320602e-31 4170
4.34643 1.159927691203676e-34 2.731741912864865e-36 2.180166494449743e-31 4358
4.57519 1.447443752950343e-34 3.497434820905525e-36 2.443693518831933e-31 5034
4.80395 1.626488043725785e-34 4.399120574606208e-36 2.493339319945174e-31 5714
5.03271 1.852951106169169e-34 5.020414672007576e-36 2.577608106749701e-31 5982
5.26147 2.096590400796305e-34 6.101001935977367e-36 2.664333414173707e-31 6602
5.49023 2.348373685343364e-34 7.264678609687084e-36 2.736480205489347e-31 7130
5.71899 2.590514839048427e-34 8.745176257734387e-36 2.782782725968182e-31 8034
5.94775 2.972898931201299e-34 1.024133780818914e-35 2.946908463638851e-31 8606
6.17651 3.300508195417436e-34 1.209059050656108e-35 3.031758829218869e-31 9066
6.40527 3.630292858087684e-34 1.39420240767005e-35 3.097348602525888e-31 9962
6.63403 4.002499691530905e-34 1.619850809514577e-35 3.181270825808933e-31 10550
6.86279 4.483745677708481e-34 1.83616232888397e-35 3.322845173511317e-31 11226
7.09155 5.015709414332907e-34 2.157635466420728e-35 3.478364570538785e-31 12146
7.32031 5.423446810979315e-34 2.407861147280304e-35 3.524417681769468e-31 12303
7.54907 5.892076152448219e-34 2.678144103048617e-35 3.594866923909061e-31 12584
7.77783 6.400109713091077e-34 3.143655441033089e-35 3.68143354929847e-31 12120
8.00659 6.839534300996803e-34 3.552655536184204e-35 3.711888924853002e-31 11180
8.23535 7.57740752821298e-34 3.981611559249667e-35 3.881173823607702e-31 11096
8.46411 8.025241626163908e-34 4.514204979528704e-35 3.893284910582196e-31 10056
8.69286 8.670917219365813e-34 5.072450289085317e-35 3.986077158484902e-31 9716
8.92162 9.528660845172405e-34 5.784324784735045e-35 4.15621797242531e-31 8604
9.15038 1.027919451370819e-33 6.39296455083625e-35 4.257854071166919e-31 8060
9.37914 1.108695860530609e-33 6.844196642258257e-35 4.36415458311938e-31 7320
9.6079 1.180818113573036e-33 7.678453083812248e-35 4.431306817213781e-31 6356
9.83666 1.257420637520925e-33 8.492449591560139e-35 4.499814846677559e-31 5348
10.0654 1.322482108545616e-33 9.468883521620927e-35 4.519879756798576e-31 4308
10.2942 1.453802834907648e-33 9.853383616510428e-35 4.737835278911921e-31 3563
10.5229 1.500146219179214e-33 1.177765828791294e-34 4.69321599352784e-31 2448
10.7517 1.596318502355787e-33 1.202338583454709e-34 4.770493512608393e-31 1868
10.9805 1.756989207265388e-33 1.320613517020291e-34 5.024800218344998e-31 1358
11.2092 1.802046488608135e-33 1.455237631727934e-34 4.947916167137654e-31 1062
11.438 1.897520013897298e-33 1.614120367978366e-34 5.011716936971679e-31 776
11.6667 2.064374416385101e-33 1.78994259313139e-34 5.244634799110533e-31 432
11.8955 2.335807180600365e-33 1.77604992520455e-34 5.667584634948985e-31 200
12.1243 2.218821889128398e-33 2.030616153157824e-34 5.191710872668798e-31 168
12.353 2.746766554689955e-33 2.638807422729211e-34 6.202548910381606e-31 56
12.5818 1.403409862393599e-33 1.72462515484827e-34 3.075364785350904e-31 7


0.22876 9.874558178912027e-07 5.732683988857126e-09 2.973179904242428 18
0.457519 3.058959413176235e-06 1.432599532464404e-08 1.071835485130093 62
0.686279 1.017238564783191e-05 6.971993471383631e-09 0.9264778185084446 98
0.915038 1.637936702921058e-05 4.213757104547367e-08 0.8365180315368761 210
1.1438 6.29181172535118e-36 1.883882330753243e-38 1.973985816023183e-31 350
1.37256 6.121768716417576e-36 3.345716367362246e-38 1.351603345619497e-31 450
1.60132 1.101825950221488e-35 5.574801814147854e-38 1.702836725409124e-31 602
1.83008 1.396229872031818e-35 8.939721309509837e-38 1.633902374557902e-31 762
2.05884 1.876791540159816e-35 1.461019673761508e-37 1.730569086155919e-31 1142
2.2876 2.375644019125253e-35 2.026469886915608e-37 1.760837416251604e-31 1250
2.51636 3.017311005593979e-35 2.79173934250901e-37 1.827091855621113e-31 1458
2.74512 3.377483918085121e-35 4.078902285623568e-37 1.721472579057448e-31 1814
2.97387 4.46553502370821e-35 5.371110642641141e-37 1.920222945565079e-31 2178
3.20263 5.061715637171684e-35 7.448632451641749e-37 1.881424691765393e-31 2498
3.43139 6.591323226145207e-35 1.01747195935769e-36 2.117678997465815e-31 2622
3.66015 7.14041864749595e-35 1.238585044868321e-36 2.012679466600369e-31 3338
3.88891 8.901017848687443e-35 1.678925763034979e-36 2.22057760741975e-31 3722
4.11767 1.039310616293813e-34 2.173035299691679e-36 2.312534441053613e-31 4170
4.34643 1.180365745652454e-34 2.503399090358456e-36 2.344067529707768e-31 4358
4.57519 1.394584096232129e-34 3.319101443457005e-36 2.498018766208908e-31 5034
4.80395 1.621809147819202e-34 4.047209974131949e-36 2.629729564383357e-31 5714
5.03271 1.789924932418776e-34 4.787018016894487e-36 2.641375224380684e-31 5982
5.26147 2.0193360287564e-34 5.846076047398165e-36 2.723295527244269e-31 6602
5.49023 2.330866862324825e-34 6.810473321692605e-36 2.875882029286907e-31 7130
5.71899 2.596470917709963e-34 8.09608399299254e-36 2.95072278960458e-31 8034
5.94775 2.995906428287994e-34 9.221620268020928e-36 3.137981295802268e-31 8606
6.17651 3.204159968551691e-34 1.135824237015317e-35 3.119341902151264e-31 9066
6.40527 3.536145910830638e-34 1.297858144280459e-35 3.195993616707607e-31 9962
6.63403 4.009466760446422e-34 1.496973551667928e-35 3.371492707040444e-31 10550
6.86279 4.402536774340514e-34 1.709635134884128e-35 3.455110538875291e-31 11226
7.09155 5.025642196001679e-34 1.989856282678989e-35 3.687210984240601e-31 12146
7.32031 5.336603572892582e-34 2.245228769967367e-35 3.67244324135148e-31 12303
7.54907 5.801877303208186e-34 2.502785927975398e-35 3.748536977317177e-31 12584
7.77783 6.303724485582834e-34 2.914585159506104e-35 3.838777703409763e-31 12120
8.00659 6.699239297424977e-34 3.320297156812065e-35 3.850767205619109e-31 11180
8.23535 7.294839276564663e-34 3.789193890342871e-35 3.961869148363609e-31 11096
8.46411 8.095898269733271e-34 4.085223768956475e-35 4.152091809898343e-31 10056
8.69286 8.466697988962603e-34 4.737670416957798e-35 4.122596779670303e-31 9716
8.92162 9.474218846918704e-34 5.302659909836762e-35 4.372331723300191e-31 8604
9.15038 1.045436015785077e-33 5.759505589226196e-35 4.576634353703149e-31 8060
9.37914 1.06362109678535e-33 6.53648490217766e-35 4.43949644668842e-31 7320
9.6079 1.141032973101381e-33 7.328834039692959e-35 4.53944897990363e-31 6356
9.83666 1.248854533727771e-33 7.894103599168515e-35 4.73081103030841e-31 5348
10.0654 1.328865655917638e-33 8.602943728757953e-35 4.803009327624037e-31 4308
10.2942 1.365676239312538e-33 9.477534567707314e-35 4.722430665648986e-31 3563
10.5229 1.519227421132727e-33 1.047097786914538e-34 5.022366141947501e-31 2448
10.7517 1.588434722674061e-33 1.108627967480645e-34 5.023537155690078e-31 1868
10.9805 1.733641790448592e-33 1.217143313771082e-34 5.248077296865846e-31 1358
11.2092 1.775351628125118e-33 1.365440699262206e-34 5.162324932453928e-31 1062
11.438 1.922377501361675e-33 1.507421919169366e-34 5.372628680431328e-31 776
11.6667 2.083863041032034e-33 1.601289982689739e-34 5.59672225566125e-31 432
11.8955 2.37525651723421e-33 1.613482810957607e-34 6.09486856007911e-31 200
12.1243 2.499247824869363e-33 1.647133901840541e-34 6.154905854610005e-31 168
12.353 3.299803033800134e-33 1.990457517939533e-34 7.823376776440657e-31 56
12.5818 1.166332900652467e-33 2.09952797378757e-34 2.752190991329569e-31 7


0.22876 1.444284634004449e-06 3.895468038651826e-09 3.268306397352308 18
0.457519 1.968334892122227e-06 1.570202700721983e-08 0.9311072241792879 62
0.686279 5.80535213194877e-06 1.743637180572137e-08 0.6526795276614322 98
0.915038 1.231777812117527e-05 4.806674358218679e-08 0.7065049192578607 210
1.1438 6.049009364202157e-36 1.873183001104527e-38 2.021838257079483e-31 350
1.37256 5.845865366591029e-36 3.266054215811243e-38 1.375154598862499e-31 450
1.60132 1.056211729790989e-35 5.391853344561625e-38 1.734686611261474e-31 602
1.83008 1.376749303711318e-35 8.471465717795328e-38 1.704070945089692e-31 762
2.05884 1.836757395254695e-35 1.429598245592318e-37 1.794020688008408e-31 1142
2.2876 2.348304522995404e-35 1.868347575765947e-37 1.835759998721503e-31 1250
2.51636 3.108730927018251e-35 2.601417966001198e-37 1.98230556678214e-31 1458
2.74512 3.521933908493871e-35 3.608146579329673e-37 1.882346844521269e-31 1814
2.97387 4.317816165572821e-35 5.264295807854781e-37 1.968163077489293e-31 2178
3.20263 5.19712120117337e-35 6.764243629989896e-37 2.03223896623014e-31 2498
3.43139 6.387527505933441e-35 9.74342042444178e-37 2.171706180487474e-31 2622
3.66015 7.03094441585456e-35 1.175688399387929e-36 2.09419375739395e-31 3338
3.88891 9.14152057649172e-35 1.522461763878919e-36 2.398847768648221e-31 3722
4.11767 1.068008424082731e-34 1.94442759316858e-36 2.498853705107488e-31 4170
4.34643 1.1420329160472e-34 2.388681787265353e-36 2.398697377141128e-31 4358
4.57519 1.360166664209059e-34 3.113411931753134e-36 2.573555910808888e-31 5034
4.80395 1.614763341470844e-34 3.782773661544495e-36 2.762629814270618e-31 5714
5.03271 1.795087288657355e-34 4.435277006941555e-36 2.79348014335016e-31 5982
5.26147 2.031313331536165e-34 5.332073127084328e-36 2.886340240568259e-31 6602
5.49023 2.299631642882946e-34 6.455135001287989e-36 2.996856395234746e-31 7130
5.71899 2.481209112440148e-34 7.739315175947978e-36 2.983066151775762e-31 8034
5.94775 2.888219323568934e-34 8.810122864526732e-36 3.198767009703968e-31 8606
6.17651 3.146182728225711e-34 1.066381813149628e-35 3.234302872607634e-31 9066
6.40527 3.48015501576651e-34 1.222762608540582e-35 3.321440263165837e-31 9962
6.63403 3.916497402925179e-34 1.40690357448513e-35 3.478155360858027e-31 10550
6.86279 4.275157248281264e-34 1.631302423595369e-35 3.546042255075605e-31 11226
7.09155 4.852475315237018e-34 1.900545711068295e-35 3.763384202875917e-31 12146
7.32031 5.34999546260507e-34 2.083134633845874e-35 3.883209759103245e-31 12303
7.54907 5.70964437059845e-34 2.350539506939679e-35 3.89481760910662e-31 12584
7.77783 6.165368618055611e-34 2.74008349425966e-35 3.964949105844617e-31 12120
8.00659 6.67149422611948e-34 3.094181331448724e-35 4.046292111377111e-31 11180
8.23535 7.224619950251377e-34 3.530946732099135e-35 4.140729002269463e-31 11096
8.46411 7.76400263891458e-34 3.93192935978767e-35 4.210300001436298e-31 10056
8.69286 8.38486213087308e-34 4.407724224009105e-35 4.308528075441624e-31 9716
8.92162 9.271483428193108e-34 4.982855030548916e-35 4.518209468357482e-31 8604
9.15038 9.880759807998833e-34 5.645800126513633e-35 4.577701633473897e-31 8060
9.37914 1.073647040470809e-33 5.956114479965535e-35 4.723757865471177e-31 7320
9.6079 1.132150812471311e-33 6.843349253383131e-35 4.753438503323277e-31 6356
9.83666 1.199812978827171e-33 7.563342648482656e-35 4.804339129487813e-31 5348
10.0654 1.303093070944882e-33 8.101433630065035e-35 4.973182687993334e-31 4308
10.2942 1.371858187428549e-33 8.632917248914893e-35 5.001294936804517e-31 3563
10.5229 1.41485903806719e-33 1.03763975523872e-34 4.952931600486688e-31 2448
10.7517 1.486123049049473e-33 1.091218924126434e-34 4.974914732071985e-31 1868
10.9805 1.68961933156419e-33 1.137227049414712e-34 5.400492098777394e-31 1358
11.2092 1.693397601942524e-33 1.31396635106579e-34 5.206065526931652e-31 1062
11.438 1.937174101219589e-33 1.381955127266715e-34 5.7086153757125e-31 776
11.6667 2.047741536431804e-33 1.496567252894368e-34 5.805697590416772e-31 432
11.8955 2.307401138779667e-33 1.555317090506817e-34 6.255834761743268e-31 200
12.1243 2.386833241719671e-33 1.645210237415201e-34 6.216655450229861e-31 168
12.353 3.140259871439753e-33 1.995651441211216e-34 7.873530865450667e-31 56
12.5818 1.447775805698463e-33 2.092286238469048e-34 3.579156997373234e-31 7


