0.0133673 1.529141115794628e-06 2.351011916235898e-09 5.025542630698556 18
0.0267346 9.008495317357951e-06 2.041189446269835e-08 9.285692741139988 62
0.0401019 2.649368684149683e-05 6.655661200449984e-08 12.04781615274109 98
0.0534692 5.675679171521786e-05 2.43350652847306e-07 14.42616263271396 210
0.0668365 0.000101753721957979 6.043592617496588e-07 16.81777473117224 350
0.0802038 0.0001357982380816556 1.098043222228471e-06 15.69390389935251 450
0.0935711 0.0002046925536706917 1.843904209855026e-06 17.26646796656634 602
0.106938 0.0002639677855476078 3.13538897750007e-06 16.96630566395503 762
0.120306 0.0003298617522167492 5.735271034057206e-06 16.83483303877102 1142
0.133673 0.0004135522840911518 8.219743360000329e-06 17.16647722513004 1250
0.14704 0.0004895399914164253 1.203888898834216e-05 16.74523877750411 1458
0.160408 0.0006422007809393925 1.645362695332265e-05 18.41212298809161 1814
0.173775 0.0007223541391561351 2.287639095642878e-05 17.67374190162823 2178
0.187142 0.0008803066305862126 3.06940174101881e-05 18.58604049091646 2498
0.20051 0.001020069648904615 4.230885968647662e-05 18.71599332220259 2622
0.213877 0.001131707178624302 5.272181107057669e-05 18.23974869622954 3338
0.227244 0.00126311461415198 6.560817545296912e-05 18.0656639229641 3722
0.240611 0.001448900484606808 8.347889434624039e-05 18.50707599878564 4170
0.253979 0.001599104151780838 0.0001029719269970578 18.31666112423203 4358
0.267346 0.001729099357999691 0.0001290922907068212 17.85956763446254 5034
0.280713 0.001971836698495219 0.0001553603714043357 18.4863936503838 5714
0.294081 0.00214619122734603 0.0001851279008385166 18.33716123732097 5982
0.307448 0.002427518211230903 0.0002253033188115821 18.96495906016682 6602
0.320815 0.002566736673070204 0.0002567165926987708 18.40732261863598 7130
0.334182 0.002816109101561101 0.000311579551255375 18.61768706108855 8034
0.34755 0.003007118073896263 0.0003726087617456288 18.39106265154431 8606
0.360917 0.003257050907397925 0.0004285418609291481 18.47167302545956 9066
0.374284 0.003518939044740078 0.0005034180084187121 18.55632068438935 9962
0.387652 0.003767045535387646 0.000566302311066449 18.51995643074158 10550
0.401019 0.004004153964573078 0.0006431526722825258 18.39207721959286 11226
0.414386 0.004394984937592545 0.0007317662887597135 18.90342779538697 12146
0.427754 0.004649652961235481 0.0008277738719334664 18.7606407032622 12303
0.441121 0.004851063072580218 0.0009313223288371375 18.40013541918173 12584
0.454488 0.005148886481009503 0.001062534985817511 18.40388166470772 12120
0.467856 0.005506623407705969 0.001218580693549337 18.57315267361653 11180
0.481223 0.005586849607052243 0.001320885283076388 17.81053928189677 11096
0.49459 0.005911653822231421 0.001471829554525908 17.84341120585666 10056
0.507957 0.006447178303806691 0.001662012928670001 18.44911359885261 9716
0.521325 0.006806201710002424 0.001791886729876316 18.48876469081384 8604
0.534692 0.007310439886701782 0.00203410214378555 18.87432082507098 8060
0.548059 0.007494421516784135 0.002197147814458396 18.4179744416241 7320
0.561427 0.008014822564583721 0.002459435353263808 18.77761087687372 6356
0.574794 0.008364360479854685 0.002677379325410329 18.69279213714853 5348
0.588161 0.008681969111154111 0.002873088394287384 18.52392219197602 4308
0.601529 0.009334212638054647 0.002960136251720777 19.04124336686141 3563
0.614896 0.00919032277763689 0.003440216117997703 17.94913465392812 2448
0.628263 0.01037800935872293 0.003550158926640849 19.40534005093564 1868
0.64163 0.0101202077068947 0.004062827587449819 18.12956592573915 1358
0.654998 0.01025081746573048 0.003733643103496035 17.61667772329425 1062
0.668365 0.01128485677893822 0.004802322463256797 18.65187713022133 776
0.681732 0.01066899415974423 0.005326745856919194 16.97314917608625 432
0.6951 0.01171629871500137 0.003560480292669368 17.86882404475064 200
0.708467 0.01516854749282705 0.00540546336832098 22.23057809082642 168
0.721834 0.01134667313053516 0.002631332189143 16.04654433201855 56
0.735202 0.0190934835889344 0.0005771842819534454 26.04685424878109 7


0.0133673 1.04774031763627e+17 437930440822035.8 2.04277170571646e+24 18
0.0267346 5.548821183881977e+17 2243410992967268 2.353613117507239e+24 62
0.0401019 1.329770248674995e+18 5111626417731106 2.345528384346175e+24 98
0.0534692 2.25842748392689e+18 8119294860142955 2.176377461838833e+24 210
0.0668365 2.759770600435369e+18 8872158303440131 1.70901138904095e+24 350
0.0802038 2.354618923950429e+18 6542710580870980 1.013256324834407e+24 450
0.0935711 2.136436637226778e+18 4970111430046695 6.687395639596479e+23 602
0.106938 1.489307889887096e+18 2681719058781548 3.543875094857754e+23 762
0.120306 8.948607644982762e+17 1124404711107983 1.687845017222825e+23 1142
0.133673 4.926696562526189e+17 347853333565980.2 7.54891555537375e+22 1250
0.14704 2.371933775132847e+17 62802001729405.64 2.992385780418166e+22 1458
0.160408 1.095042368802204e+17 3355155149284.603 1.157203546511358e+22 1814
0.173775 3.70721023859051e+16 11731343300686.2 3.341534865064729e+21 2178
0.187142 1.086101179989706e+16 22669932722535.42 8.444724488390415e+20 2498
0.20051 2289069729810384 21031784749500.68 1.546365609716657e+20 2622
0.213877 256620976393868.5 12633107237549.69 1.523253123338344e+19 3338
0.227244 38205331630067.3 5696963322071.584 2.014466184712979e+18 3722
0.240611 80703801119227.69 1916414027956.225 3.793446102807508e+18 4170
0.253979 80281329098667.25 464033249089.5463 3.382708250950009e+18 4358
0.267346 49921556731826.34 101180270254.6091 1.896445136488803e+18 5034
0.280713 25019908600946.34 65764922416.59866 8.62624773746359e+17 5714
0.294081 11311560114390.85 74402381704.38208 3.553935215541657e+17 5982
0.307448 4418470479100.589 68563639125.51794 1.269326880160303e+17 6602
0.320815 2124041085485.074 49040281329.56395 5.60105321383365e+16 7130
0.334182 970210611991.6252 34716458662.51034 2.358504229962328e+16 8034
0.34755 539943261989.5341 24173713244.59451 1.214184824788605e+16 8606
0.360917 324509084183.4064 16891073589.46552 6766685733714470 9066
0.374284 232983587980.0022 12933778916.68267 4517010675647018 9962
0.387652 188633261226.7709 11000138352.18469 3409449691305480 10550
0.401019 173584602159.576 7596312391.796942 2930952542462814 11226
0.414386 159252145647.9581 7493832371.526324 2517873529481261 12146
0.427754 141148008499.1115 4413670967.09324 2093264768577896 12303
0.441121 97656922551.44019 1273807222.810911 1361337516744090 12584
0.454488 26426997386.00696 529959951.4922736 347150594644433.6 12120
0.467856 6499839002.236449 321816206.4185687 80575431592492.77 11180
0.481223 4099325991.528984 89581670.51521707 48025824008535.93 11096
0.49459 2518947960.416103 39940470.25665511 27939775261205.51 10056
0.507957 1113923391.637576 38775482.09651545 11714094815746.88 9716
0.521325 451455701.5560037 33343554.69833332 4507124453681.083 8604
0.534692 230580063.3955334 27052479.09871538 2188082775623.869 8060
0.548059 168201389.6427508 18007640.03357849 1519238426797.776 7320
0.561427 134884386.1723224 12537356.71135132 1161388885212.113 6356
0.574794 119338629.8269775 11723977.4209923 980139165432.1255 5348
0.588161 99578137.31579085 6180578.883692335 780739321588.1832 4308
0.601529 67651132.91240057 4358528.618945917 507131726651.7198 3563
0.614896 29375772.01993684 1188592.061177463 210812501597.2646 2448
0.628263 17152661.40580026 644042.1223213874 117851470979.3222 1868
0.64163 15999452.82365686 212494.5147523405 105309776111.5841 1358
0.654998 9758952.155824354 141701.0990668739 61622688042.88248 1062
0.668365 7016443.358655815 198839.6921909522 42610037442.24263 776
0.681732 3634111.708939804 261168.5327122528 21243121083.58725 432
0.6951 2633521.143667832 288825.7809807517 14759628422.23891 200
0.708467 1919050.453476117 423794.5331835339 10336601575.14205 168
0.721834 834254.2936161222 307931.8691465052 4337000660.012807 56
0.735202 809767.0914224337 392300.8018566617 4061525233.449626 7


0.0133673 4.063893434372337e+18 4381452648399317 1.36855139018658e+26 18
0.0267346 1.237078640698319e+19 2.352976377416866e+16 9.075856566702797e+25 62
0.0401019 1.111600111126026e+19 5.284338833286647e+16 3.395976029418912e+25 98
0.0534692 3.726556940972392e+18 7.304490926783861e+16 6.249294693438358e+24 210
0.0668365 1.248262526936641e+18 5.16540107360876e+16 1.349272576379884e+24 350
0.0802038 5.068724694815169e+18 1.503578883292656e+16 3.770976168390094e+24 450
0.0935711 5.503998532540677e+18 1700265672399576 2.977189477770507e+24 602
0.106938 2.186209088906798e+18 1078198837768242 8.989939537505472e+23 762
0.120306 2.752019852090345e+17 2146978045188592 8.975130946202905e+22 1142
0.133673 2.935028097476947e+16 1026034996777966 7.788721580695899e+21 1250
0.14704 7.604783821367917e+16 115440274434597.1 1.658084071230291e+22 1458
0.160408 3.593136490120232e+16 34309599248235.26 6.561978992701757e+21 1814
0.173775 2971484151435965 65175033767711.36 4.632119348502406e+20 2178
0.187142 1492892378992170 23380215388475.06 2.006834783347062e+20 2498
0.20051 1859367038316336 1730696704315.664 2.170326630961462e+20 2622
0.213877 480143879554954.2 2723107934823.181 4.922260539142582e+19 3338
0.227244 58636542951887.45 2162974515310.381 5.336794384256864e+18 3722
0.240611 74851973076871.25 522653478825.8363 6.078996054203146e+18 4170
0.253979 44591251045491.28 172207992300.9772 3.246749656794329e+18 4358
0.267346 14521648627025.79 149734436481.5922 9.534014162234625e+17 5034
0.280713 5400016776456.121 92779387259.22357 3.217913257974115e+17 5714
0.294081 2891089855729.08 52455950255.97459 1.569913223749756e+17 5982
0.307448 1979713376110.612 26020640591.81775 9.828134679160526e+16 6602
0.320815 1564546220364.918 11738068038.07973 7.128725533797152e+16 7130
0.334182 1026938117199.744 6646163556.666988 4.313158929582662e+16 8034
0.34755 571923296644.4846 5765170733.307961 2.222040412028181e+16 8606
0.360917 292038392092.7463 5059960651.067968 1.052159261094353e+16 9066
0.374284 178468833316.7509 4305260184.287195 5978606429467772 9962
0.387652 133499166577.2635 3806973958.343118 4169334290336614 10550
0.401019 100740171947.3917 2822646620.9435 2939325132525879 11226
0.414386 92821896846.56723 2791774897.197567 2535980879259198 12146
0.427754 80363223467.58418 1628674611.28272 2059450585221588 12303
0.441121 44941514210.12392 584627331.9215862 1082587993290659 12584
0.454488 11242112014.90156 225201172.0759137 255198040752072.9 12120
0.467856 5480243054.823151 83762187.5704446 117383878947985.2 11180
0.481223 1659419826.797223 44232726.17860179 33595922654578.87 11096
0.49459 1039799758.455986 20710792.07885124 19930283506265.7 10056
0.507957 478276115.0815735 16029901.88920195 8691534358520.566 9716
0.521325 328973444.6769047 9629505.05470329 5674921475566.179 8604
0.534692 323191389.2443821 4958491.793290502 5298457971210.748 8060
0.548059 244529411.4267893 2839844.45654921 3815771801176.463 7320
0.561427 173524805.7192292 2142628.013722402 2581366759900.206 6356
0.574794 156720402.2757304 2040669.32029705 2223838898501.799 5348
0.588161 76751936.01047188 1699585.616199329 1039796110513.22 4308
0.601529 61347589.94971309 973810.3478773953 794603710097.1422 3563
0.614896 14524268.23347706 472093.8586893251 180115006008.2088 2448
0.628263 7455091.021625832 302569.520220719 88514949947.32593 1868
0.64163 3582266.378594706 253528.8886523998 40750591912.89512 1358
0.654998 2998378.317031486 127567.3677262259 32719063181.61958 1062
0.668365 3719669.115822342 68892.30561815026 39033670511.56497 776
0.681732 4111057.65830915 13506.78645326125 41521310789.00481 432
0.6951 4070501.55969745 5652.658360512112 39414951104.80032 200
0.708467 4824212.308300405 12018.24517042493 44888201671.81197 168
0.721834 2922745.11635366 18782.22877836751 26243633612.28863 56
0.735202 3382550.249705453 31279.23735053327 29299783141.45948 7


0.0133673 6.732220607308881e+16 5640954072453941 4.683376316107787e+24 18
0.0267346 2.000639936484817e+17 2.310696436446074e+16 2.521303870841856e+24 62
0.0401019 4.455578781114929e+18 3.112000629634034e+16 1.942655941947405e+25 98
0.0534692 1.45901551098771e+19 1.725749022590504e+16 3.45544646068134e+25 210
0.0668365 1.559837583190305e+19 1597622219658838 2.372520144787368e+25 350
0.0802038 3.776505666115641e+18 9263418015235666 3.993837385959188e+24 450
0.0935711 2.46017539383698e+17 9075945168041696 1.904065291276409e+23 602
0.106938 9.681736643583057e+17 1269696410560447 5.659857980690368e+23 762
0.120306 4.014738148085668e+17 449501686874634.6 1.860200599985716e+23 1142
0.133673 1.849548343790668e+16 591133409751238.8 6.980714220732188e+21 1250
0.14704 5.212640486939873e+16 51507604894094.23 1.615406021596897e+22 1458
0.160408 1.343425131298855e+16 59132909709707.45 3.488023508293289e+21 1814
0.173775 2488636945951281 30503154269920.53 5.513296376542868e+20 2178
0.187142 2931626649117212 3250705181953.92 5.598763966171963e+20 2498
0.20051 295131608949981.9 6190851772446.438 4.90035542934857e+19 2622
0.213877 314094332884978.7 1272746428193.548 4.576773049136606e+19 3338
0.227244 123559447783530.4 624200961696.9023 1.59736882436435e+19 3722
0.240611 32274627986845.47 407135845623.8165 3.726328466941361e+18 4170
0.253979 23049019500263.78 134503608122.6225 2.385531966434651e+18 4358
0.267346 10981444873309.72 65954242858.22133 1.02472411303605e+18 5034
0.280713 4287912785098.146 43002912292.98906 3.631661081210367e+17 5714
0.294081 1891793653893.342 28127370092.5641 1.460169528142338e+17 5982
0.307448 1618396374816.838 10950496129.50805 1.141913596784997e+17 6602
0.320815 1092275384748.452 5841169979.362185 7.073807657651558e+16 7130
0.334182 477337795324.6269 5425897303.210392 2.849817132050918e+16 8034
0.34755 244153438605.4879 4218225128.085449 1.348446454783588e+16 8606
0.360917 172288497459.0803 2778993763.934497 8823016828773460 9066
0.374284 160751655384.3994 1791576516.763456 7653530885581123 9962
0.387652 158170122782.3546 1272339325.820514 7020275704001899 10550
0.401019 127133892340.8113 862845713.1765323 5271653881283029 11226
0.414386 125618424139.7753 807444585.7593092 4877369212336579 12146
0.427754 75423409977.44627 639089669.7549727 2747099063398456 12303
0.441121 26573479910.50776 342642900.7341224 909857765532684.5 12584
0.454488 9170068129.786983 98713428.80928719 295860576899208.5 12120
0.467856 3314502570.355201 48195060.30677754 100910319999942 11180
0.481223 1234952616.243323 20980324.61760598 35536246369329.41 11096
0.49459 710640705.5396079 10440357.03280725 19360294128708.33 10056
0.507957 430000272.3007725 6396831.100026278 11106033123076.42 9716
0.521325 281401829.7857389 4052035.54452346 6899309792273.436 8604
0.534692 146845625.3172657 3890768.69244991 3422036918756.104 8060
0.548059 82367673.76621833 2960458.13221033 1827127002973.642 7320
0.561427 66423936.46140736 2003135.507037095 1404613078501.453 6356
0.574794 68690458.42830795 1701923.801280532 1385491122457.476 5348
0.588161 52427304.7915405 850135.798904772 1009517652281.648 4308
0.601529 31273320.04852843 689396.4914587426 575763821438.3966 3563
0.614896 10957531.14841625 220851.9125932484 193134252593.4401 2448
0.628263 5855649.640974531 133617.6414067391 98815376029.97749 1868
0.64163 4756022.453074145 70429.28953806775 76887558766.62671 1358
0.654998 2908937.572432096 44668.42569769517 45114881700.33676 1062
0.668365 1631045.472568775 60763.27265908325 24329535675.57135 776
0.681732 349750.7489609937 71656.40327822122 5024295375.379927 432
0.6951 193795.1935577696 70659.598879055 2670428122.37575 200
0.708467 520407.1726905219 78481.02200835543 6885822175.466269 168
0.721834 717062.0148559221 42660.83475531212 9152942755.941559 56
0.735202 1137643.131760024 45978.88111634761 14007702787.03875 7


0.0133673 1.317973537548193e+18 1446217681227376 8.248816433024039e+25 18
0.0267346 7.725797856545551e+18 1946439371811610 1.044206367225826e+26 62
0.0401019 1.475884656508554e+19 574751508536364.6 8.290265955665272e+25 98
0.0534692 1.101375882498184e+19 1.230164234891091e+16 3.38243053617325e+25 210
0.0668365 9.142353349363171e+17 2.175149663091203e+16 1.822114971433743e+24 350
0.0802038 2.907598335279721e+18 4545200406052504 3.986617706285601e+24 450
0.0935711 2.171367259319354e+18 1226169511741920 2.164727699543001e+24 602
0.106938 1.132409005188973e+17 2448465801764174 8.614798058694491e+22 762
0.120306 2.845571683524066e+17 238023463116481.6 1.709418280589763e+23 1142
0.133673 3.904798494882654e+16 308695699193233.2 1.907043876426644e+22 1250
0.14704 2.861570877465264e+16 63020931712399.65 1.149891550538902e+22 1458
0.160408 9366940649585698 38325187503773.84 3.153224702319028e+21 1814
0.173775 3178073036164056 13706342686150.68 9.124794204743007e+20 2178
0.187142 1422942580401299 5351338932622.509 3.523773443636448e+20 2498
0.20051 434934779504572.9 2697702604220.257 9.357913098553141e+19 2622
0.213877 240092059855098.9 820233499950.6432 4.535685757350804e+19 3338
0.227244 65004464182675.44 502785040454.5183 1.08969081018211e+19 3722
0.240611 39290664117218.9 170128281682.6085 5.880118441990367e+18 4170
0.253979 15135570745019.41 95818786159.18134 2.031036995882299e+18 4358
0.267346 5810329772452.912 54623962340.52108 7.030235869403603e+17 5034
0.280713 4399916079795.145 18617514349.74094 4.830860309411706e+17 5714
0.294081 1585711092305.351 16344160880.49931 1.586721432993184e+17 5982
0.307448 865534969402.51 9161119400.278656 7.918527875126358e+16 6602
0.320815 756005696393.3632 3971286106.642767 6.347700403462544e+16 7130
0.334182 440114296975.0945 2682104363.655766 3.406393962262391e+16 8034
0.34755 209729633764.7742 2390951555.600518 1.501673823798845e+16 8606
0.360917 125665375085.18 1737719344.232416 8343444775642121 9066
0.374284 116842832402.3599 1127975417.57564 7212312857609884 9962
0.387652 116511980897.6152 798986111.8527297 6704453851388958 10550
0.401019 93513768079.79739 542254330.9921192 5027167661570175 11226
0.414386 93056766507.14566 503262838.7679267 4684266655323294 12146
0.427754 53450225846.74292 416577573.1997069 2523962676815252 12303
0.441121 17453347800.77349 230983955.5002038 774779533721148.9 12584
0.454488 5946559311.455246 69189470.93586574 248744630366708.2 12120
0.467856 2634995658.823341 27839423.17896703 104004705750539.7 11180
0.481223 1015785158.643614 11946794.43343036 37894530735199.84 11096
0.49459 526089005.3171796 6442739.524878855 18581606776651.45 10056
0.507957 328510225.4344729 3852147.069354775 11000150796823.66 9716
0.521325 204822131.303892 2552890.518754714 6510567097542.556 8604
0.534692 123057605.0103795 2189842.764953078 3717768707520.715 8060
0.548059 68841082.43734127 1699897.740501682 1979743636237.64 7320
0.561427 52374136.25279368 1185048.884516299 1435838391362.889 6356
0.574794 56031800.70212424 976424.150252877 1465195869718.69 5348
0.588161 40286579.63779494 507745.9321678364 1005716137489.603 4308
0.601529 26842270.47461424 369151.5886428423 640677983300.6039 3563
0.614896 8646699.800015824 127771.0097539845 197584762544.0946 2448
0.628263 4304757.028576341 84505.69728312237 94180503207.61385 1868
0.64163 2688313.294092381 61041.92865413354 56347597269.07105 1358
0.654998 2566793.032256168 19355.20962350478 51609048432.47826 1062
0.668365 2170387.808015447 17514.50097457159 41968338619.14095 776
0.681732 1118146.880718734 26066.25203961316 20811890574.7199 432
0.6951 658301.0363418878 32505.60694660116 11748499896.06936 200
0.708467 104722.6367094305 53752.02039924022 1799409302.001859 168
0.721834 25492.57609843726 36726.96870157672 424239483.1808096 56
0.735202 96454.15735386778 43934.48107561199 1542252522.957653 7


0.0133673 1.39849865976639e+18 474658095555207.2 1.071033795401487e+26 18
0.0267346 3.591460092079132e+18 5929335673829219 5.990240281399554e+25 62
0.0401019 1.076574788932701e+18 1.906585184830912e+16 7.62142921945092e+24 98
0.0534692 1.815938181036621e+18 1.999981261655742e+16 6.914732730124109e+24 210
0.0668365 7.030032028703318e+18 2273667357929418 1.703882475730982e+25 350
0.0802038 1.56083462050309e+18 5132990826332609 2.631509419984298e+24 450
0.0935711 5.729179966341347e+17 3172028588512366 7.028635569623255e+23 602
0.106938 6.074114953856178e+17 453813099876379.5 5.6565526269928e+23 762
0.120306 6.177027928461732e+16 593128559769022.6 4.566575015662502e+22 1142
0.133673 7.582349510941854e+16 80223912431958.69 4.54664272437614e+22 1250
0.14704 9765372512060444 83910497261147.34 4.82543817282919e+21 1458
0.160408 9631139468349440 18225777297626.3 3.98309543457073e+21 1814
0.173775 2271088711406218 10330055721510.04 8.012648542314978e+20 2178
0.187142 961960897978907.6 4240038267254.391 2.927285404669621e+20 2498
0.20051 471620042506695.9 1326237597104.059 1.246601818121314e+20 2622
0.213877 130953694300694.5 811870811116.2098 3.040249621052733e+19 3338
0.227244 67021521454762.97 273458235658.6806 1.380285318232618e+19 3722
0.240611 26861637198489.18 135588245119.1197 4.939695784675231e+18 4170
0.253979 10381899717210.37 73835176431.10669 1.711873907994314e+18 4358
0.267346 6949484764261.196 24443176569.57276 1.032995248101119e+18 5034
0.280713 2156288304481.281 20246594427.19365 2.909457824828024e+17 5714
0.294081 1768320564287.512 7929536756.629028 2.173847871582957e+17 5982
0.307448 894053811634.7319 5063262611.753058 1.004913476330745e+17 6602
0.320815 378104540880.2015 4089441609.020042 3.901345158086921e+16 7130
0.334182 328122363702.7109 1929733961.740871 3.120437309360468e+16 8034
0.34755 248146557794.4923 1079092839.040501 2.182826639654482e+16 8606
0.360917 129524924654.2108 989909807.6598916 1.056554653376626e+16 9066
0.374284 78945989405.76747 869840959.7717824 5987800167052602 9962
0.387652 66763435772.29357 724933187.4572786 4720744446526867 10550
0.401019 60535401587.3035 461753731.331724 3998686869984944 11226
0.414386 55841029912.38136 466376383.4752444 3453922995253865 12146
0.427754 39729106858.87424 298974600.7896321 2305096928220740 12303
0.441121 16547541406.53742 137145008.4605667 902522962822749 12584
0.454488 4752493721.896438 46834134.882539 244259366395574 12120
0.467856 1907197783.118623 20553162.80086862 92495270909786.58 11180
0.481223 816889422.2736541 7934181.503302702 37443640319197.72 11096
0.49459 406007771.0734115 4525263.974159013 17619888971965.36 10056
0.507957 226488752.2409396 3007678.523153078 9318629522949.086 9716
0.521325 153068684.6688898 1838829.259523675 5978268061811.696 8604
0.534692 128573319.0863886 1108256.471570273 4772451456282.745 8060
0.548059 88124832.7936715 757401.4618248333 3113552038581.75 7320
0.561427 55042550.63792374 649167.3111468216 1853970221747.76 6356
0.574794 35449854.24428214 780053.3161416254 1139044382500.745 5348
0.588161 25361936.30611932 426544.5327995161 777960805732.4172 4308
0.601529 14651717.08286911 335072.224952226 429718427207.8638 3563
0.614896 6671118.953616628 88587.44602662354 187303010934.1581 2448
0.628263 3654582.610816252 53388.4814096634 98239356937.5181 1868
0.64163 2884468.492796677 29200.25728366458 74280989628.23608 1358
0.654998 1586181.61263522 21244.40646849911 39187324990.3037 1062
0.668365 758660.5608310413 28349.54317650743 18028012573.97264 776
0.681732 400250.1958245139 25543.50822815534 9155703090.524256 432
0.6951 567230.1641511942 20696.02487192009 12437957282.35753 200
0.708467 1456242.330582034 12158.1012709384 30679560425.71774 168
0.721834 1295055.574405239 2596.516380604416 26327703586.10715 56
0.735202 1719435.5558854 1128.577992978881 33720362263.50218 7


0.0133673 1.444227732725393e+16 2240148773890497 3.391780131098593e+24 18
0.0267346 5.123128317600424e+17 8281228020297677 1.065663194978469e+25 62
0.0401019 5.164136094162663e+18 5891874314848617 4.238223351341659e+25 98
0.0534692 8.830920469930778e+18 1404717113535572 3.951371144652975e+25 210
0.0668365 1.643149885219921e+18 9996889510113796 4.741921005021922e+24 350
0.0802038 1.614554916125336e+18 2763439745740830 3.227573131575235e+24 450
0.0935711 9.916725558134035e+17 1334005890154748 1.441421706807414e+24 602
0.106938 2.277477155566349e+17 904443419924998.6 2.518048524107141e+23 762
0.120306 1.317644312391214e+17 250916049638610.9 1.153952348196717e+23 1142
0.133673 4.835612151005497e+16 87131182107167.39 3.439937151886939e+22 1250
0.14704 8775897591865614 62197053274608.56 5.143538466542101e+21 1458
0.160408 8536091564294161 10431106540077.57 4.187197029796041e+21 1814
0.173775 1354900005619120 9401667211378.949 5.671798988883507e+20 2178
0.187142 888349026176196.9 2725124578751.748 3.20629989767734e+20 2498
0.20051 376301575314438.6 1012567160041.44 1.179825215254963e+20 2622
0.213877 104767107524345.6 599466533228.9435 2.885137552678701e+19 3338
0.227244 54118524593246.3 205816849744.454 1.32203968530415e+19 3722
0.240611 20032437093251.18 107373127870.27 4.369794974731572e+18 4170
0.253979 10600546606333.48 44088172462.95451 2.07309855044349e+18 4358
0.267346 4084797280686.844 25941677162.78084 7.202980269121359e+17 5034
0.280713 2527706534452.881 10838264869.72003 4.044873634383023e+17 5714
0.294081 1279358566989.919 6779897219.597371 1.865590927665334e+17 5982
0.307448 559448421806.4507 4593358653.326592 7.459451742191446e+16 6602
0.320815 500053015445.9958 1923200432.393157 6.119050468426672e+16 7130
0.334182 236467118310.7269 1619905469.873067 2.667503455519682e+16 8034
0.34755 128544415641.5236 1225794050.946619 1.341409317462632e+16 8606
0.360917 117592608923.7162 645380155.5128335 1.137737726362861e+16 9066
0.374284 98960693856.72801 423084197.9793912 8901954265034551 9962
0.387652 73613032107.68294 417353672.7614166 6173450905776906 10550
0.401019 47451852409.15427 357452146.1913989 3717938956558598 11226
0.414386 47418211483.75849 336995115.912552 3478858964532509 12146
0.427754 33883621518.60699 211393943.3460866 2331855487389400 12303
0.441121 16769924208.0589 78157231.36264731 1084857003565786 12584
0.454488 4523938838.200088 29628015.62846963 275782878459216.5 12120
0.467856 1717101622.000889 13774714.13247746 98774632396807.06 11180
0.481223 652494980.2481043 5974892.15831831 35475577410489.93 11096
0.49459 333971908.3159174 3290510.266963715 17191478003083.79 10056
0.507957 214115476.5508299 1915034.834325383 10448978872629.55 9716
0.521325 128678109.7679948 1309787.719112931 5961091694077.604 8604
0.534692 92643845.63546385 952008.8148201852 4078991664658.048 8060
0.548059 50933339.55609398 774330.8241827852 2134650884286.615 7320
0.561427 33674332.30574202 589826.4764815267 1345448343480.209 6356
0.574794 40694361.25381293 437651.1109506183 1550820262720.112 5348
0.588161 25780245.67613092 258158.789485788 937946872722.0911 4308
0.601529 18236802.85885986 176820.2748582079 634367719176.5541 3563
0.614896 5245340.968131328 67762.58855841214 174685712814.1419 2448
0.628263 2731794.865138585 42264.05019699146 87103983403.54626 1868
0.64163 2239744.936572211 23283.83618412901 68414497329.49024 1358
0.654998 1470965.717836385 13081.58691032835 43104194246.77372 1062
0.668365 698720.3767044884 19399.90399739514 19693562688.63332 776
0.681732 332106.9854988712 18392.43940160026 9011022859.965956 432
0.6951 463963.2548969349 15017.5901398122 12067275568.94567 200
0.708467 1233356.086440913 8484.992378892777 30820171916.6693 168
0.721834 1110524.676070489 1445.440243985422 26778318301.67632 56
0.735202 1465161.295425862 392.4631183374546 34081802519.01717 7


0.0133673 7.108309500532229e+17 495395349049409.2 7.537491233456618e+25 18
0.0267346 3.988540527352346e+18 190877612455856.3 9.098638459370004e+25 62
0.0401019 5.148677853397834e+18 3461413586406346 4.886006958269647e+25 98
0.0534692 1.216215381324923e+18 1.263229883751616e+16 6.373210586472378e+24 210
0.0668365 3.075902634628836e+18 4076595612483576 1.024092131432518e+25 350
0.0802038 1.296812989297232e+18 2444077004398310 2.999896600737007e+24 450
0.0935711 4.752312159847588e+17 1688433567147407 7.999757258870453e+23 602
0.106938 2.631160984143045e+17 576883054065817.1 3.364361041376353e+23 762
0.120306 1.032603449996708e+17 194802831542304.2 1.046339942765952e+23 1142
0.133673 1.748237301997334e+16 130722561797074.9 1.4404846240419e+22 1250
0.14704 1.76188528129493e+16 19409008536060.59 1.19375014659966e+22 1458
0.160408 4564200573699386 15259104796096.83 2.591067752011355e+21 1814
0.173775 1212916794788066 7179850867593.149 5.874216796683026e+20 2178
0.187142 847586961998055.5 1723606502755.128 3.5390744797581e+20 2498
0.20051 276802386193387 917090949322.8108 1.004151536976316e+20 2622
0.213877 94149457236479.17 438227426385.0609 2.999573100882249e+19 3338
0.227244 44302164692576.55 162589623695.9622 1.25211459897678e+19 3722
0.240611 16048596566754.72 85881298148.85313 4.050346073203738e+18 4170
0.253979 9745298865895.055 30304726287.59076 2.204873402338804e+18 4358
0.267346 3076655931755.312 21344460013.87506 6.277118319266084e+17 5034
0.280713 2201541342965.881 8085543827.305017 4.075793548524608e+17 5714
0.294081 867951501768.4875 6154894023.640673 1.464440994315995e+17 5982
0.307448 680906224329.384 2486947105.964836 1.050233800205375e+17 6602
0.320815 348336971351.1978 1860748629.26105 4.931789208066978e+16 7130
0.334182 184861436342.3414 1300092682.71069 2.412701893867235e+16 8034
0.34755 165798968437.828 632951964.4025607 2.001433198837173e+16 8606
0.360917 95910406028.84634 517859557.0971993 1.073599059859086e+16 9066
0.374284 57496597425.35329 470867240.644167 5984400951123558 9962
0.387652 53222387915.78136 364377996.5190956 5164099306197180 10550
0.401019 44118103689.65416 245843155.9178917 3999115419590975 11226
0.414386 39306160061.18219 257693785.3783437 3336283115930003 12146
0.427754 25174021452.89899 181447496.2808733 2004408504266909 12303
0.441121 9277835515.933815 89645003.09928642 694446641177964.2 12584
0.454488 3389763826.53589 25330312.68723876 239078267543307.9 12120
0.467856 1543630873.188484 9843734.259167643 102729593798344.8 11180
0.481223 599722432.0272725 4197744.499468665 37722721676695.99 11096
0.49459 285382305.77538 2484755.243786371 16995655291383.52 10056
0.507957 185735274.1230649 1421000.234128817 10486390577989.59 9716
0.521325 107232155.2620488 1015302.54143374 5747199069806.901 8604
0.534692 71500504.10439809 786333.535588202 3642193237330.525 8060
0.548059 45020061.60091042 570359.804889323 2182904579335.34 7320
0.561427 36005211.1922479 377521.1827013257 1664244304913.619 6356
0.574794 44593101.4005292 240722.6518808445 1965997193113.959 5348
0.588161 22804141.70581833 189428.0374922346 959863517942.0054 4308
0.601529 19128959.30355178 99938.29820757838 769797306059.1541 3563
0.614896 4114259.300595184 54444.32612051848 158522090073.823 2448
0.628263 2735596.662360597 27480.41032050213 100910225902.8985 1868
0.64163 1307738.210851383 25080.33134965748 46218336249.6536 1358
0.654998 1279066.896885094 9528.587935167561 43362647394.08578 1062
0.668365 1163805.121774292 7393.921039770546 37944328289.00327 776
0.681732 536637.3312472244 10766.25715803746 16841891200.52562 432
0.6951 311220.2062431448 12603.11166010321 9365657522.597145 200
0.708467 88957.55518916492 19022.43595252793 2575575974.962601 168
0.721834 235375.2220407513 10384.97533494498 6568243751.231915 56
0.735202 464043.1850984826 10541.94899560363 12490097307.5338 7


0.0133673 6.224427029065036e+17 406226354515535.1 7.503925767549514e+25 18
0.0267346 1.021418844523346e+18 4463890275304814 2.697579699878661e+25 62
0.0401019 1.944371332505903e+17 1.016757451729309e+16 2.342711251171552e+24 98
0.0534692 3.93755978611792e+18 4450077805527637 2.318770065617715e+25 210
0.0668365 2.534237474757607e+18 3707305275649921 9.584814891309035e+24 350
0.0802038 7.176406959344376e+17 2603832552504514 1.887728426596337e+24 450
0.0935711 6.723628764038513e+17 856247919639659.9 1.284299472863418e+24 602
0.106938 2.19899727693343e+17 440904007115564.2 3.19344449342795e+23 762
0.120306 5.820077506180079e+16 234996731027731.9 6.701916621525818e+22 1142
0.133673 3.892945604332719e+16 44891055199981.45 3.63849657217149e+22 1250
0.14704 9866981236433856 28014531972960.54 7.594915963288907e+21 1458
0.160408 2954237044661368 15226709794557.65 1.905263931395861e+21 1814
0.173775 1682259454438643 3845538393039.039 9.248977598742913e+20 2178
0.187142 659308591582076.4 1544168294003.966 3.126583911757394e+20 2498
0.20051 200137828543441.8 858916072283.6902 8.246410191570197e+19 2622
0.213877 88341999354493.47 322967203251.7795 3.196235820305292e+19 3338
0.227244 36479691858864.97 134593393537.7913 1.170932784409252e+19 3722
0.240611 13753679616915.19 68512562290.79615 3.942102123835374e+18 4170
0.253979 8301518611360.909 24415955059.71502 2.133029837896561e+18 4358
0.267346 2803974290531.23 16240481752.4088 6.496705269773573e+17 5034
0.280713 1776626527509.333 6920813622.23882 3.735432945642858e+17 5714
0.294081 773094100584.1653 4765059574.409575 1.481331586677476e+17 5982
0.307448 585546801680.2345 1990205791.003238 1.025670744164265e+17 6602
0.320815 232152488450.8197 1786165022.859273 3.733133027768199e+16 7130
0.334182 209606606103.7172 790926055.7727394 3.106482463240024e+16 8034
0.34755 124045037308.3926 597838863.7202719 1.700605170472613e+16 8606
0.360917 65572441821.78674 493704468.4589279 8336410718225204 9066
0.374284 62099886035.05293 304822552.9629565 7339813425831111 9962
0.387652 53614235511.65115 249644363.7328139 5907561889087050 10550
0.401019 36371367589.9566 206871022.1693191 3744199104734801 11226
0.414386 40102878275.31255 173614705.5773751 3865511041320250 12146
0.427754 25700895098.24663 122507882.1027772 2323863605959586 12303
0.441121 11362115680.11287 51867541.19857393 965739298930172.9 12584
0.454488 3095739249.532589 19138248.04217974 247956263842997.8 12120
0.467856 1135321603.049197 9034294.960398043 85809052064571.83 11180
0.481223 500949496.507221 3420320.741136982 35784522919682.69 11096
0.49459 242228925.5412233 1993212.434454233 16382654426749.42 10056
0.507957 155569800.1968565 1161543.822319841 9974823892193.115 9716
0.521325 95680174.48327689 778245.1658071477 5823649128559.797 8604
0.534692 65089570.26803281 593307.8364996338 3765348112006.826 8060
0.548059 40163899.15713485 439557.986549387 2211599933524.73 7320
0.561427 29379043.54509814 313316.8664699633 1542199244840.171 6356
0.574794 37951061.90486984 195579.4179552126 1900135047869.379 5348
0.588161 19568267.64701522 150887.3703218743 935391368962.186 4308
0.601529 16553778.22243173 79159.2587350086 756530071936.113 3563
0.614896 3502958.80877927 43637.87921836886 153278100168.7732 2448
0.628263 2172073.887194852 23721.65500362138 90993411604.47554 1868
0.64163 1717055.60768805 13281.01481751685 68910014073.85667 1358
0.654998 769961.2527181715 11425.96799767076 29646109550.43293 1062
0.668365 517559.6976695111 11425.79920642935 19166133346.18328 776
0.681732 747152.3227088986 5086.0061884367 26627004476.22429 432
0.6951 851965.4489574346 3055.35858951198 29108529611.54318 200
0.708467 1240511.381916797 1438.923588510278 40726933992.79725 168
0.721834 619341.7612849139 3405.530580490424 19622264362.44032 56
0.735202 584867.7847349342 6299.780846331696 17876290020.19215 7


0.0133673 3911876838647562 1254883054658125 3.048137872608748e+24 18
0.0267346 8.214691601175278e+17 3656310495318937 2.437899176020715e+25 62
0.0401019 4.336177884295802e+18 788375148016447.4 5.229773408849937e+25 98
0.0534692 3.547220834429663e+18 3684021666331679 2.338668215972637e+25 210
0.0668365 9.728829384148399e+17 5222836999068945 4.135832273640062e+24 350
0.0802038 1.272298252939203e+18 928637646442803.8 3.740302169816526e+24 450
0.0935711 2.969977898640932e+17 1253404227671362 6.360932763080767e+23 602
0.106938 1.670330720048687e+17 435824526610422.8 2.716351764221659e+23 762
0.120306 8.476788675351579e+16 110212966443632.1 1.091983777408631e+23 1142
0.133673 1.950125700135521e+16 69655117457226.88 2.041712532769759e+22 1250
0.14704 6533250507299924 29111050124449.8 5.631789059026394e+21 1458
0.160408 4400657161578756 7624957322799.214 3.175575423102242e+21 1814
0.173775 1513999371221774 2911586531370.799 9.318152554409907e+20 2178
0.187142 419529163114001.7 1721333890340.676 2.227732559669857e+20 2498
0.20051 171588818454218.2 720496540514.7253 7.914980007266632e+19 2622
0.213877 82777947164053.62 244286384542.4537 3.352591055243329e+19 3338
0.227244 29715436197445.84 117126470595.9475 1.067810512179292e+19 3722
0.240611 12572636940259.94 54025280470.65704 4.034008770723222e+18 4170
0.253979 7094718423820.96 20488108730.87481 2.04074511016929e+18 4358
0.267346 2497753686126.913 13078597784.03754 6.478530146190857e+17 5034
0.280713 1508306226127.295 5814285169.913374 3.550171933887283e+17 5714
0.294081 734116697404.1772 3642529185.44006 1.574630006759181e+17 5982
0.307448 457169080601.4008 1860101904.55075 8.964988651426408e+16 6602
0.320815 218907563555.4983 1381419680.737415 3.940541051585474e+16 7130
0.334182 185533141547.9177 638343964.9022739 3.078162917143385e+16 8034
0.34755 86888926034.59558 586594189.4883072 1.33362264723599e+16 8606
0.360917 72080601372.32968 330638603.4068447 1.025768272849833e+16 9066
0.374284 56962202345.09885 237848443.1997805 7536725869507321 9962
0.387652 43103223358.59554 223937641.8582941 5316869584298566 10550
0.401019 34309626634.53751 154834184.1600422 3953785377574651 11226
0.414386 32891372361.65664 151739115.7103469 3549165353859144 12146
0.427754 22480285148.19428 100109642.8593373 2275467476556812 12303
0.441121 9214066303.739567 46711708.71994745 876730791856089.2 12584
0.454488 2500497315.686346 16617828.30862264 224208552923733 12120
0.467856 1163448851.561721 6376090.521184893 98435411091834.09 11180
0.481223 400727546.1116474 3031067.902688483 32045494214428.59 11096
0.49459 222870187.8451472 1551466.268297592 16873740625599.88 10056
0.507957 128214969.4642075 1007499.764592367 9203050873274.951 9716
0.521325 89132344.74104021 594681.9535104177 6073073262563.604 8604
0.534692 66224289.4977918 412591.9774707913 4288468095057.534 8060
0.548059 37611380.45732917 339635.8296015825 2318404244248.611 7320
0.561427 21751486.75264229 285905.1674203115 1278256544277.956 6356
0.574794 27596326.59383174 202669.2316577347 1546792481908.255 5348
0.588161 15441481.91879933 135466.6036386873 826313055574.0679 4308
0.601529 12655814.89333231 79260.50292023555 647491345568.1206 3563
0.614896 3478296.025179448 31602.53889588416 170374680468.4605 2448
0.628263 1816069.538293244 20188.89515291137 85168410734.20825 1868
0.64163 1492074.974091591 11052.82699286923 67033946340.65035 1358
0.654998 488123.4475589205 11084.23139639675 21041457909.77511 1062
0.668365 897289.0371526395 4633.394422698414 37191767656.92706 776
0.681732 721214.7495418994 3550.41376241771 28772421273.99333 432
0.6951 506843.5753961029 5152.387801910418 19386699076.67468 200
0.708467 119182.3096991599 11513.43658623274 4383982913.904866 168
0.721834 26465.88183951583 8226.524259811666 941144505.7314404 56
0.735202 102157.9862438393 9400.644447794115 3497797025.282287 7


0.0133673 5.023208172987992e+17 169402027690718.6 7.505479562535266e+25 18
0.0267346 2.395184208177031e+18 157419991750831.7 7.699387091961026e+25 62
0.0401019 1.707117068632651e+18 4612755256859204 2.295043199036182e+25 98
0.0534692 7.215976923943078e+17 7363049903667702 5.348191515036095e+24 210
0.0668365 2.560677140981006e+18 1201763496008552 1.199187920069201e+25 350
0.0802038 2.733596477175484e+17 2406845733177508 8.948128615484455e+23 450
0.0935711 5.440407384989607e+17 499117836594164.8 1.287497356569102e+24 602
0.106938 1.619089068817297e+17 317572028688833.5 2.91364211720693e+23 762
0.120306 4.23451353092343e+16 166773542997172.6 6.042759636843921e+22 1142
0.133673 2.173322320595105e+16 49456421193999.27 2.517569030294436e+22 1250
0.14704 1.038296364136953e+16 12623246247331.47 9.89929596502703e+21 1458
0.160408 2977971819291849 8507446996121.608 2.378884245118149e+21 1814
0.173775 883171582869243.9 3679593392466.401 6.018091968838183e+20 2178
0.187142 404831052324482 1359958118161.228 2.37897252503003e+20 2498
0.20051 179736191338420.8 519941729075.0074 9.174542172861194e+19 2622
0.213877 72052008522062.75 205903766289.3595 3.229661333980059e+19 3338
0.227244 25234285413134.4 101364042660.3535 1.003591744938259e+19 3722
0.240611 12289634467117.84 41120570121.5757 4.363796289601915e+18 4170
0.253979 6014823963301.783 17956726869.73696 1.914801171218387e+18 4358
0.267346 2193327031351.312 10993193864.72214 6.296118184185233e+17 5034
0.280713 1346200388230.401 4800497363.840135 3.506758796226784e+17 5714
0.294081 668672338407.1041 2960001149.921951 1.587300624287556e+17 5982
0.307448 379939191444.3297 1649968192.620728 8.245856722246205e+16 6602
0.320815 215451850458.0433 1060276005.108174 4.292027790041356e+16 7130
0.334182 153862132229.7811 576055914.2313055 2.825187902130979e+16 8034
0.34755 78424060417.98517 480639770.1338909 1.332145945154082e+16 8606
0.360917 69586013145.30304 250516718.5076962 1.095914855296194e+16 9066
0.374284 45745494312.74001 220804212.8479045 6698744753135401 9962
0.387652 39845418164.98619 177527331.7021721 5439439926303417 10550
0.401019 29966873647.33453 130898033.9396696 3821863465684025 11226
0.414386 25002471793.65734 145506698.324011 2985937069589016 12146
0.427754 17650860546.97794 93745399.80618991 1977345393070607 12303
0.441121 7538645736.319471 41411269.42778832 793872953455753.9 12584
0.454488 2486518568.2272 12471240.44681156 246740103368342.9 12120
0.467856 906658527.2220725 5992949.210518493 84897832032776.78 11180
0.481223 399536649.8147016 2255371.292881384 35358668850352.55 11096
0.49459 194653775.788377 1304776.785706552 16310163820878.87 10056
0.507957 114248217.3003904 834922.9718232338 9075626081158.166 9716
0.521325 72403848.42199315 539316.6579971199 5459822116483.819 8604
0.534692 57868523.82423382 348388.8868503609 4147273595231.443 8060
0.548059 38648220.20143295 245264.5114540626 2636444978733.33 7320
0.561427 26790018.85809614 184796.5888669547 1742208960091.056 6356
0.574794 18642905.01448936 211272.439526052 1156530472920.303 5348
0.588161 11908155.25720672 125197.0045051965 705258514330.4574 4308
0.601529 7630918.016316182 92020.08752194305 432106625677.7803 3563
0.614896 3343959.630289718 24303.21583428392 181270161831.484 2448
0.628263 1609872.802226373 16781.51229655536 83554896312.13507 1868
0.64163 1220046.500924605 10173.63603603199 60662634242.23513 1358
0.654998 653053.1270495829 7081.607650787464 31151440496.97744 1062
0.668365 788342.7626907311 3994.518481413764 36162915553.16386 776
0.681732 315541.272912298 6110.910019761091 13933775907.4107 432
0.6951 212108.7328761164 6558.029697557005 8980858222.58807 200
0.708467 203978.507922783 8470.854691909153 8299988331.045727 168
0.721834 378847.9873712451 3279.173225595651 14870917593.47331 56
0.735202 630198.0837839703 2454.364167509452 23862398499.72605 7


0.0133673 3.192275408651606e+17 386472548814773.9 5.317689751763872e+25 18
0.0267346 2.791293641751458e+17 3444185920344130 1.056826193292608e+25 62
0.0401019 7.768336796762561e+17 5139341799805462 1.160263081000316e+25 98
0.0534692 3.449167082586221e+18 1126049953868978 2.757571420700517e+25 210
0.0668365 6.35347262618778e+17 4151187700035398 3.28576706945349e+24 350
0.0802038 1.062071977536436e+18 457071462393520.2 3.788614373544923e+24 450
0.0935711 1.927536018165026e+17 1001953628304399 5.014968807057205e+23 602
0.106938 1.384747474451145e+17 294451561632528 2.732692182386891e+23 762
0.120306 6.241031324677477e+16 86631359689980.56 9.757201606340045e+22 1142
0.133673 1.95589707976034e+16 40217800939447.05 2.484224105154182e+22 1250
0.14704 4628002009725102 21816964606712.2 4.842287416008278e+21 1458
0.160408 2511154901607298 7751053098559.791 2.199641806781807e+21 1814
0.173775 1012034758656943 2578580176266.191 7.559507411792713e+20 2178
0.187142 448728143153538.1 912116308556.2247 2.890761576567287e+20 2498
0.20051 166776707419991.5 419301063975.7128 9.333799211526629e+19 2622
0.213877 59000909666585.91 190818452102.2764 2.899896708018887e+19 3338
0.227244 24118976962360.34 81392909888.93164 1.051699519268583e+19 3722
0.240611 11992704025516.2 31534035354.90475 4.668800859611365e+18 4170
0.253979 4907236501009.831 16790375923.3237 1.712941877588997e+18 4358
0.267346 2015797183886.596 9166017757.145191 6.344456234228151e+17 5034
0.280713 1235901239075.046 3952630400.574036 3.529857819554051e+17 5714
0.294081 582564393126.6857 2568498866.942027 1.516276639699905e+17 5982
0.307448 341060186835.9167 1394472851.806841 8.115856448302504e+16 6602
0.320815 200008721904.588 870399370.9355487 4.368540298623422e+16 7130
0.334182 130746533595.9508 516642777.9088715 2.632298960881996e+16 8034
0.34755 77081240397.44101 377574186.6518199 1.435541481659435e+16 8606
0.360917 60461197187.41561 220607277.3929597 1.044037279847356e+16 9066
0.374284 40301228430.04328 189469869.4203867 6470625559469963 9962
0.387652 36742097733.50893 145491437.8431372 5499405926335747 10550
0.401019 24854806322.21837 119974307.3852813 3475634357405412 11226
0.414386 22066470346.66457 124136574.6325059 2889432591962348 12146
0.427754 15105312262.51743 82084355.77452958 1855374058253327 12303
0.441121 6373126035.071894 36831108.5166289 735862998926252.4 12584
0.454488 2196677063.830299 10766103.9352214 238998574589929.6 12120
0.467856 855701900.3058901 4829301.142507563 87851383799042.81 11180
0.481223 334868410.9285817 2047260.601035361 32493798535357.14 11096
0.49459 182506258.7837467 1059212.943809403 16766695555830.43 10056
0.507957 113479661.4286654 634541.891722977 9883541698138.564 9716
0.521325 68139831.0915062 436374.2700375515 5633672348135.018 8604
0.534692 41617967.15894242 363386.5488309029 3270430633732 8060
0.548059 31125980.86785179 230172.5429525763 2328102139693.877 7320
0.561427 27256749.27001938 134083.4721988339 1943427286781.366 6356
0.574794 24296092.72127029 128821.4172684913 1652421840129.757 5348
0.588161 15096942.25985794 76199.03739393671 980254445497.4587 4308
0.601529 8922622.430244535 64457.53014682626 553935004743.3838 3563
0.614896 3071268.794081892 19971.06368294093 182540531935.5341 2448
0.628263 1294267.467399329 15343.15648866352 73653833694.26968 1868
0.64163 1142862.608392398 8207.347893302625 62303638113.27007 1358
0.654998 622177.2857901405 5663.332278369698 32539905257.91843 1062
0.668365 661159.3272161902 3815.408945871126 33253503142.03579 776
0.681732 210808.4636069503 5785.159713399266 10207682275.85011 432
0.6951 192569.5667902445 5481.677520811462 8939749080.328718 200
0.708467 377179.7442864782 5358.127857066063 16823094053.71788 168
0.721834 504734.5485842279 1286.754987517057 21721417139.7108 56
0.735202 738937.0786018001 536.9953624940737 30676709725.85184 7


0.0133673 2.042440571053302e+16 791859868332251.5 6.400081517647585e+24 18
0.0267346 9.333421262776111e+17 1706118063436339 3.624838187182037e+25 62
0.0401019 3.081322193072109e+18 193009524065797.5 4.908142497023495e+25 98
0.0534692 1.211703867867789e+18 4516925993728248 1.061232857610699e+25 210
0.0668365 1.549804571012552e+18 1682140332726802 8.666865926797593e+24 350
0.0802038 2.833803304695587e+17 1714516728855620 1.105295230979923e+24 450
0.0935711 4.263607338721744e+17 361539200099234.1 1.203762544025722e+24 602
0.106938 1.10679785439012e+17 274235081771120.8 2.377023332202631e+23 762
0.120306 3.639929581015246e+16 118299394369549.1 6.196170706344576e+22 1142
0.133673 1.48041462086259e+16 42073828209254.17 2.046327248716786e+22 1250
0.14704 7581421868240181 11001260240632.07 8.623479480729482e+21 1458
0.160408 2826216363544614 5243170031449.153 2.692776909832518e+21 1814
0.173775 967923670128843.5 2041503061569.475 7.865608592324833e+20 2178
0.187142 308511047197581.4 1035849864944.445 2.162814464130477e+20 2498
0.20051 130995062092241.1 414509918247.5014 7.97705565598469e+19 2622
0.213877 52285030067259.59 167876912109.1156 2.795915409165052e+19 3338
0.227244 23687878602748.43 64113558592.51746 1.123695662658723e+19 3722
0.240611 10331753023241.26 28552863845.7246 4.376093730883535e+18 4170
0.253979 4006619279959.612 15837799938.7598 1.521682782155489e+18 4358
0.267346 2018293752965.187 7238405851.447565 6.910648449964198e+17 5034
0.280713 1123074293317.054 3366619198.382289 3.489730441312263e+17 5714
0.294081 498643965334.6473 2309735490.400696 1.412049392202389e+17 5982
0.307448 323116823081.9127 1143092420.98936 8.364972919866862e+16 6602
0.320815 176939021864.1637 762650484.270575 4.204614209882232e+16 7130
0.334182 116269813641.3462 451657903.2335037 2.546742825130299e+16 8034
0.34755 73521072342.76964 308642943.6124653 1.489633890415439e+16 8606
0.360917 51413156826.65273 203218813.6898461 9659003507299758 9066
0.374284 37419909210.74046 158285434.8005584 6536360645718979 9962
0.387652 32942271981.7636 126367667.276031 5364330732118735 10550
0.401019 22018723175.12964 104771721.2787457 3349868414395678 11226
0.414386 20550347806.70507 103915374.7741399 2927547011315258 12146
0.427754 13224512198.14692 72458253.86144772 1767237329533404 12303
0.441121 5767091700.328013 31616167.06623796 724452939036558.6 12584
0.454488 1976026007.399686 9247860.404919842 233900112752455.9 12120
0.467856 829333229.8115641 3880155.950644811 92630841636264.92 11180
0.481223 300602059.6425514 1758819.117007266 31734182068331.27 11096
0.49459 156013847.8360074 957595.5645800648 15593645218860.51 10056
0.507957 90849713.42208503 616418.629547884 8608764306537.533 9716
0.521325 60477257.70719529 381020.3618325228 5439924928946.321 8604
0.534692 49212913.13510796 240290.1296324291 4207084011639.087 8060
0.548059 30296406.81605757 184419.2256062935 2465302303552.182 7320
0.561427 16655030.78307566 165478.2426284062 1292081127262.035 6356
0.574794 18039418.2769995 134516.6077198698 1334852956565.178 5348
0.588161 10369851.62785423 86455.27014719686 732581834234.5065 4308
0.601529 8317226.906754584 52882.88875397447 561757826882.7092 3563
0.614896 2736721.794202281 17530.85942379364 176962470958.9382 2448
0.628263 1139976.879636939 13363.6101976749 70579517680.2397 1868
0.64163 1099587.629819446 6524.179817636018 65215552187.46397 1358
0.654998 492864.8372432277 5442.218613661488 28044779819.0169 1062
0.668365 639500.2832605741 2939.623520371686 34992422770.329 776
0.681732 231000.8425798632 4607.648018346384 12168290594.0794 432
0.6951 186222.8215314912 4587.064586348572 9405206135.592541 200
0.708467 285466.0077145591 5061.932460621826 13852942454.77306 168
0.721834 429737.1388643604 1352.358362151827 20120463427.1293 56
0.735202 651953.2488906323 638.1769462733795 29445926593.58323 7


0.0133673 3.817518670342525e+17 50896488250177.17 7.364266604978348e+25 18
0.0267346 1.489037366879678e+18 391474194157562.9 6.18892574752532e+25 62
0.0401019 4.669570462119743e+17 4392673483635234 8.311398826381768e+24 98
0.0534692 1.249208986959042e+18 3571757428636720 1.181339651913293e+25 210
0.0668365 1.203660791140501e+18 1914517714445459 7.281490927579785e+24 350
0.0802038 6.254254794085075e+17 759502152509394.9 2.625903849394703e+24 450
0.0935711 1.813662626157574e+17 727660033025663.6 5.547491454748997e+23 602
0.106938 1.256422705065022e+17 193907504655072.2 2.915348147482781e+23 762
0.120306 4.600502210154574e+16 74865726000449.62 8.459584963904971e+22 1142
0.133673 1.640873864674047e+16 29363195342862.77 2.45081726892398e+22 1250
0.14704 4380265573779334 15135185305971.03 5.388522591383472e+21 1458
0.160408 1848376997015891 6295023481204.945 1.90428792784979e+21 1814
0.173775 670022371577928.9 2320424856948.454 5.886854001651768e+20 2178
0.187142 303470468997161.4 849050498849.6117 2.299346090337898e+20 2498
0.20051 123198145751792.8 352332405902.7018 8.10869171732768e+19 2622
0.213877 49964633341706.57 139370134579.7438 2.887764089236521e+19 3338
0.227244 20409744736630.62 58898173384.69138 1.046510524148924e+19 3722
0.240611 7828397014833.961 29639089806.11774 3.58431770841878e+18 4170
0.253979 3735445483197.141 13563788856.27887 1.533378118369763e+18 4358
0.267346 2055003619790.659 5587518220.918879 7.604764794883146e+17 5034
0.280713 967245739220.1521 3104283042.237813 3.248607639011874e+17 5714
0.294081 446682212120.0546 2040512642.424907 1.367188113333686e+17 5982
0.307448 311988268776.9745 929810027.0993041 8.729632823440563e+16 6602
0.320815 152746084737.0326 694669175.2710018 3.923274895210982e+16 7130
0.334182 107436731261.039 387092600.4367835 2.543502099381504e+16 8034
0.34755 68019929483.33241 264420385.8179381 1.489583128269176e+16 8606
0.360917 44698890411.0925 185258109.310349 9076655979043778 9066
0.374284 34757708373.69585 134800488.1452698 6562122411638370 9962
0.387652 29897825879.11567 110451230.0850029 5262169071060014 10550
0.401019 20350301546.208 89804911.85358898 3346317073850162 11226
0.414386 18938687144.29658 89571188.34330158 2916055243100725 12146
0.427754 11910076406.83546 63606276.52221554 1720260386867768 12303
0.441121 5370250186.233572 26994644.8576813 729134165473583.8 12584
0.454488 1761617641.686049 8174760.846944747 225379156498972.1 12120
0.467856 717652899.760289 3568386.379232783 86638168563699.12 11180
0.481223 288023018.0846176 1461509.178521776 32863858641820.89 11096
0.49459 145457883.1930167 816102.1759337004 15713794940578.38 10056
0.507957 92708919.62214494 478836.4963792274 9494822250241.541 9716
0.521325 58354358.1201055 313163.2706222043 5673215579744.969 8604
0.534692 35537103.40910493 263122.5177564234 3283765174723.011 8060
0.548059 26175703.97408002 168264.3929292491 2302209152648.362 7320
0.561427 23259490.33557831 95694.19631806338 1950113461553.87 6356
0.574794 19128950.54496617 101875.4611450206 1529848816272.481 5348
0.588161 11799144.2266523 61051.8954167843 900893261952.2964 4308
0.601529 7881234.720671205 44173.17738699434 575337105259.0765 3563
0.614896 2086142.956206921 18158.04202943527 145805787275.1632 2448
0.628263 1514076.606260489 8207.242079209491 101309941922.7148 1868
0.64163 888217.1067136076 6481.491476891164 56939345609.22792 1358
0.654998 417250.5580908199 5010.0178896332 25662108618.14514 1062
0.668365 606386.4144254354 2370.63869609792 35862486317.33813 776
0.681732 373586.1863745545 2708.615264003862 21266687120.48713 432
0.6951 231606.231893435 3491.797868631627 12641560251.35082 200
0.708467 83435.60530895113 5805.621486041367 4379202031.973844 168
0.721834 213393.7580866683 2610.334297143674 10800068427.30095 56
0.735202 406137.2679983215 2078.47890082275 19827277353.58846 7


0.0133673 1.711668263354148e+17 366157842633427.2 3.712455092323286e+25 18
0.0267346 6.681595081373089e+16 2638028908815964 3.875964411927194e+24 62
0.0401019 1.200407062748227e+18 2412217715930546 2.239451505807235e+25 98
0.0534692 2.31983330601967e+18 1057467827214132 2.346040735207239e+25 210
0.0668365 5.882648568764365e+17 2597737668974884 3.841905206667125e+24 350
0.0802038 5.130540879763683e+17 808996828468547.4 2.316344784819887e+24 450
0.0935711 2.876070506807009e+17 392836697685679.1 9.4384781355817e+23 602
0.106938 7.62601118406219e+16 245211121241605.2 1.903955731356934e+23 762
0.120306 3.342364054795504e+16 84870668921612.12 6.609064419263701e+22 1142
0.133673 1.196770417375127e+16 33064097393671.14 1.922021432296396e+22 1250
0.14704 5683179492353550 9734847792849.328 7.51080306243469e+21 1458
0.160408 2328400397478994 4066500334776.329 2.577311804206135e+21 1814
0.173775 808733814269733.6 1563057425182.62 7.634894711698086e+20 2178
0.187142 317436479785288.8 642585883830.9973 2.584792601365962e+20 2498
0.20051 118581862666726.7 293593880779.8401 8.388413860084552e+19 2622
0.213877 45138222018930.2 123770456917.5153 2.804019332844534e+19 3338
0.227244 17143851022857.31 56329201578.29697 9.448791486953298e+18 3722
0.240611 7134099573438.154 26275595463.1106 3.510812590848685e+18 4170
0.253979 3842818353460.175 10672336498.83953 1.695335921086392e+18 4358
0.267346 1852988249602.268 4983291466.811259 7.37019813121716e+17 5034
0.280713 798257201430.8016 3010725753.06131 2.881768562411669e+17 5714
0.294081 445443464030.5645 1679803286.840336 1.465316989258234e+17 5982
0.307448 290636403527.049 798089612.057821 8.740430087985246e+16 6602
0.320815 134457399355.9732 631704254.4916877 3.711952462436376e+16 7130
0.334182 100841910140.4914 331180697.609234 2.56592589911248e+16 8034
0.34755 62369075849.14024 232647754.4250671 1.467999850718496e+16 8606
0.360917 40060179536.63292 166178388.9372291 8743271571993047 9066
0.374284 31901822682.00141 118158429.434255 6473451294705471 9962
0.387652 27618964252.93306 96303583.15716654 5224667414349979 10550
0.401019 19199533822.97804 76839846.08816406 3393204157471134 11226
0.414386 17528136941.8653 78169504.06445126 2900731693926544 12146
0.427754 10994187383.52663 55579449.13483297 1706746522492839 12303
0.441121 4964800775.48445 23548028.95145784 724503623369932.6 12584
0.454488 1513818279.251534 7631039.312906672 208166581617556.2 12120
0.467856 656506331.9999555 3132097.267833359 85184467412247.47 11180
0.481223 263565513.2275646 1291236.016865299 32322643576258.9 11096
0.49459 143195636.4999408 667251.708214075 16626136362275.97 10056
0.507957 81793163.81512207 439226.3292373088 9003541320968.812 9716
0.521325 48419662.62745923 302389.6270062852 5059598429646.188 8604
0.534692 39127465.93754341 194468.3647005651 3885762989181.803 8060
0.548059 26573638.69288695 133839.418865072 2511958429806.497 7320
0.561427 16207540.35519101 113541.2088567869 1460599248507.785 6356
0.574794 14397087.36858024 106319.1311611465 1237594711702.429 5348
0.588161 8348694.936661719 67332.13317483134 685163196946.7994 4308
0.601529 5690868.808559161 47849.46811326363 446537081579.7357 3563
0.614896 2309935.575089622 13316.54039444566 173514738176.9901 2448
0.628263 1315705.569322869 7625.177199743321 94622208916.4465 1868
0.64163 735680.7855004098 6262.49434928305 50689672690.2916 1358
0.654998 483755.2324433001 3668.119031189198 31975714719.26734 1062
0.668365 402469.4458740735 3220.34030861936 25584525067.48234 776
0.681732 518853.9833253237 1053.12849768142 31743033861.8344 432
0.6951 380050.1267102899 1799.055449679998 22292460877.01373 200
0.708467 168252.157914679 4410.575605416694 9486296545.761774 168
0.721834 11297.53002476325 3695.533042192241 617111999.5894611 56
0.735202 49565.95047017205 4285.025623971725 2603457476.767748 7


0.0133673 4.00697086474175e+16 525023512207973.8 1.171321636140078e+25 18
0.0267346 9.288837314496028e+17 779386645832500.4 4.465456718708583e+25 62
0.0401019 2.008068646549445e+18 569173555136407.6 3.980884053656188e+25 98
0.0534692 4.897401151719497e+17 3931375578551344 5.39789022809264e+24 210
0.0668365 1.331681460099145e+18 849159676912944.8 9.251989835734836e+24 350
0.0802038 2.465622182365327e+17 1129114520676723 1.194808954848284e+24 450
0.0935711 2.182928874864336e+17 449204355917986.5 7.66745231166405e+23 602
0.106938 1.114291650362214e+17 136842694840125.5 2.972319649051466e+23 762
0.120306 3.36020699425683e+16 68721454168036.31 7.105788789456938e+22 1142
0.133673 1.318242060773274e+16 24253311666196.52 2.263814012346098e+22 1250
0.14704 3874439251750226 11506354117691.68 5.479360378325423e+21 1458
0.160408 1546815548654573 4963544080081.972 1.832169901091596e+21 1814
0.173775 598824548172812 1730312745309.511 6.048301618208257e+20 2178
0.187142 215135435228864.7 764261133827.8834 1.87435575425627e+20 2498
0.20051 99405015964151.41 285764847299.9747 7.522029966241876e+19 2622
0.213877 40422639451380.11 113243898263.0694 2.685951096328619e+19 3338
0.227244 16963597982370.13 46891122029.70723 9.999692817120256e+18 3722
0.240611 8024690371286.353 19103672979.09805 4.223359628359906e+18 4170
0.253979 3456403169451.949 9688658883.941753 1.631022016767868e+18 4358
0.267346 1448607564291.044 5204096173.270641 6.163454488977175e+17 5034
0.280713 718135526826.9844 2730177527.309618 2.773015048002574e+17 5714
0.294081 463643528612.0555 1320321139.699662 1.631235750535448e+17 5982
0.307448 247883867908.3035 770981881.5682774 7.97384323931081e+16 6602
0.320815 128146040879.8758 547925531.0055376 3.783878757249397e+16 7130
0.334182 93374047449.41699 291209228.6849757 2.541257055974057e+16 8034
0.34755 57355993810.39241 207243451.3738409 1.443964818627914e+16 8606
0.360917 37010031700.95332 146932817.1027603 8639735790986389 9066
0.374284 28850224045.51852 106651466.0538089 6261703333542414 9962
0.387652 25514539465.55643 85182294.64493297 5162477747209191 10550
0.401019 18462401378.34326 65369571.22509985 3489963898484402 11226
0.414386 16628128302.0974 67672287.80823746 2943273648757013 12146
0.427754 10402838981.764 48318522.76209518 1727323151468474 12303
0.441121 4549686250.460073 20977206.24353663 710133961443406.6 12584
0.454488 1322743401.471596 7083050.296634223 194553909641376.5 12120
0.467856 616126052.2669309 2722296.826205964 85508160801628.75 11180
0.481223 249111422.0613677 1111695.29750527 32675885631705.74 11096
0.49459 126732561.3914549 617231.4995554578 15738866694441.75 10056
0.507957 72600461.07424064 402422.8818245133 8547895586671.13 9716
0.521325 48939191.03165806 245331.9575797432 5469635061804.607 8604
0.534692 35386150.76111913 176705.688452263 3758794737203.736 8060
0.548059 21496561.72967661 134413.8576867167 2173520362058.813 7320
0.561427 14522029.17595544 102093.5285448542 1399791165531.038 6356
0.574794 16824727.19038685 75532.41824492853 1546839809443.875 5348
0.588161 10851067.90147333 42858.62775792558 952426567663.6908 4308
0.601529 7819153.574033341 28161.22205456929 656172189268.0999 3563
0.614896 1914136.204013825 13014.86587477689 153793553159.6834 2448
0.628263 983281.0252411568 8336.406578297114 75640327553.00645 1868
0.64163 812076.3067713848 4665.40857143421 59844803591.34715 1358
0.654998 528534.6916386732 2647.172975056362 37365375079.65579 1062
0.668365 278103.2066375315 3521.653292033429 18910539919.65271 776
0.681732 291165.9952517708 2258.164779352685 19054648999.02764 432
0.6951 378233.0327035316 1380.666307288705 23729483583.36097 200
0.708467 599833.5590530093 708.6576729199867 36160505453.9641 168
0.721834 233079.0003197559 1675.134916004056 13560221341.05628 56
0.735202 156689.3147962868 3005.806370474858 8795424065.003117 7


0.0133673 2.98492867705526e+17 9968228215738.84 7.065415780226525e+25 18
0.0267346 9.265280297379062e+17 605680986216141.1 4.739395847661431e+25 62
0.0401019 1.055315983813477e+17 3648247965618452 2.56617555229044e+24 98
0.0534692 1.477005670007531e+18 1618098269821080 1.705273547081948e+25 210
0.0668365 5.304501582401491e+17 2076492913749088 3.947255859805602e+24 350
0.0802038 5.845354268038399e+17 341348400446203.4 3.003988720284278e+24 450
0.0935711 1.712979591543976e+17 453129094169289.6 6.412623917471686e+23 602
0.106938 6.05042669210605e+16 207040671954422.3 1.721641010043666e+23 762
0.120306 3.190004404718771e+16 60512064272525.43 7.18483763081354e+22 1142
0.133673 1.043937514984022e+16 25792794316515.66 1.910036721061495e+22 1250
0.14704 4644145753273173 8090020541122.583 6.992712296896059e+21 1458
0.160408 1920262538311576 3349205891619.555 2.421600976303254e+21 1814
0.173775 619211422152177.6 1404048877519.381 6.660440381476846e+20 2178
0.187142 270018438366775.1 510043755016.2263 2.504804646226924e+20 2498
0.20051 97216273225422.08 242993215774.5853 7.83479955204649e+19 2622
0.213877 37229441155902.85 101846046707.81 2.634791755400539e+19 3338
0.227244 15704980049048.17 41765954716.73586 9.860263677466106e+18 3722
0.240611 6995063359393.596 18222718322.76024 3.921218856763315e+18 4170
0.253979 2785822507243.687 9847353152.594372 1.400275703391207e+18 4358
0.267346 1289539707376.657 4826016913.709501 5.843896380201201e+17 5034
0.280713 746530333974.4467 2195233970.510255 3.070033043560249e+17 5714
0.294081 429929644274.9266 1175248762.293105 1.611050270471652e+17 5982
0.307448 199218490753.5133 786347891.3721474 6.825938527389721e+16 6602
0.320815 131983248528.2316 446801483.193086 4.150556682035082e+16 7130
0.334182 83779437869.74814 268394856.1469033 2.428535444776332e+16 8034
0.34755 52661030169.06925 187205357.3305561 1.412042454231188e+16 8606
0.360917 35333984138.35451 127561051.1835112 8785095553344614 9066
0.374284 25918806159.31783 98038426.3060268 5991584077705141 9962
0.387652 22950254208.58377 78454019.52492608 4945840971978831 10550
0.401019 17830062580.86294 55867495.02141255 3589692733382459 11226
0.414386 16247109527.91218 57572046.1424409 3062904696799506 12146
0.427754 10244528827.52497 41064421.69596402 1811684889374360 12303
0.441121 4188943284.686979 18841360.12398825 696372646583184.2 12584
0.454488 1206529565.393261 6405286.832096132 189008954504165.3 12120
0.467856 573306381.4842198 2419561.159590686 84742492186779.94 11180
0.481223 227410253.858635 1007046.460014792 31770390636364.14 11096
0.49459 110745789.6006264 581801.5632453529 14648636556128.44 10056
0.507957 69675489.14783926 347484.0639971398 8737199292317.351 9716
0.521325 45944550.78055789 216874.7433785326 5469037544221.365 8604
0.534692 28799167.62688547 177690.7530064162 3258277252853.918 8060
0.548059 20959458.7661501 114852.7801599231 2257072682752.625 7320
0.561427 18925075.69484759 63309.39363696002 1942734582736.232 6356
0.574794 14514945.05266192 72978.2239098857 1421333696070.959 5348
0.588161 8177917.429161572 47965.27669851713 764535950755.5779 4308
0.601529 5253953.935465262 35809.39907685429 469625370418.8271 3563
0.614896 2036802.238742931 10263.68227340658 174291808963.8462 2448
0.628263 1150125.421873668 5918.576197067173 94226213243.91766 1868
0.64163 666390.5503808293 4702.150036811177 52305478428.66194 1358
0.654998 383230.3101452486 3086.744222339692 28857407738.07782 1062
0.668365 467753.7827223365 1731.924439950303 33870992457.14921 776
0.681732 167671.6654800828 2725.811193285899 11688529648.99532 432
0.6951 166668.434103618 2497.687843028919 11138807521.97929 200
0.708467 319156.303419077 2235.725302011472 20493807308.385 168
0.721834 393691.1000180744 260.1022338002951 24392406529.42953 56
0.735202 532787.2145424972 1.982321385692963 31844401710.9467 7


0.0133673 9.080179008046822e+16 342284191241165 2.513071942642909e+25 18
0.0267346 3.859659687348829e+16 1995267160432412 3.074979860996526e+24 62
0.0401019 1.351659192414251e+18 1007278402794990 3.037062871218058e+25 98
0.0534692 1.380788564778963e+18 1487892752372056 1.691918234943623e+25 210
0.0668365 7.680005940877564e+17 1333558060047352 6.043880394018489e+24 350
0.0802038 1.908011164699823e+17 977272248446560.2 1.046380698635293e+24 450
0.0935711 2.300828213593183e+17 276486769676775.8 9.12884772924533e+23 602
0.106938 9.035997418749258e+16 118001170864243.2 2.724586366988061e+23 762
0.120306 2.450836179633786e+16 64391900551937.33 5.860195343128903e+22 1142
0.133673 1.055695091189778e+16 21143762579098.78 2.049294013497233e+22 1250
0.14704 3250720768887044 9507645563672.521 5.196275055667018e+21 1458
0.160408 1324212582222492 4034644468005.576 1.772776765592218e+21 1814
0.173775 555345491950860.8 1301804031346.905 6.338840873886502e+20 2178
0.187142 200028926539797.4 580803623873.0029 1.969450829437788e+20 2498
0.20051 88185558244034.8 223651838775.7472 7.54151449673264e+19 2622
0.213877 35008453959774.37 90429272111.21809 2.628986744115269e+19 3338
0.227244 13695918100942.16 40013466164.13063 9.124854000755057e+18 3722
0.240611 5342328266413.332 19685836508.2324 3.1782667577628e+18 4170
0.253979 2830002953499.533 8205421135.713449 1.50930449898244e+18 4358
0.267346 1419631874832.557 3708176522.30333 6.825764538106984e+17 5034
0.280713 725219441983.4568 1880511122.231533 3.164540619229598e+17 5714
0.294081 341598942062.9094 1233679346.896879 1.358390653863018e+17 5982
0.307448 181377553725.0025 721871077.5301843 6.59445909176701e+16 6602
0.320815 132859893627.5521 368699883.2169101 4.43322773864283e+16 7130
0.334182 74246503542.15746 253273875.5770275 2.283750077899691e+16 8034
0.34755 47861938612.67564 172365225.2567384 1.361786266193081e+16 8606
0.360917 34335047563.01409 109754804.2839263 9058130051883214 9066
0.374284 23832404878.63039 89186616.78092891 5845903412676832 9962
0.387652 19856050678.22233 75576303.94550566 4540587196479060 10550
0.401019 16624161260.86008 50142872.7367408 3551387251047726 11226
0.414386 15904558097.97312 49141391.20341399 3181457380665952 12146
0.427754 10411394218.6382 33922031.68068326 1953626830848286 12303
0.441121 3964398259.595079 16723545.83973189 699304455075334.1 12584
0.454488 1134627341.879372 5714280.668244615 188603777452707.4 12120
0.467856 530195622.3100975 2190802.081624283 83158229550147.08 11180
0.481223 202224540.8181238 948153.1229666393 29978261548596.87 11096
0.49459 101761594.3942608 528752.5899059772 14282674426958.5 10056
0.507957 66208976.30022831 306590.8751737807 8809679058748.531 9716
0.521325 41024505.25298855 203186.847227203 5181778798145.527 8604
0.534692 28686145.89530369 150321.0923533443 3443697635792.82 8060
0.548059 21883266.18377376 91411.99094901049 2500446751215.855 7320
0.561427 14583257.47040383 72295.97142832125 1588556863785.714 6356
0.574794 11327955.73343229 76524.80917477758 1177080276583.045 5348
0.588161 6457004.373501345 48861.30638017687 640559449368.9408 4308
0.601529 4617523.615233744 33245.80665951667 437959617166.1049 3563
0.614896 1646774.050690441 10519.81810927499 149530411870.7403 2448
0.628263 950017.0714762888 6061.814574107173 82589272032.21059 1868
0.64163 672778.2419571914 3917.793909273547 56031817469.26978 1358
0.654998 415357.7293275829 2401.984054109227 33186091985.74834 1062
0.668365 274853.4316754683 2581.374468921649 21120842613.59064 776
0.681732 409732.097494534 794.7789347077356 30300413751.05133 432
0.6951 305974.7640830764 1263.894112239502 21694396390.91588 200
0.708467 160675.0215917325 2930.055400611127 10949712072.16918 168
0.721834 10918.1171846388 2579.324136697651 720498824.3616034 56
0.735202 47404.6662096799 2955.906749455224 3009329901.626015 7


0.0133673 5.712780716420299e+16 353964531561536.9 1.791890872923014e+25 18
0.0267346 8.634917230885106e+17 328391573877214.1 4.952614001017285e+25 62
0.0401019 1.217757231533705e+18 1027066332211070 2.89600608905706e+25 98
0.0534692 4.032957831316042e+17 2929524010127297 5.32378500933994e+24 210
0.0668365 8.720417960301655e+17 944634998249184.8 7.250553515391721e+24 350
0.0802038 3.788713365730884e+17 496941309340114.2 2.187513111703968e+24 450
0.0935711 1.270988682461383e+17 417223276197102.9 5.34462555030446e+23 602
0.106938 5.905296745323658e+16 158264526108907.2 1.885245345470761e+23 762
0.120306 2.989286742879715e+16 44582563888449.93 7.554896917354494e+22 1142
0.133673 9405335749790918 20322250507253.96 1.93114327573698e+22 1250
0.14704 4031804422819942 6538583631630.483 6.81286113151575e+21 1458
0.160408 1627770471084245 2797192230234.487 2.303746307299267e+21 1814
0.173775 494249844888172.3 1243197875511.088 5.966859332172625e+20 2178
0.187142 204900792760832.8 485141053532.998 2.13338523285747e+20 2498
0.20051 80078023468647.66 208519258608.9732 7.242827583986495e+19 2622
0.213877 32335137881121.23 82957928126.34859 2.568114258991254e+19 3338
0.227244 13529509519673.94 34399731459.85709 9.532657592862794e+18 3722
0.240611 6026496819741.072 15034501156.73853 3.791164962575877e+18 4170
0.253979 2857503765510.691 6827087280.823711 1.611643253790201e+18 4358
0.267346 1301798884610.119 3406778943.338281 6.619724371851549e+17 5034
0.280713 588433603769.379 1960627440.659518 2.715772343949464e+17 5714
0.294081 305078881888.0879 1160504469.078606 1.283066268179459e+17 5982
0.307448 197931147040.2558 566942572.3083144 7.610011037304387e+16 6602
0.320815 119554384499.7204 346538159.175153 4.219038700214119e+16 7130
0.334182 68313765393.02803 232940576.3156113 2.222278501435508e+16 8034
0.34755 43868499299.12772 158706298.2833299 1.320047077356174e+16 8606
0.360917 32498179396.25164 97761114.29845127 9067149289630018 9066
0.374284 23017955703.58689 78371733.92831767 5971149779212532 9962
0.387652 17388535622.76185 72166940.94743569 4205397719978080 10550
0.401019 14369348182.29816 49234336.37484856 3246533859293932 11226
0.414386 14758492055.29487 44786084.85026814 3122194197896472 12146
0.427754 10339239680.17398 28591936.27426405 2051755480667066 12303
0.441121 3913459763.139786 14422038.0889121 730053446735707.4 12584
0.454488 1092186121.075618 5053450.148816364 192000326871042.5 12120
0.467856 493471444.9714047 1991664.494809448 81854770420208.72 11180
0.481223 183516923.1064441 881422.6180392804 28771691137331.39 11096
0.49459 96984656.61760436 469780.6536535253 14395877603155.85 10056
0.507957 61965844.28966058 277182.18894839 8719819177320.791 9716
0.521325 37379051.95514026 187968.6666479935 4993201871737.636 8604
0.534692 29220868.31880537 124869.1502407862 3709772231167.313 8060
0.548059 19272075.26037807 88410.37752459728 2328908346121.957 7320
0.561427 10729114.71828169 78973.11887210755 1236103593947.688 6356
0.574794 11951367.17317773 62407.18053940621 1313315532734.295 5348
0.588161 7643274.913457638 36410.54320866113 801847611337.9225 4308
0.601529 5417133.893014448 24900.90329460315 543352293540.8958 3563
0.614896 1637123.824783288 8952.037485946894 157210504487.7724 2448
0.628263 892868.027780998 5427.211667435774 82089992312.76169 1868
0.64163 605109.6374370327 3680.751942705335 53298189054.58347 1358
0.654998 363334.4578577809 2319.565093730105 30701450674.71178 1062
0.668365 367726.8798786479 1663.124635652212 29881904017.04525 776
0.681732 116884.8337349033 2380.134924171579 9144680365.824511 432
0.6951 207180.1347664978 1628.436240163238 15536450195.71708 200
0.708467 466709.1698261983 638.1577970507658 33627132244.63626 168
0.721834 352619.465368296 173.2232346063821 24516937266.65255 56
0.735202 367356.771429929 642.8699209332258 24640031921.57519 7


0.0133673 2.356573805900918e+17 2368165882790.907 6.623762019572967e+25 18
0.0267346 5.644011106893581e+17 751173546479102.4 3.44781783033851e+25 62
0.0401019 9.446758581510394e+16 2793661964046078 2.725089470283669e+24 98
0.0534692 1.399565083823221e+18 810534981573799 1.910717002085211e+25 210
0.0668365 3.709563538541276e+17 1673280684031913 3.275027243343714e+24 350
0.0802038 3.439284840554095e+17 484013475965891 2.094414506109807e+24 450
0.0935711 1.843322362235071e+17 253719876418988.9 8.159094167294598e+23 602
0.106938 6.675917203143283e+16 119913372572197.9 2.246038978369916e+23 762
0.120306 1.945210127080828e+16 57490568152953.38 5.18899775159279e+22 1142
0.133673 8549560816512264 18862239990653.59 1.851190893055304e+22 1250
0.14704 2678160152867346 8243115195946.572 4.775075205041781e+21 1458
0.160408 1137013614340020 3390718389511.805 1.697642026862463e+21 1814
0.173775 498766539185370.1 1043666101171.852 6.348712575752944e+20 2178
0.187142 196902863339987.3 427456362419.979 2.161705427648491e+20 2498
0.20051 77834742758025.3 182799327326.963 7.423045107987058e+19 2622
0.213877 29219721028690.84 78187314267.46307 2.447158734864389e+19 3338
0.227244 12065966959880.56 32797510610.91478 8.964843157966124e+18 3722
0.240611 5692837665361.657 13477494569.5567 3.77625564291911e+18 4170
0.253979 2243764851163.753 7392139257.961923 1.334588510304644e+18 4358
0.267346 1045391152334.836 3591552324.121183 5.605986466062664e+17 5034
0.280713 534853226478.9739 1836691624.07262 2.602961477060952e+17 5714
0.294081 343795991378.9742 887365477.7183472 1.524451026334748e+17 5982
0.307448 196307769237.0436 482213157.9345358 7.958310909127114e+16 6602
0.320815 100589921436.9862 350841814.4251956 3.743296954943843e+16 7130
0.334182 65694416619.4374 207149273.1582578 2.253401808157518e+16 8034
0.34755 42198559692.74342 141014906.6479327 1.338917969691723e+16 8606
0.360917 29114970248.1889 93040015.67279151 8565668619992708 9066
0.374284 22443025572.02739 68692749.64939791 6138896583108041 9962
0.387652 17142775415.72906 62934860.11195064 4371600307166336 10550
0.401019 11859434017.99999 50046829.08044758 2825487252968834 11226
0.414386 12603887639.82464 44717205.90387897 2811644430702006 12146
0.427754 9388809805.377476 26943815.0023651 1964604900324172 12303
0.441121 3936426650.010687 12223357.81824488 774301369537550.5 12584
0.454488 1079097409.064651 4402266.89000464 200023959099106.7 12120
0.467856 466318307.0268987 1798938.639344648 81561837616817.38 11180
0.481223 171515862.1646307 803692.7927249353 28354227329253.37 11096
0.49459 92686843.30077878 419817.9570460113 14506881932945.36 10056
0.507957 57957530.07854825 252811.9787726681 8599807497271.722 9716
0.521325 34916369.19775824 171667.5096043275 4918174892264.243 8604
0.534692 27803500.98063277 111923.0296687278 3721988433372.784 8060
0.548059 16137666.27483579 89473.16721736285 2056375544989.283 7320
0.561427 10736778.6310949 68618.60845928719 1304305527653.104 6356
0.574794 12627766.27084295 50257.51286024139 1463146777606.568 5348
0.588161 8402492.690308377 27319.014787501 929452941289.5836 4308
0.601529 5783021.724699136 19406.54066191793 611613734142.8074 3563
0.614896 1513277.506995444 8305.87139959359 153229888073.2042 2448
0.628263 913981.8814123352 4551.837500510024 88604173877.15219 1868
0.64163 584978.3024622363 3241.863757602946 54329726537.02298 1358
0.654998 373777.1537526109 1923.548484927084 33302591176.5364 1062
0.668365 245999.7359411224 2088.588449553455 21080315038.80445 776
0.681732 357887.6040253403 673.2532418044138 29514007578.89373 432
0.6951 245931.5701454676 1178.381936726368 19445407196.47509 200
0.708467 101363.5943590734 2634.890151726412 7704524233.192994 168
0.721834 26633.40361936701 2000.869634214705 1955182234.702961 56
0.735202 99295.76898035454 2062.815602131285 7025038971.119257 7


0.0133673 4.535144358466357e+16 315364964131167.8 1.635032094066993e+25 18
0.0267346 7.622691607215264e+16 1482916384617870 5.847413872811201e+24 62
0.0401019 1.311594987700945e+18 355472991614532.9 3.451521472698088e+25 98
0.0534692 7.750217300173604e+17 1744307603998501 1.119003650039353e+25 210
0.0668365 7.735100621237225e+17 742800776437737.5 7.132738357660878e+24 350
0.0802038 1.624531818591909e+17 737015444447259.1 1.045274280405758e+24 450
0.0935711 1.415311332516219e+17 295592505360455.9 6.593859287387584e+23 602
0.106938 6.133247330172494e+16 114056272024085.9 2.17034210560478e+23 762
0.120306 2.568398863420299e+16 37954893516774.96 7.1989858280229e+22 1142
0.133673 8532614977307174 16374736070138.52 1.942761822413693e+22 1250
0.14704 3595900022225950 5298873426537.103 6.738147766020598e+21 1458
0.160408 1416523074354544 2350999835297.14 2.223212383612186e+21 1814
0.173775 416882791298809.2 1077428703488.913 5.581525712050728e+20 2178
0.187142 158829154692695 454656134657.8492 1.83415903631086e+20 2498
0.20051 69004025186248.77 177276171278.684 6.921259546457484e+19 2622
0.213877 28884309780602.38 67968313924.86198 2.54388100909422e+19 3338
0.227244 11497794343029.72 29637706561.05454 8.98380476541049e+18 3722
0.240611 4425823848611.877 14822800116.72363 3.087960480635525e+18 4170
0.253979 2274702292753.313 6332889808.857656 1.42277668728877e+18 4358
0.267346 1102343700238.302 2970962379.602936 6.216146622535601e+17 5034
0.280713 586358918597.8228 1443474712.606914 3.000670910170285e+17 5714
0.294081 322794099265.194 809823418.412082 1.505239475882592e+17 5982
0.307448 156077623303.7722 524661598.2375847 6.654787971143537e+16 6602
0.320815 93632022856.22504 324918921.4280489 3.664329545784909e+16 7130
0.334182 62362018507.02531 187484740.5751477 2.249544807328698e+16 8034
0.34755 41517474739.10848 123304738.238027 1.385300179583329e+16 8606
0.360917 26125377111.01577 88928719.93897268 8083194492558660 9066
0.374284 20360295069.76492 65203771.35742239 5856868425836962 9962
0.387652 18444978838.33947 50206936.42032409 4946288589394455 10550
0.401019 11031639127.40129 46174216.3332535 2763995401679028 11226
0.414386 10803827830.49435 44231864.04796766 2534630084941062 12146
0.427754 7767254478.802293 28040170.62082045 1709290705052495 12303
0.441121 3796155968.932277 10855801.10956822 785259520216400.5 12584
0.454488 1083401899.354156 3784943.908124196 211186569143426 12120
0.467856 447050036.4510264 1613261.638870388 82228560882205.89 11180
0.481223 162628031.6847038 729115.8188186636 28273043429903.58 11096
0.49459 87551891.59194095 382437.3848316852 14410718977418.89 10056
0.507957 54425211.33342948 231500.3863206558 8492660334046.465 9716
0.521325 33393874.14969421 154602.9036589556 4946568238314.224 8604
0.534692 25442135.41679506 105414.9758723637 3581761876711.73 8060
0.548059 14978383.75815431 82563.34456223181 2007210957611.557 7320
0.561427 12242560.9794807 53067.97074222884 1563929467729.853 6356
0.574794 11985244.97949251 45598.79825392349 1460398492807.215 5348
0.588161 7434062.351589207 27226.30598314971 864799108270.572 4308
0.601529 5280019.795398298 18364.73584583155 587251424252.4633 3563
0.614896 1477585.377711002 7357.623178174584 157339455651.7489 2448
0.628263 840612.644166742 4234.144122120726 85699537754.10487 1868
0.64163 526211.5110509148 3104.626715455041 51395771057.15834 1358
0.654998 296270.5492061217 2064.676953310013 27761127277.92119 1062
0.668365 349464.7585032636 1239.532388144893 31489488802.10834 776
0.681732 119706.1631733241 1876.972830764032 10384525741.08602 432
0.6951 167693.277470429 1441.837446987641 13944946305.25406 200
0.708467 363890.7776025698 820.4250979901644 29074181521.19431 168
0.721834 325085.2023484547 71.444343213387 25063375536.79971 56
0.735202 362238.3619056242 318.1956087983913 26941786688.65433 7


0.0133673 7.031246919335246e+16 237673543800607.8 2.431874161001195e+25 18
0.0267346 7.679921646072663e+17 123356265335125 5.12167254556009e+25 62
0.0401019 6.811430442829162e+17 1344496803051132 1.899203911456413e+25 98
0.0534692 4.985833109912533e+17 1998637330072648 7.602076822094447e+24 210
0.0668365 5.201054100745747e+17 1080828106601222 5.044615643673565e+24 350
0.0802038 3.744046380342e+17 264808527881260.7 2.513615488947568e+24 450
0.0935711 1.227212900589135e+17 288708462286060.1 6.001030826765361e+23 602
0.106938 4.974939946415797e+16 119366123884392.4 1.847988253814887e+23 762
0.120306 1.856631925817256e+16 46074001163609.74 5.46366729933209e+22 1142
0.133673 7133785199644893 16807279594397.45 1.704555107414004e+22 1250
0.14704 2246028282622085 7244388765339.856 4.419167630545368e+21 1458
0.160408 978494469327607.1 2926597169138.782 1.612052897203173e+21 1814
0.173775 440384256801570.4 879545073898.2338 6.184773219547206e+20 2178
0.187142 184569813241747.2 335279337050.1176 2.235493324886054e+20 2498
0.20051 67841179400451.95 156277810985.9645 7.138504947952385e+19 2622
0.213877 25470585759147.55 66806379030.93436 2.353581355742742e+19 3338
0.227244 10891921843076.65 27120395404.43014 8.928353449356398e+18 3722
0.240611 4994509449479.835 11495353182.08797 3.655276506032975e+18 4170
0.253979 2330082970045.816 5313332675.808809 1.528888012349868e+18 4358
0.267346 1055109385301.837 2675144754.092914 6.241902660902719e+17 5034
0.280713 517914674344.0063 1418266152.561399 2.780687252283644e+17 5714
0.294081 248882064340.0724 901462074.697245 1.217736112947317e+17 5982
0.307448 138406328825.9242 509046757.7625219 6.191387827020597e+16 6602
0.320815 96393028509.9097 274104993.9809232 3.95741969209145e+16 7130
0.334182 57342832259.88417 176542440.5883832 2.17009285455471e+16 8034
0.34755 38303496986.92683 115729333.9116223 1.340832457555099e+16 8606
0.360917 25505610375.57248 79221658.79703566 8278800718667095 9066
0.374284 17525553836.62073 64988437.07213653 5289196888451290 9962
0.387652 17775212454.352 44900917.84869295 5000690603589334 10550
0.401019 12308545487.56938 36457628.11830718 3235127393289394 11226
0.414386 10909972317.2859 38416581.6449279 2685136110474658 12146
0.427754 6720617312.98284 27738746.01515911 1551635480596128 12303
0.441121 3352458275.505945 10698752.02648788 727543100484983 12584
0.454488 1068927506.199547 3310308.768465555 218592595539389.7 12120
0.467856 430706503.7189294 1448239.952108527 83111638784859.53 11180
0.481223 154916508.7004558 663612.4623721546 28254681620955.54 11096
0.49459 82069418.67141868 353416.3983554508 14171616232635.65 10056
0.507957 51386261.91292259 212358.916750131 8412155429540.19 9716
0.521325 32326511.17160177 138391.0264216873 5023531562071.108 8604
0.534692 23088664.83669689 100642.6432181195 3410071902424.515 8060
0.548059 14912682.05219677 72260.58748046734 2096490970629.323 7320
0.561427 13035075.73936492 42228.35728771282 1746871697101.322 6356
0.574794 10867174.56090099 43786.08701467273 1389189905491.074 5348
0.588161 6115875.108360411 28973.05154635768 746412183014.5123 4308
0.601529 4193609.686094647 20401.71710242073 489339848896.1346 3563
0.614896 1515736.229488535 6145.023246726195 169322864461.7447 2448
0.628263 681557.0939741181 4467.176481622746 72898668431.92366 1868
0.64163 541812.7237190284 2604.269763207712 55516544831.26122 1358
0.654998 348300.1911916261 1518.655456954222 34236837088.15359 1062
0.668365 208878.1522152352 1807.98745608342 19747976752.46872 776
0.681732 261089.6043995074 883.1307677107651 23755538056.44819 432
0.6951 257065.3703944576 767.7735902029198 22423921105.50406 200
0.708467 235310.3369270818 1383.26615379879 19725372291.01281 168
0.721834 18248.01090351246 1705.235231316109 1478660241.286018 56
0.735202 4469.681719458534 2203.431692467318 352011810.0725358 7


0.0133673 1.85836326160603e+17 9932055314566.547 6.066341659973315e+25 18
0.0267346 3.297147958175924e+17 829033491505675.5 2.366050987427407e+25 62
0.0401019 2.057138881837053e+17 2006619354715700 6.289322149692e+24 98
0.0534692 1.170779524323847e+18 587112328747585.4 1.846709865448313e+25 210
0.0668365 3.956294237384908e+17 1160253747525628 4.02606686650079e+24 350
0.0802038 1.737886183250482e+17 583899785752974.9 1.226627259975975e+24 450
0.0935711 1.499330218481305e+17 204272019916005.2 7.667008157665489e+23 602
0.106938 5.783925283831518e+16 89658255710682.23 2.24756919494184e+23 762
0.120306 1.954186430985009e+16 38495269072154.73 6.018321151065528e+22 1142
0.133673 7623379429756841 13772681678949.79 1.90632904408759e+22 1250
0.14704 3183865011838275 4484228776055.654 6.552337308250702e+21 1458
0.160408 1255316323572652 1993578605425.711 2.16379400345758e+21 1814
0.173775 364168307362740.6 930336490626.3314 5.355022689043314e+20 2178
0.187142 132277331102592.5 407273881231.6843 1.677807754553759e+20 2498
0.20051 61281225469961.98 150740181543.6351 6.750539681434423e+19 2622
0.213877 24959149833946.39 59448008149.81038 2.414204694984618e+19 3338
0.227244 9793639133322.055 26213538007.46098 8.40434274284862e+18 3722
0.240611 4436516356144.769 11269360324.4101 3.399091469027049e+18 4170
0.253979 1824231443033.676 5889253518.336326 1.253213283177395e+18 4358
0.267346 885748512851.7371 2763000721.870696 5.485804274473804e+17 5034
0.280713 438705818456.7795 1451733678.560517 2.46588541900211e+17 5714
0.294081 262607852987.1798 758604559.1122438 1.344935038983414e+17 5982
0.307448 157692617141.2405 392455765.8482368 7.383423784170382e+16 6602
0.320815 92558953791.29091 247504499.2870815 3.977842299468645e+16 7130
0.334182 53249397704.90396 166032464.8471345 2.109529180688491e+16 8034
0.34755 34039345769.88088 113037256.7784785 1.247378155928529e+16 8606
0.360917 24864326288.39487 71009642.54406697 8448285448804206 9066
0.374284 17074972380.83518 58350655.9040277 5394332946216527 9962
0.387652 14131715991.64766 49519958.32344936 4162053792050526 10550
0.401019 12790239964.34039 30019549.48264819 3518952181430482 11226
0.414386 11792176086.13957 30881261.27505456 3037947570897623 12146
0.427754 6959868856.487296 23769275.83403243 1682022556989739 12303
0.441121 2837804914.655275 10934734.68701603 644704490310671.4 12584
0.454488 997238333.3336604 3090655.856157348 213477904497470 12120
0.467856 410400296.0262166 1323302.280116375 82899493613494.25 11180
0.481223 148121101.8734363 605931.1134242531 28279588728436.83 11096
0.49459 76843275.59467438 328838.1165119287 13890262760780.29 10056
0.507957 48752091.49558125 195097.7815521941 8354450207454.587 9716
0.521325 31213922.82581076 124836.9237919835 5077623052691.798 8604
0.534692 21108239.07551689 95823.948678666 3263518979260.003 8060
0.548059 14799744.45008109 63644.71962108789 2177958790963.98 7320
0.561427 12726738.8097271 37280.61330207105 1785358183093.176 6356
0.574794 9804596.102574417 42352.33396988145 1312032276137.854 5348
0.588161 5227961.269922205 29046.94685345353 667927822158.8267 4308
0.601529 3356874.392622989 21485.67945892202 410056197525.434 3563
0.614896 1388677.58505943 5869.908577652549 162390593673.7565 2448
0.628263 735974.7842246653 3655.015657029391 82400191916.72202 1868
0.64163 485973.2565440228 2537.358360496725 52126169301.87146 1358
0.654998 286771.6606440634 1634.750253110386 29509094685.68897 1062
0.668365 269543.7181757519 1271.649606080335 26673811053.11782 776
0.681732 232629.3303298097 903.4422320933579 22156904592.99969 432
0.6951 129706.4417432385 1331.425740558467 11845791405.4656 200
0.708467 102767.0745061159 1915.98417846589 9020348067.450279 168
0.721834 212809.6872674574 486.8829651397962 18018996276.32569 56
0.735202 345367.4193616948 147.0541127811963 28209033971.85866 7


0.0133673 1.993183000583203e+16 286268447961887 1.028969177736583e+25 18
0.0267346 1.32699537800873e+17 1076820341252892 1.063738859054918e+25 62
0.0401019 1.162678755237502e+18 125836047228369.5 3.509895996294644e+25 98
0.0534692 4.434020173542276e+17 1755590223353780 7.40293109104549e+24 210
0.0668365 6.471617983051958e+17 579681437345444.6 6.84936538430093e+24 350
0.0802038 2.170949184261523e+17 437067160860294.6 1.59775301088861e+24 450
0.0935711 1.005559517784684e+17 266749991101481.3 5.381209865599146e+23 602
0.106938 4.346680152739165e+16 104946120110384.2 1.766237894764071e+23 762
0.120306 1.974613020334336e+16 33308720443229.73 6.352288050468847e+22 1142
0.133673 6262198693951405 14666789360602.8 1.636607311842951e+22 1250
0.14704 2011929207608617 6228700155670.293 4.329556456651275e+21 1458
0.160408 851271796244444.2 2564592671933.165 1.533952914919223e+21 1814
0.173775 388425322170833.2 762741675022.1913 5.966096366816347e+20 2178
0.187142 166529075180551.4 282424226428.7855 2.205843117485802e+20 2498
0.20051 59292040001569.56 136782396212.6284 6.823391238878704e+19 2622
0.213877 23294768713294.66 55875231592.89275 2.354038447321221e+19 3338
0.227244 9944886991644.51 22676168466.04342 8.915194886126806e+18 3722
0.240611 3891334765535.222 11290555190.11624 3.114981359285774e+18 4170
0.253979 1998872633663.576 4768330500.989046 1.434412715421506e+18 4358
0.267346 942487306292.1279 2296367662.357076 6.097681836344252e+17 5034
0.280713 476938536870.6215 1179747647.249867 2.800371682643821e+17 5714
0.294081 272502699775.3778 634769311.3657695 1.457929167735099e+17 5982
0.307448 145947880013.0926 371193527.7723812 7.139185649042662e+16 6602
0.320815 81629707301.99806 247193893.4616176 3.665179950832659e+16 7130
0.334182 50416467395.21909 153811725.634353 2.086612491866128e+16 8034
0.34755 33625880506.21088 100634363.4104343 1.287296716714412e+16 8606
0.360917 21757911908.95631 71015473.87258507 7723680286723737 9066
0.374284 18299879220.67601 47677570.61268017 6039463281671778 9962
0.387652 12347614043.76623 49033768.69340543 3799363320359614 10550
0.401019 10389717952.70338 32964433.23489043 2986493777341932 11226
0.414386 10792782737.5207 29644883.01517663 2904836789071502 12146
0.427754 7349324750.158966 19639210.98980059 1855485111431967 12303
0.441121 2663976659.408528 10227670.90856682 632276813149794.6 12584
0.454488 877027965.8282344 3079966.288026286 196144062659958.4 12120
0.467856 380807919.3625813 1251579.257911059 80361776465798.92 11180
0.481223 142292467.403021 553960.9062893193 28381309513992.71 11096
0.49459 72191745.6881505 306653.474812714 13632952833653.72 10056
0.507957 46350839.20600313 179912.8634071585 8298086218627.685 9716
0.521325 29885047.80913179 114266.8364783362 5078795104074.785 8604
0.534692 19568356.52803839 90495.57181349014 3160733829985.184 8060
0.548059 14381888.90058813 57466.71772789925 2211078052618.038 7320
0.561427 11864898.59164096 35391.61827126041 1738879990929.363 6356
0.574794 8953253.086123019 40592.8088428544 1251688127884.897 5348
0.588161 4738822.439810171 27737.24253530866 632513376373.5585 4308
0.601529 3042175.032443034 20414.50543582209 388235212313.3301 3563
0.614896 1197224.020670879 5973.684441451187 146265362279.5221 2448
0.628263 768135.0121286067 3044.583206960969 89843693631.88097 1868
0.64163 435579.6285385961 2473.111040832803 48810532892.24476 1358
0.654998 270454.821629077 1513.178779939179 29074380986.63037 1062
0.668365 277996.7537674312 1067.917383635082 28739724881.9252 776
0.681732 101859.834393109 1456.161640811982 10138000462.03543 432
0.6951 189639.3254824409 871.6343690360709 18091425683.78527 200
0.708467 377718.5999693011 283.7367491103256 34623046059.0189 168
0.721834 213970.5705457741 395.9878664019639 18927102591.11371 56
0.735202 170571.4191971361 987.6732698871604 14556452938.03047 7


0.0133673 7.953823605023723e+16 156257657670367.1 3.041179820703094e+25 18
0.0267346 6.600342624157377e+17 52182755699335.3 5.022589645998303e+25 62
0.0401019 3.436123712380307e+17 1491531756676324 1.111824631921332e+25 98
0.0534692 5.975003484534239e+17 1295014967732908 1.033934941858523e+25 210
0.0668365 3.346682794129603e+17 1054786004460009 3.71501237464097e+24 350
0.0802038 2.788249209909922e+17 275578508295370 2.136486454006727e+24 450
0.0935711 1.204592300959574e+17 200064118669055.2 6.714837933894053e+23 602
0.106938 4.818737885880988e+16 83692646484305.5 2.040734066239539e+23 762
0.120306 1.418833959666052e+16 39799079820262.2 4.764321585947567e+22 1142
0.133673 6624709766061670 12255817174027.54 1.80502482384275e+22 1250
0.14704 2703915830609072 4147114132129.403 6.063174460159132e+21 1458
0.160408 1117695938860902 1726632264797.903 2.098988986315102e+21 1814
0.173775 324037369329009.4 808827555575.3219 5.191392223040464e+20 2178
0.187142 116291745181655.8 357243101995.8763 1.607103123167824e+20 2498
0.20051 55096939870489.34 129704865090.5491 6.612292455297374e+19 2622
0.213877 21436109528191.55 53536908009.71091 2.25904552132271e+19 3338
0.227244 8531922716008.521 23242823934.25437 7.976862642401752e+18 3722
0.240611 4194902998541.242 9192877359.851173 3.501297061059012e+18 4170
0.253979 1828279027816.844 4585853653.775556 1.368201489795514e+18 4358
0.267346 833485700157.9625 2283420800.248641 5.623630955673341e+17 5034
0.280713 432573136744.5286 1144284819.960546 2.64868925191821e+17 5714
0.294081 215754536474.7905 704450782.9210944 1.203887830655731e+17 5982
0.307448 117461084200.6671 404809735.7864488 5.992372290419397e+16 6602
0.320815 75215950678.99838 236847778.6924338 3.521834788004606e+16 7130
0.334182 48696911500.97371 139993205.5130435 2.101688586736326e+16 8034
0.34755 33634421652.65152 88643158.51013222 1.342699929788276e+16 8606
0.360917 20192025493.11192 67223278.81902342 7474707832768026 9066
0.374284 16651797442.70363 46329463.64664448 5730877243574192 9962
0.387652 14391258801.9868 37769291.44362179 4617279933697385 10550
0.401019 8424834867.960182 34959710.77518359 2525534228911430 11226
0.414386 8789584109.121841 31863537.35047053 2467090393797728 12146
0.427754 6688506309.305968 19009590.46869061 1760946613140674 12303
0.441121 2811820050.172631 8630338.671324933 695901199632317.6 12584
0.454488 780255288.8780377 3032752.137201581 181974373380226.5 12120
0.467856 344577849.813086 1219422.330742089 75829628080620.02 11180
0.481223 137079767.8205777 507497.2948502316 28511640917799.94 11096
0.49459 68447108.36818898 285134.4803830453 13479021334187.45 10056
0.507957 44019227.48284401 167010.891882557 8217942478650.397 9716
0.521325 28409814.50197854 105998.564615571 5034718857228.236 8604
0.534692 18403045.03719987 84785.74985411292 3099739363941.702 8060
0.548059 13784965.58035596 52881.65187968423 2210002315770.556 7320
0.561427 10970666.90848957 34129.06602579001 1676646140072.48 6356
0.574794 8316482.508891934 38451.54321185315 1212433557819.594 5348
0.588161 4448224.293423661 25937.70502864213 619138641155.2604 4308
0.601529 2976656.48774034 18523.60828655881 396127713827.3497 3563
0.614896 1078137.069679979 5793.332527918111 137355685357.5708 2448
0.628263 679576.1454580771 3078.777538198212 82888861172.60423 1868
0.64163 444092.516700536 2145.670813766706 51893214113.46268 1358
0.654998 285818.9719894392 1255.970669127692 32040106081.41137 1062
0.668365 198297.8215051606 1325.57584356981 21379297741.1831 776
0.681732 212619.3712319563 752.3963910641437 22061774838.28635 432
0.6951 214872.6897228335 632.8108082151865 21375126583.7729 200
0.708467 188235.7060801938 1156.998713098923 17995019466.10738 168
0.721834 11130.71401473986 1362.55527961735 1029498665.736456 56
0.735202 14341.36958329387 1675.73492778809 1279331585.647743 7


