0.04 1.055802129031047e-05 4.28689877238333e-07 1.340183910289275 18
0.08 6.290177163186513e-05 3.289503287015359e-06 2.442101029188049 62
0.12 0.0003020017871483637 1.036446495565987e-05 5.140313016525567 98
0.16 0.0005884932698925724 3.161034417942413e-05 5.596122304758398 210
0.2 0.0008466447190370459 6.160714823494176e-05 5.234425308213951 350
0.24 0.001291304307203534 0.0001118870444513324 5.579733125408393 450
0.28 0.001745811868220551 0.0001988508646973607 5.506271907446804 602
0.32 0.002205495853925883 0.0003193128066583527 5.300088744745804 762
0.36 0.003232668768341464 0.0005058541714584368 6.166556877305908 1142
0.4 0.003720697512593257 0.0007042873949774961 5.773385878573871 1250
0.44 0.005134144136261186 0.0009854612053575972 6.562597227320136 1458
0.48 0.005770479426644977 0.001478551117127753 6.183844824278163 1814
0.52 0.006752989307333717 0.002060326403948697 6.175841918615415 2178
0.56 0.007875587780699156 0.002656176130533519 6.21492573263389 2498
0.6 0.008892336489259399 0.003403415660385213 6.097886745104124 2622
0.64 0.01016904940351471 0.004311323537178926 6.121166428980624 3191
0.68 0.01118757278065361 0.005335661917971328 5.971814008959137 3044
0.72 0.01323749084289352 0.00663935527681162 6.308665124765449 2736
0.76 0.01430674254253577 0.008430352662233447 6.113049934007046 2276
0.8 0.01609732443876081 0.01016535814325306 6.201890747136625 2016
0.84 0.01791933546895903 0.01277083416227204 6.266222980542414 1640
0.88 0.01822424540749833 0.01419599589679906 5.805781989555718 1056
0.92 0.02091875222303217 0.01574372601235374 6.093998898833367 683
0.96 0.02466220337112565 0.01834709956847388 6.607126044332302 350
1 0.02470277609839831 0.0168726836426901 6.10575088416302 192
1.04 0.03461164659570416 0.02144798843665921 7.886942708359939 44
1.08 0.03511176368805506 0.02077106648325206 7.364689374366013 25


0.04 6.461850021675188e-08 3.544839626503628e-07 33.86439427789696 18
0.08 3.406530930911197e-06 1.893672644593321e-06 18.70686829911467 62
0.12 8.046582357859062e-05 7.02332034562759e-06 55.62834837129142 98
0.16 0.0003814612549627252 6.558757483134234e-06 116.8615700042648 210
0.2 0.0008312505666168946 1.488846439152751e-06 158.0822203250373 350
0.24 0.001035403854649997 1.78645994227106e-06 136.2773473375362 450
0.28 0.0006343724414689551 1.181327338752357e-05 61.19601773424212 602
0.32 0.0001035614824754181 2.196877565149236e-05 8.23139335281814 762
0.36 0.0002677137568164719 2.216522900006035e-05 15.84875818189699 1142
0.4 0.001042224090744163 8.995444350515258e-06 48.73118400595645 1250
0.44 0.001497464759595548 3.477469008417818e-06 57.50098329475287 1458
0.48 0.001080671089105497 1.575865575391966e-05 34.8284658855677 1814
0.52 0.0006668943520327683 2.867811118443652e-05 18.41030126104149 2178
0.56 0.0006321406480102555 3.318274320005385e-05 15.05827886297401 2498
0.6 0.001030184379891911 2.498365456732778e-05 21.21635874693783 2622
0.64 0.001301648096174463 2.205502193814863e-05 23.49312901795862 3191
0.68 0.001469323213687961 2.213027391099269e-05 23.49821615148173 3044
0.72 0.001323208293905084 2.81063912534887e-05 18.89716558210829 2736
0.76 0.0009116811807089177 4.68222808748348e-05 11.69597210924416 2276
0.8 0.0007826845282599259 5.166852021681093e-05 9.059596422667472 2016
0.84 0.001334904834005057 4.336896415439468e-05 13.98349297214624 1640
0.88 0.001892442965115915 2.739678971343535e-05 18.03341419207049 1056
0.92 0.002275346105397338 2.822048711855546e-05 19.82259076346072 683
0.96 0.001350237404644664 5.705675607652055e-05 10.83389216030915 350
1 0.0006393535757581765 7.828458699851529e-05 4.75023062361363 192
1.04 0.0004130603964708907 9.895783940331845e-05 2.843096589116612 44
1.08 0.0001396134681585127 0.000178177213560993 0.921662939882484 25


0.04 3.553332094965266e-07 1.206741897787078e-07 45.45841930732201 18
0.08 9.144997971157494e-06 5.490731131584944e-07 40.5581786526698 62
0.12 9.233316437349952e-05 1.514918569508009e-06 111.2590784334637 98
0.16 0.0002553532528865174 5.833308617999892e-07 152.3587977986705 210
0.2 0.0003139506070593226 6.686771549729513e-07 118.6896496494064 350
0.24 0.000144558902115203 4.811838820503587e-06 39.48008178626128 450
0.28 2.198593466264906e-05 7.517001165685129e-06 5.787456184033793 602
0.32 0.0002336544868775396 3.782169741297103e-06 33.94851147370853 762
0.36 0.0004882368237293482 9.363744583403408e-07 55.38234658184469 1142
0.4 0.0002749718065327815 6.061818818321118e-06 25.58720562865077 1250
0.44 9.841851785851787e-05 1.028274641413082e-05 7.813487829419073 1458
0.48 0.0003352832614508737 6.281880696299881e-06 21.3906303912952 1814
0.52 0.0004662370981879801 5.137147889471114e-06 25.26004223949993 2178
0.56 0.0003995835431443866 8.184527476031388e-06 18.70820243674969 2498
0.6 0.0003508380805483863 9.660294628402e-06 14.28196231856433 2622
0.64 0.0004653057920932862 8.521904879190719e-06 16.57004929995797 3191
0.68 0.0005251355136813456 8.495486409636223e-06 16.560280490553 3044
0.72 0.0005468920347147906 8.45116583216486e-06 15.38633463272009 2736
0.76 0.0005132171283020304 1.181538046682394e-05 12.95222973022542 2276
0.8 0.0004453831070842074 1.398701435638093e-05 10.14222833286571 2016
0.84 0.0006258508267613126 1.252225557880519e-05 12.90701257851178 1640
0.88 0.0006688474163668953 1.177820395481418e-05 12.55711909872402 1056
0.92 0.0004634789620287105 2.024895796010585e-05 7.978063868050128 683
0.96 0.0001708808727720882 2.653909077851709e-05 2.734840597907879 350
1 0.0003482747436754804 2.157421480796515e-05 5.092163914001501 192
1.04 0.0006314827831362286 1.878375978185771e-05 8.485534728031839 44
1.08 0.001509022614391333 1.882470031674984e-05 18.63202849991079 25


0.04 8.474656139875787e-07 5.525643499988555e-08 57.96050345392835 18
0.08 1.116375855826145e-05 2.014148207846211e-07 59.85685787705869 62
0.12 8.122529728949533e-05 3.47503125424278e-07 141.2653282374101 98
0.16 0.0001578968917029297 8.207899832131613e-08 141.5826120343169 210
0.2 0.0001091838825032563 1.458427532849741e-06 64.41893825048508 350
0.24 1.115785703800054e-05 3.704645681802107e-06 7.609156292891133 450
0.28 0.0001017408838769226 2.479595730397318e-06 29.98401219249702 602
0.32 0.0002355476993863636 3.121482603717818e-07 50.56376669711144 762
0.36 0.0001330717957183228 3.038915108936321e-06 23.08184634266008 1142
0.4 5.846633313290859e-05 4.80787344321113e-06 8.598085532173183 1250
0.44 0.000224863412764367 2.356357161892554e-06 25.60738681749882 1458
0.48 0.0002409622217657841 2.566185252140549e-06 22.93716436154416 1814
0.52 0.0001778801881193583 4.397888454228561e-06 14.52159059498815 2178
0.56 0.0002330514978738213 4.132633158573343e-06 16.32456723885717 2498
0.6 0.0002844870141376859 3.524273385310389e-06 17.25116301001842 2622
0.64 0.0002395952509746283 5.078808751971133e-06 12.77645506905886 3191
0.68 0.0002384607863742646 5.72430912591445e-06 11.27037769806629 3044
0.72 0.000247149851557621 5.683428138461836e-06 10.41469784060227 2736
0.76 0.0003007434751158874 5.939636196610874e-06 11.34096393219476 2276
0.8 0.0003336538649626028 5.814883337528444e-06 11.33104661542174 2016
0.84 0.000380343983325385 6.186326821457949e-06 11.71331333723984 1640
0.88 0.0004403642528278803 4.929546102308888e-06 12.337104607757 1056
0.92 0.000494904612701053 5.571198308566964e-06 12.67545839939834 683
0.96 0.0002276246719303147 1.118470333905969e-05 5.39092698672254 350
1 9.042937840832181e-05 1.387870247817956e-05 2.003384894080062 192
1.04 0.0001055564116156811 1.568961216980674e-05 2.151788571847324 44
1.08 0.000303254836607121 2.261585888418833e-05 5.632461758213991 25


0.04 1.16861907609851e-06 2.597730244771875e-08 68.94572023128781 18
0.08 1.124725143267923e-05 6.769062783120525e-08 73.3008897006498 62
0.12 6.495626326165613e-05 4.112782557084431e-08 149.1681017815837 98
0.16 9.111229050713173e-05 2.682277939785291e-07 111.749382890846 210
0.2 2.992252390013165e-05 1.627906004106419e-06 27.85057537834092 350
0.24 2.309519856821812e-05 2.109076187998688e-06 15.34648621784019 450
0.28 0.0001332092480813988 4.999485647007991e-07 50.74651249672377 602
0.32 0.0001188789782819889 8.53979964026434e-07 34.41103972984834 762
0.36 2.692047488718321e-05 2.967181201087835e-06 7.012946339419753 1142
0.4 0.0001268662028411959 1.537510192510018e-06 23.55660813526434 1250
0.44 0.0001780535633341767 1.06361481946312e-06 26.95797735119574 1458
0.48 9.136355710486887e-05 2.854978804209853e-06 11.79477255944727 1814
0.52 0.0001393636927232676 2.396333174084506e-06 15.13430901578786 2178
0.56 0.0001654767269200488 2.47236368591625e-06 15.44339576629477 2498
0.6 0.000119927225324803 3.517648383775608e-06 9.778270383850215 2622
0.64 0.000151899256786789 3.344514971879369e-06 10.80973652226413 3191
0.68 0.0001878749865276343 3.099895915644823e-06 11.80869171106836 3044
0.72 0.0001920298004869479 3.132817862781728e-06 10.76310815983563 2736
0.76 0.0002145420594328923 3.552367060616728e-06 10.76970516551972 2276
0.8 0.0001936857651328237 4.237981438429879e-06 8.773086065195276 2016
0.84 0.0001926229447646219 5.168276158151676e-06 7.921651922695272 1640
0.88 0.0001493976267937263 6.061835089961132e-06 5.61068405494269 1056
0.92 0.0002387945417240714 5.299615909025379e-06 8.160575625288827 683
0.96 0.0004090445343497707 1.7219384041012e-06 12.8025621357007 350
1 0.0003786562221872806 2.300421239193513e-06 10.93643083401835 192
1.04 0.0003443180366270005 4.461324446660486e-06 9.178568236454192 44
1.08 0.0003370691619175997 1.196824556764634e-05 8.297795928290444 25


0.04 1.313258454591145e-06 1.095024999699834e-08 77.24760716708668 18
0.08 1.017760373037953e-05 1.508775704543735e-08 79.81608966274247 62
0.12 4.793172083296005e-05 1.386412822394905e-08 139.5900992021479 98
0.16 4.707419486561679e-05 4.983876680614245e-07 77.43424108460759 210
0.2 6.165451798758108e-06 1.408429114112976e-06 12.78616463659804 350
0.24 5.026752764868204e-05 9.4093435944798e-07 35.24541576882405 450
0.28 0.0001088969898904392 1.582842768035685e-07 51.7628462991434 602
0.32 3.772479419237185e-05 1.420846216316055e-06 14.60857818931489 762
0.36 4.453899799206405e-05 1.664441632323993e-06 13.41046454262923 1142
0.4 0.0001257264266590367 5.315742485733823e-07 28.97153737081328 1250
0.44 7.498130644101816e-05 1.700886344207139e-06 14.48656979492805 1458
0.48 7.911238393722547e-05 1.77780560954834e-06 12.73469543126251 1814
0.52 0.0001064349528069161 1.613278084905575e-06 14.45938620530867 2178
0.56 8.984038686895829e-05 2.293649625518327e-06 10.57800668507142 2498
0.6 0.0001070968012975357 2.115921614528868e-06 10.88299622722796 2622
0.64 0.0001353913901553083 1.926475598979064e-06 12.01140363345084 3191
0.68 0.0001294922649773835 2.334046650698344e-06 10.18917066095325 3044
0.72 0.0001235015254831195 2.512654643276565e-06 8.672245811597147 2736
0.76 0.0001284614409523759 3.015352019976273e-06 8.085263851167754 2276
0.8 0.000145233195847207 2.916372068975096e-06 8.221819821780494 2016
0.84 0.0001691224526100578 3.075528295996489e-06 8.675129546962662 1640
0.88 0.0002195784302945815 2.138728251049377e-06 10.22625369825485 1056
0.92 0.0002004509334143219 3.305200133274038e-06 8.548751208724132 683
0.96 6.653148120877632e-05 5.808522695910401e-06 2.654362415737256 350
1 8.860407075347576e-05 5.249303311687408e-06 3.235125612416513 192
1.04 0.0001701572827656775 4.609399079069787e-06 5.683280771469183 44
1.08 0.000457043333595192 3.989174274253782e-06 13.99101048786816 25


0.04 1.306679394005726e-06 3.43302027185888e-09 82.27164978421975 18
0.08 8.442617087807289e-06 1.016004420095564e-09 79.65818114202251 62
0.12 3.23063581613044e-05 8.290533497122904e-08 118.4998725930704 98
0.16 2.031109167639239e-05 6.351263221849848e-07 48.02944558893234 210
0.2 6.622189531194735e-06 1.032863820726638e-06 14.88494423127824 350
0.24 6.340716318275531e-05 3.0257339196359e-07 51.19215613979205 450
0.28 6.724884405861299e-05 3.962459497612684e-07 39.06928096554015 602
0.32 9.658184684046249e-06 1.392162502567956e-06 5.713522234006732 762
0.36 7.02302650263459e-05 6.49940327639863e-07 24.32956347298101 1142
0.4 7.712383379629873e-05 7.430357379978179e-07 21.56323511077028 1250
0.44 3.460229434072578e-05 1.668895122641261e-06 8.348283897072488 1458
0.48 8.095605354181886e-05 9.955176306991192e-07 15.52733932213963 1814
0.52 6.916001127612586e-05 1.444093955397171e-06 11.36964549143044 2178
0.56 7.811874639205861e-05 1.566386729899488e-06 11.02666054126808 2498
0.6 0.000103611064606101 1.231201904481701e-06 12.58918224557318 2622
0.64 9.59267931442942e-05 1.606941536400788e-06 10.24339930222893 3191
0.68 9.383695430794311e-05 1.861137977783281e-06 8.882844813081427 3044
0.72 9.576122505642419e-05 1.879463064021618e-06 8.077428603114344 2736
0.76 0.0001119736856686113 2.034000705303212e-06 8.447597000928695 2276
0.8 0.0001319703011847108 1.833338421510674e-06 8.949349979976317 2016
0.84 0.0001549423764161369 1.883988090344782e-06 9.520270926086596 1640
0.88 0.0001077398996318105 2.785182194380448e-06 6.055440173869836 1056
0.92 0.000104542246358202 3.397772306664485e-06 5.379745874606059 683
0.96 0.0002052434485477953 1.397217705934703e-06 9.628693336191143 350
1 0.000226448299427621 9.591537774254301e-07 9.791321060403195 192
1.04 0.0002272973174639213 1.709905179535702e-06 9.067339258283676 44
1.08 0.0002452213904990564 5.240552993864576e-06 9.030961730581934 25


0.04 1.183433603094192e-06 4.322088206206211e-10 83.94663226680959 18
0.08 6.422444677622262e-06 5.969857748320974e-09 74.11946414370883 62
0.12 1.936380962349146e-05 1.70446028192142e-07 92.47274429926847 98
0.16 6.501342292642997e-06 6.605977151079184e-07 28.90085203256874 210
0.2 1.533560184331619e-05 6.501923449976384e-07 26.9831236082892 350
0.24 6.062938439242177e-05 7.624081844340826e-08 56.57116712652857 450
0.28 3.183654622769235e-05 6.775232395021983e-07 22.96186258238487 602
0.32 1.344519391277426e-05 9.997199914385502e-07 8.29231581051695 762
0.36 7.128019420094365e-05 2.632517063721425e-07 28.57223677879431 1142
0.4 3.547916277220564e-05 1.029678093368414e-06 12.04576205461366 1250
0.44 3.890818100283182e-05 1.119132819126736e-06 10.7534943173737 1458
0.48 6.367612502695399e-05 8.099504953602256e-07 14.30075660973196 1814
0.52 5.493209998166437e-05 1.14462350400779e-06 10.5770970411231 2178
0.56 7.78002516332407e-05 9.706046634983306e-07 12.75607594325566 2498
0.6 7.563936362852006e-05 1.10381891882014e-06 10.76598136453535 2622
0.64 6.882879007899025e-05 1.403549419897966e-06 8.615833333856029 3191
0.68 7.945557373226252e-05 1.389306622400271e-06 8.778006012004363 3044
0.72 8.511221884047801e-05 1.33230754253765e-06 8.368996522121384 2736
0.76 0.0001015835729613956 1.392636670806363e-06 8.930341983851891 2276
0.8 8.639481266706128e-05 1.795179066874764e-06 6.864124265577565 2016
0.84 7.987839647774463e-05 2.28564762784853e-06 5.772023790473925 1640
0.88 8.64708967265649e-05 2.169549087733613e-06 5.675450099980377 1056
0.92 0.0001583237913073209 1.298207673863989e-06 9.430846525603014 683
0.96 0.0001116465731420851 2.130168880035285e-06 6.136310425540601 350
1 4.209296874569199e-05 3.373900711566252e-06 2.174789150296075 192
1.04 2.989338308588725e-05 4.175447049256229e-06 1.446233327891154 44
1.08 8.660615618955385e-05 6.088080418710357e-06 3.774295371399381 25


0.04 9.828275665443552e-07 1.962415372321212e-10 82.67664476197982 18
0.08 4.424786427124469e-06 1.88507902091845e-08 65.17686729129797 62
0.12 9.768253789322594e-06 2.39612761707223e-07 67.65591213192049 98
0.16 1.831515313043213e-06 5.960340837234868e-07 21.79692050858027 210
0.2 2.40334908964474e-05 3.424995221141129e-07 41.78844617146648 350
0.24 4.770698997683401e-05 9.976325653978372e-08 51.40238051188633 450
0.28 1.121656882753083e-05 7.999882576490482e-07 11.22514487611445 602
0.32 2.682399560584615e-05 5.509636634303262e-07 16.58399843156554 762
0.36 5.374969065740439e-05 3.008109255483584e-07 24.82850949175843 1142
0.4 1.876355025292592e-05 1.011859396657139e-06 7.725002713625107 1250
0.44 4.978151938839201e-05 6.110700051133419e-07 15.38391414843302 1458
0.48 4.356566910385492e-05 8.135062516828459e-07 11.32216350556437 1814
0.52 5.283039223366741e-05 8.008892714519163e-07 11.58725498186734 2178
0.56 6.328370749399099e-05 8.075216650338282e-07 11.88935491333799 2498
0.6 5.154034539908212e-05 1.083866851401646e-06 8.456650199678498 2622
0.64 5.805780207459961e-05 1.117403842035928e-06 8.318574468411779 3191
0.68 6.750327585080706e-05 1.096810907906992e-06 8.530900081959626 3044
0.72 6.895084118639996e-05 1.106680523672132e-06 7.762007609952692 2736
0.76 7.153369745283761e-05 1.352170826982462e-06 7.218638983063796 2276
0.8 6.620464715989989e-05 1.547366396212562e-06 6.029283589033408 2016
0.84 7.632010563088672e-05 1.662875414436279e-06 6.291966323812622 1640
0.88 0.000108562995421995 1.095879360279556e-06 8.096727082025266 1056
0.92 7.78432994037689e-05 2.034007915538809e-06 5.342115923477337 683
0.96 4.311781908144248e-05 2.608997614427715e-06 2.755307984134485 350
1 0.0001031403360135778 1.456357978912491e-06 5.966718734959869 192
1.04 0.0001649761230044621 7.921180083512722e-07 8.766959755544164 44
1.08 0.0003327724745367188 1.444979560073812e-07 16.24783113314841 25


0.04 7.450372438018678e-07 1.498913540686799e-09 79.23614842368241 18
0.08 2.682602251762395e-06 3.273556337436311e-08 55.07766916858345 62
0.12 3.649290450724879e-06 2.748768686655836e-07 48.82912064884143 98
0.16 2.88587633801855e-06 4.757050404986357e-07 25.45389511775339 210
0.2 2.896548016663618e-05 1.42810732228558e-07 53.54013014239433 350
0.24 3.136910691826113e-05 2.291795367929556e-07 39.49476147183673 450
0.28 4.7851394395268e-06 7.440611061378243e-07 7.234128136589711 602
0.32 3.636690934771343e-05 2.312480097552468e-07 24.28065959178772 762
0.36 3.198823699613364e-05 4.743646354853277e-07 17.14720952306027 1142
0.4 2.051884638977242e-05 7.630089637683481e-07 9.292720505081418 1250
0.44 4.991693196332717e-05 3.777922376653024e-07 17.25862012919068 1458
0.48 3.262261684756416e-05 7.474506609968558e-07 9.650892534068422 1814
0.52 4.820477386363467e-05 6.056088857660257e-07 11.88814596572893 2178
0.56 4.429968025709861e-05 8.293992830471048e-07 9.457535821412195 2498
0.6 4.145794960055077e-05 9.356410422706353e-07 7.689917486774982 2622
0.64 5.25285664398985e-05 8.705001121530614e-07 8.466237418730893 3191
0.68 5.48557720958867e-05 9.512153300997085e-07 7.821508137468916 3044
0.72 5.182030580675858e-05 1.033501029000005e-06 6.593629448181129 2736
0.76 5.347623647980119e-05 1.246240353042192e-06 6.10003763869592 2276
0.8 6.931393549637046e-05 1.051245810716878e-06 7.07691002842652 2016
0.84 8.608137830412784e-05 1.005227486589374e-06 7.948570644202367 1640
0.88 7.202527455736463e-05 1.271976327032564e-06 6.071180530137119 1056
0.92 5.898550230766368e-05 1.804793186971585e-06 4.570415727146204 683
0.96 0.0001154747289484127 7.359080278398915e-07 8.127788459642396 350
1 0.0001186118884457091 6.576974778372152e-07 7.696210661291175 192
1.04 0.000110227614180482 1.215566368406293e-06 6.605865558393946 44
1.08 9.262306887428873e-05 3.589885459747182e-06 5.15739905258526 25


