0.0287991 1.751342532486308e-05 3.753077105973329e-08 5.745876167431414 18
0.0575982 7.141561314879036e-05 2.933783484071994e-07 7.36210829925665 62
0.0863973 0.0001732084934179462 1.103858323842806e-06 7.878344854918518 98
0.115196 0.000334403111869208 4.23579608884529e-06 8.503468114569792 210
0.143995 0.0005555319134726603 1.11649903694235e-05 9.186394334488678 350
0.172795 0.0007091655651115544 2.112613636136544e-05 8.200200193579892 450
0.201594 0.001040609431403564 3.643537735868856e-05 8.782172660745204 602
0.230393 0.00131569178385549 6.301863549665305e-05 8.46101276423283 762
0.259192 0.001620963937970566 0.0001169777485396606 8.278016031741643 1142
0.287991 0.002010777329688766 0.0001692452957712699 8.35177900708976 1250
0.31679 0.00236247029293831 0.0002496716938537883 8.086270178858117 1458
0.345589 0.00308073582180369 0.0003431212046128976 8.837642484502984 1814
0.374388 0.003448803241912077 0.0004792714910529476 8.443319142068846 2178
0.403187 0.004187159825133698 0.0006454944823511323 8.845594127520854 2498
0.431986 0.004837310000402778 0.0008924071565416774 8.880854001832436 2622
0.460786 0.005353406265869655 0.001114862964441083 8.633369857183162 3338
0.489585 0.00596195137097701 0.001390139826087983 8.532259502297013 3722
0.518384 0.006826491476771771 0.001772091069609906 8.724861699098277 4170
0.547183 0.007523112174671125 0.002189043114299437 8.622471824515944 4358
0.575982 0.008124222522086 0.002747746004503703 8.396762752705394 5034
0.604781 0.009254108255386051 0.003310654256433945 8.681259153404891 5714
0.63358 0.01006273419275149 0.003948652050452906 8.602951000887705 5982
0.662379 0.01137227568394807 0.004809593270666517 8.889989504372602 6602
0.691178 0.01201554744968675 0.005484124359196769 8.622147729971989 7130
0.719978 0.01317410601989931 0.006660664689287191 8.714954685794599 8034
0.748777 0.0140593586309433 0.007970058578632448 8.603976118887891 8606
0.777576 0.01521993251878876 0.009171213345493461 8.637102358533978 9066
0.806375 0.01643599397639582 0.01077857355801256 8.672682948167367 9962
0.835174 0.01758739873224184 0.01213005548801101 8.651919153038213 10550
0.863973 0.01868737302918835 0.01378134488139154 8.588952437100465 11226
0.892772 0.02050433706399556 0.01568555417118304 8.824555135394714 12146
0.921571 0.02168577435592554 0.01774906110508988 8.755220828472488 12303
0.95037 0.02261879528707919 0.01997485870637099 8.58465747053916 12584
0.979169 0.02400107653537768 0.02279500292586083 8.584201227758168 12120
1.00797 0.005106639744650015 0.004895061645716115 1.723419887088907 11180
1.03677 2.572154261396682e-33 1.458505552794885e-33 8.202018114480564e-31 11096
1.06557 2.706750522225559e-33 1.524727139292537e-33 8.171883586286273e-31 10056
1.09437 2.785223937524782e-33 1.602746352304476e-33 7.971982907984074e-31 9716
1.12316 2.895381284671918e-33 1.695181274289608e-33 7.866946424778695e-31 8604
1.15196 2.923929505607728e-33 1.74304886985476e-33 7.550659216516848e-31 8060
1.18076 3.033009316376466e-33 1.697532165472035e-33 7.455192837606809e-31 7320
1.20956 3.016747912989051e-33 1.806996640201716e-33 7.069099463194296e-31 6356
1.23836 3.122099191600654e-33 1.838197913187346e-33 6.978430194451389e-31 5348
1.26716 3.186183675125956e-33 1.788369465936397e-33 6.798983818527009e-31 4308
1.29596 3.135423445596107e-33 1.697438865733434e-33 6.396883907536182e-31 3563
1.32476 2.959960750889901e-33 1.538046031806366e-33 5.781400773764976e-31 2448
1.35356 2.828399882055663e-33 1.616290675323213e-33 5.289287635274694e-31 1868
1.38236 3.032626419837543e-33 1.629250502839723e-33 5.4330592179083e-31 1358
1.41116 3.001352503340132e-33 1.789398120237583e-33 5.158442189825798e-31 1062
1.43996 3.027484848728792e-33 1.809930313558836e-33 5.004200329475096e-31 776
1.46875 2.568025247029073e-33 1.668230963158311e-33 4.085735227240436e-31 432
1.49755 3.178448708401885e-33 1.416490301127416e-33 4.847961710047859e-31 200
1.52635 3.000924476570126e-33 2.062290934237663e-33 4.398686212828347e-31 168
1.55515 3.646591633666126e-33 2.235189462217828e-33 5.15725095738642e-31 56
1.58395 2.205108659685132e-33 1.131727709757262e-33 3.009323566137092e-31 7


0.0287991 38537960.1582262 13701.03947590437 137601403368907 18
0.0575982 70342836.73737219 10171.91436144228 54808521706474.04 62
0.0863973 41746345.21130376 796.5105051372598 13537473415242.25 98
0.115196 11861089.5602609 11032.67692451379 2103009121381.679 210
0.143995 392715.1671875072 8598.171915285888 45000329233.70828 350
0.172795 732395.3513024573 355.7968106435965 57999700626.09066 450
0.201594 137145.3296595456 983.3615876004255 7906873359.762012 602
0.230393 30166.2415885637 395.5902152731205 1322929330.456065 762
0.259192 23340.51433204708 61.55487542448383 810362391.0411384 1142
0.287991 1494.760453266223 100.4123179973518 42341253.8054072 1250
0.31679 3530.506219217245 7.012439609001546 81982636.89824082 1458
0.345589 460.1282011188989 22.92318973286951 8969497.402037861 1814
0.374388 482.6502207621579 5.023201297214315 8010104.429464716 2178
0.403187 193.1252192242544 3.962953650774592 2765356.668819712 2498
0.431986 58.94458236253929 2.865835331793114 733835.7794610073 2622
0.460786 65.26117000714009 0.6544478395712034 712630.896628793 3338
0.489585 15.06575734015029 0.9808955590491925 146141.0180622342 3722
0.518384 15.14112531565007 0.3522178219783476 131009.2408761853 4170
0.547183 7.864557164219305 0.2872584482003748 61024.31740391509 4358
0.575982 4.848635513452058 0.1819683485482356 33919.45851786896 5034
0.604781 2.606907942818769 0.1431227516230452 16554.95408696623 5714
0.63358 2.343231052418389 0.08539092261550754 13555.47223178249 5982
0.662379 1.775976018627069 0.05780892060849327 9392.535508848938 6602
0.691178 0.9514179677307694 0.0596672317372375 4620.005785309988 7130
0.719978 0.6905585412573904 0.0474247610693774 3091.102831894809 8034
0.748777 0.6151121391210043 0.03545803070508342 2546.516142882701 8606
0.777576 0.5502389632980756 0.02752474519582167 2112.01890167475 9066
0.806375 0.5168875147690453 0.02262734645304566 1844.510745843887 9962
0.835174 0.4635007682871368 0.02032720586618902 1541.934648898224 10550
0.863973 0.3713399294351003 0.02066700057143947 1154.195620122428 11226
0.892772 0.3662539737573958 0.01936522317649899 1065.91022167546 12146
0.921571 0.2668921420210209 0.01752474109810617 728.6709048687801 12303
0.95037 0.1671045977455521 0.01289115229466449 428.8911585694481 12584
0.979169 0.1109676755127796 0.00877846137490643 268.3783319750707 12120
1.00797 0.01932364763202189 0.001670270136024281 44.1001776456585 11180
1.03677 6.316960630986135e-23 5.166892905123269e-24 1.362497725516781e-19 11096
1.06557 7.067604668771448e-23 5.927984165399412e-24 1.443259748990674e-19 10056
1.09437 7.485433846067714e-23 6.615162424447482e-24 1.449170054085322e-19 9716
1.12316 8.086400434616583e-23 7.500973377887221e-24 1.486102846015698e-19 8604
1.15196 9.007738408723453e-23 8.214531927483277e-24 1.573313501252838e-19 8060
1.18076 9.264247932902226e-23 9.082357007925817e-24 1.540219444463792e-19 7320
1.20956 1.041942382798355e-22 1.011976516994497e-23 1.651366028153462e-19 6356
1.23836 1.080500862095721e-22 1.153626017821263e-23 1.633511544469326e-19 5348
1.26716 1.138997735267663e-22 1.336990695353428e-23 1.643984213918325e-19 4308
1.29596 1.295754433287004e-22 1.436585445079349e-23 1.788070123448519e-19 3563
1.32476 1.31806703211061e-22 1.670666612924529e-23 1.741389454947451e-19 2448
1.35356 1.427856232230668e-22 1.784964139498246e-23 1.806063603990083e-19 1868
1.38236 1.536870711103277e-22 1.939784400862362e-23 1.862339453722803e-19 1358
1.41116 1.599822628929258e-22 2.083029051427639e-23 1.859796410759847e-19 1062
1.43996 1.896980935857372e-22 2.111044791782933e-23 2.120690855658059e-19 776
1.46875 1.954228735966374e-22 2.357034207215782e-23 2.102786027777732e-19 432
1.49755 1.715131689794579e-22 2.123728250685795e-23 1.769352979218381e-19 200
1.52635 2.081436607742182e-22 2.038501381890872e-23 2.063199112902325e-19 168
1.55515 2.087673170664729e-22 2.50145900093062e-23 1.997008176881336e-19 56
1.58395 5.564732539315328e-23 2.23994514402699e-23 5.138264470245357e-20 7


0.0287991 114711979.3361515 2248.828767047097 757812252590348 18
0.0575982 17559877.21859602 20450.72150318036 25410961813363.47 62
0.0863973 14768364.3961894 2262.305919580827 8874543212628.166 98
0.115196 3609474.885679955 5021.660049633789 1186366288448.083 210
0.143995 1294329.281938555 936.9608013848912 273267711311.8103 350
0.172795 144096.7217825457 651.2109992178887 21169066430.11934 450
0.201594 72776.5173972898 277.1401610345172 7772446953.671471 602
0.230393 33890.56096138532 56.3233953440631 2749982905.29478 762
0.259192 6107.934454312927 44.83853329071152 393183704.9461973 1142
0.287991 1747.599370011229 24.60192174156101 91443940.37737645 1250
0.31679 1472.60826792939 5.613484012838923 63359231.44633352 1458
0.345589 530.7751351284846 3.830142686122272 19134105.40974769 1814
0.374388 136.6588963720818 2.852406391027945 4205727.232167245 2178
0.403187 112.7260741419726 1.01784800773264 2989568.307462503 2498
0.431986 56.01987533961321 0.5366986278344741 1290636.197361187 2622
0.460786 20.41595581875463 0.3992406855802241 413237.5595518832 3338
0.489585 13.22826805492491 0.2040484007470929 237484.8105114627 3722
0.518384 6.719889631114502 0.1319843621806355 107730.651406706 4170
0.547183 4.494439158605739 0.0754721619323093 64592.41266167136 4358
0.575982 2.233375429919567 0.06205720918048261 28947.45999684001 5034
0.604781 1.848410355835814 0.03205821549564104 21735.424805765 5714
0.63358 1.10634812941301 0.02875373585710105 11857.04920347561 5982
0.662379 0.701848450357106 0.0227872597654332 6877.985438491883 6602
0.691178 0.6562191596788758 0.01358283605891033 5900.870161158295 7130
0.719978 0.4175020047976468 0.01298374466461984 3461.267770775742 8034
0.748777 0.294990521933838 0.01142176075598032 2262.444082974799 8606
0.777576 0.2864809981136666 0.008316105351303367 2036.921295175253 9066
0.806375 0.274419800387508 0.00667997632451593 1813.938306242632 9962
0.835174 0.2247050525326576 0.006666545499801965 1384.789854905872 10550
0.863973 0.1823385389414895 0.006463003312500347 1049.872128646786 11226
0.892772 0.1740572347094671 0.006314222195182991 938.4072436888624 12146
0.921571 0.1441011850730851 0.005143033757574102 728.7555337267106 12303
0.95037 0.1030244162009466 0.003362697371385966 489.7466746722745 12584
0.979169 0.06223785663864822 0.002462410039352682 278.8097755860896 12120
1.00797 0.01273957847228396 0.000393151001874424 53.84587287103952 11180
1.03677 4.003048314915536e-22 2.064257838834644e-23 1.599434462344967e-18 11096
1.06557 4.215743298168937e-22 2.33135761599845e-23 1.594789267572464e-18 10056
1.09437 4.788472389316854e-22 2.651348165921173e-23 1.717295436565757e-18 9716
1.12316 5.177391287245554e-22 2.911518100209106e-23 1.762558235415192e-18 8604
1.15196 5.504927952947138e-22 3.270938160179606e-23 1.781158431401789e-18 8060
1.18076 5.985307632175389e-22 3.574190209241617e-23 1.84330759513961e-18 7320
1.20956 6.54350544247031e-22 3.984156037710168e-23 1.9211143125021e-18 6356
1.23836 6.904246319178304e-22 4.241321061137091e-23 1.933488836246004e-18 5348
1.26716 7.235986827407122e-22 4.822649164006263e-23 1.934633643698083e-18 4308
1.29596 7.905537456995201e-22 5.319573878306993e-23 2.020830358475485e-18 3563
1.32476 8.213184504962699e-22 5.859203661684871e-23 2.009992466608859e-18 2448
1.35356 8.518861737487325e-22 6.459505004136416e-23 1.996032002218213e-18 1868
1.38236 1.015943410323559e-21 6.845675985233941e-23 2.280375431872762e-18 1358
1.41116 1.00386570586946e-21 7.231046164899229e-23 2.161674979363161e-18 1062
1.43996 1.151829282941918e-21 7.90697466364637e-23 2.385271701844093e-18 776
1.46875 1.371882067402425e-21 8.856218914771901e-23 2.734335066415724e-18 432
1.49755 1.281793549434881e-21 8.936052635150505e-23 2.449384629424721e-18 200
1.52635 1.476104607414837e-21 1.075397459871299e-22 2.710496006593261e-18 168
1.55515 1.471442853735558e-21 1.086013901679747e-22 2.607326396313549e-18 56
1.58395 1.797382157403839e-21 1.51346915192501e-22 3.072477630379764e-18 7


0.0287991 8225148.453622619 11415.99855296245 80540480333673.98 18
0.0575982 29715734.99551053 2540.534129579706 62647883098704.55 62
0.0863973 3301937.283463081 4548.888626278267 2904522402883.507 98
0.115196 3203694.22414513 1727.212391697538 1536980807116.22 210
0.143995 720673.1782956441 684.5796560892427 222246380924.063 350
0.172795 204355.6064619795 166.184513257913 43786486743.17097 450
0.201594 54980.78734433187 106.3321134794159 8572365048.821137 602
0.230393 17299.67723189082 40.90214001110979 2050482877.229973 762
0.259192 4367.012057991462 20.94084746340103 410458819.9267203 1142
0.287991 1846.777061720845 8.248188683458674 140975656.2979449 1250
0.31679 561.8534219633116 4.668331065266015 35329083.97201388 1458
0.345589 288.1402836122446 2.32852654466173 15173259.57135192 1814
0.374388 124.9912717360979 1.131428764496694 5613688.264799912 2178
0.403187 71.94847711827107 0.5077060883367694 2786463.787341483 2498
0.431986 35.43722457680497 0.2896388744022087 1192301.315487284 2622
0.460786 16.61869743890323 0.1597489095612721 491045.6410743829 3338
0.489585 8.117030886401805 0.105112254156054 212816.4076940273 3722
0.518384 5.246573496017128 0.05488354236869201 122797.9232086652 4170
0.547183 2.933570898029155 0.03707505306372586 61565.52169821582 4358
0.575982 1.625181695804735 0.02751871190935293 30755.33173550747 5034
0.604781 1.179338209661596 0.01651774280495374 20251.44629430044 5714
0.63358 0.6829757080889165 0.0145564633433974 10689.53435791927 5982
0.662379 0.6271918754879616 0.008359400528145005 8972.10360923277 6602
0.691178 0.3382204671270361 0.008242527718678391 4442.392448577234 7130
0.719978 0.3275173653741192 0.005331446238735593 3964.231617128782 8034
0.748777 0.2355853854939041 0.004776683797748942 2637.874184177942 8606
0.777576 0.1744682380433178 0.004277849754390091 1811.570120920918 9066
0.806375 0.1743963922343924 0.003379812726205537 1683.380557289346 9962
0.835174 0.1499490083103916 0.003185287947101634 1349.378454651351 10550
0.863973 0.1242474793657085 0.003067267447406921 1044.623270124301 11226
0.892772 0.1347388102195559 0.002618699356799256 1060.615639630669 12146
0.921571 0.1063198902231794 0.002240011292982662 785.0780354368493 12303
0.95037 0.06881280624355886 0.001621049237485398 477.6601688021682 12584
0.979169 0.03916303806732182 0.001240071913706567 256.1953300394763 12120
1.00797 0.005751619908591399 0.0002608891117361982 35.51033718717343 11180
1.03677 4.698891873235757e-22 1.605900928637519e-23 2.741411508105606e-18 11096
1.06557 5.091352057933503e-22 1.840131627821046e-23 2.812303251677369e-18 10056
1.09437 5.604811077950899e-22 2.097247526453182e-23 2.935055622121286e-18 9716
1.12316 5.922954557616727e-22 2.376525581548285e-23 2.944350218627823e-18 8604
1.15196 6.4102406345084e-22 2.547263174170371e-23 3.028520717827418e-18 8060
1.18076 6.973868448564511e-22 2.766603047881851e-23 3.136096726971301e-18 7320
1.20956 7.359313718649978e-22 3.24338498191654e-23 3.155010559419188e-18 6356
1.23836 7.55927411739782e-22 3.589793451001826e-23 3.091282457078581e-18 5348
1.26716 8.240737651015075e-22 3.863572041175219e-23 3.217231134413054e-18 4308
1.29596 9.208646111633499e-22 4.271068957874789e-23 3.437204808063104e-18 3563
1.32476 9.716602119846123e-22 4.851640118392984e-23 3.472254325584387e-18 2448
1.35356 1.015560015873203e-21 5.626330720453775e-23 3.474676499594651e-18 1868
1.38236 1.116385824973939e-21 5.617032496437078e-23 3.659110896852828e-18 1358
1.41116 1.203371887869499e-21 6.445953057611058e-23 3.783889478727955e-18 1062
1.43996 1.259655345476738e-21 7.388605213213979e-23 3.809328484499896e-18 776
1.46875 1.508691704527804e-21 7.800525310582256e-23 4.391047867632111e-18 432
1.49755 1.462801593290826e-21 7.478751092782728e-23 4.08173170605996e-18 200
1.52635 1.396402202682469e-21 8.095645624253288e-23 3.744340616209307e-18 168
1.55515 1.824998438299493e-21 7.709226509486302e-23 4.72174037816089e-18 56
1.58395 5.937541688735777e-22 1.056620104845406e-22 1.483164364327377e-18 7


0.0287991 34177086.4595004 1421.922185585318 434118271122092.1 18
0.0575982 9411055.660208952 5113.442963492505 26156795791082.97 62
0.0863973 3405245.583543649 2782.603406659395 3936508805277.928 98
0.115196 2487793.040592358 867.9973963597224 1569659503513.211 210
0.143995 501365.831651653 421.5459718259492 203374051426.6437 350
0.172795 122494.2787981631 137.2483593187975 34529946188.91394 450
0.201594 47532.80476389454 55.16428913640881 9745489704.711277 602
0.230393 12753.15759175872 25.85158512522231 1988197236.17886 762
0.259192 4015.266423198693 10.62335178734364 496198457.5930433 1142
0.287991 1396.837206081347 4.879590725153405 140239715.6018889 1250
0.31679 466.0623992203768 2.565902105404498 38536428.26210108 1458
0.345589 225.4596712379646 1.311896126621531 15613845.08704143 1814
0.374388 112.4077194024706 0.5507683492074635 6637933.656358892 2178
0.403187 49.41676934206983 0.3205652352734978 2517417.414224849 2498
0.431986 25.61134620758695 0.1741765231164507 1133375.422611045 2622
0.460786 12.54477431344064 0.09301049354682432 487504.619351076 3338
0.489585 6.186194277927924 0.06058883222154327 213312.8727672844 3722
0.518384 3.606761509299893 0.03502076186900271 111038.9755867769 4170
0.547183 2.256696418669938 0.02152509318881377 62287.10780383981 4358
0.575982 1.347483613451816 0.01474923902563279 33533.55341520451 5034
0.604781 0.8064322249709512 0.01045539407761584 18214.91035831558 5714
0.63358 0.6162444098582678 0.007346992126668551 12682.37783003597 5982
0.662379 0.4251123668301567 0.005435526537549985 7999.027470778909 6602
0.691178 0.2876053515496093 0.004398912963417992 4967.546056267842 7130
0.719978 0.24068052224924 0.003173325254896363 3831.474229862268 8034
0.748777 0.1676014164564179 0.002939818451256489 2468.328423419361 8606
0.777576 0.1454618126620113 0.002302340298141306 1986.251505328401 9066
0.806375 0.1255449989363085 0.002073621947620583 1593.874129457925 9962
0.835174 0.1077925030562787 0.001927010439050041 1275.813903452769 10550
0.863973 0.1042010211476133 0.001603569169473217 1152.103181574314 11226
0.892772 0.09507495009359579 0.001647884342765318 984.340696475796 12146
0.921571 0.08004468131214297 0.001311471277057773 777.3576885386805 12303
0.95037 0.0519611489642065 0.0009434062940874706 474.3703012024191 12584
0.979169 0.03125885304319619 0.0006861726458179737 268.9275184608701 12120
1.00797 0.004444804452790394 0.000151685819802728 36.09108170189542 11180
1.03677 4.410122559285626e-22 1.137172120503275e-23 3.383875310366821e-18 11096
1.06557 4.78450708207332e-22 1.308803589480952e-23 3.475777255140731e-18 10056
1.09437 5.247176479297644e-22 1.520061633109268e-23 3.613859921987417e-18 9716
1.12316 5.672914501542059e-22 1.675750942149601e-23 3.708831880990834e-18 8604
1.15196 6.119823778581031e-22 1.832158709110259e-23 3.802593422371043e-18 8060
1.18076 6.621080571417187e-22 1.968445752617677e-23 3.915870576554234e-18 7320
1.20956 7.039196271756744e-22 2.248966012426456e-23 3.968840333543295e-18 6356
1.23836 7.387219731777599e-22 2.503968807675235e-23 3.972955717530501e-18 5348
1.26716 8.042192400495622e-22 2.616152353093279e-23 4.129145904415097e-18 4308
1.29596 8.654056388605449e-22 3.129347802812597e-23 4.248353142745469e-18 3563
1.32476 9.259038272474241e-22 3.320972081326554e-23 4.351500384595149e-18 2448
1.35356 1.003897056885423e-21 3.913044259853446e-23 4.517201008526443e-18 1868
1.38236 9.962112025888243e-22 4.269443213449325e-23 4.294572857907463e-18 1358
1.41116 1.101595183435888e-21 4.418951001050763e-23 4.555590443696836e-18 1062
1.43996 1.231697563201704e-21 4.991206543456843e-23 4.898582829691112e-18 776
1.46875 1.392796700483946e-21 5.179979620885375e-23 5.331302939998727e-18 432
1.49755 1.395264943812127e-21 5.23266636807842e-23 5.120314615658031e-18 200
1.52635 1.41664189350798e-21 6.735450485606013e-23 4.996026474704433e-18 168
1.55515 1.504313388044254e-21 7.381441316221943e-23 5.119467253049508e-18 56
1.58395 6.138316934098956e-22 7.804265250011508e-23 2.016417228970869e-18 7


0.0287991 18772184.13310936 3107.144490439502 296216309003044.8 18
0.0575982 13497612.68347712 1870.58786778815 46422881051064.8 62
0.0863973 5432044.335936098 669.9944498377819 7772859648913.012 98
0.115196 944559.2957410748 1029.668203737275 739897871292.1196 210
0.143995 331286.8806084629 317.6806109064304 166646525765.5578 350
0.172795 93217.87963964042 92.63433772001135 32577546048.13323 450
0.201594 33546.32850507623 41.01078407023155 8527692388.289328 602
0.230393 8540.917397043455 19.56755426987907 1651133292.220042 762
0.259192 3272.491953838169 6.774821854535134 501328137.4829282 1142
0.287991 1165.335657575067 3.128967910488607 145032088.6716434 1250
0.31679 366.3084909030616 1.718763870872696 37549406.7919549 1458
0.345589 179.1062691994778 0.8681253403960749 15376964.70454985 1814
0.374388 91.27137735335526 0.3579713677086302 6681482.840609867 2178
0.403187 46.28684844260516 0.1772268013804992 2922464.471020007 2498
0.431986 20.44858378017621 0.1147997885129318 1121802.354522989 2622
0.460786 9.723255515006107 0.06340161401092551 468446.1581780885 3338
0.489585 5.3820906026978 0.03698475629739251 230039.8897202417 3722
0.518384 3.142764917383611 0.02109083138585407 119930.6461016723 4170
0.547183 1.828889413215059 0.01387244428268396 62576.8129230953 4358
0.575982 1.116909908395027 0.009320598187765435 34455.84636425542 5034
0.604781 0.6315203556104729 0.007013144524060528 17683.57425547763 5714
0.63358 0.4662528090995641 0.005013345797070148 11896.08045530628 5982
0.662379 0.355030156286825 0.003452168383746439 8281.099384846308 6602
0.691178 0.2352668297416651 0.002798789033760733 5037.33808801581 7130
0.719978 0.1720256112193115 0.002337052690008322 3395.336457658837 8034
0.748777 0.1499704968474527 0.001725604375906403 2737.695811034539 8606
0.777576 0.1088643238609008 0.001602622886657492 1842.933305010222 9066
0.806375 0.1045859918043938 0.001305245982858293 1645.95744169161 9962
0.835174 0.08921780285071407 0.001232285269530089 1309.016121793269 10550
0.863973 0.07817615787115979 0.0011128920054694 1071.579009803688 11226
0.892772 0.07499802501723088 0.001075795469188504 962.5838867905818 12146
0.921571 0.06185953246878805 0.0008830339182829154 744.7539192019256 12303
0.95037 0.04121575832032904 0.0006220871948619042 466.4571670494075 12584
0.979169 0.02408844261981318 0.00046623431629411 256.9175635770258 12120
1.00797 0.004556759154793416 8.076805156297833e-05 45.85687921530862 11180
1.03677 4.728416314168754e-22 1.015317042557032e-23 4.497698219666789e-18 11096
1.06557 5.179431752192816e-22 1.148225496759856e-23 4.664468298402092e-18 10056
1.09437 5.61393123242934e-22 1.339678605039135e-23 4.79315435919726e-18 9716
1.12316 6.048756604052785e-22 1.485828743369415e-23 4.902386465265001e-18 8604
1.15196 6.60391069890281e-22 1.638327730161524e-23 5.086883745894243e-18 8060
1.18076 6.901122294454898e-22 1.867132115413725e-23 5.059959518572213e-18 7320
1.20956 7.564442498544969e-22 2.04312274183797e-23 5.287262644434447e-18 6356
1.23836 8.385159963412565e-22 2.237971544936766e-23 5.590410576862074e-18 5348
1.26716 8.37440545281437e-22 2.419059058122438e-23 5.330424047510016e-18 4308
1.29596 9.687898447068377e-22 2.776904314215893e-23 5.895646437543808e-18 3563
1.32476 1.029035629730032e-21 2.922073754407288e-23 5.995211065874602e-18 2448
1.35356 1.0859217258622e-21 3.401595996099763e-23 6.057344221581826e-18 1868
1.38236 1.09882549453325e-21 3.93838677736922e-23 5.872305843743292e-18 1358
1.41116 1.184081434664932e-21 4.151819170078504e-23 6.070480164833394e-18 1062
1.43996 1.324677347629916e-21 4.63853451023391e-23 6.531194930414421e-18 776
1.46875 1.420406045705472e-21 5.126907777984263e-23 6.74050758319395e-18 432
1.49755 1.596232676039759e-21 4.241571921676841e-23 7.261435803828269e-18 200
1.52635 1.573294177520571e-21 5.297720052791849e-23 6.877914217325098e-18 168
1.55515 1.410709312859536e-21 5.005862833342705e-23 5.951271306703955e-18 56
1.58395 1.195044682511011e-21 3.926514164368964e-23 4.863223355175356e-18 7


0.0287991 8029245.305841522 2638.537638591942 151944448645530 18
0.0575982 7181153.32985632 2237.691990890829 29518684629451.34 62
0.0863973 1787842.836680641 1328.587991793582 3060090057307.883 98
0.115196 1235939.215023825 567.2914867101214 1154143455039.799 210
0.143995 227546.604989477 253.7394913932563 136649899519.2426 350
0.172795 82795.5962683367 60.60240557094694 34526544592.71844 450
0.201594 21542.26682754193 36.5997903276622 6538094015.654139 602
0.230393 7211.694148233329 13.79253427460104 1663736471.761063 762
0.259192 2885.938996589694 4.617795110592428 527551509.7809951 1142
0.287991 943.3477261758102 2.267660660735811 140111490.7012208 1250
0.31679 450.3897495487637 0.834197051926471 55061442.37836848 1458
0.345589 147.7790904495991 0.6206655054393293 15140874.75923853 1814
0.374388 73.82737774292063 0.2609128647359651 6449747.852511597 2178
0.403187 33.77335032580745 0.1462040510316356 2545173.895415839 2498
0.431986 16.77921097347934 0.08222792163340639 1098506.983481588 2622
0.460786 8.609150489225776 0.04202483296512063 494922.3910554921 3338
0.489585 4.383742369049555 0.02644747246216201 223602.30771099 3722
0.518384 2.551203675177358 0.01514591319287408 116183.2933904572 4170
0.547183 1.349220495041726 0.01093699735228182 55099.52082475774 4358
0.575982 0.8638445673891354 0.007045718174867405 31804.55265002083 5034
0.604781 0.5175846222652042 0.005029975906921322 17295.87684706758 5714
0.63358 0.3924149354666079 0.003535645135213165 11947.91499577061 5982
0.662379 0.3008915635706818 0.0023773224373629 8375.096054429163 6602
0.691178 0.2067759739366312 0.001885880858951154 5283.015304244846 7130
0.719978 0.1534806222058835 0.00153606141165335 3614.711023977506 8034
0.748777 0.1159608170288892 0.001306826654324264 2526.342342616757 8606
0.777576 0.1004291622379403 0.001033599576740246 2028.637795064933 9066
0.806375 0.08629941378316865 0.0009284612976095419 1620.776609939715 9962
0.835174 0.07019279448416448 0.0009097125715163656 1229.06682310604 10550
0.863973 0.0663188755788806 0.0007780274586454953 1084.795988649616 11226
0.892772 0.06728381609380785 0.0007145371483828851 1030.483511060437 12146
0.921571 0.05401725835115714 0.0006013083459954771 776.0508804344825 12303
0.95037 0.03411087538958697 0.0004406507510023289 460.690385602818 12584
0.979169 0.01999775548067738 0.0003282743766010106 254.5264599025346 12120
1.00797 0.003539247370161329 6.231320507602718e-05 42.5067529536967 11180
1.03677 4.412079397663869e-22 7.982952116591084e-24 5.008218900887168e-18 11096
1.06557 4.874302191787865e-22 9.062449173343211e-24 5.238375852948434e-18 10056
1.09437 5.347831815979345e-22 1.025474172345819e-23 5.448631246741666e-18 9716
1.12316 5.671686229343859e-22 1.151782439525562e-23 5.485483736898049e-18 8604
1.15196 6.124594933145758e-22 1.303266045401926e-23 5.629850619269343e-18 8060
1.18076 6.609169026483119e-22 1.431013613909772e-23 5.782677949151557e-18 7320
1.20956 6.983916822189404e-22 1.595373142459564e-23 5.825308641312509e-18 6356
1.23836 7.774488680166162e-22 1.780560654204018e-23 6.185469029199858e-18 5348
1.26716 7.991406078703431e-22 1.877335487370916e-23 6.070009957556168e-18 4308
1.29596 8.807251269424138e-22 2.215460841149041e-23 6.396097068339905e-18 3563
1.32476 9.084958740572822e-22 2.399912314012051e-23 6.316554297296832e-18 2448
1.35356 1.039286043247227e-21 2.530497763585984e-23 6.917824829344397e-18 1868
1.38236 1.12274925635235e-21 2.832081861725036e-23 7.159695972671312e-18 1358
1.41116 1.152645711805186e-21 3.092362144501232e-23 7.051554964572653e-18 1062
1.43996 1.229514040039619e-21 3.542530911955279e-23 7.233970950852376e-18 776
1.46875 1.405013978578166e-21 3.582143752389238e-23 7.956037319997869e-18 432
1.49755 1.351648625187946e-21 3.773039526023488e-23 7.338156107139854e-18 200
1.52635 1.511545206646821e-21 4.296490895922085e-23 7.885578134993789e-18 168
1.55515 1.423102248191628e-21 3.289023031403386e-23 7.163702887794311e-18 56
1.58395 9.527197988673227e-22 2.391015551883648e-23 4.626518506298843e-18 7


0.0287991 18223772.82198233 633.0819933766201 398161732952275.9 18
0.0575982 9010185.639685199 1055.282929037314 42983278898939.69 62
0.0863973 3220103.837272604 563.6281325514643 6392026707815.704 98
0.115196 1466821.725895487 252.7405186504296 1590899582042.177 210
0.143995 274369.5013607689 150.2271989252479 191339882767.0353 350
0.172795 79127.81013790917 38.42839489982695 38337697057.83731 450
0.201594 16351.25213324281 29.49938062499901 5768340931.175012 602
0.230393 7980.267302065527 7.849804496755574 2138433347.244864 762
0.259192 1826.439511038372 4.381296322348082 388172539.4130669 1142
0.287991 835.5516295504474 1.635129059813653 144201867.8526674 1250
0.31679 290.7629893138665 0.8342450840543102 41324230.46417122 1458
0.345589 155.327352842966 0.3859884675151876 18486760.26105665 1814
0.374388 65.36855041974967 0.1870538652426704 6635756.163282026 2178
0.403187 28.27636299263581 0.1111128078627197 2476285.010885189 2498
0.431986 14.47552226517007 0.06076909495242264 1101232.581913105 2622
0.460786 6.941787477910481 0.03330682285993683 463772.3321013806 3338
0.489585 3.718077788965797 0.01996305734528981 220381.8804675167 3722
0.518384 2.028866477804001 0.01233194916625885 107379.0542278168 4170
0.547183 1.30225243787251 0.007321141402043901 61788.4513217491 4358
0.575982 0.7958293944612019 0.00494787592356437 34044.918543637 5034
0.604781 0.4903415813410267 0.003438094986710516 19037.92311060708 5714
0.63358 0.3633939373292138 0.002442696752159912 12855.86207747941 5982
0.662379 0.2622958116965132 0.001723097816297551 8483.560911912788 6602
0.691178 0.1780252098381541 0.001391677499492234 5285.388417778665 7130
0.719978 0.1275056532596572 0.001186872490381394 3489.667228965247 8034
0.748777 0.1018339454771472 0.0009462330972658064 2577.966048415012 8606
0.777576 0.08230105182022185 0.0008062969338440667 1931.914660172217 9066
0.806375 0.07470931617809447 0.000684541393500409 1630.430166479471 9962
0.835174 0.05860900109431008 0.0006904449731618502 1192.546818391565 10550
0.863973 0.0616900859187494 0.0005318361237797163 1172.496015515429 11226
0.892772 0.05880010537028716 0.0005214295087312752 1046.448435380879 12146
0.921571 0.04437954421072727 0.0004656437757904488 740.919243312528 12303
0.95037 0.02722801276360754 0.0003480648284173246 427.3407252645724 12584
0.979169 0.01845082466417898 0.0002296749619038486 272.8700889663176 12120
1.00797 0.003004267394354308 4.673799210048805e-05 41.92821597938766 11180
1.03677 4.469052870714983e-22 6.951191062668062e-24 5.894809753613343e-18 11096
1.06557 4.966762250255845e-22 7.970633410268358e-24 6.202584458933823e-18 10056
1.09437 5.478904288955547e-22 8.976697449352883e-24 6.486588921941028e-18 9716
1.12316 5.947538965397828e-22 1.004358426791039e-23 6.684171116398338e-18 8604
1.15196 6.491015327124673e-22 1.093158103183093e-23 6.933140630756817e-18 8060
1.18076 6.614393518916101e-22 1.260186233827722e-23 6.724981770768194e-18 7320
1.20956 7.308669328150439e-22 1.370596594999131e-23 7.083752717234261e-18 6356
1.23836 7.915164056216261e-22 1.551091107546159e-23 7.317692689687093e-18 5348
1.26716 8.1743511518775e-22 1.632090110074787e-23 7.214919220621996e-18 4308
1.29596 9.048619060988578e-22 1.874510794309041e-23 7.635950276848978e-18 3563
1.32476 9.413524957459393e-22 2.058346966357276e-23 7.605304760864506e-18 2448
1.35356 1.041185512767764e-21 2.250673455529865e-23 8.053459351131903e-18 1868
1.38236 1.135484357116057e-21 2.432501683044226e-23 8.414051176596676e-18 1358
1.41116 1.189506035678149e-21 2.534029895700278e-23 8.455840683564642e-18 1062
1.43996 1.276575429778297e-21 3.082077025454662e-23 8.727695052006248e-18 776
1.46875 1.301143864836898e-21 3.062726274185135e-23 8.561832857420027e-18 432
1.49755 1.64796914764466e-21 3.099398728780787e-23 1.039564863197817e-17 200
1.52635 1.606535515373606e-21 3.616154006247429e-23 9.73877539193883e-18 168
1.55515 1.447452294626348e-21 3.771598882363408e-23 8.467548763390594e-18 56
1.58395 9.849851993959768e-22 2.718165172560201e-23 5.558658433276562e-18 7


0.0287991 5619983.008563011 1905.655543947676 141148831538093.3 18
0.0575982 4160839.520374652 1514.3626056459 22675831404779.46 62
0.0863973 1720322.841298124 668.4978497820249 3895716162566.102 98
0.115196 409141.1618810611 500.4631469612228 507170287524.8997 210
0.143995 280919.4291598001 95.37473485926057 223173730584.0483 350
0.172795 70626.54060828598 27.95756168673203 38989278169.09738 450
0.201594 15118.44291071949 22.18434307779066 6076482067.19172 602
0.230393 7460.366396355706 5.544807384228671 2277667938.73398 762
0.259192 1839.677016922253 3.007301382382425 445386566.9206097 1142
0.287991 720.893234610631 1.282810317647986 141766106.9475677 1250
0.31679 315.4476645521062 0.5272687205477107 51066695.37423213 1458
0.345589 128.7553794624789 0.3102232074184557 17462358.5975921 1814
0.374388 57.99229825744786 0.142534164994156 6707751.544526349 2178
0.403187 26.74841037174679 0.07894753703443079 2668789.77366847 2498
0.431986 12.56811481498503 0.04730065586086239 1089463.463856125 2622
0.460786 6.128811755592365 0.02548488671283299 466547.8714272213 3338
0.489585 3.456247338465824 0.01450481175716866 233408.3357037394 3722
0.518384 1.942359798851692 0.008637062149414549 117119.9554625814 4170
0.547183 1.110970128184741 0.005774750995776044 60064.78323615789 4358
0.575982 0.6706685236893392 0.00393183161566705 32692.71758176644 5034
0.604781 0.4411851365545674 0.00254821250916111 19517.07702607488 5714
0.63358 0.2888439619291835 0.002047185915967985 11644.66614762401 5982
0.662379 0.2145307960733421 0.001430558048439603 7906.817664597305 6602
0.691178 0.1507663976229228 0.001116127037334544 5100.461127210625 7130
0.719978 0.1081055036120747 0.0009428182464377112 3371.402119988508 8034
0.748777 0.09219613092555813 0.0007116424867214529 2659.341841692967 8606
0.777576 0.06997485786795771 0.0006296021200405556 1871.655328015881 9066
0.806375 0.06601942029923911 0.000530152897372335 1641.682425265595 9962
0.835174 0.05376536101843666 0.0005087442996761437 1246.471062356855 10550
0.863973 0.05088008894228515 0.0004389138911156112 1101.940408913106 11226
0.892772 0.05118523484690776 0.0004005674520913924 1037.947785595022 12146
0.921571 0.03853253123151933 0.0003627962895428204 733.0098660666953 12303
0.95037 0.02476882088556357 0.0002611392302280814 442.9361801105009 12584
0.979169 0.01661380942667487 0.0001721505875157885 279.9557925998324 12120
1.00797 0.00325255678967175 2.890129043380111e-05 51.7133426782695 11180
1.03677 4.441488782385874e-22 6.190620041145638e-24 6.675402510226751e-18 11096
1.06557 4.958568077470889e-22 6.961690739515054e-24 7.055778594844557e-18 10056
1.09437 5.460313276158403e-22 7.829775593311653e-24 7.365966891085615e-18 9716
1.12316 5.916717442667126e-22 8.628725856002794e-24 7.576663646290373e-18 8604
1.15196 6.201426424281924e-22 9.882810715322708e-24 7.547684944047156e-18 8060
1.18076 6.591056386529496e-22 1.073747088459207e-23 7.63555918715981e-18 7320
1.20956 7.18052763115428e-22 1.185982569281629e-23 7.929981293920115e-18 6356
1.23836 8.098530285125071e-22 1.333394211452885e-23 8.53104861228067e-18 5348
1.26716 8.103282997346102e-22 1.42857382297229e-23 8.149488171306413e-18 4308
1.29596 8.900826987915566e-22 1.638627094429916e-23 8.558614496056416e-18 3563
1.32476 9.408749645726317e-22 1.776362768328649e-23 8.661304440967462e-18 2448
1.35356 1.028576266645806e-21 1.963043586579469e-23 9.065293805823721e-18 1868
1.38236 1.048298518577788e-21 2.161403399481208e-23 8.851464505075507e-18 1358
1.41116 1.14156723388942e-21 2.299656001922568e-23 9.246851891458906e-18 1062
1.43996 1.215150101015431e-21 2.687376977724015e-23 9.466306781586855e-18 776
1.46875 1.237621221623051e-21 2.767210010116308e-23 9.279671204080612e-18 432
1.49755 1.386160263639805e-21 2.762093081699654e-23 9.963963217476194e-18 200
1.52635 1.47069105123705e-21 3.305325504360491e-23 1.015887267430741e-17 168
1.55515 1.744120598169914e-21 2.375823883739018e-23 1.16239895736345e-17 56
1.58395 1.09240195059174e-21 1.283709866288378e-23 7.023114803858262e-18 7


0.0287991 8594608.863696091 889.4029175183733 240876916828406.8 18
0.0575982 7551976.907344604 534.0028455303806 46070425541338.37 62
0.0863973 2166921.769313338 416.8889707173518 5502969048041.154 98
0.115196 1186457.906725358 143.163577087075 1645622838338.352 210
0.143995 148603.8911652096 117.2397997045033 132637169373.6107 350
0.172795 50658.0508437863 29.28111257093457 31398511094.0921 450
0.201594 16370.18112771844 15.39922101157572 7381969018.869899 602
0.230393 6493.907605807868 4.582343036742451 2225315928.979512 762
0.259192 1773.291160719881 2.260445481022324 481797636.2533812 1142
0.287991 649.2766433201375 1.001279435791741 143304904.8803123 1250
0.31679 192.7076340316729 0.5750957674560674 35037472.96964506 1458
0.345589 114.6383848226124 0.2499618777149642 17450637.11621531 1814
0.374388 44.05200544236369 0.1325071042277181 5720339.218961672 2178
0.403187 25.8135431247703 0.05665969449161018 2890371.6881637 2498
0.431986 10.96888918106782 0.03822703667884841 1067228.90667297 2622
0.460786 5.608269099503964 0.01973319608370535 479149.7616451503 3338
0.489585 3.147795426339472 0.01121945351646477 238585.0047875429 3722
0.518384 1.819152346237165 0.006446189684543146 123106.0313682195 4170
0.547183 0.9794853577447279 0.004596123365118544 59437.14230729266 4358
0.575982 0.5617996742988146 0.003295049464957238 30739.76142897091 5034
0.604781 0.353900805549526 0.002252803020683123 17574.28368489703 5714
0.63358 0.277578473206595 0.001521186088064441 12558.83268987826 5982
0.662379 0.17708944064706 0.0012332528625556 7326.349370909661 6602
0.691178 0.1248016227789955 0.0009501107413517299 4739.189129950218 7130
0.719978 0.1043632918427192 0.0006936283799508469 3652.648909503461 8034
0.748777 0.08339548245257382 0.0005540231105345703 2699.821455118643 8606
0.777576 0.06796119288161172 0.0004620621034628927 2040.069843788509 9066
0.806375 0.05452628517149912 0.0004463016422950236 1521.922174855568 9962
0.835174 0.05409809538281864 0.0003673693141356397 1407.523699453705 10550
0.863973 0.04282785093038383 0.0003604046012223492 1041.103013394443 11226
0.892772 0.04028665885959645 0.000360116652694422 917.0176200296879 12146
0.921571 0.03493236131601642 0.0002808479387823285 745.8323943430058 12303
0.95037 0.02262429545110586 0.0002039118058105982 454.0896272499379 12584
0.979169 0.01470472928356168 0.0001370072216539303 278.1106623457893 12120
1.00797 0.002213053365131867 2.999855746905525e-05 39.50151953524362 11180
1.03677 4.405841273927472e-22 5.193531372800042e-24 7.431991880450644e-18 11096
1.06557 4.734754834141361e-22 6.006480011738902e-24 7.561847106953977e-18 10056
1.09437 5.058933792873024e-22 6.84013396066296e-24 7.659875131117203e-18 9716
1.12316 5.483158996510401e-22 7.607832876911461e-24 7.88097595870151e-18 8604
1.15196 5.91934382293927e-22 8.393223432220295e-24 8.086008089749596e-18 8060
1.18076 6.242158768847948e-22 9.244118466443678e-24 8.116398569525736e-18 7320
1.20956 6.902856897408082e-22 1.016056351533756e-23 8.556249120838399e-18 6356
1.23836 7.615950421398139e-22 1.148360469299524e-23 9.004590530698983e-18 5348
1.26716 8.026370407917758e-22 1.187266105990981e-23 9.059754003768362e-18 4308
1.29596 8.432306339590081e-22 1.41499689388567e-23 9.100443104683905e-18 3563
1.32476 8.917519850537586e-22 1.575079925518185e-23 9.213896779180208e-18 2448
1.35356 9.61517233451135e-22 1.748519800837008e-23 9.511599766153892e-18 1868
1.38236 1.043184919582791e-21 1.822520976045732e-23 9.886010644780656e-18 1358
1.41116 1.075941732342751e-21 2.106641929081868e-23 9.782176864162179e-18 1062
1.43996 1.248561817796292e-21 2.16571727624976e-23 1.091635373893972e-17 776
1.46875 1.220548317830549e-21 2.347513949044163e-23 1.027146114674734e-17 432
1.49755 1.138099895595175e-21 2.449139627089381e-23 9.182678839412329e-18 200
1.52635 1.488690452955515e-21 2.803499002652497e-23 1.154136279906845e-17 168
1.55515 1.213676267173411e-21 2.934317658626948e-23 9.080636706746773e-18 56
1.58395 8.654726592140879e-22 1.628558541572039e-23 6.246021385373889e-18 7


