0.0211858 1.31161295768198e-06 3.475158672124012e-08 1.157685654957041 18
0.0423716 8.590242418027625e-06 3.2221070791877e-07 2.255831191186517 62
0.0635574 2.837150887149321e-05 9.078466394343831e-07 3.259171761397655 98
0.0847432 6.776331074259827e-05 3.143523554351022e-06 4.344137835807428 210
0.105929 0.0001364259391420106 7.050959960125449e-06 5.679082474229763 350
0.127115 0.0002000576890271636 1.170444720396098e-05 5.81896872082946 450
0.148301 0.0003244452730750262 1.820393547484126e-05 6.884076857769677 602
0.169486 0.0004462867338560761 2.922249237322226e-05 7.213732815396196 762
0.190672 0.0005887829139459422 5.043919540403014e-05 7.556230970905591 1142
0.211858 0.0007727775408115334 6.937044814251514e-05 8.064801344374064 1250
0.233044 0.0009481833458040127 9.812174787533587e-05 8.153610402078174 1458
0.25423 0.001283053950969351 0.0001302799849512293 9.24630080457626 1814
0.275415 0.00148183867983269 0.0001765244304990646 9.112867963694553 2178
0.296601 0.001846273518832175 0.0002315973853888084 9.796985871850161 2498
0.317787 0.002179639933677598 0.0003133959075757622 10.05085751801043 2622
0.338973 0.002457087865324925 0.0003841809547174079 9.952314606587786 3338
0.360159 0.002782651154871058 0.0004717623188488642 10.0017285008341 3722
0.381344 0.00323190214405909 0.0005926067178322229 10.37409307384632 4170
0.40253 0.003604097383905725 0.0007235838141123543 10.37413550484309 4358
0.423716 0.003933427135599572 0.0008990110229780818 10.20960391764117 5034
0.444902 0.004523651844627902 0.001072845139312 10.65720794278394 5714
0.466088 0.004959102018573858 0.001269547598986883 10.64717977305192 5982
0.487273 0.00564490148972802 0.001535234353257412 11.08171466585826 6602
0.508459 0.006002932764493546 0.001739598314616078 10.81754562247942 7130
0.529645 0.006620650545071845 0.002100174020387931 10.99845624047366 8034
0.550831 0.007102778004038073 0.00249968780353661 10.91543174730037 8606
0.572017 0.007725229945507211 0.002863060496159662 11.00891365326508 9066
0.593202 0.008377990389137552 0.003350923718292195 11.10121403451653 9962
0.614388 0.008999482810393058 0.00375670967295614 11.11736522253776 10550
0.635574 0.009595367039488396 0.004253445413782068 11.07451526039532 11226
0.65676 0.01056173228732913 0.004825751036518899 11.41446524008821 12146
0.677946 0.01120229127355529 0.00544472850649466 11.35716710559511 12303
0.699131 0.01171486407639447 0.006111751055879902 11.16497767548909 12584
0.720317 0.01246168470297304 0.006957706456624893 11.19204873953547 12120
0.741503 0.0133539962192447 0.007963472060293368 11.31744809263988 11180
0.762689 0.01357358760882059 0.008616412777487703 10.87281305148456 11096
0.783875 0.01438749267859967 0.009584346740759935 10.91162671479817 10056
0.80506 0.01571561830760639 0.01080579232145457 11.29976466400833 9716
0.826246 0.01661489871001999 0.01163346843201575 11.3403953956004 8604
0.847432 0.01787019050486483 0.01318803436002316 11.59268857557289 8060
0.868618 0.01834321475479293 0.01422699272617914 11.32676499985758 7320
0.889804 0.01964047845791671 0.01590575913286031 11.56175780230754 6356
0.910989 0.02051982882309026 0.01729690406587624 11.52230724645521 5348
0.932175 0.0213204960436463 0.01854225762254174 11.42968263009423 4308
0.953361 0.02294435072040265 0.0190860559881428 11.75993689219264 3563
0.974547 0.02261166449160156 0.02215942876996245 11.09609528478586 2448
0.995733 0.01899021948375755 0.01715162081512194 8.921714333111748 1868
1.01692 3.589956878429428e-33 2.045175651517302e-33 1.615566139952888e-30 1358
1.0381 3.89232351269925e-33 2.183391026092107e-33 1.68042922360647e-30 1062
1.05929 3.997077601148918e-33 2.186422645706298e-33 1.659569544660646e-30 776
1.08048 4.540990659904192e-33 2.540841044391331e-33 1.814687837842912e-30 432
1.10166 3.341328354314713e-33 2.308418753236411e-33 1.280233586866481e-30 200
1.12285 3.769637781776029e-33 2.726396575175504e-33 1.3879964037263e-30 168
1.14403 4.561039726696857e-33 1.644130474725463e-33 1.620259755977473e-30 56
1.16522 1.625170101187806e-33 1.999721022945933e-34 5.569417356831826e-31 7


0.0211858 984.051516273867 0.004423147787148293 7290681534.421283 18
0.0423716 6437.927661699783 3.065890763562154 9984938414.62775 62
0.0635574 16295.80002479328 45.50758108144352 10416267041.61176 98
0.0847432 29896.28238114082 278.4383588304506 10411824974.23371 210
0.105929 31046.17852082866 1018.969757505586 6957137967.660796 350
0.127115 15428.09768891335 1875.758678131881 2423982481.283149 450
0.148301 3173.917038458339 2686.106935156243 387818484.7079424 602
0.169486 3040.094504227093 2390.901110027519 276203914.0369379 762
0.190672 16827.14904646682 1190.537622979614 1143541565.982928 1142
0.211858 28766.30044666323 220.6144374644491 1581046162.832342 1250
0.233044 23611.59512523318 78.97174592498601 1067986104.55311 1458
0.25423 10650.52666164302 518.5931045256139 404106183.7308003 1814
0.275415 1169.835142630792 696.8189984564202 38476715.75277533 2178
0.296601 1724.166101289461 440.1756822351029 48367976.65673585 2498
0.317787 4572.5797914633 108.315961952042 110734341.578629 2622
0.338973 3785.213333207915 24.0753814280321 80459559.28063259 3338
0.360159 1449.752850398989 92.51240713364641 27366487.2448592 3722
0.381344 288.5249465610135 107.860648017633 4886524.23596359 4170
0.40253 430.6601097830559 58.15069233745396 6513360.119476665 4358
0.423716 587.4024338752367 20.52625950601807 7997565.070585196 5034
0.444902 427.9221356169421 14.5579883426673 5287251.496519103 5714
0.466088 245.9783885853475 16.89772608174061 2770363.155684937 5982
0.487273 156.2712286021916 14.42602916930785 1609442.082350185 6602
0.508459 127.6037018851385 9.892557335537273 1206006.002444704 7130
0.529645 81.15085740545537 9.1182100871257 707147.8030469047 8034
0.550831 57.03627051305713 7.886497108933932 459801.4413976033 8606
0.572017 49.89406830946962 6.105243557351033 372893.441603273 9066
0.593202 50.68063165349587 4.621014246409056 352073.3786283823 9962
0.614388 49.85033968169955 3.696133147761745 322799.3285278829 10550
0.635574 44.37008266712352 3.139332981159633 268406.416458081 11226
0.65676 41.97399026722586 3.056575329988111 237751.5728735345 12146
0.677946 34.87286319929936 2.306902503307404 185281.3937269676 12303
0.699131 19.35230449112049 1.776648927310837 96663.30729456365 12584
0.720317 11.01607624705399 1.067012468063099 51850.38897791082 12120
0.741503 7.979365150151038 0.6654120909370709 35436.224230403 11180
0.762689 4.59202171186397 0.4752950835625504 19275.56599290997 11096
0.783875 3.807662409635815 0.3161182306257371 15130.93853547222 10056
0.80506 2.692463782562674 0.2895765378404743 10144.15975132312 9716
0.826246 1.693043590835858 0.2834166305419119 6056.274751003469 8604
0.847432 1.226581714945662 0.2750580587032138 4170.799273872652 8060
0.868618 1.06611458343223 0.210347708618993 3450.191556503823 7320
0.889804 1.047461041539807 0.1621908636736461 3231.063803039613 6356
0.910989 1.12595215189381 0.1421317760869623 3312.620529563556 5348
0.932175 0.9464688301856005 0.09918273896552696 2658.233377582973 4308
0.953361 0.5931742239993764 0.09685608142080666 1593.059309030069 3563
0.974547 0.3339304367275776 0.06874824986883299 858.6666066268277 2448
0.995733 0.2007822825347748 0.04719172519188636 494.3267389213498 1868
1.01692 3.067978165109605e-25 4.16846027109471e-26 7.234518940817621e-22 1358
1.0381 3.147148101546335e-25 4.889977909838206e-26 7.119679956265624e-22 1062
1.05929 3.196989332436739e-25 4.985409835541209e-26 6.955503775761247e-22 776
1.08048 3.45140936410404e-25 5.492418772199549e-26 7.227307128030518e-22 432
1.10166 3.888459614033636e-25 4.936677245586655e-26 7.805907137508957e-22 200
1.12285 4.803192982493596e-25 6.603337907914252e-26 9.265597532443799e-22 168
1.14403 3.423892586157383e-25 8.878704119720216e-26 6.374870224771393e-22 56
1.16522 7.274124671013546e-25 8.764685458933836e-26 1.306223010118987e-21 7


0.0211858 145.5455823830519 11.13825390439247 2787839026.161983 18
0.0423716 1350.728567684635 55.82609444502967 4145920278.181759 62
0.0635574 5010.818885974486 83.91755812366341 5937630778.57189 98
0.0847432 13143.86144279286 52.84575079911993 8328192796.396361 210
0.105929 20477.14723437778 39.34375868086784 8286642746.676398 350
0.127115 14548.75005332383 376.1231975024176 4104778784.241615 450
0.148301 4551.42979391031 943.4466165432167 962779909.4096143 602
0.169486 1488.805427387353 965.2400887384769 252223422.1004003 762
0.190672 10440.81882767562 325.652345165894 1284046530.863569 1142
0.211858 13341.6012516267 41.92651218328535 1327789949.333044 1250
0.233044 4341.050874328171 318.5306956486269 357479270.0313187 1458
0.25423 765.607788887403 385.8951382025099 54237417.90896984 1814
0.275415 4023.415902088772 83.7737470737874 235568656.1156728 2178
0.296601 3144.768318534243 49.98944139976019 158725243.9935224 2498
0.317787 446.4537915726549 129.751288657145 19796351.45667471 2622
0.338973 790.9626557431159 55.55108420675614 30507032.54564391 3338
0.360159 966.595114545843 15.55345203080024 33003722.10330014 3722
0.381344 304.232642556055 31.06106521878402 9297120.337721292 4170
0.40253 234.9748365064441 19.84251559630453 6433105.011453649 4358
0.423716 226.0924726159543 10.24667194991676 5574233.544386645 5034
0.444902 141.8569857418817 8.522512713784886 3174708.920254322 5714
0.466088 121.1253575753705 5.491973017101545 2469072.529029308 5982
0.487273 74.12659458334359 5.106922188001395 1381960.195556143 6602
0.508459 42.65133962432012 4.670386498344134 730257.6302841707 7130
0.529645 45.83806936240846 2.800277596223256 722795.0745067747 8034
0.550831 40.66376404496791 1.976760978547231 592964.8325514505 8606
0.572017 32.54426930955157 1.650349513547241 440026.7123079968 9066
0.593202 27.28106875624803 1.475258651697112 342950.1417519067 9962
0.614388 23.26995449303753 1.367565813476 272710.8072773174 10550
0.635574 17.91885507293492 1.331543703039636 196212.2866698505 11226
0.65676 17.4345485425499 1.259024644222266 178747.5885909497 12146
0.677946 12.90188205266024 1.051203420104861 124086.909220352 12303
0.699131 8.543784109561273 0.6647701094591889 77237.48610602693 12584
0.720317 5.274427543631036 0.3798543562270268 44927.22585778281 12120
0.741503 3.288397273533916 0.2739219226724198 26432.02793637661 11180
0.762689 2.125123764686252 0.1745266250990034 16143.8444453289 11096
0.783875 1.64712843070942 0.1251647698316425 11845.78557044267 10056
0.80506 1.373105009465283 0.09339265982587963 9361.220107167746 9716
0.826246 1.133945447668312 0.07277052501373438 7338.193382877933 8604
0.847432 0.8643433289362125 0.07446672265625683 5316.736293743409 8060
0.868618 0.556515338899384 0.07099808609983965 3259.066061949956 7320
0.889804 0.4543511602688439 0.0617814004701816 2536.571878609984 6356
0.910989 0.4216610514851826 0.06078499271446286 2245.486609016313 5348
0.932175 0.4184121122026913 0.0378085677220486 2126.617986897761 4308
0.953361 0.2943577492116424 0.03251428077815859 1430.52285198089 3563
0.974547 0.1882213742842173 0.02132181740417355 875.7163865918216 2448
0.995733 0.1083475660999532 0.01535522856513333 482.6758839449519 1868
1.01692 3.285779786537532e-25 2.975339445358013e-26 1.40200405729629e-21 1358
1.0381 3.467737109066101e-25 3.59649141719134e-26 1.41952962816826e-21 1062
1.05929 3.480847437900362e-25 3.707636465050358e-26 1.370340280199271e-21 776
1.08048 3.781420346109337e-25 3.490445404987765e-26 1.432739171131494e-21 432
1.10166 4.422191459748288e-25 3.461213973974741e-26 1.606278386666997e-21 200
1.12285 4.54898031097254e-25 3.742638286182462e-26 1.587780655554986e-21 168
1.14403 3.912992629378922e-25 5.008245806427184e-26 1.318144992665032e-21 56
1.16522 6.081158503850944e-25 7.605542512764012e-26 1.976152277317866e-21 7


0.0211858 5.884896570769662 10.08211844861626 1436921105.89519 18
0.0423716 3.89828670145528 67.86279226019174 717229322.214985 62
0.0635574 318.4629511257133 165.4066413061549 914431195.0986853 98
0.0847432 2745.546943120003 248.2274301174492 2710942902.467653 210
0.105929 9714.9774848326 110.5950022435904 5741459089.535631 350
0.127115 12342.52231014157 26.19132655507324 5024885368.142929 450
0.148301 7322.920806800106 319.7077687327011 2187987679.30709 602
0.169486 598.6497645310409 566.009608823011 160985897.9060829 762
0.190672 5031.272919427138 235.9047594055022 900363235.5357174 1142
0.211858 7522.491787523366 35.43062329268129 1084943607.596169 1250
0.233044 1574.392272993427 224.8529214216939 189706637.8222458 1458
0.25423 1506.43209781168 164.4161988493568 151174578.2936399 1814
0.275415 2936.068739625637 20.40110879068208 248789340.7895835 2178
0.296601 614.6014248678273 90.27548785769389 45340278.29808728 2498
0.317787 741.2353474219584 46.73970046229437 47201087.18769979 2622
0.338973 797.3192969321815 14.66470867993199 44452508.56293684 3338
0.360159 212.3442165941384 27.7230244428748 10556331.12395537 3722
0.381344 289.1508242833206 11.05436843167573 12775797.83942307 4170
0.40253 174.5824099436361 9.315851333996244 6918289.758294445 4358
0.423716 123.466369644982 6.319742519954444 4409790.68342193 5034
0.444902 73.37950983390139 5.28970938397757 2379602.728566994 5714
0.466088 64.43497525827173 3.468779050919405 1902640.460240116 5982
0.487273 55.54952066084464 2.176587655358799 1498855.535789497 6602
0.508459 33.05639098201182 2.146921556461015 819089.436677278 7130
0.529645 23.70983755847397 1.768953654179756 541580.1284742408 8034
0.550831 19.81561571874564 1.352570770290289 418569.3701893831 8606
0.572017 17.89335454011866 0.9973670777195176 350344.5083032097 9066
0.593202 16.99316519530478 0.7700890922309143 309264.7903523829 9962
0.614388 15.04622197972665 0.6869267627329408 255265.7605680622 10550
0.635574 12.0300194496793 0.6538194999312876 190687.2113458965 11226
0.65676 12.09045600827679 0.5917057208027412 179424.8378817438 12146
0.677946 8.366630785524196 0.5405355542274656 116489.0186758702 12303
0.699131 4.947638707583836 0.3769511029229319 64760.37921659272 12584
0.720317 3.130391353563856 0.2105049181180582 38603.95106051469 12120
0.741503 2.278630310012695 0.129463408634887 26510.81837860459 11180
0.762689 1.315687026122112 0.09342663891109979 14469.22591780833 11096
0.783875 0.9541397156635535 0.0711615510008505 9934.53665444256 10056
0.80506 0.765386401603087 0.05572947202199768 7554.706617673014 9716
0.826246 0.6377147150018129 0.04306968548522436 5974.681316312993 8604
0.847432 0.6350546765401464 0.03241488848383527 5653.766898942086 8060
0.868618 0.4545963278635338 0.02988773711779409 3852.657608947145 7320
0.889804 0.3459349667329911 0.02828492447799169 2795.148039667195 6356
0.910989 0.2842067995613423 0.03076829237057197 2190.804803926125 5348
0.932175 0.2319011467880673 0.02235891198422328 1706.422651045262 4308
0.953361 0.1747308597441212 0.01796357283961042 1229.306454775867 3563
0.974547 0.1334826932143571 0.009846144564983795 898.8758757230368 2448
0.995733 0.09276981553015021 0.005982942189738018 598.0600279203113 1868
1.01692 2.970695265296979e-25 2.447922738095308e-26 1.834896765440803e-21 1358
1.0381 3.419480041443101e-25 2.752054946116427e-26 2.026147378296406e-21 1062
1.05929 3.549727394879329e-25 2.816019812953041e-26 2.022750784253735e-21 776
1.08048 3.177576914362793e-25 3.070349826839195e-26 1.742886821966577e-21 432
1.10166 3.814638605512703e-25 3.253677082124342e-26 2.005825655477674e-21 200
1.12285 4.104914412656592e-25 3.45103329208356e-26 2.074111295828252e-21 168
1.14403 4.68466420849861e-25 4.187209501718421e-26 2.28416588885807e-21 56
1.16522 1.442576916124959e-24 9.771787353035881e-27 6.782648293278581e-21 7


0.0211858 102.802510053989 2.319009940367835 3479230039.199528 18
0.0423716 474.9459267652838 24.43126900392991 3081485867.239731 62
0.0635574 543.4722213613779 96.92745352828891 1589621285.292199 98
0.0847432 160.7989294437798 244.2654142228939 501587348.8157867 210
0.105929 1873.356965485258 284.894628649378 1594013855.516628 350
0.127115 6907.009602542841 76.0578696538265 3707111570.983002 450
0.148301 8339.86583955001 51.72771659265857 3237437896.854882 602
0.169486 1921.206597526027 307.3723278323331 589518034.2705148 762
0.190672 1841.083001894041 229.7764046833235 440080325.5071925 1142
0.211858 5061.167035337009 22.59717154097871 956633910.3486943 1250
0.233044 1272.083744034201 138.3718448620386 200803989.5428429 1458
0.25423 1212.109249163109 99.44798534484653 159312024.709261 1814
0.275415 1830.416770820202 21.20726078659551 203289115.7221632 2178
0.296601 287.3993170230711 65.34927545351451 28056451.77568375 2498
0.317787 818.3651389254909 15.21134107180662 68088487.24476136 2622
0.338973 329.0336753574526 20.38132664193928 24103738.68574241 3338
0.360159 232.6127103232979 13.52146443485492 15104917.14597488 3722
0.381344 189.5437593002969 7.747062241913118 10973560.71064745 4170
0.40253 113.5479711051732 6.311216204802364 5896381.731553326 4358
0.423716 71.4326319074479 4.812561695494991 3344956.635161257 5034
0.444902 64.42806721958267 2.686196578862571 2734257.243349066 5714
0.466088 44.40128128164931 2.263221832700156 1717289.243591436 5982
0.487273 26.84674525483001 2.016306312149676 949918.4270617421 6602
0.508459 23.90819187804983 1.316013903571511 775790.4200716282 7130
0.529645 20.84201535661865 0.9044556784097671 623082.4506067936 8034
0.550831 15.80174685322532 0.7619205838564215 436972.3138761457 8606
0.572017 10.68994790728714 0.7379055347490029 274214.3045614567 9066
0.593202 8.95435415556879 0.649949606578957 213547.0443499005 9962
0.614388 8.10716459802739 0.567090980297128 180211.453447168 10550
0.635574 7.581460931301315 0.4601126098765831 157396.5268705403 11226
0.65676 7.554297441047943 0.4234016451282132 146826.2308576305 12146
0.677946 6.054585850509471 0.3328207585977038 110376.5431085574 12303
0.699131 4.007024999932609 0.2100508253377948 68660.09259012315 12584
0.720317 2.315594514882044 0.1269224835921694 37387.73688757648 12120
0.741503 1.573199175828198 0.08367115620290065 23966.43928361989 11180
0.762689 0.8886087270953205 0.06147838638965255 12796.75094256627 11096
0.783875 0.6905667516619191 0.04386345653956872 9414.198475087132 10056
0.80506 0.5864818665746199 0.03229395523201357 7578.641038794048 9716
0.826246 0.4514187538773569 0.02720046512065659 5537.500078015695 8604
0.847432 0.3627948320072765 0.02593779266570857 4230.056828571831 8060
0.868618 0.2520264555042456 0.02326721604967431 2797.533303692823 7320
0.889804 0.2190719260518615 0.0194425228586881 2317.992110350963 6356
0.910989 0.233906395663636 0.0172295292974361 2360.322839528927 5348
0.932175 0.1948851127505824 0.01202624027418399 1877.199141067608 4308
0.953361 0.1400795087837802 0.01027240246109093 1290.150788200759 3563
0.974547 0.09903949319029119 0.005901674652935747 873.1505730509303 2448
0.995733 0.06757793869923566 0.00363373097720371 570.3644174885687 1868
1.01692 2.877260858043255e-25 2.183803586598245e-26 2.326852715872606e-21 1358
1.0381 3.059459479304164e-25 2.352638496217882e-26 2.373541870908102e-21 1062
1.05929 3.381116339693653e-25 2.252087455808141e-26 2.522414551382383e-21 776
1.08048 2.880675690817628e-25 2.554348558645262e-26 2.068740632146125e-21 432
1.10166 3.735480487801304e-25 2.634471152237986e-26 2.571533063342453e-21 200
1.12285 3.876315293558848e-25 2.748281921870639e-26 2.564168614117377e-21 168
1.14403 4.001507040368525e-25 3.373254016720237e-26 2.55448846934159e-21 56
1.16522 9.218023113794563e-25 1.400751968034208e-26 5.67432706032251e-21 7


0.0211858 107.4978294297481 0.1667059819763897 4067733032.360528 18
0.0423716 731.4445712949447 0.1548953868396769 5151916875.508499 62
0.0635574 1711.356942460103 10.96203728726486 4865057391.622667 98
0.0847432 2166.868987203367 85.82115042150383 3424287659.667259 210
0.105929 433.9531026538257 251.7321695179965 613408652.3678545 350
0.127115 1645.536979803959 210.0372179210431 1169276058.727658 450
0.148301 5986.069662449167 39.66342231836487 2880068797.96802 602
0.169486 3893.424386722457 107.9286901025621 1430032888.27094 762
0.190672 553.6353600850566 204.463924305747 175191649.4159293 1142
0.211858 3289.713677406023 34.98893802536882 770527846.4238237 1250
0.233044 1439.509389302307 76.01060544689054 279355066.4532436 1458
0.25423 735.607091894141 79.34701792069575 120338895.0213529 1814
0.275415 1310.693845841867 16.76003506564197 180120989.5870896 2178
0.296601 241.2002949928462 45.59992736303502 29136711.63735652 2498
0.317787 634.8121894707699 9.430994120461465 65314316.57016576 2622
0.338973 185.8435137578953 17.37114414028128 16897959.70242981 3338
0.360159 213.1618709080066 7.67114439615436 17101490.22839442 3722
0.381344 119.5326182567449 6.569309964586877 8569588.917945521 4170
0.40253 88.4672043605059 4.289331908769935 5681452.631299104 4358
0.423716 56.48771184058796 3.256452614827237 3271095.645464088 5034
0.444902 47.44739747656824 1.940113756852037 2490507.407346141 5714
0.466088 25.67147751719891 1.982082273395255 1229595.283522632 5982
0.487273 24.32176971771357 1.209660421956221 1063491.885168779 6602
0.508459 19.86509900792317 0.8320135844432514 796856.1485502921 7130
0.529645 13.10680243452095 0.7692852496749293 484835.8944049184 8034
0.550831 9.211306745435021 0.6753801201290365 315270.8194527145 8606
0.572017 8.889267373109485 0.4732551344283294 281883.5439070535 9066
0.593202 8.21493237397349 0.3808725612601165 242119.7016621161 9962
0.614388 7.770454630632351 0.3113717633371293 213444.5221028128 10550
0.635574 6.083662855158523 0.304641090967478 156144.8754223354 11226
0.65676 5.925616758741727 0.2864921797533089 142390.3029639992 12146
0.677946 4.316301972596287 0.2469245406770661 97303.66871385444 12303
0.699131 2.553893816936881 0.1725635378531226 54126.67313751064 12584
0.720317 1.601982566852781 0.09695460732587274 31986.03652307743 12120
0.741503 1.074097335896915 0.06494907248521593 20234.83471679836 11180
0.762689 0.6490287715963251 0.04440045204065736 11556.93023849796 11096
0.783875 0.507863293887365 0.03157730930570701 8560.435109416554 10056
0.80506 0.4333334634687832 0.02318634827283415 6923.294658057006 9716
0.826246 0.3354523787268041 0.01937228128940128 5087.61878166292 8604
0.847432 0.2765513007031685 0.01804331784974394 3986.544770792602 8060
0.868618 0.1951224957285001 0.01603711460932039 2677.746432823515 7320
0.889804 0.1629473635063218 0.01382178826459854 2131.730706391367 6356
0.910989 0.1849876007793001 0.01156931037476858 2307.676692543381 5348
0.932175 0.1386883929611127 0.008982891590064348 1651.705157426585 4308
0.953361 0.1152811477662944 0.006558207314218397 1312.496913812764 3563
0.974547 0.06271392127077678 0.004954925905240764 683.7062172500009 2448
0.995733 0.03912653302392942 0.003360230834060456 408.4017348869883 1868
1.01692 2.805147663514102e-25 1.816429721866643e-26 2.804424813138031e-21 1358
1.0381 2.983685281986041e-25 2.072016596537783e-26 2.861661357019452e-21 1062
1.05929 2.857591287231759e-25 2.230331742221196e-26 2.635912530234042e-21 776
1.08048 3.136075329350565e-25 2.02412337036511e-26 2.78389555179622e-21 432
1.10166 3.01319182136781e-25 2.508093031524818e-26 2.564762075396412e-21 200
1.12285 3.563578123672917e-25 2.875538368306045e-26 2.914609550008945e-21 168
1.14403 3.350991373046484e-25 2.992783608483605e-26 2.644806302437412e-21 56
1.16522 3.930438077282356e-25 4.942438291648333e-26 2.993381711835391e-21 7


0.0211858 25.91960123399929 2.668547485336817 2353014768.309318 18
0.0423716 301.0475414953288 11.73797226989608 2995804508.456044 62
0.0635574 1248.130964119149 10.96427710040904 4299298092.971397 98
0.0847432 3026.737199183324 3.722046790938555 5465975365.024291 210
0.105929 2754.838582872748 84.35914976034793 3245572982.723412 350
0.127115 279.2436703710905 207.880840005896 332769152.3930062 450
0.148301 2197.809885184304 140.432495974376 1299835551.758206 602
0.169486 4383.911022185449 18.27727110928808 1906022387.54412 762
0.190672 856.8713993554911 137.7806024392067 309237039.0122446 1142
0.211858 1697.455892635388 65.82533063933698 477609926.6850884 1250
0.233044 1648.467418084351 32.92843066386046 379349073.8557899 1458
0.25423 390.429968340406 69.36688519942362 77301894.21110573 1814
0.275415 1028.494157257883 12.02618025316645 168460024.6974172 2178
0.296601 207.1209714474177 33.91344333043876 29832612.31175742 2498
0.317787 480.8508578711109 7.74789759027471 58974378.84851843 2622
0.338973 142.3539080563286 13.3216383242519 15445765.51477549 3338
0.360159 167.3172264690465 5.77756290817733 15999229.32238626 3722
0.381344 92.79743292004262 4.995373883950197 7931023.949869254 4170
0.40253 63.73932081751423 3.523091978075294 4881802.188861812 4358
0.423716 52.36289908821517 2.054092142435361 3610172.436143099 5034
0.444902 29.39930776190094 1.856006016834174 1841505.603871318 5714
0.466088 24.3002865155186 1.285547078483466 1385645.695028234 5982
0.487273 20.88294958478847 0.8225663363334501 1087629.398186017 6602
0.508459 13.79412353968721 0.7175467823102991 659648.8603932885 7130
0.529645 9.111801635170913 0.6400517898116185 401861.9972760793 8034
0.550831 8.916574810281483 0.4225962701963067 363335.1209587104 8606
0.572017 7.706572865165835 0.3206261366937451 291069.3577256218 9066
0.593202 6.324077746125274 0.2931851204902527 222079.136172799 9962
0.614388 4.73221052836554 0.3061129416486851 154987.7089120785 10550
0.635574 4.087265196173484 0.264808666863007 125041.7781312313 11226
0.65676 3.79853182222829 0.2603065215620334 108808.4877444901 12146
0.677946 3.425965713301631 0.1840538631640685 92008.7547685226 12303
0.699131 2.477991987783811 0.1051459389021066 62534.55478787689 12584
0.720317 1.329062732946605 0.069414264533169 31609.82233215473 12120
0.741503 0.8911971047639694 0.04643332807305241 19998.63224310421 11180
0.762689 0.5865040462960555 0.02912478595069265 12437.61594624706 11096
0.783875 0.3987632772716845 0.0238197952230449 8007.219232487758 10056
0.80506 0.2998111520234056 0.01981552609845282 5707.67893210675 9716
0.826246 0.262258053097976 0.01466479312384034 4738.275259897531 8604
0.847432 0.2502615439298659 0.01164217606309491 4296.41827848817 8060
0.868618 0.1789325534549302 0.01058231216672574 2924.374806787248 7320
0.889804 0.1289921903283019 0.01037858792188771 2010.276349934189 6356
0.910989 0.1147143736631621 0.01053851093230131 1705.456665903821 5348
0.932175 0.1051247118982293 0.006978117254342088 1491.468888082867 4308
0.953361 0.07758809460718108 0.00572498971944598 1052.512406786446 3563
0.974547 0.04984365638400486 0.003693675171556571 647.2944950995613 2448
0.995733 0.03141089968116322 0.002479963266702319 390.5491617790747 1868
1.01692 2.602071219749851e-25 1.653711174438292e-26 3.098815880253869e-21 1358
1.0381 2.772410870011297e-25 1.960085874592648e-26 3.167561833537461e-21 1062
1.05929 3.033786544687365e-25 1.863503070836069e-26 3.333046107228546e-21 776
1.08048 2.908771780775181e-25 1.845513746865938e-26 3.075791079285032e-21 432
1.10166 2.908542078179943e-25 2.062361384064827e-26 2.948762134110771e-21 200
1.12285 3.640974966992494e-25 2.541401934547998e-26 3.54697077613079e-21 168
1.14403 3.769905651951206e-25 2.419210598984878e-26 3.543701002416374e-21 56
1.16522 7.093675490266098e-25 1.607896258054726e-26 6.429962294291964e-21 7


0.0211858 3.270356550974542 2.941621454846787 1835723873.32627 18
0.0423716 2.178666600730482 20.22983140411568 1002094900.480832 62
0.0635574 173.7697589767737 45.96260539127837 1184062305.336214 98
0.0847432 1350.484710301315 50.8029069045803 3024716604.330985 210
0.105929 3501.682067198745 7.837938153308906 4677815914.494421 350
0.127115 2017.177080039743 85.2456250424209 1915091474.589735 450
0.148301 326.687543995131 178.4563630025146 288331712.7647402 602
0.169486 2833.958381814437 44.88377662373968 1440114239.009216 762
0.190672 1790.650592979522 59.28936350843992 722995455.9504812 1142
0.211858 580.7296775418728 88.88959704802258 196466671.3060201 1250
0.233044 1611.388938446492 12.54969773125847 429633497.5087439 1458
0.25423 273.4308581608283 57.36246328094894 63580170.62678908 1814
0.275415 801.750741007427 10.63885357643277 152557758.6881379 2178
0.296601 192.030400991732 25.8315431373274 32077920.41176876 2498
0.317787 371.0495346953596 6.901965193794697 52862972.94145814 2622
0.338973 121.4562925857966 10.2610089035093 15304624.75744064 3338
0.360159 130.5409518901056 4.79923093354427 14500163.19298076 3722
0.381344 77.26676570678248 3.842594329009892 7667519.532197998 4170
0.40253 48.44961421101074 2.94252696192404 4311832.168583887 4358
0.423716 44.65482807086315 1.511469477587245 3573414.400140889 5034
0.444902 21.90775861828916 1.560141829618349 1594550.20678012 5714
0.466088 21.44248079136467 0.9300668836332046 1418885.162068443 5982
0.487273 16.4214838548929 0.6741572901949118 993033.8740026281 6602
0.508459 9.861225791587444 0.6325671229717753 547864.6951004427 7130
0.529645 8.528742576962291 0.4478044067389776 436376.8838607783 8034
0.550831 7.919595919957225 0.2989943396844143 374472.1694038059 8606
0.572017 5.754988739992727 0.2776935231288808 252388.0317481897 9066
0.593202 4.250672119919424 0.2762323512951252 173400.9728741411 9962
0.614388 3.741595772486312 0.2460133081252866 142267.448049216 10550
0.635574 3.638176747087958 0.1924810227924712 129156.7030517527 11226
0.65676 3.503967697282933 0.1833179402698464 116456.9327855422 12146
0.677946 2.843462324677606 0.1418900119722658 88631.52937415644 12303
0.699131 1.756702140997565 0.0961512892872113 51473.69839074857 12584
0.720317 1.015287292926242 0.0579631464535809 28031.60157206136 12120
0.741503 0.6567979213925182 0.04017694223340325 17111.03972498822 11180
0.762689 0.4152616842620229 0.02627469548877195 10224.40449856449 11096
0.783875 0.3389072064496552 0.01792046351176866 7897.672158338111 10056
0.80506 0.260465052722636 0.01467818869770947 5754.288711598445 9716
0.826246 0.2023445871482596 0.01216600898686291 4243.482866000433 8604
0.847432 0.1722100555697214 0.01090977932385437 3432.404880528363 8060
0.868618 0.1591262748438569 0.007539833146893728 3017.798528997983 7320
0.889804 0.1408268037240398 0.006113776316904427 2545.73879619267 6356
0.910989 0.1216440943148601 0.006694845721971823 2097.827582295717 5348
0.932175 0.08980483597376428 0.005255207386472558 1478.588352160796 4308
0.953361 0.07348527436775912 0.003909946912913746 1156.623926075959 3563
0.974547 0.03997145857545815 0.002937389154901387 602.4624918990295 2448
0.995733 0.02667040145166385 0.001882388314341688 384.8281064909295 1868
1.01692 2.461270555923453e-25 1.547628747887552e-26 3.40179068168333e-21 1358
1.0381 2.67365583872403e-25 1.765649074174141e-26 3.545066392101486e-21 1062
1.05929 2.898957733666739e-25 1.724417379421796e-26 3.696196333433223e-21 776
1.08048 2.697884400068036e-25 1.812899557084759e-26 3.310993528295913e-21 432
1.10166 2.93326100484129e-25 1.869427333732026e-26 3.451058344136242e-21 200
1.12285 3.595428733115751e-25 2.3535910519724e-26 4.064788783239465e-21 168
1.14403 3.942681167967558e-25 2.095687771656773e-26 4.300603816688679e-21 56
1.16522 6.38646288390454e-25 9.967921581593221e-27 6.717404194394014e-21 7


0.0211858 41.00474878730944 0.7061482139413042 3152171923.659608 18
0.0423716 176.8834731410505 8.86258650062905 2595148591.180229 62
0.0635574 147.3330003121203 37.93508936058944 1193148324.680699 98
0.0847432 75.76014713666954 88.94371413570964 596423290.9227793 210
0.105929 1577.448539088866 65.06792205373777 2527039214.452426 350
0.127115 3021.141749915782 7.939934284946931 3175063491.586893 450
0.148301 1203.961924847237 104.9328747746335 967391585.2854578 602
0.169486 845.0779904487513 105.1213432229629 517965320.5082186 762
0.190672 2147.493793078696 17.60521950008415 979568976.2893529 1142
0.211858 296.1994873974916 81.8450036162741 119366988.8925254 1250
0.233044 1212.367108374184 15.54033502045008 368839223.4345723 1458
0.25423 375.0615558629668 40.27280872758219 97576032.39054903 1814
0.275415 567.5089694098102 13.11828603711236 123268491.2951103 2178
0.296601 207.3825416440425 18.92979979427579 39266571.77182457 2498
0.317787 283.635860122064 6.745180491889411 46067049.95819127 2622
0.338973 109.325588749895 7.992411923718481 15683666.82620027 3338
0.360159 104.3058748531682 4.111132160398137 13203082.5860382 3722
0.381344 65.77556902421782 3.059768849358505 7433844.588352852 4170
0.40253 39.125630421096 2.457843764843404 3967976.873775355 4358
0.423716 36.9352020354382 1.240977841288096 3366151.402164402 5034
0.444902 18.59230287836537 1.254028643550672 1541217.200205767 5714
0.466088 18.03980232435153 0.7487775138321253 1359330.14894002 5982
0.487273 12.80942656010722 0.5911888258399037 882422.7643400952 6602
0.508459 7.935864604360758 0.5290347488345203 502237.5988171205 7130
0.529645 7.926651258034974 0.3237402182618609 461567.8477488989 8034
0.550831 6.193711894667277 0.263595916613617 333555.6153831172 8606
0.572017 4.256093374493034 0.2528519835721074 212654.5116599709 9066
0.593202 3.46536895853393 0.2286039879433827 160989.8317603648 9962
0.614388 3.576611014664353 0.1772096903990845 154758.088735186 10550
0.635574 3.271533604553587 0.1445682184501693 132197.391440716 11226
0.65676 3.110726005028652 0.1397367138038814 117685.8845105478 12146
0.677946 2.22660474307445 0.122843263424945 79035.58103621309 12303
0.699131 1.303317036040832 0.08635413923720044 43496.9794718089 12584
0.720317 0.8347997881771048 0.04779149009190867 26242.26092134894 12120
0.741503 0.5932713063301902 0.03025551970230845 17592.56862430166 11180
0.762689 0.3944832299324538 0.01879963045515993 11053.89044420029 11096
0.783875 0.2659315390036847 0.01549193690237347 7056.346481553564 10056
0.80506 0.2172327533425693 0.01191062532541804 5463.659430226957 9716
0.826246 0.1780788074953477 0.009379303943698758 4251.086323548338 8604
0.847432 0.1587564246684512 0.00805312063578177 3601.481800275588 8060
0.868618 0.1053307686039898 0.0076636572895305 2275.30414338202 7320
0.889804 0.09275485609963731 0.006320588102100658 1909.754325379163 6356
0.910989 0.1035614933514043 0.005307684884908692 2033.084609979046 5348
0.932175 0.0705687068285545 0.004514612012591775 1322.850514992224 4308
0.953361 0.06586188994190821 0.002914524222499249 1179.939878537282 3563
0.974547 0.03266666751823366 0.002424715465789928 560.5371920188819 2448
0.995733 0.02337893501389564 0.001464167592975041 383.9866707583074 1868
1.01692 2.415516520125227e-25 1.432188698411636e-26 3.800462782333343e-21 1358
1.0381 2.638509553712779e-25 1.620432580739768e-26 3.982439301877991e-21 1062
1.05929 2.618512206296547e-25 1.662400730487313e-26 3.800889530400147e-21 776
1.08048 2.630209713195564e-25 1.637146752206459e-26 3.674446055316103e-21 432
1.10166 2.758201589226964e-25 1.707533360777367e-26 3.694099656595627e-21 200
1.12285 3.054196789774706e-25 2.111135678610939e-26 3.930925133981493e-21 168
1.14403 3.680455669838894e-25 1.985686020670707e-26 4.570146569417765e-21 56
1.16522 5.346515223126737e-25 6.384750731712973e-27 6.401101319154929e-21 7


0.0211858 44.63355772529549 0.1286809869423869 3451940347.206929 18
0.0423716 312.0890606749275 0.07171069752176257 4120176866.64261 62
0.0635574 699.930894418113 6.014611776718756 3688724895.35283 98
0.0847432 703.9125315719361 46.35423058334692 2178428515.772912 210
0.105929 149.9210795955092 108.4286790326518 519002688.2139544 350
0.127115 1712.440986916412 43.92793841319071 2070449574.172117 450
0.148301 2471.116814911221 21.89206329133785 2120917351.501038 602
0.169486 296.8559057107109 107.8689315073404 232887587.0577768 762
0.190672 1504.171993756174 28.50687162867573 774537342.9656807 1142
0.211858 698.7725645413278 48.34319140108526 296674143.9794215 1250
0.233044 629.7643422469905 31.15349397119853 217604753.8322899 1458
0.25423 569.247656827505 22.12351818570308 163722021.0622003 1814
0.275415 341.7908618435493 17.41382131411411 83876355.27673863 2178
0.296601 243.2133051392718 12.70929518851778 51376556.84153509 2498
0.317787 206.7922498814102 7.201490924824005 37769405.58031482 2622
0.338973 103.2449835226872 6.193794373928024 16603195.53254412 3338
0.360159 85.03712293038897 3.596595673829718 12086755.33199629 3722
0.381344 56.92138832790756 2.50336612648081 7218683.975011941 4170
0.40253 32.67818712995117 2.080250062572909 3720594.554407123 4358
0.423716 30.92471141706492 1.05589269977923 3162690.349582353 5034
0.444902 16.24734172453639 1.025437685892428 1511116.988590164 5714
0.466088 15.23938121181586 0.6288810531957024 1288464.399517918 5982
0.487273 10.34448724049516 0.5195339878218123 799837.7625769932 6602
0.508459 6.849081069178016 0.4365329121960817 486322.1417770555 7130
0.529645 6.974261821791162 0.258309107993921 455518.0301307433 8034
0.550831 4.885582685283355 0.2384452293419319 295287.3698078686 8606
0.572017 3.324071482399465 0.2256918668523827 186429.8540875984 9066
0.593202 3.214932173656598 0.1772816257211042 167484.1337223404 9962
0.614388 3.297440327560874 0.1350444841534626 160000.6891585963 10550
0.635574 2.768677568396904 0.1211882079942719 125502.0737669622 11226
0.65676 2.550714013812035 0.121426060286168 108262.878868219 12146
0.677946 1.888921296149472 0.1026087924562585 75213.90418590792 12303
0.699131 1.15711891982963 0.06958900199391919 43313.31341418424 12584
0.720317 0.7680957897046299 0.03686063863762779 27077.25814443693 12120
0.741503 0.5102452658454434 0.02495871373754296 16971.31522684358 11180
0.762689 0.3102740737824541 0.01700948968172299 9754.49074791875 11096
0.783875 0.2393709951746614 0.0121995211746061 7123.266500237752 10056
0.80506 0.190860583743737 0.009618207094340976 5383.936469370553 9716
0.826246 0.1423799517075455 0.008307512223930929 3813.030266810048 8604
0.847432 0.1168898175464201 0.007687954478799787 2975.43411273245 8060
0.868618 0.1139964672019261 0.005043563689632949 2760.397611467384 7320
0.889804 0.09687453447513572 0.004312833039720552 2236.130532823557 6356
0.910989 0.08223626645983546 0.004760309295152404 1811.06183800587 5348
0.932175 0.06938184664021931 0.00324149240664759 1458.325978226486 4308
0.953361 0.04446904712634325 0.003085629266294012 893.9926572355459 3563
0.974547 0.03516164148964904 0.001595536744919192 676.3959996055664 2448
0.995733 0.02085372256736839 0.00116324303128151 384.1252780687275 1868
1.01692 2.43214466233497e-25 1.307219387230706e-26 4.291600654814707e-21 1358
1.0381 2.715084618740947e-25 1.437350359356329e-26 4.595764224238353e-21 1062
1.05929 2.35223193876124e-25 1.651188877693997e-26 3.829999042858216e-21 776
1.08048 2.559938322682368e-25 1.365689432282925e-26 4.010597165638058e-21 432
1.10166 2.733602745718754e-25 1.56870370226697e-26 4.10606154206583e-21 200
1.12285 2.948826006226456e-25 2.028100020593401e-26 4.256776457136976e-21 168
1.14403 2.998034533399696e-25 2.525219781385088e-26 4.177010073286268e-21 56
1.16522 3.512982776694745e-25 1.596402705063705e-26 4.718947434497468e-21 7


0.0211858 10.03674939828538 1.375323217976641 2280674876.394995 18
0.0423716 137.3546310757686 5.866782053209663 2582709417.674935 62
0.0635574 611.387548749035 4.477259245093832 3595277891.756252 98
0.0847432 1406.810882580217 3.340213790247672 4275276485.585532 210
0.105929 865.3611690151861 59.99337987514528 1825223279.72678 350
0.127115 233.5238484294897 93.72754046731394 441054949.7324897 450
0.148301 2015.531360417345 22.99220738177421 1926370869.849558 602
0.169486 1149.526275354081 51.8461303726238 848059124.6375437 762
0.190672 571.6231372259053 57.26840504555731 340501866.1536866 1142
0.211858 1136.827079430149 16.65898096635939 524999256.3043866 1250
0.233044 226.420678948481 41.22196018946709 90873399.04754527 1458
0.25423 671.1747984001379 10.42154902413212 212858839.1054975 1814
0.275415 184.4027795279696 20.00032621779866 50962478.89813496 2178
0.296601 272.0962372545906 7.904807890796916 63484540.86462295 2498
0.317787 141.5799103470966 7.853903695612575 28801990.01901525 2622
0.338973 100.5425261864015 4.736809870092476 17905205.31374378 3338
0.360159 70.42332862065413 3.199577423098604 11109166.00962729 3722
0.381344 49.84184431429247 2.095925513094356 7009618.293240266 4170
0.40253 27.90515568154314 1.786358886935594 3524890.406330495 4358
0.423716 26.44507675527215 0.9090920832472531 2999312.100873765 5034
0.444902 14.21432643142223 0.8641667419609084 1466066.124118667 5714
0.466088 13.05334083781021 0.5397070423308653 1223845.779774728 5982
0.487273 8.715936482932868 0.4524584631566746 747436.2628776527 6602
0.508459 6.019735273018857 0.3664424526301957 473921.7032106286 7130
0.529645 6.011027633165202 0.2201728291006118 435286.0015322972 8034
0.550831 4.032930317831053 0.2118415045927826 270334.7100959676 8606
0.572017 2.851282666436873 0.1930222869134252 177322.6241903677 9066
0.593202 2.958981477863202 0.1418634318972754 170848.1316472183 9962
0.614388 2.900720422206058 0.1122083324953643 156025.2767528885 10550
0.635574 2.272802278718481 0.1089683555394119 114240.1497436112 11226
0.65676 2.164924631786844 0.1051491285978957 101875.5929075794 12146
0.677946 1.660801591335825 0.08583853660565488 73307.49800626676 12303
0.699131 1.120154345583504 0.05312082444260561 46462.04213388974 12584
0.720317 0.6735353353539136 0.03084971003181151 26319.81913783976 12120
0.741503 0.4212953863959673 0.02221848834320002 15536.23917072133 11180
0.762689 0.2609765453239193 0.01480911674328602 9096.101018318128 11096
0.783875 0.2010321685318493 0.01068605929421564 6632.217864900978 10056
0.80506 0.1480925410679447 0.009060598476974571 4632.412690050122 9716
0.826246 0.1311930435085397 0.006628619157449582 3893.949919803011 8604
0.847432 0.1258729576430912 0.005211495613736752 3549.588130130537 8060
0.868618 0.08457158609600365 0.005049896525873836 2270.950249114474 7320
0.889804 0.06987882164701013 0.004395142362378241 1788.773856894751 6356
0.910989 0.06651834672096962 0.004272924878309543 1624.104178197501 5348
0.932175 0.04853077013661559 0.003374945318993869 1131.28200885617 4308
0.953361 0.04231336147875984 0.002400246072581096 942.7074653376986 3563
0.974547 0.02656216340066311 0.001570246704219132 566.5443587933408 2448
0.995733 0.01784147059236696 0.00099790897956769 364.2869458849688 1868
1.01692 2.172839220359734e-25 1.315406256891396e-26 4.250399820233461e-21 1358
1.0381 2.345638382816243e-25 1.432733382469769e-26 4.401638397744917e-21 1062
1.05929 2.593073964088191e-25 1.335038246954092e-26 4.678626753671818e-21 776
1.08048 2.376871619246742e-25 1.431480499355803e-26 4.128097947847992e-21 432
1.10166 2.820173064422279e-25 1.426028527453525e-26 4.694931262963599e-21 200
1.12285 3.724319998286694e-25 1.613229383598582e-26 5.956999759419295e-21 168
1.14403 3.287313712103429e-25 2.269744235973878e-26 5.075662475307646e-21 56
1.16522 8.418620025700592e-26 3.395882898738295e-26 1.259890042494639e-21 7


0.0211858 2.797177517871714 1.469486939382699 2050050805.203451 18
0.0423716 1.204260241934188 10.44925576306875 1173528414.877756 62
0.0635574 101.2162736644903 23.25486973631346 1228900265.281481 98
0.0847432 802.5287314019081 21.64554852391272 2861723005.734337 210
0.105929 1746.592429929779 7.10653530388926 3689326593.751122 350
0.127115 519.1779866648408 67.51786080790151 864871197.7037604 450
0.148301 618.5743676466966 71.4067264741125 712049048.9224607 602
0.169486 1751.929053560334 10.65203228140036 1386230752.686557 762
0.190672 286.5508135316369 59.58460092906972 199312141.0740308 1142
0.211858 1054.193610498564 11.33350922880363 534285194.6229102 1250
0.233044 223.897948992977 34.68646249760464 98309462.63133124 1458
0.25423 573.4329998047067 9.475606767282729 199918201.7369568 1814
0.275415 142.3446169930975 18.25348894982396 43546451.8671987 2178
0.296601 265.5525336082172 5.50829976459631 67952680.86309804 2498
0.317787 96.75994472261053 8.068842254301357 21763510.59982882 2622
0.338973 97.36930930866559 3.648629176138226 19022542.02179497 3338
0.360159 59.48986963909027 2.864535066611032 10316064.63894497 3722
0.381344 43.70663914075897 1.805363199988359 6752305.032351742 4170
0.40253 24.47625716033032 1.542189398298718 3396822.897072963 4358
0.423716 22.91480846237033 0.7948642932891178 2854690.663848578 5034
0.444902 12.47851254552672 0.7453263309089455 1413754.941079992 5714
0.466088 11.28145934051157 0.4727076958647999 1161782.697992555 5982
0.487273 7.619693370242183 0.3913008857146544 717667.5075859812 6602
0.508459 5.285412614171412 0.3159134899747952 457008.1049042501 7130
0.529645 5.203592865785633 0.1928291892890731 413815.9929888452 8034
0.550831 3.455840094685836 0.1865671883005437 254432.5173441309 8606
0.572017 2.575663535259944 0.1628477098062997 175875.0974780139 9066
0.593202 2.671269527083788 0.1185853700055119 169335.4687543335 9962
0.614388 2.493145304289041 0.09912952109066762 147260.7485695686 10550
0.635574 1.894959579547551 0.09878600145663968 104613.3393574029 11226
0.65676 1.914026626216735 0.08982982887051545 98893.31389968169 12146
0.677946 1.486593248417125 0.07253863038215703 72042.4863993133 12303
0.699131 1.037421235893376 0.04305683446343792 47235.90810572895 12584
0.720317 0.5690253443941018 0.02767991482853053 24417.67068955465 12120
0.741503 0.3651126048579391 0.0193564851633706 14784.08985634428 11180
0.762689 0.2351852511500239 0.01244891878666685 8999.258343574798 11096
0.783875 0.1742617910912962 0.009312636374010936 6312.369329906097 10056
0.80506 0.1442626577127709 0.007058443284180069 4952.799166443367 9716
0.826246 0.1136856397774539 0.005786993512937738 3704.840353414221 8604
0.847432 0.09257704674223625 0.005430545488985654 2867.713196439595 8060
0.868618 0.07676105067623634 0.00420160862290961 2262.790384075905 7320
0.889804 0.06088977524212423 0.003813535647362896 1711.32288070557 6356
0.910989 0.07366307898552488 0.002884414989634954 1973.419040782142 5348
0.932175 0.05312415117650475 0.002347420258457152 1358.794898333906 4308
0.953361 0.04198520359404641 0.001816349989901164 1026.647726960475 3563
0.974547 0.02356937259818846 0.001340488346370652 551.8972993542048 2448
0.995733 0.01559170943541286 0.0008646171084002254 349.5093526838458 1868
1.01692 2.202008745487861e-25 1.205480459763642e-26 4.728534035986117e-21 1358
1.0381 2.443495585446748e-25 1.292409803428178e-26 5.033254358694033e-21 1062
1.05929 2.335630376486328e-25 1.367137088303332e-26 4.627132335312612e-21 776
1.08048 2.189811307898269e-25 1.359477399659655e-26 4.175560770677075e-21 432
1.10166 2.452458923789965e-25 1.623037244883876e-26 4.483553706994878e-21 200
1.12285 3.095679507661201e-25 1.984791705960739e-26 5.43787159145431e-21 168
1.14403 4.306496287097895e-25 1.706338319197021e-26 7.296571589394774e-21 56
1.16522 5.910685057540539e-25 4.553746342090731e-27 9.655649598446256e-21 7


0.0211858 24.405148664836 0.30869728532128 3044925614.428061 18
0.0423716 104.3848666930068 4.57843306191877 2488538758.934362 62
0.0635574 76.80904116074022 21.11574186546037 1159943820.826661 98
0.0847432 68.19567760116325 47.87702663668098 731034389.1677333 210
0.105929 1109.474406628871 25.29100630426988 2650120079.145213 350
0.127115 1478.541585884316 13.16116629628963 2352548788.214751 450
0.148301 260.1746178764242 75.97723519835947 381007733.4742894 602
0.169486 1176.386412581655 25.76807629732093 1028039887.199426 762
0.190672 689.9677512934778 32.55592211564962 481702767.6839836 1142
0.211858 547.1352783980209 27.33091115124082 308273814.6551998 1250
0.233044 475.1721713303701 17.77336447423691 218004001.7559205 1458
0.25423 344.1729688987416 15.71171219880875 132157477.7729611 1814
0.275415 197.5666301023772 12.73152458244276 64833632.87022616 2178
0.296601 215.8775838043194 5.660997094374745 60299601.22816961 2498
0.317787 79.61405051879916 7.364959458874829 19578310.81828437 2622
0.338973 90.15805402442423 2.998073458135001 19184353.03130306 3338
0.360159 51.79657918232945 2.547005319627035 9793245.795278674 3722
0.381344 37.90774690872242 1.614813115256657 6384292.976297575 4170
0.40253 22.29390939375079 1.320651931583853 3370904.881678435 4358
0.423716 19.84940833593961 0.7146591170707388 2695010.469349589 5034
0.444902 11.09626290025074 0.6501410844569467 1369950.289948381 5714
0.466088 9.763536392503905 0.4238251447017309 1095757.895465039 5982
0.487273 6.868232262244319 0.3364012845661439 704727.703513834 6602
0.508459 4.624002191946084 0.2791324059824069 435695.2164963027 7130
0.529645 4.563478157934512 0.1705795181576964 395386.7335507231 8034
0.550831 3.045038058946554 0.163898660744987 244258.2461501889 8606
0.572017 2.343213577288775 0.1394061964145464 174286.5542070263 9066
0.593202 2.395535829322744 0.1022017169062783 165415.4180178076 9962
0.614388 2.143747088997543 0.08976026751504537 137956.1004700108 10550
0.635574 1.632635180545438 0.08860842936072116 98201.44129239257 11226
0.65676 1.722923696095917 0.07713606709323123 96962.43219544612 12146
0.677946 1.351284256479067 0.06169551577662543 71324.50370171525 12303
0.699131 0.9148025259179892 0.03785126860376205 45371.81372159482 12584
0.720317 0.4873598984811656 0.02501959497909201 22783.69427619252 12120
0.741503 0.3206394658416118 0.01705659336306387 14142.87673549625 11180
0.762689 0.2146971029927144 0.01056603537943789 8947.503076976374 11096
0.783875 0.1571084769506591 0.007996928167229802 6198.500390763389 10056
0.80506 0.1307277621862283 0.006019882267909755 4888.178254698406 9716
0.826246 0.09525576210121865 0.005338998998425646 3381.866397047389 8604
0.847432 0.0766519238519176 0.005020989359651127 2586.913663620192 8060
0.868618 0.06974684316168325 0.00358999716652751 2239.264307883095 7320
0.889804 0.06927787486874269 0.002531935331385593 2119.214915214888 6356
0.910989 0.05468406111938016 0.003073640945517687 1596.375846313863 5348
0.932175 0.04427784206412359 0.002201509542004333 1233.707909605258 4308
0.953361 0.03213261613696087 0.001849969034093183 856.1033691225848 3563
0.974547 0.02153022401148048 0.001135429275617116 549.0614604085018 2448
0.995733 0.01389945660809528 0.0007498020532093068 339.3509304169897 1868
1.01692 2.045042700629478e-25 1.146431935935976e-26 4.783236805896707e-21 1358
1.0381 2.290760439139838e-25 1.322986585690593e-26 5.139936014071687e-21 1062
1.05929 2.306933231245669e-25 1.259117430985088e-26 4.977427358756644e-21 776
1.08048 2.344399884436582e-25 1.209525120019668e-26 4.867926397903136e-21 432
1.10166 2.868656971432635e-25 1.263649266524839e-26 5.709593265644625e-21 200
1.12285 3.184654822565926e-25 1.673725532852074e-26 6.091573189646899e-21 168
1.14403 2.866257266665663e-25 2.143322521710512e-26 5.292500907901139e-21 56
1.16522 1.110619597143096e-25 2.678217219098437e-26 1.983979283162512e-21 7


0.0211858 25.01595060742211 0.1201878651224068 3162950086.405665 18
0.0423716 181.7418931642722 0.04829493006656553 3630528224.973828 62
0.0635574 405.5654934044546 3.600125575069719 3197250784.396454 98
0.0847432 359.0285228861521 29.26212652412822 1766820830.22961 210
0.105929 159.7926320783462 59.83585299912503 690951517.5647416 350
0.127115 1271.811508953089 13.38155485518853 2201475300.039296 450
0.148301 1037.07252529759 31.1260102314772 1317361491.875471 602
0.169486 307.3339279687549 56.47585741067529 330188286.7097041 762
0.190672 1001.82462276596 11.16069361610026 741580377.4539789 1142
0.211858 187.9467846840794 37.98999865765431 124028771.6007569 1250
0.233044 616.3155358663931 6.858979339426987 302933732.4576747 1458
0.25423 168.6926600314486 20.30058363488962 72169834.66059774 1814
0.275415 267.3228267017215 7.075513230921205 93945482.47530109 2178
0.296601 146.352610696455 7.138121510142645 44545041.31367434 2498
0.317787 86.92099169176936 5.798846419354186 23026729.64117481 2622
0.338973 77.83693828098809 2.769677806885093 17941819.81774437 3338
0.360159 46.70360787761942 2.233420119340353 9559504.739474522 3722
0.381344 32.30122481931419 1.500734649532955 5893533.702949667 4170
0.40253 21.16335896771576 1.109917084745812 3461211.145698914 4358
0.423716 16.97894799594171 0.6667424393089714 2496383.698558201 5034
0.444902 10.08702992202235 0.5671404260405284 1347784.658494585 5714
0.466088 8.409433917406975 0.3895014558720241 1021860.170608732 5982
0.487273 6.34510991209893 0.2874880290564248 704400.3022178868 6602
0.508459 4.048696466622241 0.2509321062754152 412985.2699889982 7130
0.529645 4.046980457146113 0.1521494467336511 379460.0007098272 8034
0.550831 2.746968120548064 0.1436874990788341 238444.3816767399 8606
0.572017 2.114473717298389 0.1222954092823808 170188.3502684531 9066
0.593202 2.145861282106909 0.09006144115192616 160335.904419126 9962
0.614388 1.868469905815789 0.0816196142540897 130128.0255705775 10550
0.635574 1.445649835884699 0.0789876449803284 94098.58338036813 11226
0.65676 1.562236464529724 0.06706359569251268 95124.27553961246 12146
0.677946 1.232174985820418 0.05331122295166998 70364.75826854246 12303
0.699131 0.7963681031522558 0.03450292880578922 42741.43129847113 12584
0.720317 0.4289963039694361 0.02243476089129905 21701.54306261466 12120
0.741503 0.2824215105388468 0.01528996721350377 13479.57044225536 11180
0.762689 0.1965688940800087 0.009103236200471241 8862.638526360497 11096
0.783875 0.1396366117877667 0.007110270293387314 5960.881461514386 10056
0.80506 0.1067308500264879 0.00584004082102628 4319.440237492424 9716
0.826246 0.0863013825093521 0.004657992020366747 3314.898485522503 8604
0.847432 0.08227166883348927 0.003728740346004894 3002.128458997266 8060
0.868618 0.06374281170057915 0.003100713522895778 2213.999380596475 7320
0.889804 0.05392576844989815 0.002655214434628547 1785.410675242414 6356
0.910989 0.04463550834947444 0.002929063757694585 1410.205974132626 5348
0.932175 0.03509147190346837 0.002173264120342415 1058.217817729274 4308
0.953361 0.02508929014739563 0.001825984763309281 723.5189296689755 3563
0.974547 0.02010201175024065 0.0009572655221917308 554.5536226994616 2448
0.995733 0.01197089064544873 0.0006879055194045442 316.2319983500257 1868
1.01692 2.038881713734526e-25 1.074200546474802e-26 5.158966001436e-21 1358
1.0381 2.366077493051571e-25 1.215390434612394e-26 5.742883403778762e-21 1062
1.05929 2.178564709263615e-25 1.295407207626362e-26 5.085896775488374e-21 776
1.08048 2.09023582080363e-25 1.243897831510912e-26 4.696331840344161e-21 432
1.10166 2.232153641842243e-25 1.578625148420167e-26 4.809074145601199e-21 200
1.12285 2.754432792853225e-25 1.706734008424511e-26 5.70105715187243e-21 168
1.14403 3.623533447895957e-25 1.54071576683636e-26 7.234159490152531e-21 56
1.16522 4.151392351528121e-25 6.150366038558844e-27 7.990779820800213e-21 7


0.0211858 4.734382696111692 0.9016763871891911 2257942393.674951 18
0.0423716 77.22463298758547 3.876129056495753 2339902059.088515 62
0.0635574 372.0243662114141 2.778092479338194 3167083604.463409 98
0.0847432 840.4186454802485 2.829444736952447 3642926207.905123 210
0.105929 395.4371531595722 42.44947104880684 1301148628.346818 350
0.127115 317.6762831016038 49.14049774014813 720111704.4369056 450
0.148301 1368.65682330926 7.876287189868387 1827295080.849712 602
0.169486 299.305604681525 49.71026343574613 344842651.6037453 762
0.190672 733.4574375690654 17.39701429988468 590159513.0658196 1142
0.211858 298.5607363719624 28.19781293114072 201724667.8251301 1250
0.233044 464.0880420557418 10.14463901679537 246899775.0881954 1458
0.25423 167.3444469860241 17.49445450332405 76823100.76658538 1814
0.275415 268.9868656391686 4.972481693491312 101515145.4241077 2178
0.296601 96.32653314880342 8.018642158434943 31904382.70147036 2498
0.317787 103.0059530521259 4.03418515249935 29187262.57419128 2622
0.338973 63.00121998031426 2.797520421969743 15666188.89483396 3338
0.360159 43.06175246463623 1.947241886730495 9484656.429936958 3722
0.381344 27.29631695515307 1.423174552192725 5366990.176871545 4170
0.40253 20.63388079515684 0.91671674714788 3627990.806820993 4358
0.423716 14.28070327061729 0.6421420636650703 2261710.281010266 5034
0.444902 9.407839792015027 0.4911599003334582 1352301.454143268 5714
0.466088 7.200484880083125 0.3652100800603634 942145.5776891318 5982
0.487273 5.956106628678822 0.2449943286074037 711230.3833312993 6602
0.508459 3.582368048258242 0.2271373085048802 393331.5431242906 7130
0.529645 3.604058924024446 0.1376023975260786 363634.7533653404 8034
0.550831 2.531898979955156 0.1254725865584343 236436.511964935 8606
0.572017 1.895186307784047 0.1096195645579154 164141.7124765382 9066
0.593202 1.921643631709293 0.08085946451202594 154487.903863733 9962
0.614388 1.656304787813375 0.07409552150166239 124119.5041765361 10550
0.635574 1.300537269231825 0.07055908272275889 91080.85184643292 11226
0.65676 1.421689368588086 0.05910835322626103 93127.09238567899 12146
0.677946 1.118933905412967 0.04710593169191029 68740.69814279406 12303
0.699131 0.6988542146439313 0.03168343473788218 40357.06746484122 12584
0.720317 0.3848461255651546 0.02009175348563998 20944.96142482623 12120
0.741503 0.2532542477570431 0.01370352648859037 13004.32926326936 11180
0.762689 0.1775414545330782 0.00809570915042543 8611.321310316482 11096
0.783875 0.1246031254951668 0.006404050173513932 5722.507769697468 10056
0.80506 0.09225556399021939 0.005406949889141933 4017.330212740526 9716
0.826246 0.08066410408847025 0.004008599768868422 3332.655750205897 8604
0.847432 0.07815365014891139 0.003123771892601323 3067.306402449425 8060
0.868618 0.05738809712791278 0.002765000417684726 2144.259609740299 7320
0.889804 0.0402706570219068 0.002790272521015413 1435.294400484179 6356
0.910989 0.04324564043689146 0.002460747461460557 1469.426365839546 5348
0.932175 0.03130867866323232 0.001955840954003507 1015.698421679199 4308
0.953361 0.02991112526766994 0.001247796217608326 927.0826795974026 3563
0.974547 0.01455537300562135 0.001042974816665538 432.2393283052622 2448
0.995733 0.01199563121072289 0.0005489026719443457 340.7761172750342 1868
1.01692 1.982620542439674e-25 1.028767361795224e-26 5.396392315089731e-21 1358
1.0381 2.161553949574287e-25 1.202188211936489e-26 5.644280853952632e-21 1062
1.05929 2.466862393878904e-25 1.049013242654267e-26 6.19246032990738e-21 776
1.08048 2.145977638394021e-25 1.108932854925589e-26 5.185727937397436e-21 432
1.10166 2.719293890654688e-25 1.194111202566235e-26 6.298491454952144e-21 200
1.12285 3.218091214061673e-25 1.303813129023954e-26 7.161740609839393e-21 168
1.14403 2.964323333459048e-25 1.875514998698793e-26 6.368725614709444e-21 56
1.16522 9.232716493231603e-26 2.440166989764904e-26 1.921280435866804e-21 7


0.0211858 2.685728131233573 0.8892213119884261 2191653272.330952 18
0.0423716 1.147313033022366 6.599806908502057 1300416536.262479 62
0.0635574 62.52773552442363 14.80361886923152 1220785758.282618 98
0.0847432 534.049401814028 12.57759042824962 2658049447.606811 210
0.105929 1047.036017311636 7.198733262564177 3065079784.561941 350
0.127115 186.7581877836517 49.06482175705261 523173440.1117892 450
0.148301 692.5941598017389 31.5965410620948 1039938731.866183 602
0.169486 876.6513137657054 17.42333722561241 959864671.3671185 762
0.190672 280.4400292305158 33.08952761925507 259105537.6711801 1142
0.211858 584.656396722768 11.10111359336143 406005446.950927 1250
0.233044 201.8466152670915 19.09623927159829 119373600.188322 1458
0.25423 275.8857657686146 10.08986864548818 132151886.3776275 1814
0.275415 193.6032728980515 6.747426188011164 78753194.739483 2178
0.296601 89.16440888742541 7.151903236281915 31645063.43838331 2498
0.317787 108.5246851388225 2.921690807242494 32836194.07543924 2622
0.338973 50.58488946383502 2.820527486935572 13514761.69588024 3338
0.360159 39.54749507776786 1.728503361192289 9328592.249891892 3722
0.381344 23.61444101024589 1.333862230298006 4978215.009779298 4170
0.40253 20.03696239441301 0.762077778776881 3769243.875221699 4358
0.423716 11.95032204947912 0.6245605127475153 2029389.229931391 5034
0.444902 8.94256412562153 0.4225856333554953 1375726.145259263 5714
0.466088 6.182143884066631 0.3449838633281032 866860.0221769741 5982
0.487273 5.606541998407479 0.2105166760721074 716578.8347185045 6602
0.508459 3.248207073039712 0.2044870076634034 381918.8304401675 7130
0.529645 3.195833609814759 0.1271251805674712 345299.4757398573 8034
0.550831 2.377334024164815 0.1089896663246063 237623.8692245822 8606
0.572017 1.699178937516988 0.09958291545771572 157588.9437337447 9066
0.593202 1.719438169769904 0.07381678891511635 148005.8075294729 9962
0.614388 1.490979941690265 0.06716290077366466 119623.8608562224 10550
0.635574 1.178261514400612 0.063524047389537 88344.8456630748 11226
0.65676 1.294921728139187 0.05287034667281824 90804.04753666662 12146
0.677946 1.011484097985567 0.04251320524116847 66523.06437086721 12303
0.699131 0.6210636764693289 0.02911005267133776 38398.36445574633 12584
0.720317 0.348744904983134 0.0180849666009948 20318.90486487032 12120
0.741503 0.2319179869248549 0.01221644114357922 12747.87189954414 11180
0.762689 0.1578568392842452 0.007437427966633386 8196.952849586854 11096
0.783875 0.1129382048113243 0.005763540272002776 5552.390490462284 10056
0.80506 0.08781423741625469 0.004652455781291844 4092.552736992054 9716
0.826246 0.07482378378671599 0.003522282692836237 3308.863026212441 8604
0.847432 0.06508991926865069 0.003104131412280077 2735.383177955352 8060
0.868618 0.04860922949803459 0.002662402200417459 1944.693625451736 7320
0.889804 0.03745118991577462 0.002459631931205965 1428.718403834994 6356
0.910989 0.04516648855609996 0.001911328840371377 1641.988689972748 5348
0.932175 0.03226178078473856 0.001563735583830847 1119.842416863698 4308
0.953361 0.02699099647453386 0.001133251554089528 895.4810432879024 3563
0.974547 0.01720940504212516 0.0007269906968183894 546.5753712786955 2448
0.995733 0.00969891622869334 0.0005557844116848983 295.0274300332949 1868
1.01692 1.906014074106088e-25 9.94025804358484e-27 5.55315820630568e-21 1358
1.0381 2.117509754956274e-25 1.145216361369334e-26 5.91829953386431e-21 1062
1.05929 1.858560118984736e-25 1.257406295970604e-26 4.997059701010063e-21 776
1.08048 1.988038788912907e-25 1.01958567800706e-26 5.142141314951284e-21 432
1.10166 2.343882740965504e-25 1.418160203675799e-26 5.813341055785675e-21 200
1.12285 2.327150109593965e-25 1.540374965457534e-26 5.546723198697158e-21 168
1.14403 3.160869143307806e-25 1.615594115780106e-26 7.267158347184481e-21 56
1.16522 4.223905821514536e-25 7.377842908335898e-27 9.360672884535464e-21 7


0.0211858 17.06952203922537 0.151685838557915 2991120780.074727 18
0.0423716 74.34208291454145 2.718727463796948 2472957991.442956 62
0.0635574 53.53742851090606 13.6554556182376 1200859268.52638 98
0.0847432 55.79624054906095 30.80832811526147 811212475.1604357 210
0.105929 803.1338206967466 13.11077411065648 2571877134.443444 350
0.127115 829.4315259151473 14.85735479011268 1800739585.691029 450
0.148301 151.3301720930307 50.43930701572866 329051204.6280763 602
0.169486 965.2386023158673 8.099743203096075 1116286860.604682 762
0.190672 235.9379281199348 31.01979249980814 236066922.5111204 1142
0.211858 586.087326031827 7.544137882202008 432730571.0294313 1250
0.233044 123.3817050222705 20.14288753630159 80839598.74917777 1458
0.25423 327.866184647968 5.62242137615243 166151177.9452094 1814
0.275415 110.400130227332 9.149859025693647 48824599.86430612 2178
0.296601 111.6284307034613 5.096781362742323 41819056.00131031 2498
0.317787 94.52387196102947 2.842065895417621 30534132.03156184 2622
0.338973 44.39271082787386 2.63918983888876 12667107.81546052 3338
0.360159 35.43877395603263 1.59498804366542 8919337.329232035 3722
0.381344 21.72918277824497 1.200299189327441 4885139.469806945 4170
0.40253 18.7487282275701 0.6675831414127119 3759367.321873205 4358
0.423716 10.27385180863307 0.5954803645615819 1862465.77316936 5034
0.444902 8.520359118747567 0.3657372176481962 1396818.053816661 5714
0.466088 5.434299918257587 0.32231205698023 812966.922136816 5982
0.487273 5.206135138805873 0.186200243064243 709261.0728203224 6602
0.508459 3.056738514586936 0.1809311680612457 383068.416738532 7130
0.529645 2.802370040738919 0.1204453652758984 322912.6896477205 8034
0.550831 2.259685553044059 0.094386119789475 240695.6987698286 8606
0.572017 1.538104638729913 0.09082284073967942 152092.296677422 9066
0.593202 1.536519377201693 0.06837862037173882 141012.1262195212 9962
0.614388 1.359102513294012 0.06087252023538937 116238.6017585934 10550
0.635574 1.070146484178947 0.05777014777485188 85537.1273384259 11226
0.65676 1.176448860191946 0.04810139828669666 87937.02205750051 12146
0.677946 0.9115123182923345 0.03903852112115483 63904.12898721048 12303
0.699131 0.5576811525530831 0.02679222813686407 36755.80568882291 12584
0.720317 0.3181338325844063 0.01638387959355786 19757.20722933302 12120
0.741503 0.2150428901317144 0.01089494871920734 12598.14673561745 11180
0.762689 0.1398862867472329 0.006940680203014742 7743.454301559126 11096
0.783875 0.1037451594424247 0.00518537664653223 5436.223676136013 10056
0.80506 0.08510738200801971 0.0039635221674032 4226.442950659752 9716
0.826246 0.06852149271884314 0.003177053268663415 3229.614208901797 8604
0.847432 0.05368561816394685 0.003096915747551359 2405.712869799354 8060
0.868618 0.04274118229544602 0.002492764139912875 1822.80899217118 7320
0.889804 0.03820423304175327 0.00202610454011037 1552.693443611863 6356
0.910989 0.04309908499464791 0.001635322392427255 1669.668470425932 5348
0.932175 0.03313991393748383 0.001227859186582168 1225.535686577711 4308
0.953361 0.02150385486510261 0.001187245892854277 760.7147480919127 3563
0.974547 0.0158344317827789 0.0006522840383527441 535.972390598324 2448
0.995733 0.008547829667472863 0.000519143498564031 277.1550681713654 1868
1.01692 1.785508122903845e-25 9.880283818347e-27 5.544904628886825e-21 1358
1.0381 2.154267410799243e-25 1.099735947915175e-26 6.416670666006536e-21 1062
1.05929 2.157472071490575e-25 1.022674316217285e-26 6.179082757554331e-21 776
1.08048 1.938519634178253e-25 1.016137119401926e-26 5.344071240285915e-21 432
1.10166 2.358774204734175e-25 1.347384758165094e-26 6.234616468377342e-21 200
1.12285 2.644234518515666e-25 1.389138505423466e-26 6.714843862882122e-21 168
1.14403 3.000162705870015e-25 1.655650484770121e-26 7.35178722222628e-21 56
1.16522 2.455851782098777e-25 1.331469750820503e-26 5.805244588463051e-21 7


0.0211858 15.99021996223517 0.1188551701747293 2987252894.872437 18
0.0423716 121.7147453462879 0.05805788420389682 3330928409.542692 62
0.0635574 276.4429499898135 2.257942305743347 2939047574.377957 98
0.0847432 229.7327941143818 20.20145440873544 1603769217.263715 210
0.105929 153.0938909746324 38.18991409477391 816056761.2585857 350
0.127115 930.8398790269458 5.683117249354608 2110170616.798187 450
0.148301 489.7404374396621 30.32724748775689 857781771.9998198 602
0.169486 429.1239641493455 27.88964176730408 559879327.4582553 762
0.190672 521.2363405371586 14.50988731932365 512953576.5051976 1142
0.211858 301.2093110907994 17.54902002525526 243830656.3255693 1250
0.233044 259.1858179053957 11.75964798939056 169948610.6898245 1458
0.25423 249.263824120892 7.428304640937966 135085708.9364867 1814
0.275415 90.45804610073341 8.858338188837363 42834543.89253237 2178
0.296601 127.2492974818677 3.496687840159752 50349825.94117595 2498
0.317787 69.45646057333637 3.379523600683161 23982109.20775704 2622
0.338973 44.05254656353538 2.253620841488796 13331220.31496915 3338
0.360159 31.14313470267767 1.51618854596166 8336640.392133041 3722
0.381344 21.32287596873618 1.029590242120296 5086370.626328195 4170
0.40253 16.56272626741131 0.6371559110750129 3530009.73832456 4358
0.423716 9.416586640323299 0.5434248930020112 1813651.489464594 5034
0.444902 7.977131302659679 0.3255325378415833 1388708.056792317 5714
0.466088 5.014416202277967 0.2924825538697384 796809.2540066914 5982
0.487273 4.69597870026993 0.1732308891227278 679590.7937881661 6602
0.508459 2.989314235101244 0.1562056680812735 397587.848182948 7130
0.529645 2.427352593271819 0.116482436480854 297233.8028692458 8034
0.550831 2.15147643248652 0.08223728850094382 243292.7084917311 8606
0.572017 1.419386537807856 0.08239839643411229 149054.7568074954 9066
0.593202 1.372042028231806 0.0640786461529539 133749.8762228117 9962
0.614388 1.251141440896325 0.05523752977035624 113629.2766359101 10550
0.635574 0.9735367826151006 0.05302989129797103 82641.73614219685 11226
0.65676 1.062196172960931 0.04461756197814103 84318.78396686364 12146
0.677946 0.8197640361018484 0.03634480542160883 61035.43427062984 12303
0.699131 0.5043082259614292 0.02475566529030176 35297.87995111549 12584
0.720317 0.2919471134353028 0.01492456205424915 19252.64261080243 12120
0.741503 0.2001439939697477 0.009785322353850944 12449.48863100211 11180
0.762689 0.1250722561473533 0.006484036068434199 7352.591468467464 11096
0.783875 0.09620157271259809 0.004673555272215256 5352.294997869987 10056
0.80506 0.08023551443074511 0.003504228586135169 4230.213899803527 9716
0.826246 0.06199059626120008 0.002937330251643948 3102.540552356436 8604
0.847432 0.04720386571835717 0.002922350381654999 2246.480369905736 8060
0.868618 0.04049160344574917 0.002206051158212206 1833.324873938313 7320
0.889804 0.03886394250851006 0.001656532438904772 1676.396603575489 6356
0.910989 0.03663356373624884 0.001636885569514153 1507.232277609529 5348
0.932175 0.02999608202766023 0.001138783738834148 1177.806732036902 4308
0.953361 0.01989057603807422 0.001071131649984512 747.0781351827482 3563
0.974547 0.01148657170157961 0.0007510861250546729 413.1530157243555 2448
0.995733 0.009120080418266561 0.0004067737267956058 313.8104423287336 1868
1.01692 1.782596835447106e-25 9.26632960831173e-27 5.877080281059778e-21 1358
1.0381 2.046956654092925e-25 1.066375541074217e-26 6.473707809616428e-21 1062
1.05929 2.22695638522153e-25 9.42755461887313e-27 6.770795142387272e-21 776
1.08048 1.860245988356901e-25 1.021351386654194e-26 5.445236144894853e-21 432
1.10166 2.592596186364771e-25 1.080958033374708e-26 7.272736848012699e-21 200
1.12285 2.872075018430244e-25 1.219992173193106e-26 7.741654630095748e-21 168
1.14403 2.774871094962244e-25 1.773714461099888e-26 7.221241954098584e-21 56
1.16522 6.600700973362879e-26 2.468272837332383e-26 1.669314870102534e-21 7


0.0211858 2.378480392168892 0.6621255633763214 2253040311.554741 18
0.0423716 47.76997729272345 2.9227012441034 2175009056.093371 62
0.0635574 252.1733605572003 2.120046761757097 2867824418.88111 98
0.0847432 573.0774539231212 2.249557166953187 3259597188.444771 210
0.105929 227.0393155062695 31.30075586622239 1077316514.568366 350
0.127115 324.2071625251546 29.1419943979134 902021461.1957997 450
0.148301 915.0199287654084 6.806676222029631 1582732864.353098 602
0.169486 133.0155379756908 37.52548468975921 227012936.3441941 762
0.190672 600.766987653956 7.75475319413172 618815037.4118359 1142
0.211858 126.5206338086865 22.99186577164419 118138951.949546 1250
0.233044 367.2383883831954 4.904002174164059 250456053.8883184 1458
0.25423 133.4315972940313 11.19628853399974 78751557.14693309 1814
0.275415 130.1406025211871 5.992033964059623 63936223.63552354 2178
0.296601 112.8568531183478 3.393343569960751 47342713.07980876 2498
0.317787 51.15281068833389 3.691391017587157 18857347.00968527 2622
0.338973 45.24531600736844 1.850666086164481 14460251.28917767 3338
0.360159 27.81977864415033 1.429835480820074 7892716.870358344 3722
0.381344 21.25900607473318 0.8686536351071835 5360994.310892718 4170
0.40253 13.90565633647372 0.6465899550310661 3143179.614069587 4358
0.423716 9.238567155284059 0.4721049361860422 1881830.574698101 5034
0.444902 7.241273967514997 0.3032094013871096 1334803.523342986 5714
0.466088 4.893009727274582 0.2553698450132921 822416.365001005 5982
0.487273 4.082265883036676 0.1701096188114718 625784.7656399861 6602
0.508459 2.98792527144296 0.1321734065471355 420246.6313463731 7130
0.529645 2.097264988656674 0.1133060975430755 272046.1921681517 8034
0.550831 2.024334319910287 0.0733293553764907 242236.2691366574 8606
0.572017 1.344349911921604 0.07380763136548638 149387.2750009989 9066
0.593202 1.227299764015644 0.06047413372428487 126661.6562430774 9962
0.614388 1.16023671618345 0.05024847421603998 111516.8813482902 10550
0.635574 0.8892236587732696 0.04896829699259304 79897.81164268407 11226
0.65676 0.9508803978751191 0.04219473273366891 79900.44949457629 12146
0.677946 0.7369662058800726 0.03417370718382099 58079.82760138018 12303
0.699131 0.4584601227819625 0.02297759566844496 33962.91623163325 12584
0.720317 0.2694244185584893 0.0136570080383813 18802.95655514686 12120
0.741503 0.1861400801389199 0.008881754585258092 12252.43629081845 11180
0.762689 0.1133990150076808 0.006031928224342692 7055.496203615192 11096
0.783875 0.0896995724154548 0.004230181392040838 5280.896547255442 10056
0.80506 0.07374223377151506 0.003221187467830492 4114.29134713225 9716
0.826246 0.05573604069471353 0.002759965397192416 2952.282349996392 8604
0.847432 0.04403964174833033 0.002649833525380545 2217.830670628999 8060
0.868618 0.03917582237270227 0.001927977858974186 1876.596018153708 7320
0.889804 0.03833248240118998 0.001392387092388588 1749.218309066974 6356
0.910989 0.03033527997928067 0.001671279603817585 1321.304874381842 5348
0.932175 0.02448192588538906 0.001202157272866069 1017.66299138437 4308
0.953361 0.01942086505932751 0.0009247704014421704 771.7069626982462 3563
0.974547 0.01031199792892497 0.0007013247791386827 392.5368529810559 2448
0.995733 0.008580890734517165 0.0003637700384560035 312.4080542310371 1868
1.01692 1.770991692907544e-25 8.900516197637296e-27 6.178191963392868e-21 1358
1.0381 1.956100806807302e-25 1.039246657260777e-26 6.546462421118047e-21 1062
1.05929 1.834960788158785e-25 1.10426177779982e-26 5.906643673481908e-21 776
1.08048 1.755501474744847e-25 9.392383800499775e-27 5.437277597523397e-21 432
1.10166 2.315951918068256e-25 1.061797732334047e-26 6.875150656881486e-21 200
1.12285 2.214093736226557e-25 1.462299066402005e-26 6.319023901708603e-21 168
1.14403 2.845541895408613e-25 1.429643484440906e-26 7.832912131818588e-21 56
1.16522 3.506089645551024e-25 7.649026638175748e-27 9.302782397607084e-21 7


0.0211858 2.675740927079969 0.5915180338139985 2295467285.757816 18
0.0423716 1.590264598441743 4.61702415861888 1405460086.894154 62
0.0635574 39.79792026581124 10.63004387364 1199534312.588514 98
0.0847432 380.7994171247292 8.682500897639903 2470786092.281323 210
0.105929 704.7496971518483 6.580786909865364 2665738721.363994 350
0.127115 93.4721299978097 36.26112457028421 415716286.1148841 450
0.148301 630.260463500358 15.88085821705978 1183538168.692636 602
0.169486 439.9264463196599 20.33953165328274 633396980.9532695 762
0.190672 340.061337007732 16.84979214109132 382897397.6878422 1142
0.211858 251.1537119598065 15.14892913976468 228631303.002536 1250
0.233044 281.0426390858534 7.138111067565673 203996239.6554636 1458
0.25423 108.2710939872947 11.03154105998041 68237345.28058787 1814
0.275415 161.6870253645956 3.623185028381561 83017942.14028636 2178
0.296601 80.50725718641058 4.215737216457172 35982284.620893 2498
0.317787 49.90582643699153 3.286704380302226 19397000.90782563 2622
0.338973 43.44249323110778 1.629875477652148 14645193.21327034 3338
0.360159 26.21525910770977 1.294908243395605 7849358.287380675 3722
0.381344 20.28072058787451 0.771147110742806 5395414.966796689 4170
0.40253 11.64501928024104 0.6522594690496616 2784589.877273914 4358
0.423716 9.288701725306638 0.4003433451687938 1994152.185694233 5034
0.444902 6.389675651279809 0.2935574961491836 1244102.312783855 5714
0.466088 4.92352389746844 0.2166653136322299 872313.6445907275 5982
0.487273 3.451067443880714 0.1718788620187406 559015.6455491345 6602
0.508459 2.964010870912478 0.1123155901089868 439572.4756804767 7130
0.529645 1.850564854508906 0.1085913907032962 253493.1149107889 8034
0.550831 1.857418509306941 0.06821351518612272 234553.372095453 8606
0.572017 1.305712794884966 0.06505923743098584 153034.3149928478 9066
0.593202 1.105010598450034 0.05714443656240213 120372.4394737549 9962
0.614388 1.080804493993162 0.04591100493088849 109607.3979984473 10550
0.635574 0.8196904818876254 0.04524079109583785 77718.81770813929 11226
0.65676 0.8451502510313051 0.04048972736816837 74955.60556744403 12146
0.677946 0.6649531557235026 0.03226872549001825 55303.98683705599 12303
0.699131 0.4193583917854719 0.02138574522403602 32781.57029355376 12584
0.720317 0.24983543652847 0.01255012771073612 18396.527952381 12120
0.741503 0.1727929649213331 0.008150278116123615 12000.20059643712 11180
0.762689 0.1041611879125453 0.005591392606639926 6838.095342836126 11096
0.783875 0.08383289069119626 0.003853827220622225 5206.969871064108 10056
0.80506 0.06712726392185664 0.003020979318420133 3951.706208318555 9716
0.826246 0.05027881328290209 0.0026051794976549 2810.202061657362 8604
0.847432 0.04217773959350136 0.002369040138460325 2240.60507740144 8060
0.868618 0.0372669976702126 0.001725094424523439 1883.149132368919 7320
0.889804 0.03621366846807646 0.001244845769714827 1743.260951924039 6356
0.910989 0.02660481263789742 0.001610791102672348 1222.889127889217 5348
0.932175 0.01983696539302135 0.001247387543575166 870.4495068596644 4308
0.953361 0.01780053696000027 0.0008600248350031609 746.2483466874938 3563
0.974547 0.01130203217115348 0.0005559376216220509 453.5756741272791 2448
0.995733 0.007031209939640401 0.0003814426872048936 270.1806493548826 1868
1.01692 1.721477437880941e-25 8.81126683485628e-27 6.33589844065025e-21 1358
1.0381 1.907727702880696e-25 1.000936334110439e-26 6.735521594132067e-21 1062
1.05929 1.780616497520414e-25 1.099212777895234e-26 6.047268360972366e-21 776
1.08048 1.848581794254093e-25 8.952833173236497e-27 6.03947884610712e-21 432
1.10166 1.927580890276521e-25 1.199869439494504e-26 6.039841827077135e-21 200
1.12285 2.326589270229745e-25 1.387053685189109e-26 7.004039842121018e-21 168
1.14403 2.785380367094162e-25 1.265540363287353e-26 8.087711896768983e-21 56
1.16522 4.365768090112555e-25 2.846796437775446e-27 1.221521994875554e-20 7


0.0211858 12.9831156116596 0.07651619938330932 2955483905.80938 18
0.0423716 58.38495041174873 1.728947249684673 2485912295.5222 62
0.0635574 43.49688739401393 9.58330485743987 1263578802.926048 98
0.0847432 43.86973344204718 21.96786085574698 857369288.2513915 210
0.105929 605.0540082547369 8.187452184426343 2447033615.688195 350
0.127115 518.0751561007404 14.19148981755235 1451377395.628064 450
0.148301 155.2431018598907 34.10735376817362 399487257.1951007 602
0.169486 703.499014653893 5.429786434948114 1020915687.13285 762
0.190672 147.876994187798 23.22682687143859 193729656.9711382 1142
0.211858 413.2028071881128 5.831404850234602 382772065.7690785 1250
0.233044 123.677979173714 12.84219064606391 99549743.16090624 1458
0.25423 172.0173859287064 6.96272712571015 110595694.3999505 1814
0.275415 137.720869074558 3.903574861316846 74686475.71683986 2178
0.296601 60.69067481699682 4.548643350757052 28848422.71810395 2498
0.317787 59.06384108433401 2.458161315378074 23974368.44465951 2622
0.338973 37.88361278516191 1.619239351003108 13471173.33071296 3338
0.360159 25.75179927145566 1.132951891367006 8107173.841583493 3722
0.381344 17.99371158510466 0.7516555517382563 5044653.883643255 4170
0.40253 10.51012054352597 0.6177924538711679 2647946.45602001 4358
0.423716 9.042514070512375 0.3507911634683334 2041785.490842129 5034
0.444902 5.617203803574492 0.2862457899320036 1152409.926102752 5714
0.466088 4.886028509196381 0.1857080919510985 910253.933416334 5982
0.487273 2.940109559165059 0.171391604478619 501976.5460018445 6602
0.508459 2.83200206421886 0.1000993034605475 441862.9315869338 7130
0.529645 1.716374686302685 0.1005775382619247 247467.9948575037 8034
0.550831 1.648102075744531 0.0666737846866876 219125.9224380081 8606
0.572017 1.286478857975512 0.05669262421266352 158580.0306996573 9066
0.593202 1.007711851797336 0.05374256353093 115547.3398224233 9962
0.614388 1.007653150698424 0.04226742197993819 107531.6691644772 10550
0.635574 0.7671850629282443 0.04156584164361072 76543.2883515984 11226
0.65676 0.7514173063643133 0.03903166927327633 70154.42823992843 12146
0.677946 0.6065161853079932 0.03036723498909282 53089.0724823987 12303
0.699131 0.3872598139721377 0.01988256303366323 31856.42657283857 12584
0.720317 0.2325039103338595 0.01158476793907182 18014.79117347022 12120
0.741503 0.1601812292007889 0.007551602699405933 11705.56982486625 11180
0.762689 0.09661500058604877 0.005177078807351663 6674.117012624459 11096
0.783875 0.07841370308792309 0.003536885370033999 5124.434299949718 10056
0.80506 0.06125488012097227 0.002847489126110386 3794.593288080438 9716
0.826246 0.04582753438735055 0.002452067980766461 2695.410894649775 8604
0.847432 0.04054138168913608 0.002123642853170653 2265.677861424193 8060
0.868618 0.0348315736117089 0.001585178524670062 1851.852553459391 7320
0.889804 0.03292470689802575 0.00118627972147171 1667.711081024381 6356
0.910989 0.02483823301570826 0.00148202904969747 1201.234084671607 5348
0.932175 0.01730496190280562 0.001208542999553814 799.224267553994 4308
0.953361 0.01556519438890505 0.0008440787784570255 686.74051192768 3563
0.974547 0.01164381441812053 0.0004566276849814277 491.4629187695448 2448
0.995733 0.005993465742895327 0.0003798811922245984 242.4013269090337 1868
1.01692 1.623634454172259e-25 8.711863955748499e-27 6.287969367340632e-21 1358
1.0381 1.921191436330719e-25 9.41020417306207e-27 7.135794634741392e-21 1062
1.05929 1.934951817689807e-25 9.423947563559411e-27 6.911008102096694e-21 776
1.08048 1.744259538523485e-25 8.738934435905628e-27 5.995968228116834e-21 432
1.10166 1.973290661615893e-25 1.131752208681491e-26 6.504353980705934e-21 200
1.12285 2.644189284229637e-25 1.143133472918227e-26 8.370763147370638e-21 168
1.14403 2.81520004525389e-25 1.260829754255842e-26 8.599993366952983e-21 56
1.16522 1.501292108177647e-25 1.621759969866808e-26 4.432039628557387e-21 7


0.0211858 10.96250121630326 0.1197058453862046 2865282151.322468 18
0.0423716 88.05085466649444 0.08454265918358811 3119653448.757206 62
0.0635574 206.6553544681221 1.444651824088458 2784359634.61582 98
0.0847432 168.18433149886 14.75148519885538 1540649595.976621 210
0.105929 136.2926542942832 26.82198865144899 888384012.5878456 350
0.127115 699.6391265835969 3.325558142289191 1971109849.918749 450
0.148301 263.0638655058233 26.43773785327911 615237276.9007492 602
0.169486 447.7721415038079 14.34192789802494 704872898.4740188 762
0.190672 270.7947114613661 15.60300252922558 341547969.7930767 1142
0.211858 337.2851531129048 7.529830493959392 330640980.5898151 1250
0.233044 102.9675468719916 12.5165238232047 88336487.89327647 1458
0.25423 210.7573708257796 4.154292190469037 140702910.4479978 1814
0.275415 85.51432813363006 5.575522134758186 49641324.72686257 2178
0.296601 66.32207677055061 3.783353461765333 32891789.51582619 2498
0.317787 63.08018346165121 1.911048783354583 26783996.67947313 2622
0.338973 31.87935019471185 1.660689155207747 11946818.19154017 3338
0.360159 24.90933359552577 1.00986143701117 8228743.328536879 3722
0.381344 15.25338102409213 0.7677339067858138 4501792.117073581 4170
0.40253 10.51686350674938 0.5404941645069561 2778198.26612751 4358
0.423716 8.254522480202555 0.3334593085651762 1957924.749549622 5034
0.444902 5.113371598445149 0.2714831201683541 1102125.344358135 5714
0.466088 4.602540634049014 0.1700346675087601 900117.1478837745 5982
0.487273 2.666219538988779 0.1626547166129424 478233.5178613577 6602
0.508459 2.556660494001461 0.09673248543446314 418957.2852451996 7130
0.529645 1.690508687977874 0.08915478262549111 255711.7678686013 8034
0.550831 1.4186331853517 0.0673972599148049 198200.3841307947 8606
0.572017 1.262675866186585 0.0496266897205621 163306.8334195358 9066
0.593202 0.9358383372767273 0.05006875103003051 112657.8097216877 9962
0.614388 0.9360331085624518 0.03937980783927239 104861.2107088015 10550
0.635574 0.7314825441501271 0.03781656775194622 76597.09381411444 11226
0.65676 0.6776037818108068 0.03731627404384985 66430.82920774401 12146
0.677946 0.5638193280369748 0.02826492956589746 51806.87075961883 12303
0.699131 0.3625013991240383 0.01838473892860988 31301.0494843388 12584
0.720317 0.2168750382097366 0.01074663205995711 17638.70619159137 12120
0.741503 0.1484442723553519 0.007051178750700528 11387.0886310737 11180
0.762689 0.0902189617737577 0.004797944937016929 6541.772649048976 11096
0.783875 0.07339937764046253 0.003268061500990774 5034.69657897974 10056
0.80506 0.05632879341006531 0.002680690919179229 3662.901718246907 9716
0.826246 0.04228146012688658 0.002297459440869216 2610.4436996472 8604
0.847432 0.03878251404840512 0.001922806234312999 2274.606446875582 8060
0.868618 0.03236906832949263 0.001476729714281078 1806.314495731596 7320
0.889804 0.02930938595584864 0.001169234757400764 1558.492407819875 6356
0.910989 0.02372816622300177 0.001346535335740442 1204.326654792679 5348
0.932175 0.01633683213473832 0.001110895270691101 791.8987398759213 4308
0.953361 0.01370172341199731 0.0008237725384437324 634.6720534899799 3563
0.974547 0.01078908915795982 0.00042766092986763 477.9632445209549 2448
0.995733 0.005835315036775526 0.0003398915121026899 247.6597160284809 1868
1.01692 1.635331141432352e-25 8.356981385592408e-27 6.646574854298736e-21 1358
1.0381 1.856843603287113e-25 9.155284117566777e-27 7.238697588161665e-21 1062
1.05929 2.064684992865596e-25 8.441467733123773e-27 7.737629180763326e-21 776
1.08048 1.75438123054339e-25 8.794684344654006e-27 6.329590432736399e-21 432
1.10166 2.122855260726549e-25 9.827637666654107e-27 7.341386005227079e-21 200
1.12285 2.502211528342973e-25 1.168918540719788e-26 8.314755114756066e-21 168
1.14403 2.394420369974646e-25 1.431619233385621e-26 7.680294932095545e-21 56
1.16522 4.227731796383885e-26 1.831720022074416e-26 1.322762735496601e-21 7


0.0211858 1.187488194413494 0.5179318058546591 2257343538.486817 18
0.0423716 31.0211414033001 2.371948695715884 2055000114.121817 62
0.0635574 182.025268862237 1.812886744157032 2639891387.045015 98
0.0847432 423.8318075882921 1.750307200032825 3005777825.507744 210
0.105929 151.9186875029985 23.9808058568323 975765117.9887981 350
0.127115 299.0188289202616 19.02017637526452 1001120954.954373 450
0.148301 631.1140407660713 7.262805481891367 1352853934.306554 602
0.169486 121.1146881747355 26.82255662497696 250198792.9295465 762
0.190672 430.9431198911915 6.478478089093953 546231770.0894908 1142
0.211858 143.6217531215541 14.79272231738037 158066790.286705 1250
0.233044 208.1955001638459 6.59430079681383 176312200.9347962 1458
0.25423 161.8226239267716 5.45449265338521 114249468.2552228 1814
0.275415 64.9759224242061 5.886955919564912 40100264.25660599 2178
0.296601 79.89157437054648 2.707824480225292 41116988.1603752 2498
0.317787 54.4934920866253 1.982230532775135 24311073.88833914 2622
0.338973 29.05387546116087 1.582601305280672 11423950.8653259 3338
0.360159 22.71206688072276 0.9671327057987862 7868386.299230974 3722
0.381344 13.44303993068205 0.7532235251623054 4164855.840385354 4170
0.40253 10.90308667338121 0.454096136807208 3010958.426826752 4358
0.423716 7.14805568269087 0.336892941442383 1779252.81210373 5034
0.444902 4.91974619436836 0.2465633172458065 1110432.330011207 5714
0.466088 4.059005852806382 0.1696769978153542 832405.701412047 5982
0.487273 2.643767454351299 0.1445807634428977 496318.0680605219 6602
0.508459 2.185779528617022 0.09962838654056747 375685.6173610375 7130
0.529645 1.723898975349559 0.0763727213901496 272839.4703051493 8034
0.550831 1.211914051804194 0.06816192820335364 177583.8348592862 8606
0.572017 1.210895485404535 0.04479066907980468 163996.2211271608 9066
0.593202 0.8863533700031075 0.04612276366754258 111752.2708317377 9962
0.614388 0.8627827451512654 0.03726604169323937 101252.9241934879 10550
0.635574 0.7081613996818533 0.03409116680552518 77646.01194153338 11226
0.65676 0.6290753437011951 0.03498776740529322 64603.34366540157 12146
0.677946 0.5361175028186342 0.02591540705190856 51588.67531065631 12303
0.699131 0.3444839546675543 0.01686668881422396 31150.44310165049 12584
0.720317 0.202593010020108 0.01002001938254465 17257.62023019507 12120
0.741503 0.1377059011923949 0.006621025411661726 11064.05289611405 11180
0.762689 0.08463517485490812 0.004456300548582898 6427.283610145111 11096
0.783875 0.06879089153223705 0.003036606148062717 4941.728110818554 10056
0.80506 0.05224380868748365 0.002517821549038997 3558.150004362332 9716
0.826246 0.03941013378590969 0.002146210989147628 2548.336424298526 8604
0.847432 0.03687819728910282 0.00176130218967104 2264.983108346087 8060
0.868618 0.03017811728054016 0.001380155042382423 1763.685260895878 7320
0.889804 0.02604536238481335 0.001156023470542476 1450.726921941063 6356
0.910989 0.02255656034569671 0.00123598699679008 1198.88428557159 5348
0.932175 0.01597633212844642 0.0009997902066822017 810.8478091648833 4308
0.953361 0.01249388802278802 0.0007829934797887412 606.1593564377187 3563
0.974547 0.009508988347971732 0.0004275939523107426 441.2546774438582 2448
0.995733 0.005996278166489784 0.0002894243728693419 266.4062283240128 1868
1.01692 1.618644534259197e-25 8.10535292531366e-27 6.889233717267355e-21 1358
1.0381 1.818596128249657e-25 8.82704245717932e-27 7.424273138487186e-21 1062
1.05929 1.895875272999344e-25 8.680198317917939e-27 7.44183668546623e-21 776
1.08048 1.728791153669224e-25 8.996714660765121e-27 6.532244280167023e-21 432
1.10166 2.192133335580221e-25 9.668101181489353e-27 7.938383246768849e-21 200
1.12285 2.290940151052816e-25 1.220540999871828e-26 7.97378293475289e-21 168
1.14403 2.105740906457494e-25 1.495230933542331e-26 7.075931147998082e-21 56
1.16522 1.542716457573623e-25 1.390296607113639e-26 5.003775421131795e-21 7


0.0211858 2.696892386147074 0.4148594103799397 2376470794.073179 18
0.0423716 2.288737053669255 3.428633031848597 1498252635.013014 62
0.0635574 25.55799166026805 8.206790614032048 1177693584.141557 98
0.0847432 284.0306272908151 6.67105073307139 2306034841.978795 210
0.105929 513.5778948554793 5.733797793266296 2400922993.091524 350
0.127115 62.27599417341846 27.65769375146676 390229958.7783941 450
0.148301 538.6413065334222 9.097218492154266 1221336862.987637 602
0.169486 235.2326820644162 19.64808182003549 436424038.301282 762
0.190672 335.0540397982293 9.129041151289352 450697288.1466275 1142
0.211858 117.8735298303842 14.6242606970356 138591327.2168414 1250
0.233044 250.666978376158 3.625433420782313 219323378.2759476 1458
0.25423 91.747858003738 7.827391303016083 70056021.07855393 1814
0.275415 88.84314270701097 4.237489176076515 56121024.80811749 2178
0.296601 77.83556140586769 2.392375485975066 41846185.16767038 2498
0.317787 41.04723189141822 2.312121008327387 19317754.74780503 2622
0.338973 29.49041870055391 1.376775108547116 12096984.5107906 3338
0.360159 19.80683006295224 0.9722402897937988 7192564.659463865 3722
0.381344 13.17239681880674 0.6781666911456579 4263090.445260407 4170
0.40253 10.72384221305994 0.401052975078995 3093446.689812998 4358
0.423716 6.239130581107325 0.3363197718419083 1626677.391227146 5034
0.444902 4.88302708289023 0.2179666824162467 1151127.780896103 5714
0.466088 3.436255026432815 0.1757296315050553 738171.3374125833 5982
0.487273 2.753363998817718 0.1223913000411553 539461.0878729958 6602
0.508459 1.837421305540613 0.1030018519492981 330761.7206242966 7130
0.529645 1.737162342097694 0.06573354036796664 287146.0558571478 8034
0.550831 1.073812253826864 0.06665613965989377 164642.5927593449 8606
0.572017 1.118676113068873 0.04262831542403376 158399.5746626396 9066
0.593202 0.852658299743407 0.04209943688052768 112347.3365163035 9962
0.614388 0.7880967688276969 0.03581028796150529 96705.21014836495 10550
0.635574 0.688713210109046 0.03069965250484822 78905.9603778483 11226
0.65676 0.6045082005001383 0.0320249334874317 64877.66516451681 12146
0.677946 0.5182266060895143 0.02349571276217139 52110.50198148542 12303
0.699131 0.3310144202908469 0.01538788852747306 31280.57596300011 12584
0.720317 0.1895772947734371 0.009382447081550997 16879.78377158277 12120
0.741503 0.1280640903861712 0.006238809782776582 10755.37652180235 11180
0.762689 0.0796615938274465 0.004150455268569917 6322.993509128855 11096
0.783875 0.06456956159165418 0.002834812230272458 4848.045223260153 10056
0.80506 0.04882540526209776 0.002360922907826044 3475.672765609406 9716
0.826246 0.0369970646873602 0.002003642649843538 2500.400600570902 8604
0.847432 0.03489569316014302 0.001630813440912342 2239.904802366046 8060
0.868618 0.02831333552989123 0.001289110281685205 1729.412277704146 7320
0.889804 0.0234293461119255 0.001128978730259989 1364.224684022952 6356
0.910989 0.02120059473551151 0.001152819097784019 1177.683771098419 5348
0.932175 0.01561135907127368 0.0009031695674332824 827.9209988340534 4308
0.953361 0.01175202939167524 0.0007297739801634931 595.9043532087853 3563
0.974547 0.008428992760921563 0.0004238184579900409 408.8890378034958 2448
0.995733 0.005977222408276 0.0002528111058145206 277.469196763362 1868
1.01692 1.582373734175309e-25 7.997350332116326e-27 7.038919035488003e-21 1358
1.0381 1.806887766613167e-25 8.648622290732803e-27 7.709006939268719e-21 1062
1.05929 1.729755537140783e-25 8.986142659695624e-27 7.097760253957844e-21 776
1.08048 1.72955973115529e-25 8.43811473779645e-27 6.82915989384539e-21 432
1.10166 2.025790273026084e-25 1.007048916853458e-26 7.668343140546433e-21 200
1.12285 2.278636026536867e-25 1.186891808056195e-26 8.288354967354404e-21 168
1.14403 2.44159217752027e-25 1.260307205830032e-26 8.568933919716099e-21 56
1.16522 2.998644470450136e-25 5.268370547340189e-27 1.014047314991041e-20 7


0.0211858 10.37145566608004 0.03725595097398312 2926788189.762707 18
0.0423716 48.54643832183808 1.138142487726098 2507239783.496849 62
0.0635574 38.54483897138823 7.068369891780793 1333504972.469687 98
0.0847432 34.08566088966554 16.73131019987657 885259847.8124011 210
0.105929 471.6211910777276 5.805944039161718 2318875446.202539 350
0.127115 352.1830756239024 12.76212767935238 1228204814.196582 450
0.148301 163.7145241184492 23.96464835531558 480064072.1965446 602
0.169486 501.4458792741535 5.75743302777788 882827436.7486635 762
0.190672 144.9328333289438 16.24752858878663 223698673.286462 1142
0.211858 253.7610150679173 7.249376775118137 287060876.0682808 1250
0.233044 159.8251001696455 6.818998556772999 149337302.6124261 1458
0.25423 88.68283973802133 7.24144476339672 70661915.35176134 1814
0.275415 111.1610374284407 2.7098408342865 72384460.38021234 2178
0.296601 59.9287370227532 2.843923093717965 33924591.05898084 2498
0.317787 35.26275119365757 2.321785351785194 17405934.47475887 2622
0.338973 29.9663916688905 1.187639372962974 12800454.15165475 3338
0.360159 17.82223907415574 0.9481442140103553 6766812.612134746 3722
0.381344 13.65209034809871 0.577420096411804 4599850.539591336 4170
0.40253 9.648939071439216 0.3956264922264044 2908082.082069186 4358
0.423716 5.892423195066413 0.3141489807381523 1603435.409672034 5034
0.444902 4.76334000589075 0.1962877064972225 1171073.517869102 5714
0.466088 2.997338794456247 0.1755859041233217 673060.0290828802 5982
0.487273 2.801441524845227 0.1048029869992461 572041.2198988857 6602
0.508459 1.634580870288436 0.1009083328425073 307392.7660864453 7130
0.529645 1.661067284498255 0.06028960674510955 286431.2519452092 8034
0.550831 1.028016675855213 0.06164345686649277 164439.5390109342 8606
0.572017 0.9927899552388431 0.04270574316996837 146777.1768536213 9066
0.593202 0.8259425720055458 0.03831889457427743 113511.6608722075 9962
0.614388 0.7166249296458364 0.03470767254696862 91784.5714280531 10550
0.635574 0.6633157114811982 0.02802824770091736 79271.58283843071 11226
0.65676 0.5943992318108774 0.02880432536844266 66528.93107194544 12146
0.677946 0.5013144173997627 0.02136439750653656 52580.2940368709 12303
0.699131 0.3185026879292115 0.01408080143347638 31395.54176402919 12584
0.720317 0.1780418961269594 0.008802492727754385 16539.34872128261 12120
0.741503 0.1195834164767426 0.005887153160653149 10478.470555877 11180
0.762689 0.07517246428346683 0.003877091456620883 6224.775800619952 11096
0.783875 0.0606794292492145 0.002658390597791431 4753.023867617273 10056
0.80506 0.04592161271716418 0.002212020604847241 3410.344105841981 9716
0.826246 0.03489414165835748 0.00187261099665668 2460.235617626012 8604
0.847432 0.03290040136262687 0.001524131076852137 2203.082871326233 8060
0.868618 0.02671487530631873 0.001203581143821897 1702.261200134737 7320
0.889804 0.02147177466013902 0.001085258457009989 1304.458708912031 6356
0.910989 0.01977810184113533 0.001088286203737896 1146.201411794493 5348
0.932175 0.015038248296787 0.0008288511771228345 831.8838290617704 4308
0.953361 0.01122055816464081 0.0006754521395403062 593.4950551069455 3563
0.974547 0.007694496572544935 0.0004084599365526278 389.4358704877648 2448
0.995733 0.005670236204413428 0.0002345486201903099 274.5715443659603 1868
1.01692 1.584696070485341e-25 7.653366563885319e-27 7.352981804915278e-21 1358
1.0381 1.740393318239189e-25 8.691428006666227e-27 7.746587568315525e-21 1062
1.05929 1.572695473596778e-25 9.192926840365711e-27 6.733733379739264e-21 776
1.08048 1.737869668178373e-25 8.231746746280769e-27 7.15771824183797e-21 432
1.10166 1.809317472121136e-25 1.080271538493761e-26 7.147268750784393e-21 200
1.12285 2.301933810611314e-25 1.166423543800086e-26 8.734123956969364e-21 168
1.14403 2.708994126595345e-25 1.145607185820015e-26 9.914646655428238e-21 56
1.16522 2.774758609309801e-25 2.803384275782048e-27 9.785169534356441e-21 7


