0.0266714 1.242234973529227e-05 2.796053591851101e-08 5.135039284824255 18
0.0533428 5.65501406862807e-05 2.270411623073199e-07 7.339668184116933 62
0.0800142 0.0001424347743847997 8.364521061556207e-07 8.156033702989667 98
0.106686 0.0002792798167462501 3.188766548590603e-06 8.940063599740496 210
0.133357 0.0004685273341023369 8.343983471563162e-06 9.752979620492631 350
0.160028 0.0006011717889785347 1.571584023276578e-05 8.750552197196923 450
0.1867 0.000884697368974166 2.702773494018399e-05 9.398796673601852 602
0.213371 0.001120850011433141 4.66657228228214e-05 9.073499632633936 762
0.240043 0.001382875696978219 8.649648637645736e-05 8.889693549975464 1142
0.266714 0.00171721528156485 0.0001250289310611947 8.978257876252352 1250
0.293385 0.002019018876092699 0.0001843160496614936 8.699047168562606 1458
0.320057 0.002634359723930738 0.0002531705997818321 9.5128686566733 1814
0.346728 0.002950417282487371 0.0003534747539864549 9.092417258206108 2178
0.3734 0.00358333197249473 0.0004759001574732384 9.529006096529626 2498
0.400071 0.00414088493357332 0.000657758426164569 9.569617431568378 2622
0.426742 0.004589455347746082 0.0008077560466599075 9.310195085678208 3191
0.453414 0.005104764341122439 0.0009904483263543549 9.182841732700505 3044
0.480085 0.00587282553964876 0.001212342061851802 9.433010388886144 2736
0.506757 0.006399103280766743 0.001560934594303117 9.214562410758916 2276
0.533428 0.007311431493369308 0.001861839940464902 9.493432909549787 2016
0.560099 0.007583748143397714 0.002199774443438838 8.937469159005843 1640
0.586771 0.008945320678566531 0.002612637407563062 9.603531592053161 1056
0.613442 0.008717543321608116 0.003229244607001738 8.56026017182945 683
0.640114 0.01001470532677961 0.003556085761158367 9.044475699869734 350
0.666785 0.01208708323671452 0.004403891295843159 10.0725020845518 192
0.693456 0.01478708164844849 0.004447955612847124 11.36107792402587 44
0.720128 0.008434179485490016 0.004020429379975436 5.965515436152844 25


0.0266714 103080770.0939719 18863.99597562222 434162380124187.9 18
0.0533428 232760203.0191914 11105.80266718751 213963707280533.4 62
0.0800142 176519064.4358844 10446.37417256013 67536014948333.02 98
0.106686 70206400.12702982 71386.67844835043 14685628325541.48 210
0.133357 3006382.263357869 76407.29513701718 406513826371.8317 350
0.160028 3762133.718642625 14564.65646531803 351690921460.8717 450
0.1867 3100826.109643955 1445.402740597412 210718986105.5698 602
0.213371 387952.6013232229 5774.385731275175 20069179705.28848 762
0.240043 101115.5609864264 2725.926587631597 4149516902.535512 1142
0.266714 174469.5085835087 383.3623472534043 5804820680.076134 1250
0.293385 71984.47522239834 464.2682116176865 1972292471.455539 1458
0.320057 25650.51023083583 514.542544302372 589021332.3709036 1814
0.346728 15241.58695031546 315.2606019268722 298496871.8532047 2178
0.3734 11729.64854420922 217.7989661632653 198116517.6931707 2498
0.400071 8443.398555842501 215.3885950307511 123907498.3033795 2622
0.426742 6708.694668185923 125.2860693944825 86377054.69399273 3191
0.453414 4352.13492466246 62.01195131538032 49671386.94033961 3044
0.480085 1761.598621936277 32.03594399268045 17950036.7392152 2736
0.506757 1334.744152192445 15.63546765803636 12188710.45600234 2276
0.533428 628.8138551646833 17.07687211275777 5178474.767304117 2016
0.560099 442.2434000560938 13.14327648583003 3305137.15375524 1640
0.586771 291.613953546307 9.938826471309941 1985315.323577804 1056
0.613442 123.2000933126928 7.297009330628468 767225.6023446331 683
0.640114 61.20008926674046 5.71015357309306 350637.9764398206 350
0.666785 63.07060356002935 4.840549650327383 333340.360067506 192
0.693456 92.03496011329764 2.640206462424783 448280.6391752493 44
0.720128 82.61305594818396 1.006029592268914 370276.109912538 25


0.0266714 5095074.105197563 48274.31056527788 42368229186461.22 18
0.0533428 74404523.98732744 25900.86685041732 126208023178762.9 62
0.0800142 56709162.91484791 25650.95678913976 40005354518755.84 98
0.106686 5894363.968549103 54374.82593711984 2286103115636.13 210
0.133357 10722481.43630427 5735.555571316338 2656219711158.709 350
0.160028 552132.8217985586 9019.35610116297 95520195912.19644 450
0.1867 1319399.366396212 1166.38579257778 165225102979.9732 602
0.213371 146108.9921338629 1830.120263808481 13938814842.57442 762
0.240043 174531.5963277759 344.3452897687613 13171528223.15298 1142
0.266714 40946.74656831389 397.5490386017393 2512486496.210295 1250
0.293385 33981.43223675528 147.1755826167253 1715570245.167456 1458
0.320057 20942.54422992335 101.953001165982 885622248.7637334 1814
0.346728 9003.967811071328 93.02009243063628 324863889.1929151 2178
0.3734 5685.329112391416 72.27708923281907 176948207.3119996 2498
0.400071 5490.118306165631 57.35782979343489 148412566.4213755 2622
0.426742 3861.285131557666 36.10174506370886 91592327.53180183 3191
0.453414 2320.839727232365 18.67024224913256 48802062.37556583 3044
0.480085 963.677334987914 9.734384934105977 18091554.76495131 2736
0.506757 613.418965259825 5.68885205719108 10321459.62024858 2276
0.533428 323.2211777704021 5.171613471534079 4904327.938166725 2016
0.560099 161.2774525973367 4.944946089795907 2221535.570815854 1640
0.586771 186.5598339508655 2.477399532027028 2339750.745541067 1056
0.613442 90.90642697357825 1.735854078535956 1042711.649292226 683
0.640114 44.66942555192486 1.495572910693179 471355.2411044525 350
0.666785 40.83350867550357 1.331122584343861 397540.4305069188 192
0.693456 61.06023688955248 0.5750173474820739 547882.5668082513 44
0.720128 55.63088169035895 0.0906041823136905 459341.8985707806 25


0.0266714 1026764.669734526 31346.09838181849 15282801303296.32 18
0.0533428 38385786.91543432 20510.59891876941 95023275908499.64 62
0.0800142 24320299.32606467 24138.32181703837 25035778396620.9 98
0.106686 8515884.833557792 20220.16542959006 4794880010989.281 210
0.133357 3318544.626392643 9140.366048308595 1199938178722.983 350
0.160028 1949288.284807235 1397.641097456563 489107585985.5862 450
0.1867 476883.5286066243 1413.500102154008 87103035549.61163 602
0.213371 134895.789043884 815.8209269400257 18741126862.38333 762
0.240043 103803.4072925702 205.8195402175654 11417874640.19615 1142
0.266714 35898.8788188708 157.7055456656239 3208855915.900825 1250
0.293385 21020.36899608609 79.65231639560578 1546697061.919656 1458
0.320057 9295.830502318611 71.32629393356973 573159434.1836103 1814
0.346728 7544.065524894268 35.99302182972514 396575049.6639329 2178
0.3734 5683.008309897212 25.26302342972085 257664577.6047895 2498
0.400071 4832.5748307484 22.25466612420286 190338899.739372 2622
0.426742 2697.714418658651 17.12149656394529 93253851.95728618 3191
0.453414 1315.000370721183 10.35257828554652 40301897.76239431 3044
0.480085 662.1575271989277 4.57196826154464 18115470.71030523 2736
0.506757 344.2933682105486 3.363698032716939 8443592.094718346 2276
0.533428 207.9574546269511 2.530862751035377 4598563.181307167 2016
0.560099 185.7482407443398 1.612293334485085 3726863.369993692 1640
0.586771 127.0818408164691 1.239983284658194 2322673.315657727 1056
0.613442 82.18926559742022 0.5915936027618772 1373557.56176241 683
0.640114 26.62176343033905 0.7538956993866173 409436.7363186281 350
0.666785 30.54103820037767 0.601067647890144 433270.224922594 192
0.693456 44.13411988771274 0.2410463445262883 577078.7343056343 44
0.720128 40.2001484204836 0.01362246565525073 483707.049256457 25


0.0266714 5703915.243464149 17545.980152411 88448527328394.98 18
0.0533428 20380950.69214913 18860.53802014585 66467773691603.11 62
0.0800142 14314433.24109815 17479.59655141731 19383924967703.51 98
0.106686 8571610.911896948 9945.0459299376 6335818028200.969 210
0.133357 2512152.25190975 4997.099345281869 1193441077082.842 350
0.160028 496850.2480562814 2390.27503396413 164214451082.6922 450
0.1867 435954.784483221 760.959613771192 104592173430.9149 602
0.213371 178274.4520113388 297.1812192989044 32508326415.02556 762
0.240043 60295.19271535148 161.8882368511164 8716540093.055168 1142
0.266714 28193.22443111336 90.74530883282193 3310872596.951929 1250
0.293385 15816.10567021443 46.01515311508224 1529001209.73414 1458
0.320057 6887.262515056052 42.18749080966777 557948664.6869551 1814
0.346728 6070.269625084477 19.81984321495237 419222389.4325882 2178
0.3734 3832.555399716112 16.69067941302205 228323273.1262223 2498
0.400071 3023.821379662608 15.78901714754901 156500779.8389146 2622
0.426742 2296.349394316379 8.633364125891994 104281040.966073 3191
0.453414 1176.189577702339 5.251779395291304 47354459.48465018 3044
0.480085 449.6483050845096 2.954976671637398 16163569.58159932 2736
0.506757 256.5651108265254 1.965331876258535 8266814.661616634 2276
0.533428 158.6084769457424 1.484618194184792 4607993.102069986 2016
0.560099 109.5745715153671 1.167798619750252 2889037.615684751 1640
0.586771 102.2669899188716 0.6566347163775741 2455587.103671293 1056
0.613442 41.38218635933622 0.5399427717338979 908909.3666314344 683
0.640114 44.28381107568617 0.1976254204491694 894217.3630775323 350
0.666785 38.0344268035601 0.205041095091794 708654.6568763546 192
0.693456 18.09892923971857 0.3114387980969272 311050.9396566962 44
0.720128 1.719936412784329 0.3130811449090663 27342.95477949918 25


0.0266714 10928750.55145748 7537.108197489515 204261949590063.2 18
0.0533428 10422292.7623725 17793.06277790241 42350002130947.58 62
0.0800142 10895359.82414972 11909.02219314114 18287634665310.95 98
0.106686 6879661.952285184 6698.040476787626 6300944588997.167 210
0.133357 2211384.401170462 3075.745350954796 1301296986702.837 350
0.160028 657657.7392747791 1152.938603952675 268886829093.434 450
0.1867 235483.8320398914 663.1980347051388 70049469591.22795 602
0.213371 98502.23029071861 277.2922129234422 22267250946.29076 762
0.240043 39290.34378083155 130.4255456765672 7039570210.234115 1142
0.266714 25016.55008554814 53.54398573434329 3639212810.642856 1250
0.293385 11014.04861682641 34.62139383459889 1319371915.23399 1458
0.320057 6443.790052620142 25.12373586495941 646596693.4235182 1814
0.346728 4455.279121619371 14.28383501185141 381226440.801352 2178
0.3734 2894.417485325151 11.56738456927517 213640229.1805525 2498
0.400071 2512.972347441821 10.00168158189358 161126254.6655055 2622
0.426742 1857.495050759445 5.633078218888707 104501907.3862333 3191
0.453414 868.3497427972799 3.747666076644548 43314867.55179604 3044
0.480085 358.3474232098681 1.961650277045132 15958921.95667238 2736
0.506757 225.4726238497485 1.1823151803676 8999788.245346878 2276
0.533428 151.5004983161713 0.8230955807178365 5452102.774106495 2016
0.560099 111.5801602477631 0.634337029477955 3643988.799721552 1640
0.586771 72.67083059246443 0.4913511995370934 2161957.184841518 1056
0.613442 29.0537537613488 0.3783343544030494 790666.9715387215 683
0.640114 36.01649132992557 0.1255010685557009 900999.8362338777 350
0.666785 24.3210458897844 0.186902335021309 561475.8754452389 192
0.693456 8.792163759241063 0.252130080647544 187312.1611840264 44
0.720128 0.7069721457346377 0.2097868056644296 14004.92425689582 25


0.0266714 13224101.40134732 1882.761297768107 292746664217163.2 18
0.0533428 5444738.589222298 16081.2998236521 26661546926285.04 62
0.0800142 9627354.926295416 7843.160741688926 19272846187939.51 98
0.106686 5276620.878404223 5232.124954522118 5767286573410.487 210
0.133357 1719543.349058484 2375.011728314914 1207398664198.467 350
0.160028 751079.959125152 563.5945036218353 366076261817.4714 450
0.1867 249312.5890568265 395.8278756452467 88422467121.37779 602
0.213371 100883.2589616304 164.4618643000973 27193602464.24988 762
0.240043 42915.04963132745 69.69625124032682 9167654640.501011 1142
0.266714 15264.38241224103 50.82405340343666 2650080860.000244 1250
0.293385 8701.110596056433 25.87706132197601 1243413698.925708 1458
0.320057 6284.452807488443 15.20518963787761 752070449.5714445 1814
0.346728 3251.538418876358 11.48485880039176 331931673.997735 2178
0.3734 2310.724525971169 8.436454240618771 203456691.8553623 2498
0.400071 2078.553402128579 7.075132334851461 158973321.0890568 2622
0.426742 1452.996509747953 4.257018462047965 97513045.28640208 3191
0.453414 702.7003268002877 2.720913162634234 41812324.6361803 3044
0.480085 292.6783527477343 1.417244006176612 15548189.75138744 2736
0.506757 188.6192020740426 0.8332045421910421 8980550.276404452 2276
0.533428 113.5057583990464 0.6483436160774301 4872903.388992334 2016
0.560099 71.42329751094987 0.5548116920190447 2782961.203856444 1640
0.586771 55.35958683269886 0.3833972618793433 1964693.941980109 1056
0.613442 38.73233514195172 0.1763986699260185 1256810.181151817 683
0.640114 15.24011520821491 0.1886787309795411 455014.4792944971 350
0.666785 28.57522856250969 0.07078529790802304 786731.4268237561 192
0.693456 15.80758049535613 0.1166134652254748 401383.3251016837 44
0.720128 3.030400832172351 0.1320303773680621 70934.21124345469 25


0.0266714 11721954.27148495 369.6154228993599 301261206218829.7 18
0.0533428 3908417.113863199 13424.63154843683 22384249844610.38 62
0.0800142 9065512.510254886 4963.184181348995 21073951736859.95 98
0.106686 4020165.302009551 4390.048573952481 5107740714966.971 210
0.133357 1369647.451404524 1906.885471949322 1117604699295.882 350
0.160028 612758.6967023062 458.9308856421796 346989233983.1116 450
0.1867 253761.3280646608 238.4638390081483 104518613460.7563 602
0.213371 80897.75087001284 132.2121657142228 25335713397.97491 762
0.240043 29412.86130402988 67.09101584830995 7302134268.478427 1142
0.266714 17332.28761208505 29.03091578154813 3494035738.777454 1250
0.293385 8297.379993888524 17.42714877775366 1377229710.787306 1458
0.320057 4385.628882049776 13.55939397357047 609851200.2903692 1814
0.346728 2896.297950200788 8.378011806028068 343456249.5798588 2178
0.3734 2185.967567736217 5.696733423242636 223565682.7318435 2498
0.400071 1585.960263182544 5.816887911285726 140926274.0340179 2622
0.426742 1020.017188590571 3.772676398476702 79536065.4535743 3191
0.453414 553.9821330366007 2.160933337578768 38295198.82870869 3044
0.480085 252.6471018117902 1.04373890188768 15591324.72210257 2736
0.506757 149.7684739735464 0.6720672652652312 8284191.150154195 2276
0.533428 101.2428630882422 0.4628282563354482 5048946.424545872 2016
0.560099 78.8437216479217 0.3308574725411517 3567965.723978306 1640
0.586771 57.59520530281993 0.2335315249006771 2374123.254411164 1056
0.613442 25.84505552490379 0.1708867960998049 974405.3104990078 683
0.640114 21.6828276443419 0.09261634541186056 751702.7626573772 350
0.666785 12.4643924982825 0.1274936280856836 398846.0709139736 192
0.693456 19.73584588179049 0.04489836481538768 582011.4057875748 44
0.720128 17.31961336578577 0.002982847712307379 470015.6981962256 25


0.0266714 7664624.889577333 1625.733858194666 225831695959640.1 18
0.0533428 4544558.377225087 10102.0758261878 29455365973796.55 62
0.0800142 8590487.93865145 3042.045895652718 22741105716247.06 98
0.106686 3044506.396833403 3856.198540436424 4410549907538.984 210
0.133357 1153497.448292208 1530.851325652544 1072490090953.862 350
0.160028 444633.1656218621 457.5139507769591 286960708303.6353 450
0.1867 195559.8611708898 217.125411873004 91781672624.09544 602
0.213371 60910.18058908321 116.9742535374999 21738559841.13747 762
0.240043 25432.47525468755 51.46440250900557 7192964137.660162 1142
0.266714 11517.74193241011 29.44704110391924 2646285902.156168 1250
0.293385 6062.624604974989 15.98614368973846 1146678477.640918 1458
0.320057 4583.05018462164 8.88141516054092 725834283.112273 1814
0.346728 2558.305432603338 6.402204091556671 345596524.7312863 2178
0.3734 1853.693125254923 4.506538896271791 215976113.5575845 2498
0.400071 1500.948129634176 4.260032855031588 151923141.1213608 2622
0.426742 1038.779223670834 2.584866640262146 92260085.41453059 3191
0.453414 490.5477514037055 1.649761465138201 38629196.84841395 3044
0.480085 220.3987193074088 0.8069742143533176 15494219.84353963 2736
0.506757 131.3391629546349 0.5174927596464955 8275874.546842013 2276
0.533428 87.46362376534346 0.3631261462682084 4968896.125663219 2016
0.560099 67.0914043398122 0.2672713554040896 3458776.829498582 1640
0.586771 50.31120640144776 0.1814907202701498 2362502.786614401 1056
0.613442 27.82784732551175 0.1063831950141619 1194976.173001188 683
0.640114 12.18688292681696 0.1053157014132102 481475.3149032644 350
0.666785 19.66988994414605 0.05042368754606866 716684.7452992104 192
0.693456 6.788093626264956 0.09569905913602281 228218.1463235924 44
0.720128 0.3623854535872314 0.08682419373740194 11366.67622272557 25


0.0266714 3347086.452995204 3654.831422567867 113784278601883.2 18
0.0533428 6095940.06088556 6729.305686409591 43980680283445.82 62
0.0800142 7885710.18158828 1950.940759915904 23422961168896.16 98
0.106686 2289138.547861869 3486.202551550018 3726162035803.694 210
0.133357 1001692.639985888 1246.882853261467 1045328791453.6 350
0.160028 318555.0839294046 449.2298057069675 230868122038.7138 450
0.1867 127048.943673466 232.6261080771542 66969731764.05653 602
0.213371 56585.51186978045 89.30944171707634 22660779794.01004 762
0.240043 26612.1243252481 34.6956422646776 8443754387.389634 1142
0.266714 11984.61706444786 20.17445154112512 3089133352.831285 1250
0.293385 6151.176913560819 11.17098037797712 1305309358.79757 1458
0.320057 3160.29210774624 9.024423376578975 561876912.4809198 1814
0.346728 2160.818897328208 5.317642247267866 327587214.1520652 2178
0.3734 1524.978182381496 3.930469275203668 199405855.2235917 2498
0.400071 1326.801006984503 3.321245472780526 150703672.0778467 2622
0.426742 793.2089722199778 2.374639637394178 79068868.1923587 3191
0.453414 500.2906210969624 1.147324966001192 44204530.75581434 3044
0.480085 200.1067709787484 0.6305667004350608 15786143.31830052 2736
0.506757 119.0140530017406 0.4033715619768636 8415337.840103719 2276
0.533428 76.287644012821 0.2943716473103677 4863575.357527524 2016
0.560099 56.10760120541709 0.2257919785792036 3246091.193538188 1640
0.586771 42.17287104160954 0.1551732558295042 2222395.733752473 1056
0.613442 23.38068488578455 0.09199807418124044 1126725.316784039 683
0.640114 14.85132289633197 0.06405080560115173 658235.482159922 350
0.666785 5.990210044470571 0.09811178782564163 245192.1649238324 192
0.693456 9.608456457102891 0.05703521591211239 362334.7251559651 44
0.720128 10.85073071123177 0.01427953369783472 376459.1321939418 25


0.0266714 754012.5379950246 4767.039074060465 33270161346263.71 18
0.0533428 7441066.26064724 3981.309487547199 59262070630192.53 62
0.0800142 6827761.204466952 1569.393617870992 22494314881211.5 98
0.106686 1734003.643624318 3182.158914907737 3134897497553.585 210
0.133357 876794.9089102814 1043.1406733159 1014823714085.261 350
0.160028 238270.7135141106 420.8008847465365 191630491156.9798 450
0.1867 90841.39326560393 219.7882234613735 53144055020.83779 602
0.213371 53636.51754450938 69.10838747826232 23816299368.87278 762
0.240043 19598.37234731371 35.30078431636311 6898369613.632956 1142
0.266714 10322.99771642336 17.49661033817195 2950854401.976321 1250
0.293385 5160.575490626185 9.893927029551886 1214488650.740443 1458
0.320057 3666.55109417187 5.670738808067172 722587035.124504 1814
0.346728 2072.919132698008 4.086060013296333 348452559.9684135 2178
0.3734 1285.776942795003 3.409064782811111 186451053.9192118 2498
0.400071 1278.722928626534 2.545434738113911 161046814.9529131 2622
0.426742 755.6791275319836 1.851894994529828 83524816.73172982 3191
0.453414 355.4952842664266 1.170983155975276 34838775.35265878 3044
0.480085 180.8182396770254 0.5129454782763173 15817588.76281614 2736
0.506757 106.7794912192175 0.3281460702587912 8372324.758988588 2276
0.533428 68.10077518773031 0.2416062270345551 4814386.476727433 2016
0.560099 46.14152238874178 0.1983355581110531 2960397.425188471 1640
0.586771 36.4913626056642 0.1316758537339713 2132434.812791085 1056
0.613442 21.00910997697352 0.07508081070584996 1122671.727879946 683
0.640114 13.06434336537915 0.054285846364082 642091.8626161545 350
0.666785 8.442826047486216 0.06555097379647223 382978.0624578674 192
0.693456 15.01443760259658 0.01652958352580509 627621.3486439195 44
0.720128 10.78544596872557 0.007228198854872547 414916.5033778018 25


0.0266714 568087.8234267887 4295.692426666453 28943531223468.2 18
0.0533428 7831122.709427526 2324.730355314428 68368507942175.13 62
0.0800142 5465775.045525469 1723.055088483172 19792279362920.81 98
0.106686 1381095.704115227 2871.95238616915 2746312936963.64 210
0.133357 766096.9346761043 898.7340821514572 974030565751.4713 350
0.160028 190525.4942204796 380.5480529353831 168389370548.9424 450
0.1867 84554.66267666325 181.6121910999859 54322140126.31531 602
0.213371 46527.7634787658 60.69142660091735 22691654848.02337 762
0.240043 17051.84624753147 30.23454624838314 6592152494.494936 1142
0.266714 8812.417496861099 15.27188813058431 2766744817.559555 1250
0.293385 4247.880937985232 8.93474893519935 1098063205.28749 1458
0.320057 2458.859857880134 6.43052615602236 532431760.8626271 1814
0.346728 1641.883181131562 3.872541886417253 303157657.7759387 2178
0.3734 1422.072818696055 2.26768754876666 226408519.3787469 2498
0.400071 933.9788251866694 2.611603985122971 129212458.0306041 2622
0.426742 667.8352384006703 1.542848023581395 81065385.3872119 3191
0.453414 362.4655939238363 0.8932788676172815 39005469.16689712 3044
0.480085 150.2557549271415 0.4659512707299611 14436057.24901859 2736
0.506757 95.32977856529638 0.2772589215874125 8208666.436211601 2276
0.533428 63.61034264473508 0.195418817485271 4938373.565923243 2016
0.560099 40.99022876356234 0.1680657195948255 2888194.014258016 1640
0.586771 31.07822496439489 0.1157615726182811 1994540.075523584 1056
0.613442 18.72765214409069 0.06323295338107396 1099035.6809357 683
0.640114 10.85373847195436 0.04950618291089492 585869.5247379545 350
0.666785 12.01722746339549 0.03590047026234822 598408.5396352354 192
0.693456 12.30409252908315 0.01958751986294022 564854.7823400201 44
0.720128 5.466169651651469 0.02500818996968502 231006.7143525355 25


0.0266714 2033091.138824378 2697.997896579252 93552262712040.27 18
0.0533428 7057431.541623998 1846.554268064445 67143292061215.7 62
0.0800142 3990895.662555967 2171.601256523652 15773503525259.25 98
0.106686 1230859.444788156 2510.79417160493 2667997125401.615 210
0.133357 667330.1453055224 794.2053543478618 924643139964.5417 350
0.160028 162118.9757323758 337.7101341776377 156170030112.1194 450
0.1867 90493.89848239001 139.2377581066705 63302917486.10431 602
0.213371 39947.47939731892 54.83350278241672 21228724414.98848 762
0.240043 17323.90646380443 23.04344642892949 7294580162.366487 1142
0.266714 7811.146050271855 13.27258508647008 2671885602.419128 1250
0.293385 4494.816378892034 6.520023501090836 1265473802.915719 1458
0.320057 2903.508338564976 4.167695036856035 684639267.8974987 1814
0.346728 1647.501232736857 3.000629827766529 331354103.9791387 2178
0.3734 888.8394941899287 2.755684192685091 154249435.958692 2498
0.400071 1033.790623825704 1.83300070064333 155774240.2284889 2622
0.426742 651.0826112709505 1.258094882606174 86094372.24375877 3191
0.453414 320.0466402240399 0.7653045859258519 37521378.98044185 3044
0.480085 138.2682418246004 0.3936019972845381 14472146.64489182 2736
0.506757 84.09207240728355 0.2446470241060711 7888801.372738089 2276
0.533428 58.71899373308098 0.1637799615143428 4966217.274800499 2016
0.560099 44.31117349352737 0.1223999322248396 3400851.838776829 1640
0.586771 27.70295774894347 0.09976332006147504 1936937.9010165 1056
0.613442 15.17281522971097 0.05949850440882982 970132.5854391812 683
0.640114 9.191797383154034 0.04464690501097812 540564.0526594698 350
0.666785 12.32190863755966 0.0250365503361875 668392.1416607784 192
0.693456 9.510912826811355 0.0236137250249305 475711.7361039085 44
0.720128 2.918827854191877 0.02962562629666355 134454.5771819621 25


0.0266714 3643486.539861022 1040.80716989873 174874955623766.6 18
0.0533428 5440725.42437921 2242.137427059156 56168494060436.73 62
0.0800142 2668171.622868977 2644.947638454961 11453137259272.32 98
0.106686 1262755.009715701 2086.945282020822 2959144680749.296 210
0.133357 581762.3905708408 714.3962648975742 872601745709.6323 350
0.160028 143953.7687753192 297.9215385592127 150101188045.4753 450
0.1867 96493.57593268478 104.9140634874679 73008110774.37521 602
0.213371 36225.58643325117 47.61748660847729 20832497816.52925 762
0.240043 16085.42829034001 19.63545157613984 7329078333.804739 1142
0.266714 7157.53860484231 11.52728452320309 2649377062.278965 1250
0.293385 3671.800382098603 6.409022034115854 1118880990.296616 1458
0.320057 2230.13432520579 4.416998520702036 569205046.7932467 1814
0.346728 1548.056892188524 2.513296704536297 336900960.8578631 2178
0.3734 1207.398996406996 1.615382542902819 226608213.8808342 2498
0.400071 889.2934103063297 1.70257793904822 145012331.8108686 2622
0.426742 498.3663043337156 1.259679182633379 71323993.98155499 3191
0.453414 302.8332949903013 0.6428547226473459 38416598.78016773 3044
0.480085 134.2262926099807 0.3186094133324837 15201379.79710204 2736
0.506757 73.44818071766584 0.2199272388375134 7456264.581373166 2276
0.533428 49.68143377785414 0.1524523356544331 4547128.978530803 2016
0.560099 41.42624228480922 0.1028877921841045 3440360.821910736 1640
0.586771 28.47976491643113 0.07715722091927413 2154492.253093913 1056
0.613442 12.99984742970855 0.05417571309795334 899481.4347141128 683
0.640114 7.911011412668191 0.04019777416575377 503463.2449008054 350
0.666785 10.73233566604093 0.02366676720749628 629972.1221894327 192
0.693456 8.84950899239268 0.01984986446198446 478956.5477469483 44
0.720128 2.604994015687428 0.02575189147203756 129853.2989065812 25


0.0266714 4157889.1874675 237.0066518902334 213025001367324.1 18
0.0533428 3627801.511450027 2963.728655859653 40572159868471.58 62
0.0800142 1740166.588025053 2909.941547647673 8083649571013.369 98
0.106686 1424689.269850587 1624.015541874792 3585771843847.889 210
0.133357 511647.2168658903 648.0596301807522 826000042181.1533 350
0.160028 130815.6998666114 263.4815486012738 146782470007.4641 450
0.1867 98399.77299134 81.00613811121126 80077504593.3569 602
0.213371 34075.47618925828 40.49371076200283 21082153350.37499 762
0.240043 13771.19684673001 18.55048918861007 6752029350.50452 1142
0.266714 7054.447857794377 9.393180935862379 2808983380.758979 1250
0.293385 3335.621711718227 5.620321670106939 1093596790.717402 1458
0.320057 2080.594254218572 3.775124659948677 571317626.4998744 1814
0.346728 1113.607883753512 2.736299329765141 260848320.8230281 2178
0.3734 900.0381265609501 1.821879974808107 181789980.157245 2498
0.400071 708.5302124973929 1.673188599934933 124324959.9488896 2622
0.426742 547.8996934259045 0.9283583913452487 84344888.01747581 3191
0.453414 259.8145712007209 0.606202269673184 35462893.02908226 3044
0.480085 117.0071710231065 0.2921368544660374 14257425.06992687 2736
0.506757 75.33662829063059 0.1725689454677749 8227259.856426397 2276
0.533428 47.2617240902465 0.1295081123376021 4653681.27691019 2016
0.560099 30.42805777227761 0.1101925003471896 2719278.090899135 1640
0.586771 24.96807365645726 0.07067874903429883 2032208.232571634 1056
0.613442 13.83755003130958 0.04218940506768269 1029946.147101909 683
0.640114 7.688563664539004 0.03363182889656868 526397.0429377197 350
0.666785 7.72634443453335 0.02824902640099627 488020.8535069268 192
0.693456 9.815228688321847 0.01133730786414736 571458.8198469266 44
0.720128 3.75396987399589 0.01753722585788014 201225.5450754125 25


0.0266714 3294802.212813293 509.5790633820851 181855158266731.7 18
0.0533428 2275246.811029784 3462.135057954743 27578203163049.64 62
0.0800142 1334135.772916856 2837.697017314334 6665637472516.483 98
0.106686 1635233.766491654 1175.04794508127 4398951847518.947 210
0.133357 459091.5223465394 587.1050680896526 793697288519.4441 350
0.160028 120138.0023551295 234.6370521754963 144335000719.8013 450
0.1867 96406.65465577459 65.43175188258492 83977543732.98221 602
0.213371 31908.67982795685 35.11475042654854 21133763595.05909 762
0.240043 11893.14561276308 17.43243671547663 6243762302.320408 1142
0.266714 6651.475339799674 8.077419537399827 2835235550.461032 1250
0.293385 3285.005238715826 4.63164170573144 1152825710.223645 1458
0.320057 2204.585662736094 2.859614360265886 647907658.0430906 1814
0.346728 1347.361010608847 1.870247156042497 337710894.1762643 2178
0.3734 770.230930446838 1.665218465380386 166560226.3959626 2498
0.400071 807.2608494171648 1.217914328554652 151599238.5784456 2622
0.426742 471.1159186134307 0.8974140088692154 77646207.82917801 3191
0.453414 262.3779334655201 0.4806766304272313 38334150.34691034 3044
0.480085 114.2767075490062 0.2463886640023571 14905882.35209497 2736
0.506757 62.06905660909386 0.1697437295532322 7257255.587318591 2276
0.533428 44.35901095072487 0.1122075938051833 4675804.064424885 2016
0.560099 35.1556766062697 0.07976925571931774 3362600.295528091 1640
0.586771 20.95891058333249 0.06758066327998913 1826346.664498229 1056
0.613442 12.66454170438687 0.03718454781998799 1009114.032260941 683
0.640114 9.055538810846006 0.02342442914955917 663559.9743542175 350
0.666785 4.272850792289009 0.03456120283532962 289090.260357935 192
0.693456 10.5637545845247 0.004949055950900339 658355.7344152193 44
0.720128 5.911003634671807 0.007057156434697176 339068.7375525713 25


0.0266714 1732929.785218589 1370.025746208259 105450993972195.9 18
0.0533428 1756808.418974119 3412.571608436241 22897405148891.16 62
0.0800142 1410573.122659316 2439.92744068831 7495415600890.643 98
0.106686 1799721.723812709 806.850457652616 5154895871645.755 210
0.133357 425142.0749508627 526.2982945590591 783563299179.3917 350
0.160028 110890.0957968484 210.6500062438969 142027708006.8129 450
0.1867 91984.78249631374 55.35137726206614 85400788018.18724 602
0.213371 29238.83782430357 31.64670731701726 20642857865.87259 762
0.240043 10888.75788488404 15.68667287647249 6093528990.213421 1142
0.266714 5734.989142567264 7.775878394968415 2606101702.544467 1250
0.293385 2931.836658838198 4.314531600852315 1096780444.823263 1458
0.320057 1752.543651823422 3.031442921041647 549153045.5287528 1814
0.346728 1232.345802619411 1.719091282932898 329244296.2778832 2178
0.3734 819.1177506604245 1.3464024195144 188768043.2489069 2498
0.400071 727.2223407094193 1.118545276725236 145570576.0786819 2622
0.426742 419.692467098609 0.8144827536349244 73730991.3127905 3191
0.453414 209.2900320650969 0.5007258740521602 32598550.09703045 3044
0.480085 96.35620792357822 0.2379601063976918 13397811.51897054 2736
0.506757 65.27730453350654 0.1339254848097535 8134081.033725144 2276
0.533428 40.51592256703069 0.1011844619412868 4552124.609214694 2016
0.560099 29.04573418781245 0.07918745117606718 2961527.827436496 1640
0.586771 23.72923261903665 0.04995890508735865 2203581.696165202 1056
0.613442 11.45566577850071 0.03375689968970049 972941.0373839868 683
0.640114 9.58076077184397 0.01732605416060489 748217.7739253052 350
0.666785 3.696879949931242 0.03173938677105616 266630.7514141407 192
0.693456 7.921168271915465 0.01051831069140768 526239.6447454751 44
0.720128 7.041040256267554 0.001133474517735122 430442.9752245973 25


0.0266714 511323.4568663949 2048.455613624546 38703562644562.69 18
0.0533428 2023337.842783548 2823.402359833921 27793221928513.83 62
0.0800142 1777748.680811803 1854.437041614791 9978207783627.842 98
0.106686 1836409.692825091 577.3922509242726 5582401999410.096 210
0.133357 408879.6526477697 463.3441196902931 800119141308.1818 350
0.160028 102838.1391891936 190.4398704716338 139881907552.5841 450
0.1867 86487.81319933561 48.54630730577654 85261253761.35941 602
0.213371 26329.85334500631 29.42008237207389 19741061199.96869 762
0.240043 10452.21661724102 13.68512260610591 6210488308.726022 1142
0.266714 4884.003038546356 7.573866675899817 2357161399.481398 1250
0.293385 2614.37772171217 4.040139903118273 1038595659.824637 1458
0.320057 1573.765435122724 2.790089254594335 523660933.8603674 1814
0.346728 966.7328252456505 1.800771675307978 274324608.7832261 2178
0.3734 866.4515218466619 1.033580121924884 211981420.9016384 2498
0.400071 533.2460932375302 1.243213953219194 113379290.5323311 2622
0.426742 409.3857372799504 0.70834413851693 76362337.60911156 3191
0.453414 245.2655359547608 0.3535420642466563 40552385.84788393 3044
0.480085 103.0350887482743 0.1875444934793064 15209670.23400164 2736
0.506757 51.94526095320744 0.1394494939791386 6874121.34482278 2276
0.533428 38.34627973905888 0.08968473202634085 4574588.256407044 2016
0.560099 28.63674032089717 0.06742865450568541 3100119.520456841 1640
0.586771 16.46959318278444 0.05824182250096427 1624416.810307952 1056
0.613442 11.43420930866788 0.02848916128166125 1031079.323862744 683
0.640114 6.367696882970435 0.0229600386136515 528181.5689774908 350
0.666785 7.514929476491505 0.01613939982277738 574994.1378509677 192
0.693456 2.294936387077102 0.02516344533160796 162099.163670753 44
0.720128 4.322573411999032 0.00793784371250496 280644.6075911146 25


0.0266714 290484.0885356292 2038.433962499455 26771472262622.41 18
0.0533428 2672845.540487021 1982.790683706635 38445129975539.69 62
0.0800142 2169398.613855548 1282.014129817118 12838315386471.88 98
0.106686 1703875.685219222 513.1749519239983 5481800694958.883 210
0.133357 406741.9088299631 398.9998484723646 842034526716.5852 350
0.160028 96113.18580616344 172.9092012908431 138366970361.2158 450
0.1867 80794.74746732993 43.6067446477831 84288856303.0983 602
0.213371 23579.61263780596 27.73733832488876 18711836049.49053 762
0.240043 10179.51108643627 11.86609345221087 6400059182.945925 1142
0.266714 4465.142522258637 6.956577976519702 2280668287.720461 1250
0.293385 2505.158414129122 3.554971692623643 1053107174.659232 1458
0.320057 1646.702344716424 2.255266052595591 579706895.5844554 1814
0.346728 861.4144210061681 1.689611766752297 258697563.8147917 2178
0.3734 661.1256879675543 1.154279257566154 171213951.9853906 2498
0.400071 620.1455614396946 0.9142002774132753 139487076.0536714 2622
0.426742 400.3251988775065 0.601813359013873 79014541.87427627 3191
0.453414 186.2762461732941 0.3957814191604886 32599983.09439879 3044
0.480085 85.19078084161576 0.1901702841945319 13309502.58023573 2736
0.506757 59.76572268606715 0.1020994538734813 8367489.068820374 2276
0.533428 35.69300582200789 0.08109778547911382 4505953.026966322 2016
0.560099 26.26718363536504 0.0621211180019964 3009197.725648232 1640
0.586771 21.5607747613925 0.03801129994668599 2249619.846733941 1056
0.613442 9.62724434774522 0.02823174410540065 918759.7185230848 683
0.640114 5.31902165882245 0.02248981308611283 466938.1014182238 350
0.666785 8.629291486092564 0.009722832135148794 698589.0637568847 192
0.693456 2.107152158904793 0.0228785645294876 157506.8981122896 44
0.720128 0.4891279764371052 0.01783887783681549 33763.38388579214 25


0.0266714 969111.3235538924 1389.130918424039 73112690512763.12 18
0.0533428 3185948.421115167 1277.588944393693 48073772431890.23 62
0.0800142 2353494.755320866 899.8317469517956 14670081135145.52 98
0.106686 1418349.023765407 595.3640794629723 4818776872587.084 210
0.133357 412429.8736572055 336.8332864489773 900432784862.59 350
0.160028 90967.67949023705 157.0937424240507 138176430185.9216 450
0.1867 75359.21971393572 39.73982310638783 82947782876.27106 602
0.213371 21225.34135362711 26.18689323019582 17773797289.7197 762
0.240043 9832.993831297857 10.44022437339334 6521994971.740581 1142
0.266714 4365.887339495553 6.087351450074324 2352464527.976968 1250
0.293385 2434.714403013621 3.113400497235018 1079739851.269866 1458
0.320057 1589.068571314485 2.002200875110068 590174851.3517004 1814
0.346728 947.8360247011435 1.343418969141634 300230319.0941072 2178
0.3734 496.1992349741909 1.245621475066225 135631431.4571799 2498
0.400071 602.9158636945352 0.8109154723509543 143067478.8726841 2622
0.426742 321.2250752516771 0.641468179419889 66904811.69898447 3191
0.453414 173.1351709379144 0.3598077753447337 31967581.78856237 3044
0.480085 80.53732726054652 0.1722766649540699 13274690.89833713 2736
0.506757 43.07187931444221 0.119345081426055 6364029.383308614 2276
0.533428 32.86058785536811 0.07498085686454219 4376698.856919243 2016
0.560099 25.03525287192905 0.05546176204435834 3025790.344053154 1640
0.586771 14.76978803284226 0.04690798875365012 1626338.475616678 1056
0.613442 10.20786340979886 0.0228693979857614 1027642.723722045 683
0.640114 8.136009812584543 0.01208741914288854 753177.800061786 350
0.666785 3.772427913138849 0.02087795715254994 322431.5770733352 192
0.693456 7.994679165266319 0.003660497892786642 629522.1265399378 44
0.720128 2.7108609285382 0.009819363367422243 196544.6624189767 25


0.0266714 1860700.823833958 587.3216182326672 138891771655241.5 18
0.0533428 3200375.496470273 981.515184134217 50751060579765.32 62
0.0800142 2223874.830256234 788.8135015154855 14586599599186.16 98
0.106686 1051752.923545967 761.6623195452117 3767987336479.951 210
0.133357 417682.8992045489 282.3517766630956 959114801148.9221 350
0.160028 87629.02737323336 142.2335777012023 140043329694.503 450
0.1867 70349.12452852498 36.54299669401374 81476079945.73827 602
0.213371 19319.44847040114 24.62159148316236 17024589035.99634 762
0.240043 9347.875212650253 9.415834897333879 6523578445.995316 1142
0.266714 4331.85435368753 5.284727079085585 2455578810.126139 1250
0.293385 2298.562982948414 2.835628683055646 1072532935.951772 1458
0.320057 1446.456009060541 1.895664260255018 565268653.6545973 1814
0.346728 1029.235893718579 1.020947611192914 342935480.8117868 2178
0.3734 637.3115848068173 0.8764610435263666 183185624.3543728 2498
0.400071 509.0228316273985 0.8276856385321046 127106214.6412147 2622
0.426742 335.4301232414963 0.5323109527580803 73496488.08388881 3191
0.453414 198.1347412974462 0.273647749741219 38482341.06379768 3044
0.480085 91.99024530370446 0.1268904450179923 15949466.99891312 2736
0.506757 53.83185110961146 0.08240153428446885 8365788.28421402 2276
0.533428 33.37753674396947 0.0634434779424143 4676981.890475456 2016
0.560099 22.69787566682374 0.05231138206685387 2886459.795498833 1640
0.586771 18.61264125049981 0.03267162259401851 2155723.822821627 1056
0.613442 8.662792171617172 0.02304844987751959 917663.6766768969 683
0.640114 4.849192941349703 0.01807882716779025 472514.600433076 350
0.666785 4.799755455616934 0.01589321599458982 431478.7375386914 192
0.693456 4.629867996043606 0.01116643408939754 383697.0835192528 44
0.720128 5.340255188753428 0.001163359174277447 407172.1810862164 25


0.0266714 2240493.501074183 161.6602204172301 173172513722254 18
0.0533428 2681292.513680706 1122.385155279837 44771182964113.38 62
0.0800142 1832990.427816434 907.1690270139479 12643752486925.45 98
0.106686 708058.7196819648 925.4273279453781 2673852824685.139 210
0.133357 413967.3871617793 241.4565232093563 997496796497.1779 350
0.160028 86198.98883809515 127.8146529779604 144562850220.2617 450
0.1867 65766.63857866026 33.83769870717281 79949393876.27356 602
0.213371 17804.2856967216 23.04118489144414 16469582683.21971 762
0.240043 8759.472751665418 8.698911866828894 6416275801.865158 1142
0.266714 4224.714719718811 4.690419234292378 2513405742.609008 1250
0.293385 2126.024305281927 2.654437098909698 1041263785.701708 1458
0.320057 1307.810169922551 1.801010165723087 536470601.1869844 1814
0.346728 873.7349776124044 1.068626413523826 305607205.6240525 2178
0.3734 706.0768359398249 0.6556642453215352 212962035.1404363 2498
0.400071 464.9670596558125 0.7782339582722171 121866737.4280304 2622
0.426742 359.7346377940844 0.4200569682384593 82715294.82315002 3191
0.453414 179.9571851932387 0.2605553246054532 36685719.25718389 3044
0.480085 60.13116936560306 0.1641547981723236 10947701.79591456 2736
0.506757 40.90070851461698 0.09486297594865772 6672976.553744605 2276
0.533428 27.07238837802202 0.06675827332028202 3982200.204801418 2016
0.560099 23.68276135238332 0.04355296939717696 3160650.241762644 1640
0.586771 13.42203024020056 0.0383175908019899 1632029.726316624 1056
0.613442 8.844554388477119 0.01954494725472718 983275.5000734265 683
0.640114 5.947835863827582 0.01335277897234543 608129.6220370611 350
0.666785 6.904386110032393 0.008227901652495566 651203.1204066633 192
0.693456 1.169530726939938 0.01876493894470043 101960.206474651 44
0.720128 0.9016194693882285 0.01207643329667952 72301.77347130455 25


0.0266714 1847597.41246933 311.5219706975163 150791404019707.9 18
0.0533428 1903409.497142465 1492.762280803999 33593691239116.05 62
0.0800142 1351511.280708057 1120.929506558891 9806133455394.889 98
0.106686 484850.1385190674 1006.245697972428 1928804743605.942 210
0.133357 394774.3914833506 218.4746682588033 996219102409.6858 350
0.160028 86579.08940308768 113.5972563502189 152012922218.7914 450
0.1867 61528.86498381231 31.56543036780412 78335925221.08159 602
0.213371 16585.15099519303 21.49601130919187 16068380658.74884 762
0.240043 8135.165694023122 8.174229704219551 6240943392.195859 1142
0.266714 4037.72524503984 4.278976373628126 2515609652.825049 1250
0.293385 1960.088055251216 2.503053588605815 1005411911.273525 1458
0.320057 1166.970927849136 1.746561216687408 501377801.8284534 1814
0.346728 632.4367266353381 1.257347233998272 231785934.8548695 2178
0.3734 569.8668590598213 0.7510553967227496 180041597.7380389 2498
0.400071 470.246878468446 0.6710346816025909 129058710.8161849 2622
0.426742 298.2236967728383 0.4493717640494299 71822552.85720499 3191
0.453414 136.1985656688992 0.2939677122124803 29085393.86248526 3044
0.480085 74.256783052644 0.1205893439300335 14152752.49929705 2736
0.506757 41.62506105657362 0.08135365140833863 7111206.989056699 2276
0.533428 31.24872236367756 0.05087672490500079 4812503.833963598 2016
0.560099 18.58686802932757 0.04740067157771555 2598238.717449493 1640
0.586771 16.49462699711107 0.02793796473211036 2099798.388522618 1056
0.613442 8.115485098256141 0.01868077770477609 944860.7562049537 683
0.640114 5.481787302232934 0.01249438503094146 586958.7066882157 350
0.666785 2.960081021764468 0.01657996291176038 292614.5805861211 192
0.693456 7.314531518280248 0.001422562506108992 666025.4227026014 44
0.720128 2.749759744207614 0.00632284585024414 230514.6390835296 25


0.0266714 1004890.85556582 810.6480784245356 89788550531051.23 18
0.0533428 1265575.133965912 1788.594036083424 23722997612600.64 62
0.0800142 976036.6810831826 1274.929334369807 7449323191262.278 98
0.106686 434720.2732935973 960.2715146318899 1810421460896.395 210
0.133357 357874.2359736565 214.3004350414154 944198215126.741 350
0.160028 88422.67359413825 99.62894981326858 162188254475.6234 450
0.1867 57517.45710080906 29.72658670206763 76537915085.63243 602
0.213371 15572.76160890531 20.0357751672871 15769581990.87106 762
0.240043 7534.157598522027 7.748515232332546 6041190753.328822 1142
0.266714 3815.195991313868 3.974122566349683 2484254683.237173 1250
0.293385 1812.261209083164 2.365919533876233 971589873.0139688 1458
0.320057 1061.905640169237 1.679305015023276 476873055.3925514 1814
0.346728 576.9275452266268 1.192081408245734 221003788.0590419 2178
0.3734 443.45646606499 0.8226984810363397 146476097.2928939 2498
0.400071 462.4474401637898 0.5942492766148121 132635063.3437037 2622
0.426742 237.0231072493116 0.4781676187412076 59673848.13150748 3191
0.453414 144.4390261639349 0.2444637550812748 32230829.63803486 3044
0.480085 78.10295553742418 0.09881545972754298 15555231.51063623 2736
0.506757 44.48680054301072 0.0664134210753981 7941736.213149677 2276
0.533428 25.56301926910831 0.05420325519786477 4115082.041865275 2016
0.560099 22.46102822558396 0.03462830623922829 3280536.254682861 1640
0.586771 12.80630317811718 0.0310570066206124 1704120.371098675 1056
0.613442 7.667926997570857 0.0171119604474559 933009.0492441503 683
0.640114 4.827415044438315 0.01249674441179491 540242.5546063193 350
0.666785 5.840553368862357 0.008015399909130375 602914.5014470047 192
0.693456 1.307369932575329 0.0151582441140789 124671.1386755559 44
0.720128 3.608307336665235 0.0032412998508066 316055.4123957927 25


0.0266714 318743.9530605719 1219.066758175741 36184408181388.84 18
0.0533428 1050842.297708952 1790.381911119009 20728774774342.69 62
0.0800142 831564.4604625989 1268.210250218825 6644527236542.711 98
0.106686 543165.6545403681 797.2729932244397 2348073148449.338 210
0.133357 306685.3823555809 225.3173012608879 844783879309.1141 350
0.160028 91124.9252986182 86.23052307719053 174283963912.9868 450
0.1867 53609.41444010322 28.34388495836999 74424111282.17412 602
0.213371 14699.49876899203 18.69153064759278 15529043439.93219 762
0.240043 6992.656692052688 7.363045280140814 5849616000.57756 1142
0.266714 3594.250708616623 3.719884970154925 2441502613.19252 1250
0.293385 1684.167316728636 2.239267386535465 941958104.8499168 1458
0.320057 1047.7588899423 1.514037788649947 490793249.4033133 1814
0.346728 691.1072622970014 0.9089777327898889 276027162.5965081 2178
0.3734 418.5118868700468 0.759592002820919 144205058.6837347 2498
0.400071 409.6773569973736 0.5952297387393263 122585174.1320869 2622
0.426742 229.5527330249763 0.4399844269314813 60286165.8319404 3191
0.453414 150.5586102590582 0.2088980965524903 35042186.33375298 3044
0.480085 52.77392991489206 0.1271575282222699 10969300.50929631 2736
0.506757 33.5738559980759 0.07710201732891755 6254086.239289266 2276
0.533428 23.48152571457952 0.05224914614353186 3943340.04327035 2016
0.560099 17.23282716135168 0.03983060746771255 2626159.471028206 1640
0.586771 13.16308792494559 0.02711262227950051 1827036.417000528 1056
0.613442 7.375941368883923 0.01591781600407515 936205.0155138779 683
0.640114 4.984125185203892 0.01062665830896765 581799.1631917567 350
0.666785 3.616585581802316 0.01185787181921935 389600.8671163887 192
0.693456 4.827396439079681 0.005565048962398773 479282.7776645891 44
0.720128 0.5986719285802677 0.009930622012634588 54855.12527396427 25


0.0266714 215393.1170012959 1219.829459813702 28508174977342.29 18
0.0533428 1271760.280592462 1481.151315682411 25817556808768.69 62
0.0800142 917009.4243865124 1096.631068770927 7604120529260.826 98
0.106686 734025.1576592725 575.9315852308117 3288200879657.224 210
0.133357 250016.599831671 243.6730248308729 718212051090.4902 350
0.160028 93864.29555423593 73.94259136786349 186876274434.7146 450
0.1867 49698.07370330869 27.43856024119205 71858673876.05597 602
0.213371 13920.91342707611 17.47459926768841 15316236954.14675 762
0.240043 6524.574166170496 6.989208177644661 5684449934.189911 1142
0.266714 3390.103013407181 3.492470739227101 2398219677.15754 1250
0.293385 1582.576766682324 2.11025008418831 921814369.6888788 1458
0.320057 1102.229094226493 1.27604813175235 537552271.2539864 1814
0.346728 774.7568487807258 0.6918638466789205 322142164.622953 2178
0.3734 442.6233433886504 0.6493903924549074 158791966.5178757 2498
0.400071 368.4238424310628 0.5851235637201875 114814309.1641042 2622
0.426742 270.8728599646757 0.3390246924911152 74057357.30363154 3191
0.453414 139.8182739294479 0.2031010505297344 33890271.87825678 3044
0.480085 56.94098992367797 0.1067326408763855 12322748.39603656 2736
0.506757 37.74032186463087 0.06113367070638303 7319387.077367988 2276
0.533428 29.39528847186437 0.03551358101702125 5139014.550915636 2016
0.560099 18.06730310089617 0.03383496573081077 2866901.020861194 1640
0.586771 14.09391281294648 0.02218500273866951 2036911.071543515 1056
0.613442 7.425362051570605 0.01376178811756592 981400.7515123013 683
0.640114 4.739099410113801 0.009965385015061333 576082.4106804548 350
0.666785 4.52231621668874 0.008710151250442749 507185.6684159514 192
0.693456 3.002139519786037 0.008769253763561793 310505.3617353362 44
0.720128 4.129391301575801 0.0008226785486871554 392858.641616379 25


0.0266714 657567.8808222429 829.8932795771276 69240497823533.93 18
0.0533428 1685844.848168929 1036.754810054121 35115496890200.16 62
0.0800142 1118641.761027958 843.4397087050345 9593267336764.941 98
0.106686 901862.5583251502 378.1253318835603 4189247694900.578 210
0.133357 199885.4364585188 259.1081823409039 598189892349.3727 350
0.160028 95702.91041770554 63.42628805796033 198044111233.0025 450
0.1867 45709.29987583122 27.01301584829279 68730089840.5956 602
0.213371 13211.35766613131 16.3815071169455 15114311507.01018 762
0.240043 6128.51610002136 6.618221865070597 5552025572.072276 1142
0.266714 3203.512715122289 3.286846299502761 2356376159.361931 1250
0.293385 1513.626719930171 1.966670874228036 916697228.2902286 1458
0.320057 1141.795323378135 1.074224415408479 578872950.2899821 1814
0.346728 728.8030467817794 0.6639069971822245 315085277.7998203 2178
0.3734 469.3352600138109 0.5477337789273797 175032907.6081344 2498
0.400071 369.2554015925401 0.5199131555578553 119635509.5908739 2622
0.426742 300.0956508305911 0.2585220799921679 85289800.62393305 3191
0.453414 138.6418452061836 0.1793512566496038 34938136.7678234 3044
0.480085 68.22713201800515 0.07766646658035326 15347258.12969067 2736
0.506757 36.52807966166466 0.05658017457406748 7365622.702479674 2276
0.533428 18.77224242827384 0.04968290800178742 3413963.250015341 2016
0.560099 18.54850733730272 0.02941860358538782 3059943.719416196 1640
0.586771 10.10303664489415 0.02682211545176557 1518625.000606139 1056
0.613442 5.711061150840924 0.01570486140444746 785004.5612671342 683
0.640114 3.924242928049388 0.01046929894958456 496053.0479570809 350
0.666785 3.749940363993224 0.009229018995541679 437325.4839521651 192
0.693456 3.214930218101671 0.007503697971048563 345683.2347729643 44
0.720128 0.3164547412951651 0.009075966573438196 31476.34356168909 25


0.0266714 1222582.109008273 349.5308115648263 124361316091644.5 18
0.0533428 1962240.971446597 702.1960359501509 42172014019714.55 62
0.0800142 1280177.760051844 626.2167930951681 11361159302370.34 98
0.106686 958015.9107898551 272.7539630763615 4615879638639.275 210
0.133357 167810.0484048716 261.9791752887739 522313611055.5453 350
0.160028 95740.84538316827 55.32276924543423 205653061591.5334 450
0.1867 41614.64274437206 27.03746129328984 64980919488.3976 602
0.213371 12558.52163774774 15.39960813969275 14917721790.41499 762
0.240043 5795.290232583348 6.251438516950102 5451175793.897364 1142
0.266714 3030.808972579133 3.103149524044425 2314653581.32599 1250
0.293385 1474.492621032135 1.808571176751179 927092545.1504329 1458
0.320057 1104.381978720573 0.9857230936243736 581289906.8727624 1814
0.346728 610.5044472496738 0.7343237795231045 274101144.6173565 2178
0.3734 474.6441646967731 0.4786161540139378 183759960.0428263 2498
0.400071 376.5768571373194 0.4549351693552821 126656760.458399 2622
0.426742 270.3234710461884 0.2641053479902232 79769941.4932425 3191
0.453414 126.9789642039953 0.173547270556724 33223493.80427394 3044
0.480085 55.44850989723297 0.08871703545152392 12952169.62361258 2736
0.506757 30.71339774276795 0.06010283954395106 6430923.85544223 2276
0.533428 21.78589582594575 0.03977167241446328 4112314.903735959 2016
0.560099 15.27470582209869 0.03169924665450222 2616596.713029754 1640
0.586771 12.52702679731996 0.01997225713428866 1954351.169725324 1056
0.613442 7.956626707745677 0.009792585420864355 1134999.147916953 683
0.640114 5.084685599227992 0.00715199787805301 667097.418188397 350
0.666785 3.9789184259561 0.007910852778382238 481711.2437985929 192
0.693456 3.211627231977152 0.00659229758872077 358506.4548236121 44
0.720128 3.785766943042179 0.0007136814034900899 388775.6802015383 25


0.0266714 1448551.565740099 114.0136957864485 150428378099810.9 18
0.0533428 1890442.901678918 635.408014067193 42130809852136.95 62
0.0800142 1288966.497449262 531.0145646531292 11851878558826.95 98
0.106686 869597.5436855357 285.2930166845728 4346699558062.771 210
0.133357 160679.8669595632 246.5614628415981 518635033230.7577 350
0.160028 93302.31303640066 50.09051635134943 207782657893.6395 450
0.1867 37440.96141031518 27.44050782089686 60636358102.69367 602
0.213371 11958.76400489218 14.51153337921707 14729404470.3428 762
0.240043 5513.441025143659 5.893634932636262 5377267393.671152 1142
0.266714 2869.247862255287 2.94032731392242 2272053404.265687 1250
0.293385 1453.451158374373 1.64769244329427 947441864.9584744 1458
0.320057 992.3000660541647 1.002240309123942 541601837.4661742 1814
0.346728 512.8419447352788 0.7772592865858677 238802070.0306566 2178
0.3734 443.4431817404425 0.4613757262281918 178007419.0797135 2498
0.400071 366.8255340993447 0.4205589959361085 127915615.8583854 2622
0.426742 210.6601680177426 0.3105861654031369 64471512.63277257 3191
0.453414 103.8218703514498 0.1881521157960114 28171368.12346621 3044
0.480085 46.04913894786543 0.0933798409138817 11154902.13736464 2736
0.506757 32.85848987241497 0.0500916600916983 7132159.841222431 2276
0.533428 26.40599112925147 0.02778330078394938 5166422.672534334 2016
0.560099 15.58245145637882 0.02798365053249781 2767340.13660839 1640
0.586771 12.10359295669132 0.01841753644395954 1957757.656570628 1056
0.613442 4.733206854035643 0.01463057762870138 700406.5247578077 683
0.640114 2.981461076961553 0.01036808072015795 405777.0984788285 350
0.666785 3.417211849918471 0.008127818393073593 428977.896889325 192
0.693456 3.14162297090764 0.006147230349256639 363591.2285467446 44
0.720128 0.3113361205461108 0.007879699707003378 33323.76274057646 25


0.0266714 1173158.196902271 246.137057105099 127836310250912.2 18
0.0533428 1500743.829064893 816.0225625012995 34877887309307.83 62
0.0800142 1131209.903811807 569.5914931835068 10790478091134.39 98
0.106686 672876.1072508424 387.4213546856637 3491643114917.104 210
0.133357 177722.660761356 213.4139349568277 593049473452.7101 350
0.160028 88115.34974764442 47.85284059347014 203226401632.4293 450
0.1867 33274.66053834324 28.1050538724326 55827101826.64646 602
0.213371 11413.61004397446 13.6982517081157 14558218267.62109 762
0.240043 5272.408390988343 5.549353852664962 5324988873.117038 1142
0.266714 2718.112294066687 2.795231650755494 2228925965.529185 1250
0.293385 1436.005481116582 1.499251572609236 969239273.175653 1458
0.320057 852.5824706600671 1.060491500071354 482001522.9685256 1814
0.346728 473.2732592186151 0.7492274828675471 228225111.8822612 2178
0.3734 385.1200699735078 0.4839805021053474 160114444.7898364 2498
0.400071 349.3917387174166 0.3979667057190304 126163528.8591682 2622
0.426742 168.8455754580723 0.3322887386864267 53526218.89180618 3191
0.453414 96.28547280816159 0.1815637327797925 27055717.62850376 3044
0.480085 50.91474203503059 0.07674886275666903 12768528.58204492 2736
0.506757 30.92456548358224 0.04809442354948053 6950862.863160495 2276
0.533428 16.63160373424894 0.04072060323828029 3371397.831375211 2016
0.560099 16.12447348224232 0.02446109437395985 2965000.482810593 1640
0.586771 8.266588203251242 0.02327524981051529 1385177.859402744 1056
0.613442 6.393876692601432 0.01030955491359284 979331.0154308713 683
0.640114 4.791393079324592 0.006057215861751395 674870.0837178881 350
0.666785 3.770374340101156 0.006697196128836977 490045.1975688858 192
0.693456 2.214856789598133 0.007345379652856096 265519.5293359037 44
0.720128 3.463852504235421 0.0006658646391750194 381894.9659034667 25


0.0266714 621133.6542498824 588.2156165643034 74838415315013.92 18
0.0533428 1026299.08566718 1071.943937577403 25077272848699.3 62
0.0800142 888612.8329448967 680.9771131762189 8808087513299.777 98
0.106686 454042.3778750694 511.9907678761926 2450570576348.114 210
0.133357 209943.0063935946 169.7277359381625 723060410990.5747 350
0.160028 80436.36012744532 48.29576089513531 191945576534.8627 450
0.1867 29258.20170337686 28.87125522902467 50800330107.12288 602
0.213371 10927.1903750578 12.9411006277902 14416705232.60695 762
0.240043 5063.825992350625 5.221457739863113 5289855564.594621 1142
0.266714 2577.909787776819 2.663812280881744 2186576242.455141 1250
0.293385 1410.957269808791 1.374351763262864 984938366.5161511 1458
0.320057 735.0325074789282 1.097605057030567 429930851.1441312 1814
0.346728 474.6199551559735 0.6775241805330878 236697809.022593 2178
0.3734 330.8060347770528 0.5048216202224872 142283987.1427166 2498
0.400071 328.8598250225376 0.380060260877689 122824864.159471 2622
0.426742 156.9179521410864 0.3181032558527749 51454253.65873034 3191
0.453414 106.9151570010175 0.1511644303458224 31065304.41419669 3044
0.480085 51.93363048111684 0.06824245997742392 13469493.45667418 2736
0.506757 26.94910340513831 0.05009219320339864 6265916.653380251 2276
0.533428 17.08265481217585 0.03635270130028898 3581182.763578875 2016
0.560099 14.37342478351566 0.02478371037724925 2733858.423878034 1640
0.586771 11.76984286290589 0.01512509554245087 2038814.497117871 1056
0.613442 6.541358082693888 0.008999938442799307 1036199.845690279 683
0.640114 3.449520157891137 0.007846076050233238 502665.8245051372 350
0.666785 3.040692899989774 0.007436984429287954 408828.515919055 192
0.693456 4.047201181265499 0.003057183738569515 501515.0148925231 44
0.720128 0.40437959504379 0.006718710106895128 46281.68061556399 25


0.0266714 200991.4164613623 845.5120874574195 32266160210558.21 18
0.0533428 739263.6100777547 1200.164490544404 19029062439047.26 62
0.0800142 682778.8744860421 772.9098116909687 7038476760139.451 98
0.106686 306199.1726572678 586.3528523468532 1721495960901.461 210
0.133357 242642.8600929574 127.2132666726666 862023577417.6584 350
0.160028 71072.57665788777 50.65404390840825 175331535379.0116 450
0.1867 25576.97966202685 29.54799799024732 45912310410.90562 602
0.213371 10504.26565377505 12.22321637328252 14318978588.95096 762
0.240043 4881.667019822976 4.910971435688945 5268744297.382418 1142
0.266714 2449.35527744046 2.542341918616049 2146547058.712841 1250
0.293385 1373.117675593823 1.276936301834198 990281948.8642349 1458
0.320057 665.5317300760596 1.083127045943271 402267329.2216276 1814
0.346728 485.3046396298643 0.6032763000311568 250014801.458422 2178
0.3734 305.1430524326811 0.4918545711440605 135611629.1631232 2498
0.400071 298.3228036799118 0.3786736212982042 115125262.9526579 2622
0.426742 165.626339223145 0.2825183458473494 56100444.48548766 3191
0.453414 116.0247619521431 0.1255669334491758 34823713.84777797 3044
0.480085 46.62132776569272 0.06982049952284092 12493864.76414583 2736
0.506757 29.53008513857739 0.04139196182730436 7092263.168711645 2276
0.533428 23.50982845243893 0.02290430577441043 5089588.01980407 2016
0.560099 13.06641580015241 0.02451658892189475 2567823.69595104 1640
0.586771 10.36645347362079 0.0160067050136146 1855410.954862891 1056
0.613442 3.926953105810735 0.01266536784358101 643057.0122214177 683
0.640114 3.020757276744851 0.007958732193825299 454831.2279458802 350
0.666785 3.561774152044375 0.005738778943074834 494658.8262464952 192
0.693456 0.7685773798158392 0.009102804130948 98666.12868288242 44
0.720128 2.832638186704381 0.001331716688207413 333732.513940912 25


0.0266714 186384.3759844905 816.4417648289668 31509896814503.97 18
0.0533428 772311.883107951 1099.428401207656 20423357268135 62
0.0800142 602459.4871932914 776.7920639751698 6431560381296.291 98
0.106686 283609.9623727059 567.7302786482226 1648176517787.574 210
0.133357 260454.8585420626 98.0226894185068 954232591598.038 350
0.160028 61272.53113951159 53.80817585046851 156144780805.3416 450
0.1867 22435.97795369154 29.93313762853071 41597696457.96449 602
0.213371 10148.55687902613 11.53067613460906 14278523205.30344 762
0.240043 4721.813468753367 4.617524543847186 5259818640.834148 1142
0.266714 2332.783864027101 2.428015435769952 2110118888.663976 1250
0.293385 1322.776684241131 1.204735466321436 984600818.6139539 1458
0.320057 643.2988233085014 1.019797598468446 401309496.3406276 1814
0.346728 486.4683654395718 0.5480722949541963 258634608.9873376 2178
0.3734 308.2157968018847 0.4461338926648155 141357831.158051 2498
0.400071 260.8817336495976 0.3908352671978677 103927449.1744015 2622
0.426742 184.8887903562365 0.2367398426306067 64617835.31581384 3191
0.453414 113.5588909882293 0.1171957187663264 35176605.04919549 3044
0.480085 44.10307180720912 0.06685311434716226 12198562.30618742 2736
0.506757 29.51032283001173 0.03712729867030221 7314513.274628442 2276
0.533428 18.7428047307621 0.02794642568254135 4188720.880736162 2016
0.560099 13.58305100213536 0.0216798759633993 2754739.918459749 1640
0.586771 7.518283126667478 0.01931582309211337 1389333.402270942 1056
0.613442 6.059642360984858 0.007978468237219254 1023522.152421787 683
0.640114 4.574437107809803 0.004492894474437167 710525.6151472563 350
0.666785 2.783779946371299 0.006731940175677435 399105.6437533111 192
0.693456 4.707479310302535 0.0008030575886933513 621911.016802607 44
0.720128 1.152480042954956 0.004441299736243852 140250.3182693531 25


0.0266714 526143.6118519722 532.738907602435 70769757376083.8 18
0.0533428 1041563.825914421 828.5025891686328 27857510183859.91 62
0.0800142 656177.8707583029 684.0046586997372 7197624777476.37 98
0.106686 376151.997648387 462.9631259533754 2237362064771.825 210
0.133357 253170.0389322786 90.10308717700721 956387175665.8363 350
0.160028 52486.08141263945 56.48853078496643 138062394983.1222 450
0.1867 20027.69303252054 29.84099569495564 38314261040.11825 602
0.213371 9861.240403161986 10.85350549510413 14305798449.05087 762
0.240043 4581.417721233836 4.339979938319307 5262127533.051478 1142
0.266714 2228.010008607587 2.319000707633849 2078125865.195159 1250
0.293385 1263.564340224004 1.151987214177321 969808536.3000473 1458
0.320057 652.0021015209846 0.9281712703265057 419326129.8404232 1814
0.346728 475.3081036308496 0.5127569541704969 260553128.6816166 2178
0.3734 322.7550863381031 0.3905383115631573 152601050.0215031 2498
0.400071 233.1811237397318 0.3939532846098877 95797714.96041371 2622
0.426742 203.2642136984099 0.1936818218394559 73233453.94841011 3191
0.453414 104.4637700767609 0.1174851583219158 33367573.89308067 3044
0.480085 44.06470954438032 0.06064080306276205 12566132.01893816 2736
0.506757 23.33981919693595 0.04301811141423593 5966702.43762873 2276
0.533428 13.11330513009946 0.03406807126992976 3023249.449217732 2016
0.560099 13.97708612650616 0.01909804369314436 2922540.410979181 1640
0.586771 10.26003635974111 0.01310205441600821 1954051.114358982 1056
0.613442 5.815133781869439 0.007634408524587056 1012760.16187129 683
0.640114 2.531214452022269 0.007603804084986798 405635.8551666165 350
0.666785 3.328911684200122 0.005062709690993758 491978.2991474603 192
0.693456 0.6569898993814954 0.008285713490368935 89785.48492436094 44
0.720128 1.429813054667242 0.003532142713978741 179352.8805913805 25


0.0266714 911505.3807696119 214.3726242009504 117549226202163.2 18
0.0533428 1315975.166398781 556.1293581245986 35831117986661.37 62
0.0800142 775349.5261581879 544.3591041633408 8713869155849.177 98
0.106686 516943.6587745732 322.7181303003571 3148256116222.561 210
0.133357 220051.2869503318 103.8146773202413 857155481583.8801 350
0.160028 46034.98149073695 57.55059374291779 124872288188.877 450
0.1867 18495.28555655326 29.13354208414576 36467311820.81029 602
0.213371 9639.610498447148 10.18655711269479 14405697842.24071 762
0.240043 4458.253134001495 4.077042919812271 5275058975.312175 1142
0.266714 2134.440663506576 2.214214235735979 2050991213.286001 1250
0.293385 1200.21404131526 1.112085650035907 949023171.3532997 1458
0.320057 672.4278200657334 0.830846609554569 445420773.200173 1814
0.346728 457.0551727694216 0.4891999576755203 258107848.0075853 2178
0.3734 331.5991964310343 0.3462964281582904 161490032.3425032 2498
0.400071 228.0448545334466 0.370758992509519 96511086.0884805 2622
0.426742 208.9958974874698 0.1679945692208179 77561773.7036863 3191
0.453414 94.73888592993121 0.1181740354933355 31176588.6655612 3044
0.480085 41.87847445526861 0.05839013129069074 12303091.0234178 2736
0.506757 21.76376866570514 0.04210965200976491 5731942.95185207 2276
0.533428 16.57953219676579 0.02617029926465253 3935914.394854943 2016
0.560099 12.23920292619168 0.02000218861562659 2636635.516370249 1640
0.586771 9.536060825432259 0.01307927981180269 1871004.306238469 1056
0.613442 3.539869518920253 0.01069477069565853 635468.6713322722 683
0.640114 2.985954772978097 0.006248351402700681 492806.0566244843 350
0.666785 2.603124364835262 0.006002791592241829 396406.4087772785 192
0.693456 3.146195565653508 0.003024487886309277 441580.2704666451 44
0.720128 2.461605932043768 0.001311966897501326 317933.7506707211 25


0.0266714 1028661.240675561 88.69764231222719 134700527090212.9 18
0.0533428 1379985.565322866 441.4348408048826 38562729669706.4 62
0.0800142 862010.6430870575 430.763985740689 9939404166571.791 98
0.106686 618990.4796057905 213.4153990708869 3869139193904.106 210
0.133357 170662.0064649167 131.3494623578043 685804524874.1311 350
0.160028 42771.1752145259 56.256151472007 119478500364.3312 450
0.1867 17897.21423169175 27.74982468447405 36324467251.68128 602
0.213371 9476.033153837963 9.5301524603868 14575105719.21452 762
0.240043 4350.141349131534 3.827769445334645 5297752524.998667 1142
0.266714 2051.262051583197 2.113041687047616 2028854243.480524 1250
0.293385 1137.006905312988 1.079305260851332 925432277.6583973 1458
0.320057 690.2544209310286 0.7436009316718676 470537796.3998721 1814
0.346728 437.4859804279999 0.469730041714372 254297377.5636156 2178
0.3734 327.8789576040192 0.3206337502692175 164345869.2093382 2498
0.400071 242.4129513495685 0.3253985748256812 105573553.1262494 2622
0.426742 198.1483973205772 0.1643604203399099 75690793.59882839 3191
0.453414 85.03803056643223 0.1194128696444977 28806778.87169717 3044
0.480085 38.55049524234232 0.05827089665002694 11657877.20376044 2736
0.506757 26.56103860551386 0.0317783751629482 7197555.785017376 2276
0.533428 19.97090622750307 0.01896736354056506 4878402.887577835 2016
0.560099 10.91677533885128 0.02041057826468209 2420860.561820881 1640
0.586771 6.735042859318629 0.01653500383611133 1360697.642232388 1056
0.613442 4.878778571107572 0.007733048517235032 901022.8342126833 683
0.640114 4.166998290457568 0.003723416039829372 707586.8908260681 350
0.666785 2.955638942180478 0.004870584282523975 463175.8005368222 192
0.693456 2.935695556616136 0.003139616982338645 424106.5914278316 44
0.720128 0.2925188244273188 0.005157454808409871 39060.96382106977 25


0.0266714 793592.3957378337 219.6651334317791 109260976357016.9 18
0.0533428 1176544.025456575 527.9364864329925 34000724716585.14 62
0.0800142 849516.968116219 393.6573238008558 10071549005046.83 98
0.106686 621349.9477184576 181.8481169673668 3992860253843.899 210
0.133357 121506.8354001394 159.4636414954323 504276003418.5247 350
0.160028 42819.60346935255 52.4806615455357 122985955447.4231 450
0.1867 18181.03216098756 25.72712430271777 37937273835.35694 602
0.213371 9357.396071153697 8.890307112225395 14800961919.3612 762
0.240043 4254.489878996117 3.591950157978884 5328530943.704515 1142
0.266714 1977.596351368328 2.015116576295331 2011698221.155265 1250
0.293385 1077.033698377536 1.049529060373585 901624893.232559 1458
0.320057 698.2646784928795 0.6734611179307042 489481287.0927765 1814
0.346728 419.8422597740925 0.4503728980987223 250989783.8313227 2178
0.3734 314.1412594831181 0.3090543760327091 161942706.5997415 2498
0.400071 262.0660212365225 0.2761821948571762 117352793.0991029 2622
0.426742 176.992784349648 0.1741675759426525 69541235.89631225 3191
0.453414 75.41374517929444 0.1218991651288094 26277307.2410063 3044
0.480085 37.40033966510021 0.05527986131827416 11631697.30962481 2736
0.506757 27.69436097925934 0.02720355983995999 7717280.164112399 2276
0.533428 16.44242623146181 0.02240326696705269 4131547.598847261 2016
0.560099 11.8530882140004 0.01741072023899629 2702811.237970263 1640
0.586771 8.48807775055228 0.01250198962739241 1762980.032815972 1056
0.613442 5.794126242826188 0.005629246671111117 1100262.400997451 683
0.640114 2.307451797743046 0.006473813692272058 403222.7815390819 350
0.666785 2.844286101446576 0.004625259427589822 458400.4694081992 192
0.693456 0.588553694635799 0.007059464578327344 87717.80132617294 44
0.720128 2.377511472051115 0.001014382380555841 325036.6979146587 25


0.0266714 395685.4306824235 473.5451328223824 61722133922852.78 18
0.0533428 835533.4559730992 721.4730743450031 25227618333231.5 62
0.0800142 739131.2519796164 433.0695584979604 9030954933920.201 98
0.106686 520169.1502877462 231.3473093006175 3442056930980.804 210
0.133357 89537.40231697357 174.6506383217786 383826443960.037 350
0.160028 45494.39540052095 46.77510421505563 134170650311.9622 450
0.1867 19173.90771094363 23.20755371524205 41089402359.22864 602
0.213371 9265.287102069487 8.278340401796656 15059360823.55882 762
0.240043 4167.955810257569 3.370364647299213 5364397910.089688 1142
0.266714 1912.591479581788 1.920189028508537 1999434888.003399 1250
0.293385 1022.075835505119 1.020272557450781 879352295.1787348 1458
0.320057 695.075418861622 0.6207382014498892 500688677.5757 1814
0.346728 404.9343148040218 0.4302169869740354 248776903.3779182 2178
0.3734 296.3674449803117 0.3034934676374458 157015092.4152782 2498
0.400071 273.6549058369268 0.2394534840970297 125913776.2414132 2622
0.426742 155.4716501848154 0.1845789525106511 62785577.15632806 3191
0.453414 69.02809378573262 0.1214243585049325 24720436.14427699 3044
0.480085 38.15195361852894 0.04991195779081066 12192528.12104448 2736
0.506757 22.01830661949545 0.03274995189375819 6307059.689803869 2276
0.533428 12.16870278065091 0.02675424316392853 3143569.742632237 2016
0.560099 12.25438710665203 0.01542398230953738 2871345.312479763 1640
0.586771 9.629882806620127 0.009620253276474162 2055058.359636465 1056
0.613442 3.814910872419325 0.008221733717349571 744788.1753336977 683
0.640114 2.41314961714348 0.005846780272156011 433306.0452947006 350
0.666785 2.181866269451326 0.005463803124926541 361467.8173028921 192
0.693456 3.631795749279159 0.001196100573422305 554391.2620946181 44
0.720128 1.392256712508813 0.002650694470274389 195681.2359888764 25


0.0266714 132823.8929194635 635.7567928596897 29104963219487.23 18
0.0533428 573975.7131789787 862.6618033293229 18255972243226.52 62
0.0800142 592510.0284907862 503.5661320238228 7477651204196.132 98
0.106686 368141.4155673284 322.0423097265318 2515384221378.654 210
0.133357 85075.49011829837 168.7195757579402 374765557250.1951 350
0.160028 49438.15636542313 40.2439728088379 149579548269.5325 450
0.1867 20595.34500204552 20.42570978297075 45290057831.63858 602
0.213371 9177.094136828269 7.709709986786593 15316226573.85159 762
0.240043 4086.253013071674 3.164898005848321 5400655099.545083 1142
0.266714 1855.445901245246 1.828074252356336 1991934590.239038 1250
0.293385 972.8276933609103 0.9903509521693258 859572833.7206128 1458
0.320057 682.6906055701327 0.5821483888002543 504989174.070785 1814
0.346728 392.267452170716 0.4098191961868149 247482767.9801508 2178
0.3734 279.1478770298391 0.298267946416876 151882723.4603713 2498
0.400071 271.9646523615389 0.2207264818449593 128498212.2462858 2622
0.426742 139.9678002765747 0.1879518992074199 58053954.54847242 3191
0.453414 69.14086334439938 0.113350142766886 25425698.2822679 3044
0.480085 38.06275372752525 0.04608750766140435 12490779.45078539 2736
0.506757 17.1396376838892 0.03714406278056562 5043714.649268822 2276
0.533428 12.92449316150007 0.02374456650591904 3428110.760578826 2016
0.560099 10.86179815078506 0.01626204414337119 2613839.572516032 1640
0.586771 6.837134519438697 0.01306644905455505 1498916.77768072 1056
0.613442 3.260291787284787 0.008497315913621021 653761.711572238 683
0.640114 3.82363415289546 0.00312475807658101 704657.4235918034 350
0.666785 2.97019422738971 0.003691531930337396 505110.0620992163 192
0.693456 1.918458309444795 0.004029500252527298 300889.9981614703 44
0.720128 0.5145713239748803 0.003993328272985 74393.63398669171 25


0.0266714 177925.1438799171 579.2291771464031 35693587853384.31 18
0.0533428 542176.5157802404 839.7957908436759 17757179397852.69 62
0.0800142 488203.1737281745 546.3297396580651 6361650180837.427 98
0.106686 243256.4382308534 394.5436247386897 1722138700825.253 210
0.133357 107211.8046595635 142.3766096268795 482365127991.2482 350
0.160028 52970.56138654759 34.25349745563901 164340165139.7274 450
0.1867 22093.55019974249 17.67646495969893 49824712198.72691 602
0.213371 9068.10770970912 7.202013492250635 15529982979.49702 762
0.240043 4004.127969687782 2.978503504668674 5430707156.083914 1142
0.266714 1805.386024249377 1.738656083200176 1989008546.988765 1250
0.293385 929.2359886820969 0.9594493423758407 842633296.1600608 1458
0.320057 664.3246087193197 0.5533775174678282 504283121.6930645 1814
0.346728 380.9669666868023 0.3900718679341807 246653373.9551536 2178
0.3734 264.205647377641 0.2915139015039723 147529194.7910109 2498
0.400071 259.3722760765163 0.2161503048899185 125764427.9257583 2622
0.426742 131.4113455369265 0.1837287006608323 55937214.58611768 3191
0.453414 74.77239510361326 0.09876684118185292 28211405.33434749 3044
0.480085 36.01621734235317 0.04523855895099836 12129426.41871238 2736
0.506757 18.53946139386791 0.0327538100086202 5597463.827885819 2276
0.533428 15.81931842806908 0.01799649979681226 4304391.545287482 2016
0.560099 9.864282488695954 0.01644254282198398 2436221.033117021 1640
0.586771 5.678396597743151 0.01393566980016873 1277826.37779441 1056
0.613442 4.82755509112215 0.005527317269454596 992843.8961983949 683
0.640114 2.668341014717469 0.004687708613032795 504805.7106120273 350
0.666785 2.500582579568067 0.004157343936486078 436453.244632402 192
0.693456 0.8028056548287397 0.005642207218632397 129410.4373106919 44
0.720128 2.335850812745614 0.0005763546015513551 345809.5832614011 25


0.0266714 457772.3643834849 353.6286907103438 74508024218553.77 18
0.0533428 723902.370393781 662.7987783802706 23751586595109.99 62
0.0800142 471649.0997058609 526.5378282025869 6307090853099.222 98
0.106686 204679.890024867 403.4778622812487 1493435001982.451 210
0.133357 143887.6649338009 105.1028342462919 660905479094.6375 350
0.160028 54562.13743228011 30.04112414353023 173529217154.6154 450
0.1867 23301.52809917081 15.26650523143563 53863611924.26399 602
0.213371 8914.529725937704 6.772255264631118 15656354105.32828 762
0.240043 3915.534059953564 2.81499019709712 5446136537.703613 1142
0.266714 1761.616372468076 1.651920959479189 1990356692.136412 1250
0.293385 890.8216741958213 0.9277405199953809 828481013.220005 1458
0.320057 643.0284882585765 0.5305852354468554 500592476.5793062 1814
0.346728 370.2344559538719 0.3717157106280919 245827571.5692489 2178
0.3734 251.2728292627937 0.2837747887165312 143898714.2044939 2498
0.400071 241.4202855060069 0.2184964660504838 120059304.7077323 2622
0.426742 127.6183773530436 0.1749636169384515 55710046.75293561 3191
0.453414 81.00036117869952 0.08402953318944274 31335645.0157159 3044
0.480085 33.39148381483164 0.0453254909434956 11533591.80078346 2736
0.506757 22.91324814542189 0.02453339648770549 7091874.765994485 2276
0.533428 16.05600277632252 0.01632520274050953 4480099.808078809 2016
0.560099 10.01669023429398 0.01497891109119865 2536857.669322506 1640
0.586771 7.895887976937571 0.009716776286945736 1821256.928138871 1056
0.613442 4.922577243143544 0.004954714362916501 1038183.309905764 683
0.640114 1.720080168342507 0.005865248249391893 333928.9930941056 350
0.666785 1.826713844059513 0.00501678611375934 327101.2372392135 192
0.693456 3.264462755614352 0.001116266710321725 538539.8664999475 44
0.720128 1.100052996406611 0.002596657125908359 167119.4839199861 25


0.0266714 727159.116429603 134.0816482024163 113652956419095.5 18
0.0533428 956946.8254821571 449.132586947973 31628386817936.59 62
0.0800142 530013.7752853297 452.5755412236107 7228373715004.021 98
0.106686 260615.3086503264 341.9925646395129 1933692740119.097 210
0.133357 176905.4249043942 71.17398491665648 830693991822.8119 350
0.160028 53295.89161475792 28.3392785698288 173724780592.4326 450
0.1867 23903.46710801191 13.45779141555048 56613713811.34108 602
0.213371 8697.07136300307 6.433664426734963 15655003454.60507 762
0.240043 3814.029607452457 2.678618083515723 5437131995.255789 1142
0.266714 1723.260239273096 1.568002530836545 1995496171.469119 1250
0.293385 856.9261379553473 0.895605108181511 816848600.3858554 1458
0.320057 621.0837316377265 0.5109884138113859 495562670.2822325 1814
0.346728 359.4891489107578 0.3552274569700926 244639292.2508796 2178
0.3734 239.5355731990058 0.2761014047171761 140600598.6073054 2498
0.400071 222.9804907077838 0.2218750008327731 113662437.2699495 2622
0.426742 126.0865585991324 0.164707653483697 56410223.17067806 3191
0.453414 83.11422520976924 0.0750991960130384 32951177.07505761 3044
0.480085 31.8432065261432 0.04407882231599133 11273089.33782591 2736
0.506757 24.21507054834056 0.02084656607167436 7680517.767029086 2276
0.533428 13.60236726523765 0.01841285400201052 3890721.141744288 2016
0.560099 10.0570225603318 0.01390414349322622 2610379.387529193 1640
0.586771 8.805643459956308 0.007638088929897376 2081343.764888311 1056
0.613442 3.39534473757525 0.006835126874564004 734226.8541781777 683
0.640114 2.945598711756212 0.003577898610640624 585609.4251544877 350
0.666785 2.745353800733736 0.003172314476945139 503566.0455276514 192
0.693456 1.948025060962735 0.003183300886754847 329504.8887722575 44
0.720128 0.4666281465501482 0.003492073824666086 72770.48006929485 25


0.0266714 767994.0087089743 78.54417424018366 121936289037588.7 18
0.0533428 1054201.35333552 335.6927183964479 35489420784786.3 62
0.0800142 605531.8355712576 366.6412391048398 8417706428636.114 98
0.106686 365951.1101105936 243.7107911098406 2758760108798.447 210
0.133357 189859.4992169361 53.42546481287522 912376875725.9082 350
0.160028 49165.7592908842 29.13574908108841 164234960571.1116 450
0.1867 23697.79105332194 12.41448430506983 57485313027.7589 602
0.213371 8404.602452626168 6.192534033962803 15497204755.73025 762
0.240043 3693.407370707991 2.573499159878342 5393335792.803895 1142
0.266714 1689.305190544782 1.487222066427841 2003685604.571911 1250
0.293385 826.8718790964102 0.8634558430086575 807389559.5210475 1458
0.320057 599.908578980585 0.492872686547596 490311935.9289658 1814
0.346728 348.3812129065541 0.340833204323182 242844739.9081632 2178
0.3734 228.5493807463456 0.2689624003949512 137419322.2689453 2498
0.400071 206.7552450798182 0.2232851893861851 107963815.7069245 2622
0.426742 125.2363753186082 0.154650914429953 57388951.42677071 3191
0.453414 79.961388465895 0.07319982346468844 32472126.52690701 3044
0.480085 31.5228502844014 0.04137292061365867 11430453.94873785 2736
0.506757 20.94097354787106 0.0234667864177378 6804564.247588228 2276
0.533428 11.37529383882969 0.02006221309655456 3333570.146429782 2016
0.560099 9.718340692558442 0.01349310360711202 2583792.985269344 1640
0.586771 6.748212550197462 0.009971692251381446 1634260.667480343 1056
0.613442 2.959599142407062 0.00699894086316982 655656.549967695 683
0.640114 3.288211560079356 0.002770068201013746 669510.9274180719 350
0.666785 2.583960177373314 0.003158118031839731 485490.0014087178 192
0.693456 0.6124786118062007 0.005157103276111115 106358.1535911162 44
0.720128 2.040162002355965 0.0006660644430528657 325175.3891094329 25


0.0266714 553440.9591352605 208.602173547368 93246909297112.72 18
0.0533428 936052.1452454932 381.7151033853041 32411012809599.39 62
0.0800142 635938.7659067287 314.9553013959246 9032011564810.307 98
0.106686 450291.245409919 161.6526815985883 3461599389008.559 210
0.133357 175489.7036500701 57.50907651591591 863791883899.0358 350
0.160028 43098.54180841913 31.66074300201058 147529216310.3478 450
0.1867 22641.88933043391 12.16584048820648 56235034913.62971 602
0.213371 8037.149866647471 6.04568238176936 15173241277.94894 762
0.240043 3548.531177392515 2.502830843993411 5305129281.335801 1142
0.266714 1658.5651848196 1.410113442915874 2013860292.857958 1250
0.293385 800.0513236355498 0.8316445742195882 799764545.9473728 1458
0.320057 580.2163574547363 0.4753498072626626 485480017.3309429 1814
0.346728 336.7724086758336 0.3285393831124409 240327648.625001 2178
0.3734 218.4234467214148 0.2621003145000693 134453938.5305943 2498
0.400071 193.5652032240954 0.2219951374591543 103483292.4032339 2622
0.426742 124.3304220254575 0.1454344014639556 58323149.6855628 3191
0.453414 73.83183103231553 0.07517826473534764 30697037.05513918 3044
0.480085 31.40680813542917 0.0386329503902741 11658028.72716636 2736
0.506757 16.37767185399638 0.0277557902966454 5450055.583568763 2276
0.533428 10.95973680274982 0.0192837146066508 3288027.934077162 2016
0.560099 9.601827067614304 0.01271302346085847 2613309.503615892 1640
0.586771 4.957439874630132 0.01181050082266598 1229598.14487577 1056
0.613442 3.836404030155944 0.005275089631033175 869699.2390879875 683
0.640114 1.955828215941773 0.004586091237964062 407916.0096155511 350
0.666785 1.524553546247741 0.004642799842523916 293434.3665186782 192
0.693456 2.531501432719113 0.001731861485308488 448866.7976553681 44
0.720128 1.364188104508182 0.001688727114695502 222655.0186745867 25


0.0266714 254762.2750455921 402.691034897535 50652285188696.78 18
0.0533428 680623.4361245035 531.2504607189217 24537428452713.34 62
0.0800142 594337.9519396838 318.0114876427509 8648742150721.005 98
0.106686 459498.0650755716 136.8586021445082 3611972273139.464 210
0.133357 139024.982998032 79.30933905909907 701790235043.9785 350
0.160028 36669.45061136827 34.62210354756 128616979084.4572 450
0.1867 20865.9286833563 12.59541703746558 53046060909.13214 602
0.213371 7607.493788648046 5.979166727225582 14697893220.78477 762
0.240043 3376.310880388854 2.468026790199192 5165301944.997296 1142
0.266714 1629.669228314983 1.337423903004452 2024593901.114871 1250
0.293385 775.9645080586396 0.8004255518810861 793687823.5551161 1458
0.320057 562.2440020189005 0.4580664486799056 481355138.769145 1814
0.346728 324.7067836616076 0.318165851902469 237095367.9767896 2178
0.3734 209.5648907639388 0.2549028732877868 131996802.5888543 2498
0.400071 183.2262910093589 0.2183538200187282 100232927.2885385 2622
0.426742 123.0223596050194 0.1373012281856679 59045089.65676465 3191
0.453414 67.98614349763231 0.07683909521166001 28924622.07072753 3044
0.480085 30.63203478838204 0.03698054460426775 11633893.03477106 2736
0.506757 14.22596672497907 0.02882428218657911 4844868.141503352 2276
0.533428 11.7932425346063 0.01702512163558651 3619460.974967784 2016
0.560099 9.458233028333977 0.01195093673364139 2633816.605354657 1640
0.586771 5.478119935624604 0.01035092311947351 1389922.104961503 1056
0.613442 4.19730529690607 0.004441589966763131 973430.5456276693 683
0.640114 1.645153105315805 0.004785583074515917 351157.7721542912 350
0.666785 2.061053768669458 0.003537006025569091 405693.1352177634 192
0.693456 2.492056301545538 0.001652287818967373 452106.0432448092 44
0.720128 0.2646231194695399 0.003355467946387595 44357.71893524288 25


0.0266714 96429.30771071295 499.1369153510709 27515083912880.36 18
0.0533428 460098.715618393 658.9052517103783 17481677758214.26 62
0.0800142 503198.1430296036 359.7679692475575 7523964910533.805 98
0.106686 386327.4918093899 175.1570188491383 3113223619839.825 210
0.133357 95807.4209796036 106.8263548489684 497147386601.3188 350
0.160028 31586.32174186242 36.6254135535676 113471826974.0384 450
0.1867 18649.3083567546 13.46166775063262 48516614076.23193 602
0.213371 7140.726581203574 5.968768539030161 14112339387.9391 762
0.240043 3176.695346596428 2.467853655211616 4970949930.961148 1142
0.266714 1601.084725959116 1.270083774360855 2034102137.482526 1250
0.293385 754.2248501070702 0.76995227465821 788945681.7091964 1458
0.320057 545.9547926814402 0.4409637886710215 478004955.6943821 1814
0.346728 312.3690682051018 0.309391025555682 233262894.3380588 2178
0.3734 202.3392662343632 0.246835187054937 130336707.2683558 2498
0.400071 175.2359583558143 0.2129636376576429 98037912.32648051 2622
0.426742 121.0964935993473 0.1304127654316971 59436043.58353733 3191
0.453414 64.37649980553346 0.07582667005463149 28010778.15506319 3044
0.480085 29.22351006392145 0.03631593909160791 11350772.84015121 2736
0.506757 15.36142146412446 0.0256946480013995 5348920.834802836 2276
0.533428 12.7297145978643 0.01479378413448546 3994728.02348147 2016
0.560099 8.724370836763232 0.01210729281367145 2484670.948073781 1640
0.586771 6.885023899693961 0.007810959486474143 1785800.031517106 1056
0.613442 3.634020668736103 0.004965150540278161 862005.9112848662 683
0.640114 2.726415668128949 0.002884522489975234 594683.9484848989 350
0.666785 2.795429718169923 0.002139677594765867 562505.1837597782 192
0.693456 0.709307899202305 0.004347124174527496 131852.9418897769 44
0.720128 1.393666594602283 0.001369241270946458 237989.0033539282 25


0.0266714 180328.3840402979 422.8810537220326 41012174758104.16 18
0.0533428 413331.27188402 662.6112499178412 16200912363366.87 62
0.0800142 415522.6918769365 401.1896828044144 6392656907794.604 98
0.106686 272558.6323709939 245.3827586538013 2260402860818.956 210
0.133357 64144.79284713079 125.7599341196584 342999852042.2914 350
0.160028 29107.41810381061 36.64432745038946 106972376492.2291 450
0.1867 16362.11505966497 14.44765334611879 43548006010.01649 602
0.213371 6671.437964845601 5.982505488959442 13481179018.26219 762
0.240043 2953.514337859935 2.497722396831999 4725339184.665103 1142
0.266714 1571.181220964495 1.209140779751915 2040302590.643856 1250
0.293385 734.5474846941203 0.7402916078333148 785397082.7569489 1458
0.320057 531.1813576663909 0.424116279950712 475377709.5766041 1814
0.346728 300.0311345868451 0.3018109786222526 229023707.5418256 2178
0.3734 196.8582424568744 0.237689407122344 129616553.4077446 2498
0.400071 169.0797458029305 0.2063655028269103 96691790.25995402 2622
0.426742 118.4402897244165 0.1248478647420193 59419593.72809426 3191
0.453414 63.00305673764682 0.07229484281635044 28020060.75938289 3044
0.480085 27.7972685635496 0.0357855659048212 11036460.64134634 2736
0.506757 17.98724455827445 0.02082968519800025 6399830.038645692 2276
0.533428 13.04361386072262 0.01341646743452548 4183577.716339319 2016
0.560099 7.826043180573101 0.01259377329590587 2278497.382578263 1640
0.586771 7.283032357309938 0.006794724773331703 1930680.166544527 1056
0.613442 3.146377078489426 0.005299080668486549 762981.928423207 683
0.640114 2.949706817312758 0.002340095159452532 657563.1074326978 350
0.666785 1.92418414878519 0.003302647984403548 395912.3933481583 192
0.693456 1.314924590235423 0.003155368827994378 249515.4046227279 44
0.720128 1.825715164017855 0.0005799133248553832 318598.2883359797 25


0.0266714 415616.3555318165 237.3170089860501 79044356855394.69 18
0.0533428 548278.5844576443 535.2459633790794 21370131517224.58 62
0.0800142 377842.4183755785 407.5071760105666 5959288543112.476 98
0.106686 182161.7183418005 299.4390333622354 1561153277197.029 210
0.133357 56683.88629800473 126.22013092302 310580765452.7697 350
0.160028 29596.16364568806 34.37728258569959 111076775672.1379 450
0.1867 14383.23383928454 15.22990870030329 39149700482.91133 602
0.213371 6238.646609123303 5.985034039092983 12884098892.77489 762
0.240043 2714.966835995458 2.549307992876903 4439367565.754777 1142
0.266714 1538.336386162215 1.155658093085628 2040941096.892288 1250
0.293385 716.7295954174004 0.7114450011040676 782963987.2890093 1458
0.320057 517.7094152382568 0.4076417289916325 473365940.8080756 1814
0.346728 287.9947437261079 0.2950029222725417 224612432.1163591 2178
0.3734 192.9404933662948 0.2276162650572501 129789081.8687526 2498
0.400071 164.2905541191385 0.1990184864514863 95990280.3322098 2622
0.426742 115.088966923009 0.1205248682623917 58990017.91407508 3191
0.453414 62.662940525224 0.06783404258117968 28471514.61996859 3044
0.480085 26.87380310858905 0.03470834794573421 10901213.14536042 2736
0.506757 19.71322917690146 0.01730092145965318 7164583.702490394 2276
0.533428 12.45219285795101 0.01319924218047902 4080534.195767838 2016
0.560099 7.675452373541741 0.01209507704004005 2283060.266714926 1640
0.586771 6.494625123237935 0.0073727936025797 1759173.635513071 1056
0.613442 3.116474865735127 0.004964661328709354 772079.7378993427 683
0.640114 1.897209865511724 0.003711364859827117 432318.3309616463 350
0.666785 1.224199664000544 0.004188885488654303 257522.5543836032 192
0.693456 2.597304432792235 0.0009787173549443261 503158.3494937778 44
0.720128 0.5828781987405617 0.002457190719504179 104061.245419735 25


0.0266714 601191.8157024091 86.35008421045201 110512201793042.8 18
0.0533428 742755.9069766029 364.8408019978226 28920495330421.81 62
0.0800142 400407.4369134873 370.4603949881772 6428926777699.082 98
0.106686 162260.6467553654 301.6331316626595 1425492718754.533 210
0.133357 74436.16005107875 107.3580349871955 413554039177.7183 350
0.160028 32381.88589858005 30.35605648144433 123945483626.9808 450
0.1867 13013.94467606088 15.55067766730445 36203922591.78764 602
0.213371 5879.135480941876 5.943354835022273 12402877708.44256 762
0.240043 2473.550088422656 2.610669909591541 4132199127.217723 1142
0.266714 1501.080632817503 1.110580185152636 2033788008.205549 1250
0.293385 700.6280731118413 0.6833713121223404 781615989.2055974 1458
0.320057 505.316679953532 0.3916622033269561 471838174.2915574 1814
0.346728 276.5414526475614 0.2885800364496542 220267527.4504796 2178
0.3734 190.1943522955054 0.2170142617060503 130652667.1725903 2498
0.400071 160.4349305488335 0.1913438124006455 95726056.84306444 2622
0.426742 111.2267101434456 0.1171929478930756 58220922.88396468 3191
0.453414 62.07098163546721 0.06403088712591563 28799830.52160006 3044
0.480085 26.49869684417157 0.03304389660821386 10976816.66987833 2736
0.506757 19.31673735648155 0.01657075128839897 7169323.063917915 2276
0.533428 11.07306406689983 0.01401822899618676 3706076.32477181 2016
0.560099 8.324222049746728 0.01052798215968499 2528122.866076981 1640
0.586771 5.384373014937514 0.008313931804388067 1489707.43769533 1056
0.613442 3.117239121574755 0.00466509015112137 788617.6320850215 683
0.640114 1.380827602530244 0.004258674650489768 321488.86181236 350
0.666785 2.019791714977572 0.002773410920656338 433539.6789818276 192
0.693456 1.720029811032868 0.0022303302601563 340393.7146526294 44
0.720128 0.4467841700106682 0.002543611099165844 81501.6604645659 25


0.0266714 587768.8597132285 78.19642599349787 110312853253966.3 18
0.0533428 838742.0149507788 266.3851258310335 33078706105266.84 62
0.0800142 453476.8585418488 311.4124784959503 7391625056734.256 98
0.106686 215596.2193484521 249.4689631693232 1913870010699.833 210
0.133357 106411.6026945763 77.63958394783015 599439830115.6515 350
0.160028 35993.53411384539 25.75471643528681 140438693891.4144 450
0.1867 12408.51477581352 15.27565804896242 35248467492.4874 602
0.213371 5620.346531592489 5.832823021442763 12105713035.08982 762
0.240043 2245.263392260176 2.667006771809633 3830654449.459029 1142
0.266714 1458.269696194136 1.074576596661114 2016897268.199855 1250
0.293385 686.1369948174244 0.656008828615366 781351657.1695576 1458
0.320057 493.7835683528509 0.3762952324757462 470648320.5881557 1814
0.346728 265.8975186990317 0.2822286021421854 216201182.2248075 2178
0.3734 188.1455730370345 0.2063732594179726 131925692.3417131 2498
0.400071 157.1175390189967 0.1837278819266444 95693547.85401504 2622
0.426742 107.1293266470862 0.1145012569486069 57242743.16374042 3191
0.453414 60.56150422412465 0.06163572758242816 28683103.54690057 3044
0.480085 26.34357732075848 0.03122491720840682 11138815.7397007 2736
0.506757 17.14981598307974 0.01809235247588789 6498246.452210717 2276
0.533428 9.493685698408571 0.01515732486569833 3244200.881674159 2016
0.560099 8.873436966229532 0.00913466965934728 2750530.697336893 1640
0.586771 4.655216425302918 0.008755752347017094 1314973.415145764 1056
0.613442 2.999852993291136 0.004600492101772985 774702.7095164899 683
0.640114 2.092717048202746 0.003009210954957094 496990.7624648541 350
0.666785 2.6170754020223 0.001694338175477876 573237.9364340502 192
0.693456 0.6310505657701057 0.003747534639724637 127709.2884566023 44
0.720128 1.539299221135279 0.00074146478380743 286090.8605299799 25


