0.0211858 3.841058310764011e-06 1.483400677314776e-08 3.18629367504442 18
0.0423716 2.262847982939855e-05 1.287914966614935e-07 5.865673934262712 62
0.0635574 6.654958210018575e-05 4.199476963574227e-07 7.605722603799103 98
0.0847432 0.0001425675325488236 1.535453671864267e-06 9.10678608762632 210
0.105929 0.0002555953677021161 3.813287088641692e-06 10.61559261352571 350
0.127115 0.0003411117902043031 6.92825486876658e-06 9.905830195409974 450
0.148301 0.0005141674597330238 1.163436860588625e-05 10.89766243070511 602
0.169486 0.0006630609216830559 1.978317238468107e-05 10.70821634075611 762
0.190672 0.0008285799802444117 3.618749140417549e-05 10.62558203621155 1142
0.211858 0.001038802235092321 5.186361986123917e-05 10.83462670556797 1250
0.233044 0.00122967575729225 7.59610565791283e-05 10.56883207701452 1458
0.25423 0.001613144424313693 0.0001038164676693967 11.62045379988866 1814
0.275415 0.001814481635722446 0.0001443418034770764 11.15458244679033 2178
0.296601 0.00221124251564624 0.0001936682194062633 11.73017848630692 2498
0.317787 0.00256231324703924 0.0002669537049537326 11.81231523548526 2622
0.338973 0.002842735553275317 0.0003326556885091196 11.51168189498849 3338
0.360159 0.003172817887762937 0.0004139640306302746 11.40177472053833 3722
0.381344 0.003639493423265557 0.0005267218530341798 11.68030888634613 4170
0.40253 0.00401679001415095 0.000649715899598048 11.56014868760316 4358
0.423716 0.004343324966865259 0.0008145260277854227 11.27180936667145 5034
0.444902 0.004953056902738948 0.0009802681921638387 11.66726734842568 5714
0.466088 0.005391018042617044 0.001168090637584955 11.57308080061717 5982
0.487273 0.006097683305270178 0.001421583118395502 11.96925184841632 6602
0.508459 0.006447386151639186 0.001619789616186495 11.61728371907492 7130
0.529645 0.007073784758698854 0.001965955204527128 11.75010040207541 8034
0.550831 0.007553580193051024 0.002351027634772385 11.60717346868179 8606
0.572017 0.008181386479681805 0.002703945442621517 11.65800084691723 9066
0.593202 0.008839223294019826 0.003176387094535622 11.7114609503465 9962
0.614388 0.009462441987961135 0.003573164496893383 11.68844139714967 10550
0.635574 0.01005803465015109 0.00405806273438949 11.60773080839973 11226
0.65676 0.01103976298068447 0.004617182877020225 11.93036092092176 12146
0.677946 0.01167946358807654 0.005222956295269687 11.84025408210213 12303
0.699131 0.01218538564187556 0.005876309947580127 11.61277688271191 12584
0.720317 0.01293348826194493 0.006704214784413172 11.61517903942213 12120
0.741503 0.01383208765194607 0.007688807261237176 11.72204783965639 11180
0.762689 0.01403360783000483 0.008334312559435347 11.24077169854435 11096
0.783875 0.01484948353928032 0.009286716782222645 11.26150420236267 10056
0.80506 0.01619466749569287 0.01048670570596182 11.64372263236531 9716
0.826246 0.01709649839140766 0.01130616287224755 11.66865504052288 8604
0.847432 0.01836309427496431 0.01283445530009573 11.91200202163925 8060
0.868618 0.01882523772457288 0.01386321503434415 11.62399899937516 7320
0.889804 0.02013243312327567 0.01551815533855126 11.85095907965086 6356
0.910989 0.02101043741202705 0.01689330373078098 11.79741717502962 5348
0.932175 0.02180823853141034 0.01812815778882847 11.69080179776905 4308
0.953361 0.02344660905656092 0.01867739864088596 12.01703598906706 3563
0.974547 0.02308517209763554 0.02170653035888261 11.32813661388209 2448
0.995733 0.01937406561256351 0.01681225266829647 9.101818200762056 1868
1.01692 3.413134272967535e-33 2.077889183370828e-33 1.536003430081625e-30 1358
1.0381 3.806175557633852e-33 1.918426099623518e-33 1.643210234894045e-30 1062
1.05929 3.836523124109479e-33 2.135230367587806e-33 1.592906321316939e-30 776
1.08048 4.54303931558481e-33 2.23344909612663e-33 1.815465429556257e-30 432
1.10166 4.143759758580177e-33 1.902990874677311e-33 1.587567084096176e-30 200
1.12285 4.194440503228232e-33 2.403682676972998e-33 1.544238514756043e-30 168
1.14403 6.57643356475628e-33 2.224916093474486e-33 2.336245747540015e-30 56
1.16522 1.899460413624566e-33 1.248335659006316e-33 6.509721949639041e-31 7


0.0211858 394268568.6491809 1039138.387462333 2768994203457401 18
0.0423716 1216358544.577229 5904055.808179992 1855521620812038 62
0.0635574 1070755542.032448 13752071.56374356 680645122466956.9 98
0.0847432 343595345.2582546 19966959.34692815 120705532288607.8 210
0.105929 176012970.4719912 14491877.42564457 39700435675733.17 350
0.127115 653631846.4536599 4087490.056786944 100840477538601 450
0.148301 695910140.0778773 355681.8972695363 78026301232831.19 602
0.169486 267929289.1501887 668051.0753167421 22839414481658.89 762
0.190672 27409724.92994387 1080604.761075241 1856235156447.241 1142
0.211858 9749569.274909249 479245.390127908 536462593863.4877 1250
0.233044 18569084.18736022 40196.09169257316 839162062010.9766 1458
0.25423 7872425.738879623 42385.06254251812 298026661117.4044 1814
0.275415 528826.7683357373 63089.11312826104 17134262186.97714 2178
0.296601 769200.6142237741 20329.1984184832 21435630582.04581 2498
0.317787 824970.0974757589 1840.69057313688 19958532687.69027 2622
0.338973 200614.0152235799 5142.932942059483 4264164417.018209 3338
0.360159 38012.63330339837 3966.209382687731 717843179.7687323 3722
0.381344 63074.34837092691 970.2950036219113 1061814823.742779 4170
0.40253 38528.05833742367 495.8310999049493 581490848.6045156 4358
0.423716 13651.81771568612 530.2587746787893 185829295.3930241 5034
0.444902 6912.114537980301 334.6466179219328 85398061.3933915 5714
0.466088 4693.500756184456 210.8733641155078 52836454.57592781 5982
0.487273 3299.660861821606 132.3045388144835 33959153.38761763 6602
0.508459 2670.046383330272 74.78491518661311 25219246.70573408 7130
0.529645 2096.584405509656 44.40924451665063 18252652.13886955 8034
0.550831 1310.206678070261 41.28202875004857 10551930.15462257 8606
0.572017 778.5991461872418 39.21261196568283 5815135.525829555 9066
0.593202 542.8263655524264 35.12484253473764 3769765.349142535 9962
0.614388 435.4364838910278 31.28593030537287 2819205.483677803 10550
0.635574 355.6443721475408 25.8117960258945 2151153.636185125 11226
0.65676 327.8975030151656 25.25152731320843 1857130.762253282 12146
0.677946 284.6657199068005 17.02545303829724 1512239.882284024 12303
0.699131 179.1273439646972 8.624994664395219 894453.9793269451 12584
0.720317 78.23464122257285 4.407670267235401 368132.725482102 12120
0.741503 48.96976936124104 2.394206834228224 217423.1007449864 11180
0.762689 23.13205129776509 1.603361457517563 97078.19769332827 11096
0.783875 16.68211222671809 1.060875709628145 66281.54851924334 10056
0.80506 9.872492264776005 0.9550629177179379 37191.59016429922 9716
0.826246 6.615931031873155 0.7768670694901052 23660.54338985182 8604
0.847432 6.289877328796754 0.5938319102905504 21377.291974285 8060
0.868618 5.641859756853084 0.3993380324543779 18250.01656801187 7320
0.889804 5.243876107863875 0.2839262023906429 16169.76733778775 6356
0.910989 5.280829044937664 0.2515178836951069 15532.15231880958 5348
0.932175 3.429334607289158 0.2117997616441843 9629.906721913307 4308
0.953361 2.470638838534103 0.1635913819906477 6633.270918938128 3563
0.974547 1.41439513553307 0.0874875068194042 3635.487841117063 2448
0.995733 0.9139727483596841 0.05055143612694747 2249.132775549851 1868
1.01692 1.204305412488509e-20 1.293913533359842e-21 2.839529188731929e-17 1358
1.0381 1.479470716731397e-20 1.42850212500344e-21 3.346382657415189e-17 1062
1.05929 1.383972924624166e-20 1.457721243201708e-21 3.01057987074336e-17 776
1.08048 1.514782337613449e-20 1.5573251471638e-21 3.171499621632041e-17 432
1.10166 1.595528935164486e-20 1.824630771587379e-21 3.202763900729063e-17 200
1.12285 1.503195573856732e-20 1.558944912087858e-21 2.899451508604739e-17 168
1.14403 1.628687413338752e-20 1.985553990644897e-21 3.031625707681764e-17 56
1.16522 1.175818410030904e-20 3.508123276991539e-21 2.112042524316061e-17 7


0.0211858 104570523.1947886 557398.47337606 1367071528260913 18
0.0423716 175847593.4289725 3520633.761515927 502112593970933.5 62
0.0635574 13920522.70752005 7190420.966588673 23837222528692.96 98
0.0847432 501057012.7145799 5914727.412967415 315310349467704.1 210
0.105929 1094263020.493382 552629.615448717 439409275737220 350
0.127115 280714342.0882441 2051677.591417384 78444880221386.17 450
0.148301 48243798.50261658 1835893.836417647 9859882780238.412 602
0.169486 128655089.7445743 116854.7596480342 19845732839038.73 762
0.190672 16791177.03150766 356229.3250282292 2057642660685.038 1142
0.211858 15638951.81054074 77833.4827555566 1553826676563.761 1250
0.233044 5638182.705887305 51271.90551062644 461312489289.9598 1458
0.25423 1811534.800945241 32555.13581832538 124217285462.3519 1814
0.275415 1445939.561909306 8032.205770894435 84489047984.59094 2178
0.296601 266907.0315974086 8665.871103993568 13469682140.43804 2498
0.317787 341084.1116253019 1658.765115163919 14933021233.21434 2622
0.338973 61056.02188621799 2198.642139662498 2350112262.801925 3338
0.360159 65187.87311709193 601.3372069822923 2223839511.15502 3722
0.381344 23226.35402229802 505.6428887966908 707723817.271104 4170
0.40253 13732.67422948234 260.1065853812388 375127641.2349911 4358
0.423716 8326.504486518001 142.7507953674598 205053039.6038372 5034
0.444902 4700.316035728636 88.92225458957984 105053205.8115684 5714
0.466088 2128.173160322217 76.68728613973394 43356811.86725666 5982
0.487273 1994.855555023401 36.52384875246505 37143825.98973481 6602
0.508459 1415.863350053959 24.00617259177654 24196932.5040099 7130
0.529645 778.8551692751504 21.44892123789434 12271287.31024874 8034
0.550831 485.3041263013382 17.55809419049119 7073539.406922421 8606
0.572017 402.9548994351005 12.42396720024474 5445480.6157608 9066
0.593202 393.5726730327358 8.550171191931254 4944477.774276658 9962
0.614388 365.4486343549868 6.787329966137981 4279957.54754045 10550
0.635574 289.2911872568845 5.858946656085648 3165288.378723233 11226
0.65676 288.6450617006184 5.297218358260844 2957180.274756393 12146
0.677946 179.4473806456004 4.807986794679987 1724683.406815803 12303
0.699131 81.13172772024191 3.099599041479715 733065.1982989577 12584
0.720317 41.17992226148982 1.425784185776674 350602.5682641906 12120
0.741503 25.66111758437377 0.7734709396334931 206146.2360868982 11180
0.762689 12.68159700651611 0.501393061366046 96293.52911083384 11096
0.783875 8.340826462187076 0.3529408472163239 59963.06565335756 10056
0.80506 6.202197227276443 0.2600063810438258 42271.00228890029 9716
0.826246 4.827132460778719 0.1915543341438964 31229.54894403683 8604
0.847432 4.60957986674979 0.1382328167536908 28341.60396187735 8060
0.868618 3.047636826755399 0.1278773698043813 17836.94538348075 7320
0.889804 2.15897355372105 0.1188243733490676 12046.66256008795 6356
0.910989 1.715484791100438 0.1275837767543504 9131.3063506653 5348
0.932175 1.402909313734164 0.08485856294685211 7128.661675520886 4308
0.953361 0.922596369871402 0.07030239557798308 4482.499198547496 3563
0.974547 0.6118918863462776 0.035821772678175 2845.929186094192 2448
0.995733 0.4090985635875942 0.02052389737492106 1821.614809989085 1868
1.01692 1.50237855478349e-20 9.106344134330789e-22 6.409150535625828e-17 1358
1.0381 1.737895074077473e-20 9.724346766600758e-22 7.112240593749424e-17 1062
1.05929 1.753766661920273e-20 1.063574134786588e-21 6.902505507941142e-17 776
1.08048 1.746347743793058e-20 1.037962463688762e-21 6.615448202448972e-17 432
1.10166 1.793990931851195e-20 1.191277148078874e-21 6.515597781412183e-17 200
1.12285 1.921270864309567e-20 1.034670137622852e-21 6.704893279137171e-17 168
1.14403 1.774220916284087e-20 1.325227307563545e-21 5.975333578280647e-17 56
1.16522 1.39339693649639e-20 5.903686678912174e-22 4.526562847085004e-17 7


0.0211858 13988195.5416818 511451.2671023534 334499527860711.8 18
0.0423716 8556992.574079162 2346136.24765892 59776854867833.5 62
0.0635574 328984936.0656444 2442790.446502711 551217708400631.4 98
0.0847432 894093990.5022134 500287.5436445608 809552357725991.4 210
0.105929 297199524.2534889 2296395.309924066 173445818832376.8 350
0.127115 122939581.7341381 1251822.732992636 49838638021554.99 450
0.148301 156346818.4762894 281808.4868180977 45943885464825.59 602
0.169486 19325857.17914839 442487.0176885801 4335987478254.28 762
0.190672 26836861.27551062 72905.03715077428 4751121681590.823 1142
0.211858 5788099.757049263 72196.67368418445 833441945703.4812 1250
0.233044 3630588.710821572 25714.88467879724 430014458378.9576 1458
0.25423 1785892.254319191 11566.08135064219 177150775677.598 1814
0.275415 434380.5921381064 8637.319186072669 36785745454.37771 2178
0.296601 424497.5772222252 1974.306901993535 30968841501.21357 2498
0.317787 100750.9584530489 2097.6825638752 6391338375.324757 2622
0.338973 79099.96106018071 674.7618215618655 4402962585.429654 3338
0.360159 31535.81813815254 435.6898458859031 1557691051.295282 3722
0.381344 18391.86097969598 211.7784350644005 811019227.8284721 4170
0.40253 8196.471126219005 144.0840688581108 324122081.5178785 4358
0.423716 5926.961245127603 64.06755071537209 211253391.8341029 5034
0.444902 2528.879790508531 53.3128677030147 81827891.12774488 5714
0.466088 1916.100443802526 30.16097188280961 56485657.00490186 5982
0.487273 1393.359387337634 17.31620781552346 37550495.54953624 6602
0.508459 691.9308269233646 15.81946218555132 17119733.66713909 7130
0.529645 522.875004826873 10.50231530518203 11924021.17902758 8034
0.550831 475.8680004980476 6.082965141998184 10036477.6615196 8606
0.572017 313.696414889741 5.423061444540991 6135276.058784273 9066
0.593202 212.7069644230776 5.165486474226493 3868342.465077109 9962
0.614388 168.8312466424545 4.719339766872607 2862535.326614632 10550
0.635574 160.5522487339148 3.444429787794662 2542856.734509681 11226
0.65676 147.8319128428273 3.41689412029092 2192423.078032826 12146
0.677946 119.2055539260063 2.352125324265804 1658262.076537936 12303
0.699131 64.88326070527796 1.325400209740424 848454.3966681347 12584
0.720317 27.402144947441 0.7090997322140278 337676.5030017279 12120
0.741503 15.4055671992976 0.4237307242503785 179137.4808466893 11180
0.762689 8.803396475409185 0.236971293169494 96749.27065156496 11096
0.783875 5.630535062083864 0.172922129977761 58587.74456508829 10056
0.80506 4.054465033972541 0.1309709441590114 39996.32969077711 9716
0.826246 3.179116193030888 0.09646658437919615 29769.39158494988 8604
0.847432 3.012433072231807 0.07026040063307541 26808.0882288143 8060
0.868618 1.98229709479068 0.06447873089459362 16792.45372053062 7320
0.889804 1.395618699246348 0.0597971888724481 11271.40318653618 6356
0.910989 1.076449723967301 0.06494597219579701 8293.624478624644 5348
0.932175 1.025043940746811 0.03880311765071511 7538.483282383057 4308
0.953361 0.6548358758231934 0.03309941773113896 4604.792487273125 3563
0.974547 0.4806907489206853 0.01495102517426371 3235.665857766897 2448
0.995733 0.3022208379507849 0.009060860143007148 1947.668665034252 1868
1.01692 1.553599935924907e-20 6.762207048040646e-22 9.592667152409303e-17 1358
1.0381 1.669022102384254e-20 7.089855263504085e-22 9.886191705271895e-17 1062
1.05929 1.770726513142163e-20 8.105685127739924e-22 1.008720985641461e-16 776
1.08048 1.476852062218112e-20 8.072439839107122e-22 8.097849506397742e-17 432
1.10166 2.030263217405676e-20 7.708035143834526e-22 1.067195866585535e-16 200
1.12285 1.92417337450637e-20 8.543979546312158e-22 9.719359402026148e-17 168
1.14403 1.997796902944785e-20 1.260949157955739e-21 9.73866580001728e-17 56
1.16522 1.991470200097073e-20 6.866448361928117e-22 9.363912936656657e-17 7


0.0211858 1088744.559502654 368680.5683393861 121263948823554.7 18
0.0423716 106081877.8214091 1070099.07770853 576140843270582.6 62
0.0635574 521021507.4736019 251448.9315528924 1132944993008128 98
0.0847432 482274784.3950919 1025690.954547168 572966612753493.6 210
0.105929 91504321.36968695 1975222.183342142 70701397386019.36 350
0.127115 206985765.1147509 198044.723909692 109507293138016 450
0.148301 28605165.45289616 614256.1307830818 11085889087627.72 602
0.169486 44741878.25961273 104952.1050261044 13087344175195.22 762
0.190672 10453505.84233522 94695.02339347651 2426759923161.259 1142
0.211858 3704851.87053634 50512.72903169275 698909358410.4451 1250
0.233044 3457665.817694299 9100.056234447367 535954447525.7173 1458
0.25423 931244.7756830158 9965.443172895855 121021946824.4212 1814
0.275415 364508.0989765853 4921.991131220529 40405445521.86296 2178
0.296601 273917.6002803865 1517.553425386406 26166340839.30173 2498
0.317787 108230.4434834047 959.5292024222684 8983419690.833277 2622
0.338973 44567.56335326209 535.6484098338452 3248974022.16431 3338
0.360159 24800.97274187195 252.0211437976453 1603704289.011648 3722
0.381344 11245.52696509164 152.1271143224174 649359652.7157741 4170
0.40253 7747.07304371498 67.48065125390859 400963586.3501292 4358
0.423716 3110.688985831874 53.87863404349422 145207435.8228011 5034
0.444902 2398.977711449656 25.58772241757896 101598693.1881764 5714
0.466088 1195.791215645815 21.15228432119207 46158160.3459128 5982
0.487273 1005.157068183483 10.65327098664727 35463853.0946402 6602
0.508459 586.6536825435552 8.561672694710104 19000240.57101733 7130
0.529645 366.143954417981 6.620965719966152 10931806.13666841 8034
0.550831 339.5370004846284 3.844230500588123 9375202.139926216 8606
0.572017 223.6301439666474 3.380242623637518 5726055.596036829 9066
0.593202 150.9160114844666 3.216635818105102 3593240.032482227 9962
0.614388 143.8239932845233 2.548950648817844 3192092.715901285 10550
0.635574 128.5049532742682 1.927516950246142 2664356.772816806 11226
0.65676 114.7846431695882 1.978647096137803 2228513.500634948 12146
0.677946 80.70491474940248 1.5441074931194 1469826.880604245 12303
0.699131 39.1110613094651 0.9428041534818079 669630.2720206687 12584
0.720317 20.56919534178731 0.4203225291022825 331830.741854548 12120
0.741503 12.48858351706667 0.2339698019254086 190101.5468325822 11180
0.762689 6.845649009857779 0.1362282367693532 98488.6105626355 11096
0.783875 4.205123209943635 0.1031928689376891 57282.2018796098 10056
0.80506 3.310194270184758 0.07137379149222126 42746.51465899513 9716
0.826246 2.359786459402548 0.05805034149453704 28928.15775548444 8604
0.847432 1.865567908966172 0.05146402411549943 21736.22893022851 8060
0.868618 1.267732355608185 0.04356222788175228 14060.29929818735 7320
0.889804 1.098920027344377 0.03402468880540656 11618.42010013596 6356
0.910989 1.315424145088472 0.02568095753701913 13264.21322920363 5348
0.932175 0.8264438478738814 0.02173927981385603 7956.482319303276 4308
0.953361 0.6620639379314148 0.01531960377413745 6093.891565589965 3563
0.974547 0.3420137269780328 0.009361317258851145 3013.916449468537 2448
0.995733 0.2162666752105773 0.005738521757668295 1824.607847507843 1868
1.01692 1.525539884998844e-20 5.172979396637868e-22 1.233112846007547e-16 1358
1.0381 1.541437631818403e-20 5.810860385269315e-22 1.195324695877925e-16 1062
1.05929 1.838883238200235e-20 6.079371017125662e-22 1.371335935618638e-16 776
1.08048 1.614475995375543e-20 5.517387593730343e-22 1.158831962869895e-16 432
1.10166 1.827424651772893e-20 7.045051881321307e-22 1.257575518215451e-16 200
1.12285 1.902442747996264e-20 6.46098393272174e-22 1.258003890931483e-16 168
1.14403 2.117580157343331e-20 6.596197390773798e-22 1.351213033553871e-16 56
1.16522 2.18763799377529e-20 7.413102877996713e-22 1.346626549459266e-16 7


0.0211858 16358000.40202624 194078.3463085434 572259541308632.6 18
0.0423716 192783934.4127318 254498.3679415346 1258466902800449 62
0.0635574 385029315.1097445 211276.1063458539 1036122586016796 98
0.0847432 116117002.9196725 1862194.469091384 173867634932309.8 210
0.105929 234609820.2726162 578924.8301416913 221327743021379.9 350
0.127115 51942294.21521017 673486.3088143865 34220532657630.31 450
0.148301 70661343.2273933 166437.7898363429 33634054044046.41 602
0.169486 12307784.44475302 191424.4474246697 4471895345871.947 762
0.190672 11122945.50465103 50046.95265399281 3189746391658.939 1142
0.211858 5600047.947112546 16822.98376973884 1303761944168.77 1250
0.233044 1408813.385982523 14212.69934419188 270351566317.326 1458
0.25423 672294.0924067239 7379.371916719124 108044227397.4639 1814
0.275415 392587.7326951883 2551.864902825549 53766277676.99146 2178
0.296601 194847.3500309642 1153.678437050368 23013108269.17443 2498
0.317787 81534.49058394432 679.1982926625703 8366931219.866424 2622
0.338973 34997.52479394947 360.9783788028371 3154052406.698748 3338
0.360159 20060.93236756737 163.8540931625868 1603557463.261402 3722
0.381344 8658.529359531503 104.1913323539031 618103068.1610459 4170
0.40253 5162.071462153165 55.13767065016631 330342080.476817 4358
0.423716 3099.628654025295 29.53089413965268 178817602.3474962 5034
0.444902 1540.801215044763 20.81217524379603 80684421.54407093 5714
0.466088 1221.621327779833 11.13548192859144 58277519.51419812 5982
0.487273 576.8632782530216 9.667966519791504 25167856.32483729 6602
0.508459 497.8201527214434 5.282676497487258 19929830.82832428 7130
0.529645 308.9991915334051 4.245249229903394 11403933.97384651 8034
0.550831 204.5882481876659 3.357110750249781 6984722.140867255 8606
0.572017 193.8526331572742 2.031813685369908 6135437.692497481 9066
0.593202 137.6868187239295 1.927525749126348 4052042.744875801 9962
0.614388 111.6816766897391 1.748411965169066 3064158.858697 10550
0.635574 101.3903469275419 1.293286613097073 2598637.275129615 11226
0.65676 85.66691615202701 1.399279587279689 2056070.304607728 12146
0.677946 65.16804630646602 1.01843676063904 1467140.230151062 12303
0.699131 34.2061718646821 0.5869415729961921 723916.4771492548 12584
0.720317 16.84368797904411 0.2718897061189634 335893.9657504641 12120
0.741503 9.667161186635294 0.1607596094732145 181907.9755402794 11180
0.762689 4.854391598633168 0.1006686097636409 86339.46810760989 11096
0.783875 3.399017387706152 0.06775116769818343 57235.21432899053 10056
0.80506 2.334025581722902 0.05362507687573224 37261.29797568106 9716
0.826246 1.930931382351073 0.03755068730871088 29260.40128897933 8604
0.847432 1.732161456774666 0.02900338685886615 24945.72355664816 8060
0.868618 1.083642774106188 0.02760562741146634 14856.19421555694 7320
0.889804 0.818493196088465 0.02386752575500352 10697.58746949126 6356
0.910989 0.8672617455129464 0.02081750647225151 10811.2622099939 5348
0.932175 0.5653368594785101 0.01651828343962425 6728.56162971914 4308
0.953361 0.5015448570776141 0.01052722460444535 5706.670394686853 3563
0.974547 0.2305329570865532 0.007381958518041196 2511.50034090759 2448
0.995733 0.1534354167707363 0.004316531030621085 1600.302248854526 1868
1.01692 1.515646862836051e-20 4.060063583002228e-22 1.514404092178885e-16 1358
1.0381 1.63127316393366e-20 4.348558136623918e-22 1.563646356705604e-16 1062
1.05929 1.752822576096012e-20 5.071234779211898e-22 1.615857156101115e-16 776
1.08048 1.339239358579686e-20 4.780444623492274e-22 1.188345135245806e-16 432
1.10166 2.119962110509728e-20 4.973326228602047e-22 1.803278879062506e-16 200
1.12285 1.882759949401593e-20 6.15563986372623e-22 1.539039381588506e-16 168
1.14403 1.611352221087042e-20 7.035301008328515e-22 1.271159381100209e-16 56
1.16522 1.175636919247002e-20 8.2347326284908e-22 8.948470073524987e-17 7


0.0211858 32219003.26168646 61056.49380387705 1203374517818078 18
0.0423716 189998264.474256 20920.15940476061 1471913283188712 62
0.0635574 152896270.9503958 843066.1731821727 496998027361073.1 98
0.0847432 67314145.53523432 1496032.262802463 121796852405096.1 210
0.105929 209346694.2642649 334664.704990601 235180806485472.4 350
0.127115 40695038.78161647 494434.9160082625 31973026052196 450
0.148301 43841838.71380075 194360.5329369646 24890759327901.15 602
0.169486 24370065.89145773 62892.61790964862 10502580464654.81 762
0.190672 5914027.624181445 52499.79209078574 2023546631185.765 1142
0.211858 2301577.11737089 25663.42431768793 639683325473.3102 1250
0.233044 1472288.798416252 8680.330097336906 336338948188.3855 1458
0.25423 802135.4973854658 3699.687009242133 153419443622.425 1814
0.275415 332558.8220824507 1716.751635779821 54246730228.93326 2178
0.296601 123985.5518154165 1081.971242010656 17450819223.40388 2498
0.317787 60248.52897105252 544.1136767529966 7365752974.23595 2622
0.338973 29338.06617922701 256.4369485215435 3149251511.475933 3338
0.360159 16106.97276862889 120.5985902214945 1533596395.681084 3722
0.381344 7162.861103898526 74.88857863291091 609050077.9977577 4170
0.40253 3938.645866782237 42.36950486054729 300247755.9461462 4358
0.423716 2593.782364275948 20.89603432598123 178225681.4580126 5034
0.444902 1307.038043868474 14.6046373112479 81519459.5428786 5714
0.466088 900.068083780267 9.09404809921843 51148166.76346611 5982
0.487273 568.149949581481 5.96412726535409 29518354.0997402 6602
0.508459 384.1241069215998 4.09713411753531 18317593.01648045 7130
0.529645 244.98579431717 3.143393469201411 10769464.94851656 8034
0.550831 205.366663530592 2.008815472503055 8349504.876613344 8606
0.572017 123.6916746517995 1.876234814026135 4663850.31100523 9066
0.593202 117.2888067807733 1.322877983432431 4111132.68117722 9962
0.614388 92.32459958042583 1.255460519297248 3017048.024609931 10550
0.635574 77.95830664812969 1.000498119286514 2379950.232005852 11226
0.65676 83.37786907599113 0.8521700862302848 2383214.298844805 12146
0.677946 57.87917319455861 0.6814463396397971 1551933.275662099 12303
0.699131 30.08746179417091 0.3984551764073529 758378.1261848264 12584
0.720317 13.27569636998857 0.2038378051840775 315332.1765889738 12120
0.741503 8.134378554926027 0.1124116814714443 182307.1999312176 11180
0.762689 3.927256319664256 0.07371022227274093 83196.22778885583 11096
0.783875 2.840368257084438 0.04784491269210488 56965.6583734359 10056
0.80506 2.177312056837199 0.03397214249756578 41397.21380726388 9716
0.826246 1.502170348872643 0.0285566444439688 27113.15536298964 8604
0.847432 1.090558745005666 0.02699537908015618 18709.44031535251 8060
0.868618 0.9413695510292407 0.01883502276860459 15370.90148876179 7320
0.889804 0.9111421102211843 0.01278822194195342 14181.30365584211 6356
0.910989 0.770646471156436 0.01409482926218002 11441.84729184442 5348
0.932175 0.5743168663900733 0.009815630838078928 8140.458233529739 4308
0.953361 0.3912408484905172 0.008061340917699425 5302.251440528994 3563
0.974547 0.2099887940130873 0.004855844947716055 2724.59854878301 2448
0.995733 0.1296665776988299 0.003014098234081128 1610.752827653502 1868
1.01692 1.470823660045582e-20 3.396218879965092e-22 1.750384328324937e-16 1358
1.0381 1.533174337353176e-20 3.812572873335918e-22 1.750417874897899e-16 1062
1.05929 1.72522802682743e-20 3.926130365479082e-22 1.894222652853818e-16 776
1.08048 1.42446306791386e-20 3.779990559484606e-22 1.505383401254222e-16 432
1.10166 1.673075039152625e-20 4.550280377101842e-22 1.69515034737671e-16 200
1.12285 1.952952167994122e-20 4.299460126048328e-22 1.901294378901633e-16 168
1.14403 2.393028218394987e-20 4.234754142534164e-22 2.248062430070204e-16 56
1.16522 2.799124584610368e-20 3.373930178864602e-22 2.536547253171382e-16 7


0.0211858 36234392.57931735 3641.879966815342 1536395491595566 18
0.0423716 122120946.890376 162583.4993687267 1107717473557350 62
0.0635574 20616694.1308088 1132064.894652911 89658931887318.09 98
0.0847432 161016525.56004 679723.5976804766 329237722566491.9 210
0.105929 94559044.30157039 629575.9391840004 124069442585252.6 350
0.127115 82284405.09865503 147027.5162255909 74506745071332.08 450
0.148301 20267405.92997302 228113.5785421724 13415756886071.38 602
0.169486 13758878.01931066 84044.22066281125 6894209977409.368 762
0.190672 7337261.607660984 27737.09778377824 2909333031156.822 1142
0.211858 3218602.659704383 12151.59389578124 1036326792614.218 1250
0.233044 1088525.2987057 7293.602468192158 288700068801.7565 1458
0.25423 469807.0727819528 4041.790913704832 104379379386.5781 1814
0.275415 200047.4455022271 1830.981996148462 37899840750.76102 2178
0.296601 104238.1582379921 832.1110126815254 17026655726.72886 2498
0.317787 51847.39770746241 409.3740668693672 7355798687.079103 2622
0.338973 25400.58308354663 189.5464705761931 3164026452.521999 3338
0.360159 12684.15392715934 98.23046597426095 1401652301.023414 3722
0.381344 5713.878067783589 59.74504391055122 563867264.5400155 4170
0.40253 3396.881197747809 31.5388670001927 300492164.413685 4358
0.423716 2158.375134968679 16.0482594928239 172106905.5203397 5034
0.444902 1120.744552932555 10.93584680852923 81114939.72834305 5714
0.466088 679.3643395497958 7.639300203633668 44806774.19915934 5982
0.487273 519.6532379323316 4.154972117795066 31327934.28666511 6602
0.508459 267.3735551832778 3.659883088662228 14799078.03187955 7130
0.529645 246.0116165474571 1.984507452537872 12547562.40774545 8034
0.550831 137.8821488191741 1.89663195761844 6506656.249418158 8606
0.572017 128.1594621428231 1.159331175459043 5606542.33607974 9066
0.593202 90.85887719080745 1.10028748823395 3695948.697561555 9962
0.614388 83.62789993380224 0.8853215367187852 3171109.156159986 10550
0.635574 67.7862171283853 0.7412740614231524 2401360.168397198 11226
0.65676 61.52189825167653 0.745252877081885 2040797.425041134 12146
0.677946 47.6266264939057 0.5281857100723195 1481919.46676023 12303
0.699131 24.64136918365076 0.3098753817620756 720760.3000084088 12584
0.720317 11.34473597683473 0.1537520136670157 312694.7722732906 12120
0.741503 6.51730321327457 0.08956731558551932 169503.5163891207 11180
0.762689 3.359701896879501 0.05539216975582251 82590.38256625464 11096
0.783875 2.454979116057421 0.03543792534046267 57134.24221680679 10056
0.80506 1.773159591861933 0.02686379338721418 39122.33066942 9716
0.826246 1.237653235186535 0.02211372284070379 25922.899081561 8604
0.847432 1.032154884092785 0.0185579615793993 20546.57311695864 8060
0.868618 0.8543632874181721 0.01324484803185579 16187.45020224172 7320
0.889804 0.760266518291203 0.00993608006291602 13731.35215338803 6356
0.910989 0.5499778117544945 0.01233799969517393 9476.42245759963 5348
0.932175 0.4007974008975939 0.008817707288196766 6592.987207235745 4308
0.953361 0.3108906959656699 0.00639518938904729 4889.367803554156 3563
0.974547 0.1530209040404636 0.004168013811010542 2304.16138093889 2448
0.995733 0.1189470659426028 0.002100840258102461 1714.550150777591 1868
1.01692 1.350099964281694e-20 3.075997972940421e-22 1.864512438463662e-16 1358
1.0381 1.461867474606643e-20 3.257685748118192e-22 1.936745411156824e-16 1062
1.05929 1.634267673216918e-20 3.578403802352244e-22 2.082234209272912e-16 776
1.08048 1.292550715220215e-20 3.481177818318087e-22 1.585162317367953e-16 432
1.10166 1.590182021501773e-20 3.812747721198934e-22 1.869608858266877e-16 200
1.12285 1.703955125275447e-20 3.254166933023417e-22 1.92498715393612e-16 168
1.14403 1.791968511378381e-20 4.0706855200011e-22 1.953603882695587e-16 56
1.16522 1.948108577210872e-20 3.104803109727668e-22 2.04865680988113e-16 7


0.0211858 28091822.74198313 12546.2972316527 1371633666638624 18
0.0423716 46751024.04902515 379573.266435861 506051652091569.6 62
0.0635574 25353213.06766486 878600.7683155481 120619591364497.6 98
0.0847432 205537856.5894367 228731.9892532383 476009194353524.4 210
0.105929 47483316.38102511 654163.8580849339 71690303711537.12 350
0.127115 63256687.05900354 151123.6033446436 65258326772348.39 450
0.148301 28398370.09598537 125899.8203679627 21320082903251.61 602
0.169486 9359399.421320165 77916.79130904851 5347475215720.718 762
0.190672 4899516.062620486 29266.59166654996 2214007376963.047 1142
0.211858 1964289.03556396 14156.33856517106 720908908639.4796 1250
0.233044 1067150.884176435 5112.861820672803 322076267398.4211 1458
0.25423 524918.9411826684 2495.642987835892 132664052338.7254 1814
0.275415 219128.3135609525 1156.843205153396 47229344131.92291 2178
0.296601 106136.7862529661 546.8089697648925 19727844202.66912 2498
0.317787 47046.28799502293 305.5500498825155 7597112504.285132 2622
0.338973 21612.34313558241 150.4537498057966 3064572902.951157 3338
0.360159 9985.101516679659 84.43611525266708 1256211934.50593 3722
0.381344 4878.452623798224 47.63229692733004 548022295.2830044 4170
0.40253 3070.76594492974 23.70177967040728 309188988.0135469 4358
0.423716 1816.208803173149 12.9265944989182 164854611.1704611 5034
0.444902 931.8986450725911 8.908837389462326 76778096.96542974 5714
0.466088 590.9062766033035 5.957665084950274 44361459.57399708 5982
0.487273 436.0313542505572 3.374790485078889 29922323.67769598 6602
0.508459 236.442835648679 2.823164688313664 14896318.81100215 7130
0.529645 192.7823558739098 1.752035115047825 11193274.70379217 8034
0.550831 135.8189263196257 1.316060894070908 7294477.49055901 8606
0.572017 96.68141775791729 1.058872217647602 4814891.185186321 9066
0.593202 81.67634288055561 0.8295365084805447 3781658.419731913 9962
0.614388 71.91841854412445 0.7010042137919232 3104161.177905088 10550
0.635574 55.60129237530543 0.6091673123783606 2242123.177132481 11226
0.65676 51.42413401160356 0.6006421555977089 1941731.787851798 12146
0.677946 36.17205234992731 0.4658679021510198 1281238.142730378 12303
0.699131 19.95462892095481 0.2569751863701246 664401.3322612888 12584
0.720317 9.88896575876227 0.118787026924961 310251.052872468 12120
0.741503 5.46594240979069 0.07271326871907156 161817.5757187971 11180
0.762689 3.000351511795943 0.04223032399158165 83951.91661439849 11096
0.783875 2.100431595634098 0.02808576256459386 55641.56080118014 10056
0.80506 1.54585949794839 0.0208922349332097 38822.48474045138 9716
0.826246 1.08013505701731 0.01723524161860705 25751.30758969553 8604
0.847432 0.8751404301977046 0.01482700324813799 19829.74057958254 8060
0.868618 0.7285341035150823 0.01055394501004367 15711.85142358942 7320
0.889804 0.6754225781297374 0.007462442137525933 13885.22710262646 6356
0.910989 0.4896964441837457 0.009448630537557219 9604.095870789932 5348
0.932175 0.3180959354927773 0.007405864926675237 5956.347502900652 4308
0.953361 0.270231542467375 0.005017683019001467 4837.46604206237 3563
0.974547 0.1759251039753158 0.002460302714253018 3014.756263516295 2448
0.995733 0.08700262623259218 0.001942497157877613 1427.607105777678 1868
1.01692 1.375925454400002e-20 2.486267708225722e-22 2.162792046696108e-16 1358
1.0381 1.436276569673128e-20 2.763621041360904e-22 2.165875957075867e-16 1062
1.05929 1.534298388908628e-20 3.271071478418312e-22 2.225162637836352e-16 776
1.08048 1.442867698928564e-20 2.711765073331117e-22 2.013986008267842e-16 432
1.10166 1.783622104343998e-20 2.719075846937156e-22 2.38675247709821e-16 200
1.12285 1.341304981653151e-20 3.388064821765863e-22 1.724944411260961e-16 168
1.14403 1.575158303958845e-20 4.131363144896495e-22 1.95476308012846e-16 56
1.16522 7.060363690087417e-21 4.674678569684862e-22 8.456069394630978e-17 7


0.0211858 14618327.7572289 51874.14997682803 858490915300467.2 18
0.0423716 6597617.917456551 464333.7027412793 116676764723286.4 62
0.0635574 94127318.94587053 400433.3190711694 455645278177900.7 98
0.0847432 158053091.1062042 274191.5212485893 411411231428559.2 210
0.105929 68922434.52432947 406118.0040410347 115646719367320.8 350
0.127115 25765396.9671621 261725.3794014649 30064158875459.74 450
0.148301 28628777.19212543 84578.31016265415 24088697727210.96 602
0.169486 12237283.492516 42869.67051245257 7823438364415.716 762
0.190672 3750457.685779281 26345.61141226293 1902367911126.521 1142
0.211858 1865707.853451969 10547.29381404887 767740318792.976 1250
0.233044 670828.1652267163 5551.451649396286 227360575358.5311 1458
0.25423 342400.4932253701 2686.4720084157 97146292905.51955 1814
0.275415 156974.0219952181 1141.660651858384 37966647019.19165 2178
0.296601 67560.55043896483 603.1453454164723 14095463275.56516 2498
0.317787 37690.0889507377 269.8107108889524 6827337197.172659 2622
0.338973 18153.1093759694 127.2486306201239 2887142190.027142 3338
0.360159 8923.188884544496 67.44986800349037 1258998091.970849 3722
0.381344 4909.953351052889 33.95187766512386 618432494.6507525 4170
0.40253 2701.002332225478 19.0675263445667 305001476.5293524 4358
0.423716 1463.854889864837 11.41603570964456 149033904.6382979 5034
0.444902 777.3143663337871 7.541199811148098 71828926.74761485 5714
0.466088 543.1340573933835 4.614040990278642 45726194.29117332 5982
0.487273 373.4047457698066 2.797465025957037 28738486.01372728 6602
0.508459 210.4359682709267 2.261297068546496 14868339.87095827 7130
0.529645 158.3268170938359 1.514131300088075 10310277.38122347 8034
0.550831 122.0802152948197 1.038576904728636 7352946.359595643 8606
0.572017 79.03538895916247 0.9100803155508351 4414599.535581823 9066
0.593202 73.21985864613276 0.6547677664754449 3801869.844757525 9962
0.614388 61.4701064144954 0.5820703229082409 2975557.491768459 10550
0.635574 48.62145065992983 0.4923363009596967 2198838.987232212 11226
0.65676 45.09612320639096 0.4853145419733135 1909640.280725427 12146
0.677946 32.44641646121892 0.369410113687681 1288859.523809033 12303
0.699131 18.73612943758789 0.1955040633862609 699574.2730776697 12584
0.720317 7.9295091478062 0.1044644622857432 279015.5249558874 12120
0.741503 4.840022000617372 0.05810085879221961 160691.5176088321 11180
0.762689 2.723333919325112 0.03282563470889816 85454.64729749052 11096
0.783875 1.692900339432541 0.02458010930863994 50296.40809565768 10056
0.80506 1.328341824737848 0.01720707706883959 37412.47047973421 9716
0.826246 1.002345632671604 0.01319424743583332 26798.42251686796 8604
0.847432 0.743478621832952 0.01234362484437678 18893.20941540311 8060
0.868618 0.5880446687510203 0.00924993854116378 14223.23429358098 7320
0.889804 0.5967104999123579 0.005960702154527089 13757.02753259359 6356
0.910989 0.4909746422328074 0.006755262373847071 10797.88689977422 5348
0.932175 0.3279419285615968 0.005281804859178203 6885.884840570561 4308
0.953361 0.2433561423338367 0.004002770751800256 4885.454238310872 3563
0.974547 0.1520865283739539 0.002043117521942648 2922.835228533763 2448
0.995733 0.0797688184528393 0.001507141016122166 1467.855816316445 1868
1.01692 1.325845166575503e-20 2.29645358292474e-22 2.337238294970534e-16 1358
1.0381 1.431786799069461e-20 2.526330957182368e-22 2.421357327740566e-16 1062
1.05929 1.577317167432433e-20 2.972374512471644e-22 2.565376498405793e-16 776
1.08048 1.268679483662994e-20 2.599571034681542e-22 1.986039717051244e-16 432
1.10166 1.486959340994963e-20 2.834424254299614e-22 2.231617124120077e-16 200
1.12285 1.668091641286908e-20 2.179720292335033e-22 2.405420729532501e-16 168
1.14403 2.24225694804628e-20 2.92099856623321e-22 3.120161536098774e-16 56
1.16522 2.575952391367869e-20 1.71221053133907e-22 3.45760270773155e-16 7


0.0211858 3787089.647714227 83486.19452152797 350467779826549.4 18
0.0423716 9849230.021330766 374643.6547622715 166547021229140.3 62
0.0635574 139639299.3841984 76900.77654877664 739215968607965.6 98
0.0847432 79700936.40653852 496139.8086367642 232821488956086.7 210
0.105929 89235757.05116752 207142.8643651122 165183219560417.2 350
0.127115 19694014.9187803 232205.0932785001 25553087216659.8 450
0.148301 18802632.16717359 101685.2821127151 17578820771967.52 602
0.169486 9477776.6357962 42725.56389430865 6722434246126.668 762
0.190672 4154483.516721351 17743.78587772301 2333254312959.868 1142
0.211858 1784903.301442508 8126.286570807469 813915136935.136 1250
0.233044 832029.791293574 3329.525440592072 312177144355.0239 1458
0.25423 380485.456635657 1795.336089531977 119566621093.9022 1814
0.275415 157911.3059386765 839.3791076372841 42318479187.80714 2178
0.296601 80566.23802626935 372.9146201783566 18616189147.74411 2498
0.317787 34382.4014243925 217.9712520946673 6902805656.218525 2622
0.338973 15384.57776235983 110.3672872630119 2712303319.670002 3338
0.360159 8127.55719407061 54.31101920209964 1270947938.909238 3722
0.381344 4543.840156150372 26.61040707504996 634288080.269344 4170
0.40253 2130.400355674004 17.69213216760023 266690441.6659295 4358
0.423716 1153.781511728618 10.55352269040756 130219810.7720229 5034
0.444902 699.9063172865785 6.181601586907666 71682341.11794665 5714
0.466088 514.2886787480157 3.562304618374473 47984635.20000423 5982
0.487273 317.3876620206748 2.422235693473233 27075111.73586778 6602
0.508459 185.4499363683989 1.888813151608869 14522768.79960178 7130
0.529645 140.4223007788103 1.252116573335622 10135018.64081906 8034
0.550831 105.9973681093475 0.8818805989565427 7076073.594698904 8606
0.572017 71.9408474298756 0.7355086967250007 4453525.490022611 9066
0.593202 62.67699260652649 0.5640127900753682 3607125.527937188 9962
0.614388 55.62307309958114 0.4709752760070133 2984144.045473071 10550
0.635574 41.88115665144478 0.419622908456717 2099250.975235988 11226
0.65676 39.10131247416656 0.4107554205253487 1835188.728259445 12146
0.677946 28.75118545013222 0.3067761930784382 1265794.410109953 12303
0.699131 16.63208837395303 0.162392248566031 688284.1108601898 12584
0.720317 8.068111167517474 0.07587387000158537 314611.248831444 12120
0.741503 4.157002345932456 0.04970001212279489 152969.1352421727 11180
0.762689 2.292598489560713 0.02869618410436158 79734.66506646927 11096
0.783875 1.653837026376287 0.01858115695090787 54454.38858284426 10056
0.80506 1.129434934264123 0.01488429163766152 35257.15191827499 9716
0.826246 0.8607594782354631 0.01124697814225364 25506.34738537728 8604
0.847432 0.7601048152341484 0.008946289408999825 21405.86138256781 8060
0.868618 0.5234190291428855 0.007632935941920502 14031.41413287505 7320
0.889804 0.3929188031431762 0.006707428728268006 10041.75013964305 6356
0.910989 0.4587168032058394 0.005282648251913935 11180.84981320282 5348
0.932175 0.3288096136027818 0.003865457275253404 7651.380780773572 4308
0.953361 0.242204672244667 0.002959427892399518 5388.65226763007 3563
0.974547 0.1272882090259358 0.001807210488512998 2711.311761573558 2448
0.995733 0.07640894700954451 0.001155486744871494 1558.249798753837 1868
1.01692 1.297124107485328e-20 2.106482512591591e-22 2.534286380018971e-16 1358
1.0381 1.324230613144475e-20 2.393095899202936e-22 2.482105953860709e-16 1062
1.05929 1.586385275513201e-20 2.469618189352064e-22 2.859489298877694e-16 776
1.08048 1.303259956041564e-20 2.226120564349424e-22 2.261078003375661e-16 432
1.10166 1.31555730931266e-20 2.85812000849658e-22 2.188368700082791e-16 200
1.12285 1.317353925377263e-20 2.359944475928647e-22 2.105588725283533e-16 168
1.14403 1.703903390664197e-20 3.355478958587234e-22 2.62811965934975e-16 56
1.16522 1.780999295831876e-20 4.513103161641144e-22 2.650233987049194e-16 7


0.0211858 112872.4839903086 86192.39829049374 157197265286165.1 18
0.0423716 36604126.52063542 196957.5415606326 541216288839377.9 62
0.0635574 124793427.5014516 57619.99552190393 725631676953882 98
0.0847432 35968624.06097769 581059.174224006 118805104385193.3 210
0.105929 76211246.77262747 190926.9728796639 155019109081946 350
0.127115 33431890.24975542 122427.6183902174 47208017790766.7 450
0.148301 13714108.30169627 100340.3945029431 14109014041828.86 602
0.169486 6615726.134939016 45147.86259718885 5162046872410.052 762
0.190672 3625979.151664431 15417.09588901837 2236139044279.948 1142
0.211858 1312103.270693659 8345.791028195883 657524495331.6107 1250
0.233044 589979.9874639695 3641.686217420412 243247072550.3 1458
0.25423 289069.6280961278 1803.671185383239 99785791051.4071 1814
0.275415 120604.6768669983 827.3708483595594 35501128253.66128 2178
0.296601 51984.25729640065 435.9525444163779 13199520188.90344 2498
0.317787 29495.59180887855 191.734270343925 6501639009.261092 2622
0.338973 14307.21509986569 89.56952370763875 2768808521.003359 3338
0.360159 6867.067495852098 48.48224517379135 1178999975.689269 3722
0.381344 3295.656427981 27.80675260456407 505249855.1840182 4170
0.40253 1880.158580789669 15.15954539509938 258387302.1420735 4358
0.423716 1078.074412658372 8.630328685690433 133563098.8120208 5034
0.444902 692.2868287128767 4.733032186624532 77822029.43892702 5714
0.466088 457.29785493563 3.022781118747114 46838971.91518047 5982
0.487273 257.1546127677241 2.254499097832041 24084880.70885772 6602
0.508459 169.0890933694357 1.575619310771351 14535771.37902305 7130
0.529645 126.456466812852 1.049266064280417 10019205.28661074 8034
0.550831 94.03227851173941 0.7523918887397704 6891036.512527087 8606
0.572017 65.56738494573581 0.6109618114389496 4455672.972480746 9066
0.593202 54.02569199210228 0.4946082033604088 3413306.402097131 9962
0.614388 51.29378132235507 0.3842735852409124 3020788.547226957 10550
0.635574 37.12519006480096 0.3581112851560918 2042782.551666983 11226
0.65676 33.97013585015547 0.3566485750270906 1750258.621474881 12146
0.677946 25.03531959031634 0.2659572238984701 1209968.717726679 12303
0.699131 14.83356285069746 0.137727205439463 673858.9735430708 12584
0.720317 7.208131921792067 0.06437964769952233 308550.6069034887 12120
0.741503 3.912743920368047 0.03998848985180155 158047.7635966073 11180
0.762689 2.20079855081019 0.02260668988036618 84018.67483104473 11096
0.783875 1.380807814598646 0.01681652182790429 49911.08922886229 10056
0.80506 1.038845513717953 0.01223535436190183 35598.18976676806 9716
0.826246 0.7891373136662617 0.009293359835309874 25669.13995231462 8604
0.847432 0.6133950983292545 0.00833972511232977 18964.0332506396 8060
0.868618 0.5322202941127199 0.005649379525673818 15660.45726536993 7320
0.889804 0.4228210894772327 0.004815697415275488 11860.63130356842 6356
0.910989 0.3408859375486796 0.005339018185890615 9122.010912721324 5348
0.932175 0.2281036947746451 0.00408455963408224 5827.710628070507 4308
0.953361 0.1822111439423444 0.00291004216812312 4450.567551875043 3563
0.974547 0.1089577064786406 0.00159538699701664 2547.764256532914 2448
0.995733 0.06904835319459401 0.0009669112889685301 1545.757944721651 1868
1.01692 1.280108851360913e-20 1.892734990180604e-22 2.745452430545385e-16 1358
1.0381 1.24567200793548e-20 2.191720375436553e-22 2.563084192351323e-16 1062
1.05929 1.495163186135158e-20 2.23694779292732e-22 2.958476729656527e-16 776
1.08048 1.310649508473773e-20 1.97140231481482e-22 2.496095670744984e-16 432
1.10166 1.285775353343295e-20 2.483936720238176e-22 2.347822275440548e-16 200
1.12285 1.232717828286137e-20 2.489012751547528e-22 2.163004912384929e-16 168
1.14403 1.750303697322292e-20 3.424142504036102e-22 2.963598022229978e-16 56
1.16522 1.045815971449074e-20 5.140556477739325e-22 1.708987779804641e-16 7


0.0211858 3093202.666916107 61826.10938454495 354599978345460.2 18
0.0423716 59075235.0819865 52592.06211480437 915870759155826 62
0.0635574 70004248.01914188 235618.439608023 450356565255625.1 98
0.0847432 41886011.55392043 459293.0529373149 149039752824795.1 210
0.105929 47906266.50038315 259216.3679379388 106805874592870.5 350
0.127115 37440843.43611079 70961.08861837315 57472375805143.06 450
0.148301 14493669.79385595 75997.68962941761 16217060140131.26 602
0.169486 6741816.294730653 34770.30207393339 5724528159247.582 762
0.190672 2478222.582550484 17167.32278895134 1667730407000.515 1142
0.211858 1268412.802421028 6697.976760398149 692085430768.5142 1250
0.233044 482466.9240802661 3384.885687235233 216769962727.8643 1458
0.25423 250554.1775836505 1602.549804558894 94219159072.35338 1814
0.275415 124222.4248774759 622.3812699173862 39807800386.57525 2178
0.296601 63286.60834589432 277.3304786640966 17485478257.59004 2498
0.317787 26784.35294778012 163.7320468106449 6430074630.616039 2622
0.338973 12303.73688906412 80.76010887161094 2593580078.582474 3338
0.360159 6363.283880864558 40.65526324083529 1189782339.958223 3722
0.381344 3210.393506556617 22.39022039400661 535941907.6894526 4170
0.40253 1935.145499889614 11.36552014503687 289563452.4507014 4358
0.423716 1058.647512931493 6.793045692039883 142818360.5577345 5034
0.444902 623.8133694065816 4.05420357002189 76371086.44648053 5714
0.466088 356.715314780398 3.003075592842041 39800106.08712027 5982
0.487273 213.7884594677686 2.077366377505967 21809688.46778862 6602
0.508459 161.8647144061871 1.281146820552362 15152821.73681381 7130
0.529645 112.8223372152118 0.9092052541574752 9735237.962653836 8034
0.550831 83.42004493053383 0.6570320089906749 6657919.456168571 8606
0.572017 60.94175941961655 0.5101771890125708 4510005.949434731 9066
0.593202 46.64006626729575 0.4415995236627734 3209272.378201563 9962
0.614388 46.76486294293218 0.3252262800093665 2999294.205285553 10550
0.635574 34.89902101692126 0.2960691887230822 2091215.056162039 11226
0.65676 30.79305600161953 0.3055280627622763 1727847.188421448 12146
0.677946 22.08852184626886 0.2325850388388827 1162640.554126625 12303
0.699131 13.39006320630881 0.1177607027593989 662448.8093998266 12584
0.720317 6.316515769703019 0.05708484615601574 294467.855050414 12120
0.741503 3.603278314467962 0.03362786741247697 158505.3413898133 11180
0.762689 1.858706747399138 0.02072965306496353 77281.63006288304 11096
0.783875 1.252096857715062 0.01431251601322029 49288.5083311609 10056
0.80506 0.9286122017507416 0.01059980446599185 34654.5552146991 9716
0.826246 0.6752333521205317 0.008392568319777648 23920.8198296804 8604
0.847432 0.6153716584880303 0.006464610341963915 20717.59419764108 8060
0.868618 0.4069121569925153 0.005723134157818954 13040.99453488499 7320
0.889804 0.3276416738221985 0.004752895843188575 10010.16984801375 6356
0.910989 0.3638682630793013 0.003923563311100045 10602.80684028566 5348
0.932175 0.2741560910809058 0.002694644773513322 7626.502867970352 4308
0.953361 0.2060436877546369 0.002009878558997508 5480.043292767747 3563
0.974547 0.09275412785985832 0.001443493693112173 2362.086296568441 2448
0.995733 0.06181372877670121 0.0008394025821881013 1507.020396273532 1868
1.01692 1.31110618359695e-20 1.698381302230081e-22 3.062227477656203e-16 1358
1.0381 1.253401830309258e-20 1.986248245304676e-22 2.808567551187053e-16 1062
1.05929 1.452976404312189e-20 2.040502926704513e-22 3.130973876582073e-16 776
1.08048 1.327200977912261e-20 1.979209886327693e-22 2.752698594261584e-16 432
1.10166 1.223444355646613e-20 2.341457459702901e-22 2.432963863389845e-16 200
1.12285 1.330948690838099e-20 2.35887359819483e-22 2.543229318013449e-16 168
1.14403 1.6455252880286e-20 3.183763755216407e-22 3.034307097318275e-16 56
1.16522 6.104290439890708e-21 4.573589571294401e-22 1.086884341072989e-16 7


0.0211858 8690839.64552583 28097.94540384465 762134174012189.8 18
0.0423716 60410933.4776946 13026.1375907673 1008154269693260 62
0.0635574 20147630.42994076 400283.7575382196 153181912140412.3 98
0.0847432 69295065.02472639 259456.6929975552 261327158969899.9 210
0.105929 31464952.7670304 280759.4559212227 76544018141306.19 350
0.127115 26390974.53989441 97078.332527928 43957366898747.98 450
0.148301 15072323.06286016 57351.44757115686 18225327564973.25 602
0.169486 6642341.528081062 27825.53903550039 6098928675131.147 762
0.190672 2360974.332099666 14426.5582179501 1718582396216.432 1142
0.211858 1187805.098541571 5667.91686239284 701104832266.7917 1250
0.233044 585046.8296677703 2178.832947619718 284009192489.455 1458
0.25423 274581.9152939413 1140.295394751815 111626281379.7681 1814
0.275415 96307.02992892303 635.3194715433036 33408473671.77759 2178
0.296601 41292.97972314014 335.6661091407898 12356353977.64495 2498
0.317787 23635.37393741838 146.4037891132661 6139034397.061206 2622
0.338973 11203.10069453847 70.07167588865566 2554817227.405523 3338
0.360159 5467.02306267185 37.25598210089372 1105994837.733838 3722
0.381344 3112.527848103948 18.05393073652726 562035105.3684373 4170
0.40253 1514.797279350557 11.49364475189267 245282716.445157 4358
0.423716 868.9364628752894 6.517699390711377 126838776.3692002 5034
0.444902 491.1948973066926 4.061497830082503 65070999.12474298 5714
0.466088 313.2992802322628 2.700116252884059 37817897.67180635 5982
0.487273 213.5146644507057 1.667775285840769 23559833.63486239 6602
0.508459 154.3448112273554 1.055508645715511 15629536.46536806 7130
0.529645 100.2873092567529 0.808117896892569 9361671.060120836 8034
0.550831 72.17507521773422 0.5988360493803931 6231945.410563167 8606
0.572017 57.63911671135022 0.4264522442594098 4614232.089358585 9066
0.593202 41.35830376113353 0.3920112060620622 3078672.092113577 9962
0.614388 39.9760071960774 0.3020166738158483 2773716.223423298 10550
0.635574 34.10788786241344 0.2385847203956383 2210791.010482636 11226
0.65676 30.00455066519896 0.2495816309978117 1821159.357347569 12146
0.677946 20.24361486136702 0.2011320505988119 1152660.056873953 12303
0.699131 11.75148695253604 0.1059133411177788 628943.6171117993 12584
0.720317 5.77492758595515 0.04918755011805495 291232.2933249551 12120
0.741503 3.269410384986216 0.02924043282643036 155578.9319799794 11180
0.762689 1.684969775349672 0.01803352524866029 75786.83479734322 11096
0.783875 1.154794028664634 0.01231276382339679 49174.80713810695 10056
0.80506 0.8546755393349909 0.009101550087896973 34503.04081354053 9716
0.826246 0.6571412414104774 0.006815722506297808 25182.0676200284 8604
0.847432 0.5015640712330851 0.00624173728713781 18268.2973088256 8060
0.868618 0.4175008443971607 0.004429004349510621 14473.07793818012 7320
0.889804 0.3801076917095729 0.003217467193623254 12560.5433216006 6356
0.910989 0.2990442678265519 0.003758133313274585 9427.015809599401 5348
0.932175 0.1989415290882261 0.002900521732576231 5987.56059724204 4308
0.953361 0.1388958081323829 0.002305011372951381 3996.985912816485 3563
0.974547 0.09489779659312778 0.001118539969213153 2614.064225823259 2448
0.995733 0.0523349435852138 0.000781622400132521 1380.319834123767 1868
1.01692 1.229102568523164e-20 1.621243976832445e-22 3.105474726344367e-16 1358
1.0381 1.333777142317981e-20 1.718684805672693e-22 3.232863728014586e-16 1062
1.05929 1.374952661990292e-20 1.998472744474671e-22 3.205168486722119e-16 776
1.08048 1.334710198665721e-20 1.900625090887092e-22 2.99460961238386e-16 432
1.10166 1.09392625594572e-20 2.209671523008664e-22 2.353356158610391e-16 200
1.12285 1.533296461746328e-20 1.918844564992995e-22 3.169156639623801e-16 168
1.14403 1.627079163322402e-20 2.728657151134327e-22 3.245490445525305e-16 56
1.16522 8.154201238895479e-21 3.779128773773188e-22 1.569895487920481e-16 7


0.0211858 12388851.19567245 4740.574277657725 1083294967499317 18
0.0423716 41985459.7182571 68215.3834595667 767131262151019.5 62
0.0635574 5798682.611073539 411693.9545554437 60918825056960.11 98
0.0847432 83660545.93477137 135597.5680904432 337266583173210.1 210
0.105929 33185472.69918517 226668.5375730987 86577041525181.5 350
0.127115 14597972.94109722 129618.1170951596 26385805908352.65 450
0.148301 13266140.35052117 52934.15265875328 17266001147405.87 602
0.169486 5537726.507223457 27170.51542789218 5474865133563.625 762
0.190672 2748127.759922193 9770.318622196461 2148465309363.371 1142
0.211858 1002492.85952472 5406.407134761513 636858386843.5299 1250
0.233044 433998.05399097 2437.75730154961 226860583571.9521 1458
0.25423 188988.3849896877 1335.763420977212 82751353278.6848 1814
0.275415 98298.60588472293 500.0274393444522 36664765583.27392 2178
0.296601 50600.36042701167 220.8314384168162 16270669183.87109 2498
0.317787 21836.92424061779 127.4538592368678 6100916423.052559 2622
0.338973 10152.02817833935 62.10900507710351 2490353004.835085 3338
0.360159 5278.668763078845 31.06024678887351 1148521474.362536 3722
0.381344 2450.001218774384 18.49960747278179 476037432.7514027 4170
0.40253 1447.000872177849 9.737020285810381 252003997.1448561 4358
0.423716 827.5084071671356 5.533254243339154 129917210.5433713 5034
0.444902 473.8228331987054 3.414031695999379 67510132.23044993 5714
0.466088 329.2101739578923 2.076970153315148 42733349.58952427 5982
0.487273 216.4137136043787 1.307830561518895 25681247.73985248 6602
0.508459 138.5915787227628 0.9445477653474335 15095864.99862892 7130
0.529645 89.46385479500469 0.728465598490609 8983131.937285058 8034
0.550831 64.4392205129506 0.5377865649663758 5984887.965708782 8606
0.572017 51.34236313983179 0.3852539402279409 4421047.033718432 9066
0.593202 40.15860754409819 0.3270405485050433 3215149.776397522 9962
0.614388 32.18316696010913 0.2986967230298334 2402178.931346105 10550
0.635574 31.58461663814037 0.2063960485142756 2201978.927899499 11226
0.65676 29.5954556912497 0.2023188951299958 1931989.586106643 12146
0.677946 19.575132456587 0.1689070079359855 1198795.948091661 12303
0.699131 10.34028325328232 0.09638360792815892 595273.7489062183 12584
0.720317 5.309399427828637 0.04291035961642098 287994.7994054346 12120
0.741503 2.929254955069743 0.02630405800534395 149932.2554282453 11180
0.762689 1.566407422120484 0.0155940044203961 75778.96306713972 11096
0.783875 1.099977137086341 0.01036851444098504 50379.56973868649 10056
0.80506 0.7853194638537939 0.007952995401986908 34099.52806559556 9716
0.826246 0.5898343690254718 0.006114503814349617 24311.78305876301 8604
0.847432 0.4709958111195222 0.005358378584492909 18451.31096987669 8060
0.868618 0.3808867520966243 0.003914412871036676 14201.92470423297 7320
0.889804 0.2605782366847192 0.003764225737708111 9263.578909241956 6356
0.910989 0.2772473158233964 0.003260380478032962 9400.446438114674 5348
0.932175 0.2025666552859228 0.002323413756046305 6557.004094429867 4308
0.953361 0.1583600490904387 0.00166750519452924 4900.798922984602 3563
0.974547 0.08073985817813803 0.001051619576730476 2392.295008653788 2448
0.995733 0.05147994972874314 0.0006411522582103491 1460.326145859475 1868
1.01692 1.139170038860127e-20 1.602849479188473e-22 3.095921414216561e-16 1358
1.0381 1.275201000111622e-20 1.623871857439563e-22 3.324541364356456e-16 1062
1.05929 1.386483782991505e-20 1.85403442487057e-22 3.476299639439401e-16 776
1.08048 1.218200370456318e-20 1.887228544244232e-22 2.939917885531446e-16 432
1.10166 1.211974948915026e-20 1.779011945761501e-22 2.804104703562321e-16 200
1.12285 1.659360045807522e-20 1.583483948509528e-22 3.688753333555616e-16 168
1.14403 1.731592377678384e-20 2.251025426184353e-22 3.714792291093287e-16 56
1.16522 2.781375848754542e-20 1.66555157597015e-22 5.755290454398488e-16 7


0.0211858 11849622.78603604 1654.445373606898 1105571478882242 18
0.0423716 17971253.43201855 151948.3127935282 381333731532124.1 62
0.0635574 25478534.79392197 277455.0524750476 215312891724083.5 98
0.0847432 72191431.37740801 140352.6876268047 312148845190983.4 210
0.105929 40950938.18223903 153376.042486283 113652211771959.2 350
0.127115 12639208.66535669 118707.4716292565 24502859959454.64 450
0.148301 10675010.77690041 53960.90608222538 14897795714519.23 602
0.169486 4809397.057506301 25405.90010366523 5093175386259.897 762
0.190672 2321306.703601525 9654.208642486363 1943769474662.323 1142
0.211858 903708.7760902848 4875.908889367483 614637051555.6373 1250
0.233044 329117.9459352902 2524.250308259873 184375058824.088 1458
0.25423 195335.4670744092 1069.001473686936 91500554848.08846 1814
0.275415 83757.30017656069 481.2699242758987 33450371652.23805 2178
0.296601 36712.02449947966 252.2336743307133 12646355172.59804 2498
0.317787 19370.79868810674 117.1329062722712 5793398472.684332 2622
0.338973 9264.859121158854 55.57097115954873 2432671468.407723 3338
0.360159 4433.475513484295 30.09387525805026 1032732525.261068 3722
0.381344 2540.021970005741 14.56005097278177 528082036.576454 4170
0.40253 1365.672027152507 8.371482003560923 254551144.2789763 4358
0.423716 740.9849793497131 5.029469249442264 124520885.0056358 5034
0.444902 457.5263443748709 2.866753007095524 69765287.71288478 5714
0.466088 275.6740296259641 2.016536588196824 38306324.54737719 5982
0.487273 179.3285291560701 1.296210553263801 22780468.37944976 6602
0.508459 117.4015505902387 0.9134731974009751 13688665.4656642 7130
0.529645 81.31712096115579 0.65255585579846 8739317.8985448 8034
0.550831 63.6036257230267 0.4452434623593996 6321947.764118373 8606
0.572017 42.89436495334957 0.3733998147587362 3953760.254013446 9066
0.593202 39.39150026389917 0.2718791329700822 3375168.593305911 9962
0.614388 30.1391460194941 0.2613089342039571 2407699.418855404 10550
0.635574 25.34094531250443 0.2107492391925201 1891141.724582954 11226
0.65676 26.35555727720818 0.1852377472092444 1841472.748248389 12146
0.677946 19.01714412647962 0.1419550670415776 1246418.290949438 12303
0.699131 9.402572217708913 0.08648690915264032 579345.326140221 12584
0.720317 4.79963926061782 0.0387561314900831 278646.9966271108 12120
0.741503 2.699995159168914 0.02324885121473344 147910.6860933795 11180
0.762689 1.447450186586094 0.01376307987360076 74945.47536650373 11096
0.783875 1.004527921616795 0.009278224577245231 49241.89946597203 10056
0.80506 0.7059640734568858 0.007221589790639962 32808.96919814972 9716
0.826246 0.5222088580149998 0.005628357670160946 23037.96332132388 8604
0.847432 0.4779500189302331 0.004291131907974149 20038.09648161822 8060
0.868618 0.3287063391095266 0.003686043047033049 13118.34305603861 7320
0.889804 0.2550436536223639 0.003162905372273869 9703.548778853921 6356
0.910989 0.2746765859226213 0.00268994313837374 9967.289945305098 5348
0.932175 0.2050445406465897 0.001876575922557953 7103.220557975188 4308
0.953361 0.1501708452864074 0.00144827199613995 4973.891678089371 3563
0.974547 0.07954592124936072 0.0008786846272865525 2522.446161923217 2448
0.995733 0.04774312918138439 0.0005609958813435664 1449.493424841747 1868
1.01692 1.210071096500527e-20 1.436201303914735e-22 3.519561000755293e-16 1358
1.0381 1.173048779507927e-20 1.601223307771601e-22 3.273269102231408e-16 1062
1.05929 1.392149706417893e-20 1.705669958453821e-22 3.735744012136102e-16 776
1.08048 1.335704767271621e-20 1.56052618436839e-22 3.44975626511989e-16 432
1.10166 1.380953397082599e-20 1.302083839812892e-22 3.419218966254371e-16 200
1.12285 1.234039353632437e-20 2.0385166470071e-22 2.936536373687525e-16 168
1.14403 1.618394486707907e-20 2.331486828258055e-22 3.716104702015669e-16 56
1.16522 3.364628662908071e-20 1.47593094086484e-22 7.451220778887188e-16 7


0.0211858 7804918.036218385 15065.73414394986 828892943487082.5 18
0.0423716 3458658.566292959 195443.1186113632 123231490734367.7 62
0.0635574 54436837.0652256 109847.8952524745 464978728328950.6 98
0.0847432 46424644.51845845 216426.77192168 216494437906369.1 210
0.105929 42134927.24039549 117563.0006919186 124422395915087.3 350
0.127115 17620622.51613099 78726.33068454869 36128031813764.19 450
0.148301 8934970.497123633 52505.2842412739 13311075702654.35 602
0.169486 4558745.605386679 22086.03665278614 5144819601051.01 762
0.190672 1570863.539740321 11448.12427826701 1405851607116.974 1142
0.211858 851908.4989783859 4281.354627369068 617486377169.4139 1250
0.233044 423537.132906315 1646.648845864112 252398295487.9342 1458
0.25423 204530.3001202551 830.6165843939416 102051747763.1618 1814
0.275415 75700.20406009052 439.1133429900976 32224547045.69414 2178
0.296601 37212.867220133 206.37337680337 13656889413.73126 2498
0.317787 18300.44869684806 102.4552609971053 5832713098.844563 2622
0.338973 8337.323036341391 50.94754737743165 2333237140.580208 3338
0.360159 4475.502977873293 24.65151082938473 1110774740.304471 3722
0.381344 2152.47431207278 14.23987734981646 477026956.6741267 4170
0.40253 1172.652078131387 8.081508345620991 232979385.7851379 4358
0.423716 686.3886944959884 4.487916497995441 122925041.7728257 5034
0.444902 390.5574982927569 2.781918206492781 63476990.47674841 5714
0.466088 258.7763762657945 1.781660012275407 38319827.16581946 5982
0.487273 155.5284775413306 1.236343320566392 21057713.87958612 6602
0.508459 104.8321828283647 0.8435911163627235 13026936.19281245 7130
0.529645 80.0718436062912 0.5466824904032043 9169870.948024698 8034
0.550831 59.53998203958524 0.3921003350041607 6306662.946738927 8606
0.572017 41.7297589193026 0.3194639163535314 4098786.282754709 9066
0.593202 33.4167665942019 0.2640987697676874 3051629.918566217 9962
0.614388 32.94105925694556 0.1968678796355934 2803833.276789506 10550
0.635574 20.96696179015201 0.207046710521007 1667725.520915867 11226
0.65676 22.15484121388862 0.1815944162059677 1649797.183329569 12146
0.677946 17.37514740857033 0.1279434859579256 1213602.49521805 12303
0.699131 8.833109529760332 0.07638850845740441 579993.9943843932 12584
0.720317 4.293925540138848 0.03577741156239143 265667.389268116 12120
0.741503 2.506425588207857 0.02064434037065848 146323.2846867244 11180
0.762689 1.320648627881319 0.01247965085941171 72871.76154564573 11096
0.783875 0.9138536617370446 0.008440186223597972 47739.70570484104 10056
0.80506 0.6540049443413286 0.006435178836709353 32390.20776139337 9716
0.826246 0.4936502104486156 0.004914333793751631 23207.78320474122 8604
0.847432 0.4303845310764809 0.00395544875161443 19229.24767966992 8060
0.868618 0.2974794177819641 0.003359887380293019 12651.99280251583 7320
0.889804 0.2714156917323765 0.00247842473860425 11003.37121974059 6356
0.910989 0.2521571225136147 0.002423051745595033 9751.030364020809 5348
0.932175 0.1859178641110156 0.001705539158958819 6863.634661535574 4308
0.953361 0.1328255397526156 0.001347656520501823 4688.407278019989 3563
0.974547 0.07088330583091464 0.0008102970985285368 2395.40952861045 2448
0.995733 0.04250988136235454 0.0005237025992742583 1375.401448520655 1868
1.01692 1.146017110775892e-20 1.431285001693541e-22 3.552247578289374e-16 1358
1.0381 1.240043054704447e-20 1.42566970221281e-22 3.687247666094771e-16 1062
1.05929 1.303986177280432e-20 1.625161725604847e-22 3.729001660227958e-16 776
1.08048 1.237729244040054e-20 1.584445121774849e-22 3.406760468861208e-16 432
1.10166 1.04933336604674e-20 1.684608725322583e-22 2.769218297509717e-16 200
1.12285 1.41424628893604e-20 1.833282898733448e-22 3.586088571180833e-16 168
1.14403 1.725450497478463e-20 2.135525195589419e-22 4.221918341501707e-16 56
1.16522 1.031609247693227e-20 5.97511018484618e-22 2.437612559985921e-16 7


0.0211858 3021112.184941411 32273.95323776809 447830250112227.9 18
0.0423716 4663860.439880715 170834.5795460819 153389371405545 62
0.0635574 67116314.60051325 23042.78388246103 602336450062337.2 98
0.0847432 26253694.80473629 271107.4845879714 133337147291861.6 210
0.105929 34862069.2403881 125296.426242347 109616145480847.3 350
0.127115 20772621.80925634 50478.97843404188 45070626441205.23 450
0.148301 8422183.342262566 46762.39685453905 13323023090420.36 602
0.169486 4164140.81938858 20234.95597697161 4991383242265.677 762
0.190672 1551289.674478859 9870.223514775304 1473398627329.367 1142
0.211858 789413.0102131765 3866.480770962633 607565638632.4589 1250
0.233044 380763.2061863433 1544.506538596644 240960451179.8989 1458
0.25423 145351.7909270104 980.7651193567879 77110382175.85594 1814
0.275415 75668.26281013152 365.97605899314 34188050115.28547 2178
0.296601 36810.68946466646 173.7857011906854 14339532079.14893 2498
0.317787 16294.70793402838 96.19025203387631 5514750353.171359 2622
0.338973 8012.879955847536 44.34794285366281 2380526183.453104 3338
0.360159 3718.106918911242 24.77465731869631 980042190.4945915 3722
0.381344 2053.852078140745 12.47878749009847 483209016.7568238 4170
0.40253 1147.033186483856 6.893354958769418 241912107.0095851 4358
0.423716 632.8156815319056 4.07066346301155 120321589.1525994 5034
0.444902 371.1010245407755 2.452498529936769 64030856.52848678 5714
0.466088 244.6975807274441 1.575959629634834 38467886.03878053 5982
0.487273 158.6862692866482 1.013348458918942 22805853.05045224 6602
0.508459 108.8921511199692 0.6773121879925023 14362842.88296464 7130
0.529645 75.80148610473904 0.481890924153186 9215693.648590146 8034
0.550831 50.15387976642854 0.3893717384828079 5640770.073512361 8606
0.572017 41.47065243891918 0.2687427988845214 4324025.253513674 9066
0.593202 30.12941265905661 0.2439539863299982 2921146.122505755 9962
0.614388 28.16280157425653 0.1940576733678893 2545112.543182225 10550
0.635574 22.64006106298259 0.1640231409966634 1911448.344433659 11226
0.65676 21.69680473919168 0.1559516568938902 1715173.812286704 12146
0.677946 15.61869187365005 0.118895167097203 1158194.27918957 12303
0.699131 8.361691184264439 0.0674505448344853 582866.7509682847 12584
0.720317 3.864293243108436 0.03317739817471657 253829.1075378765 12120
0.741503 2.296214744872387 0.0188162239508023 142314.6503283376 11180
0.762689 1.216706201578854 0.01132881717688495 71274.59532897329 11096
0.783875 0.8486731411892153 0.007589404409867486 47066.94741201687 10056
0.80506 0.61135447000031 0.005750149867955457 32143.67175899902 9716
0.826246 0.4633271806637981 0.004376042009897589 23124.37735869106 8604
0.847432 0.377180803537346 0.003778049293944842 17891.57575992381 8060
0.868618 0.2873583957937422 0.002914653028465679 12974.26804082136 7320
0.889804 0.2616519782586642 0.002144969734838434 11260.91505059827 6356
0.910989 0.2239111344588294 0.002282019001871546 9192.646774256447 5348
0.932175 0.1524113883069727 0.001734151869545612 5973.945350272685 4308
0.953361 0.1141378923718501 0.001301805233158474 4277.287273405153 3563
0.974547 0.06286670085275434 0.0007625848664887098 2255.49959264883 2448
0.995733 0.04282653926721938 0.0004317618264579488 1470.944829511235 1868
1.01692 1.193087606301822e-20 1.322543295441003e-22 3.925913474816009e-16 1358
1.0381 1.164594701345983e-20 1.427211685434897e-22 3.676418822391375e-16 1062
1.05929 1.275886946075232e-20 1.503098111679808e-22 3.873446865087679e-16 776
1.08048 1.249176372983504e-20 1.381039719080481e-22 3.650008703775043e-16 432
1.10166 1.437062229660411e-20 1.23613018698518e-22 4.025396255529335e-16 200
1.12285 1.571003486833665e-20 1.646258590221646e-22 4.228823694587295e-16 168
1.14403 1.790482107177699e-20 2.25227605879481e-22 4.651053549537696e-16 56
1.16522 4.689665349468896e-20 1.389363157009956e-22 1.174905032751972e-15 7


0.0211858 277495.1809205479 40725.52453363006 210941037615004.8 18
0.0423716 16686781.32417649 100450.687648081 420291799695683.3 62
0.0635574 55003300.23961986 53046.50926355199 525234659246075.6 98
0.0847432 22732157.25014144 254078.16322622 122990507126861.5 210
0.105929 25721550.77393856 144394.5347753417 86151004927360.48 350
0.127115 17988782.03695796 51998.24612209323 41354896024691.27 450
0.148301 8620199.921449218 38889.25418455079 14414132306127.69 602
0.169486 3729349.962109345 19119.35527657171 4733329560695.121 762
0.190672 1917604.273058903 6649.243026586555 1922650658223.492 1142
0.211858 716626.1558991191 3593.870232322629 583776961014.7865 1250
0.233044 246191.8952944212 1949.563624849911 165276773868.3486 1458
0.25423 145347.2161632774 836.0173084022185 81561391881.84863 1814
0.275415 62516.34560625792 374.9031472626906 29905937842.56652 2178
0.296601 27141.11505250985 196.609888608844 11199038596.51446 2498
0.317787 15477.24354973828 85.49672500648079 5542199629.276464 2622
0.338973 6929.785722285623 43.21288333273871 2178968559.551716 3338
0.360159 3788.780528843069 20.55425535551151 1056416776.264515 3722
0.381344 1902.683330052686 11.37624062973084 473662392.3115225 4170
0.40253 1033.103813647411 6.477943650428852 230563492.7500577 4358
0.423716 585.0782308722601 3.715235757273932 117709605.1825262 5034
0.444902 351.5702483245834 2.178617295727321 64182119.4387378 5714
0.466088 212.2718814916743 1.527166856212784 35313831.49037503 5982
0.487273 144.2152786607016 0.9406588253632855 21930886.8312692 6602
0.508459 97.18975715776473 0.6426193778241579 13564806.4741032 7130
0.529645 62.64395401018697 0.492340805855716 8059987.575279745 8034
0.550831 47.95075102914259 0.3458116871744651 5705951.870773623 8606
0.572017 33.51345335774209 0.2783114449943352 3698038.256600262 9066
0.593202 31.86907447006903 0.1948625302135359 3268668.301265663 9962
0.614388 22.46195140514672 0.2025827815520116 2148236.745178762 10550
0.635574 21.8248939060506 0.1427851461888507 1949529.047080763 11226
0.65676 20.63402396843777 0.1384849119397936 1725825.935133985 12146
0.677946 14.56667585556265 0.1078640900882338 1142897.394810159 12303
0.699131 8.12680589084253 0.05851289723430021 599356.0581937298 12584
0.720317 3.5638976676168 0.03038675178253251 247691.5431114825 12120
0.741503 2.111474007668531 0.01726881989634501 138464.1062012152 11180
0.762689 1.136973897184563 0.01023651525458667 70470.4609922114 11096
0.783875 0.7894672013623405 0.006880526303512386 46325.30388743724 10056
0.80506 0.569028103985239 0.005218173468854138 31655.16690411408 9716
0.826246 0.4297712819269384 0.003984473742090247 22694.94279654024 8604
0.847432 0.3436840378847538 0.003493414089921782 17249.43012230915 8060
0.868618 0.2770624544378228 0.002552515799614541 13235.20783025672 7320
0.889804 0.2444743029530307 0.001937237369191582 11132.37052933357 6356
0.910989 0.2059966748476948 0.002091160924306466 8948.20441783467 5348
0.932175 0.1309679226193013 0.001677540400122542 5431.824823857743 4308
0.953361 0.1013700046743727 0.00122547919364375 4019.490013212704 3563
0.974547 0.06449412181372396 0.0006266593407268786 2448.023413618057 2448
0.995733 0.03617302158077219 0.000432146619473644 1314.63715962219 1868
1.01692 1.154695624591589e-20 1.272215685753944e-22 4.020173585217692e-16 1358
1.0381 1.187852987622124e-20 1.313079201985485e-22 3.967402584124858e-16 1062
1.05929 1.21729241861223e-20 1.451941069187677e-22 3.910134615541792e-16 776
1.08048 1.109789526243443e-20 1.473747932301527e-22 3.431209841124093e-16 432
1.10166 9.857133105910381e-21 1.608185103736576e-22 2.922032693902556e-16 200
1.12285 1.369936712352537e-20 1.689296902439433e-22 3.901870172192183e-16 168
1.14403 1.830063311279181e-20 1.893670569481352e-22 5.029594007581066e-16 56
1.16522 1.209366805693419e-20 5.144360956650162e-22 3.208939230591568e-16 7


0.0211858 690702.3051229712 35448.00361460393 256328541132576.3 18
0.0423716 28664255.37317265 33060.61811602022 713728715597581.8 62
0.0635574 29012173.5608746 148305.3308391609 302220216445174.3 98
0.0847432 32183228.80979834 182619.6737399039 179611462755040.3 210
0.105929 21115169.50261276 144890.4484433378 74979376071857.7 350
0.127115 12267114.09323367 68321.73796364819 29935506456978.07 450
0.148301 8628917.300336642 32784.26376653266 15211212342947.73 602
0.169486 3579437.555747633 16985.60928898094 4792262983638.062 762
0.190672 1770920.887917369 6156.61178639308 1873520314083.369 1142
0.211858 649077.6528323601 3376.850705679797 558003415834.2773 1250
0.233044 272284.2610944343 1565.277054419285 192611966262.8302 1458
0.25423 161821.295505993 628.8760427203601 95708353980.59166 1814
0.275415 61448.14606026031 325.4229520999168 31003290788.43841 2178
0.296601 32180.62614722433 141.9168115144813 13993314654.58638 2498
0.317787 14214.76686573423 79.32852123605024 5370207556.541541 2622
0.338973 6936.482708395518 36.80138409262172 2300349358.724934 3338
0.360159 3293.336926937011 20.17362423728673 968938509.7766935 3722
0.381344 1734.071747131296 10.62641263373175 455430756.0963712 4170
0.40253 949.8299185932124 5.990131319940062 223630014.676751 4358
0.423716 541.8390534509774 3.418564492216249 114999352.967555 5034
0.444902 310.166639455646 2.109249074876564 59740836.32369302 5714
0.466088 219.4072955048162 1.260186019319736 38496807.34335987 5982
0.487273 127.1105804762661 0.9110455670563693 20393455.50801013 6602
0.508459 83.31615888937947 0.6374559903980024 12268880.90343902 7130
0.529645 63.0685250594721 0.4186668571660405 8558924.964840092 8034
0.550831 45.76925740645212 0.3075417079459686 5745098.626356424 8606
0.572017 34.92217687904579 0.2293899001883773 4064308.554235659 9066
0.593202 26.44060062561768 0.1998504750251325 2861201.228161317 9962
0.614388 25.8240719941232 0.1521170617255682 2604614.559180224 10550
0.635574 17.96401032581314 0.146834763384416 1692987.254427016 11226
0.65676 17.39918849133538 0.139117235810913 1535314.149674666 12146
0.677946 13.50222800780455 0.09912015334255167 1117527.594140182 12303
0.699131 7.66711000854631 0.05284246215757928 596476.9363273417 12584
0.720317 3.361642002841014 0.02746455580397168 246453.2296529569 12120
0.741503 2.007644544189272 0.01548884369686046 138877.3579082912 11180
0.762689 1.069554446983593 0.009268632001533703 69928.97657446498 11096
0.783875 0.7282494056849911 0.006348053837505566 45078.55580233091 10056
0.80506 0.5326756920337303 0.004752645424274358 31258.85957255638 9716
0.826246 0.3995471424470775 0.003651107585679952 22256.73519345935 8604
0.847432 0.3211903216748097 0.003183447847536143 17005.03140041135 8060
0.868618 0.2610272323405267 0.00230883907322527 13153.2960755088 7320
0.889804 0.2273358312731845 0.001776388789248983 10919.97404894118 6356
0.910989 0.1948255898094031 0.001882796335879313 8927.206979946593 5348
0.932175 0.1252009439317137 0.001497003446786355 5477.446038708287 4308
0.953361 0.09273372895535946 0.00113548356366403 3878.875979301066 3563
0.974547 0.05753414483343547 0.0006013008219862536 2303.746192096165 2448
0.995733 0.03400291217615792 0.0003917050275458009 1303.566624019318 1868
1.01692 1.113089352740706e-20 1.253923083253086e-22 4.088013345556617e-16 1358
1.0381 1.152189624303159e-20 1.296672937852119e-22 4.059492367989726e-16 1062
1.05929 1.223334769878148e-20 1.36935597969079e-22 4.145081085580287e-16 776
1.08048 1.328414537622234e-20 1.188817650105427e-22 4.331947314756302e-16 432
1.10166 1.348732747487861e-20 1.165996317572354e-22 4.216609181027424e-16 200
1.12285 1.394994060953541e-20 1.615627725786177e-22 4.191159025338015e-16 168
1.14403 1.625420097988586e-20 1.972557918819406e-22 4.712511930448932e-16 56
1.16522 3.087672369308089e-20 1.882941025514707e-22 8.634242352069394e-16 7


0.0211858 3302225.049495328 20790.21659463925 530072551774785.3 18
0.0423716 31735110.39223636 7940.679227549931 821438986704456.2 62
0.0635574 8140171.866560273 221923.4418850783 105423348907676.2 98
0.0847432 42510950.97478401 111636.8498222472 246289472535835.4 210
0.105929 21821627.0378 123414.9867163859 81321751300023.78 350
0.127115 8741163.920135947 75295.41846692955 22613109461888.48 450
0.148301 7813140.725550514 31234.28320982653 14501420234107.06 602
0.169486 3488803.052126936 14886.55401678318 4912927994584.115 762
0.190672 1223001.446233646 7751.294496862385 1365572245988.569 1142
0.211858 607620.5181861423 3100.398801154682 549648991757.412 1250
0.233044 333456.3434057974 1041.776830507722 247763681479.6167 1458
0.25423 126095.2239095187 708.1994208420507 78550267166.64317 1814
0.275415 60108.80920487377 284.8321357876274 31901520111.11017 2178
0.296601 27073.55158959347 147.0713684398098 12391936591.94461 2498
0.317787 13039.41318771261 74.26544166538021 5183313215.106138 2622
0.338973 6095.469004909859 36.02468799241619 2127250151.015161 3338
0.360159 3111.326340709743 18.34038400006467 963041546.7325848 3722
0.381344 1644.965777844489 9.634102645508825 454510913.1486476 4170
0.40253 932.2836761600288 5.248922319862339 230898768.6918304 4358
0.423716 518.0380237842458 3.071173487400282 115665946.1824488 5034
0.444902 310.0224047303285 1.806543182022739 62811647.06023648 5714
0.466088 179.2673962634292 1.319479581955301 33101230.90589882 5982
0.487273 128.1411170954349 0.7743134128229799 21625523.13980501 6602
0.508459 88.94922459148943 0.5119150534589376 13776613.47786603 7130
0.529645 59.80110798429855 0.3780399082059713 8537655.935015999 8034
0.550831 42.54612482850334 0.2843023713384459 5618511.37107485 8606
0.572017 32.76975650337924 0.209458130767071 4012244.915863992 9066
0.593202 25.9377034383203 0.1757994971244428 2952634.194313842 9962
0.614388 21.20626725159945 0.1593703376446957 2250547.29412974 10550
0.635574 18.71587452737805 0.1219612404096304 1855361.597427068 11226
0.65676 18.03654703834815 0.1159282520407829 1674155.601238548 12146
0.677946 12.64740823614758 0.09089939068065089 1101238.273817102 12303
0.699131 6.646178698157505 0.05219434956440885 543998.3883220014 12584
0.720317 3.247858432709227 0.02442410297517329 250490.4146076733 12120
0.741503 1.915293145834818 0.01396592526314668 139379.006538452 11180
0.762689 1.010289960647891 0.008424532510947751 69489.90691733295 11096
0.783875 0.6717845494284842 0.005903730782170206 43747.36007071917 10056
0.80506 0.5043011418150121 0.004314988331572229 31132.95427548552 9716
0.826246 0.3743326262513732 0.003347207269417757 21936.90721934433 8604
0.847432 0.3031235581807505 0.002898559828131663 16883.24333793383 8060
0.868618 0.2434184417136261 0.002127831908822774 12904.09133354068 7320
0.889804 0.2130158694410191 0.001628778046510592 10764.35374581576 6356
0.910989 0.1853561337615603 0.001699431568910151 8934.983733242851 5348
0.932175 0.1186278143264047 0.001359121682683486 5459.793822988708 4308
0.953361 0.08581797137973869 0.001051348568311962 3776.374536032697 3563
0.974547 0.05175201736956557 0.0005740449482912947 2180.087716636061 2448
0.995733 0.03540174567568125 0.0003221853193954313 1427.669764009424 1868
1.01692 1.120143483512474e-20 1.178232100725512e-22 4.327831737882257e-16 1358
1.0381 1.141357233229981e-20 1.2366029827912e-22 4.230468231371743e-16 1062
1.05929 1.196392429545519e-20 1.318603507386063e-22 4.264658832201483e-16 776
1.08048 1.1411608854008e-20 1.394481894684738e-22 3.915305736195047e-16 432
1.10166 1.150910335284696e-20 1.347994205377595e-22 3.785687484031373e-16 200
1.12285 1.500769159421321e-20 1.349293558418444e-22 4.743142333169374e-16 168
1.14403 1.564914931660057e-20 1.801188089561097e-22 4.773034988190197e-16 56
1.16522 2.455013334878258e-20 2.322672795972298e-22 7.222877149943143e-16 7


0.0211858 5971893.277804701 6337.102662650239 833830543180864.1 18
0.0423716 24364108.48835156 31200.08052273501 674349676501628.9 62
0.0635574 4794103.137170877 217963.4054733503 74350080246846.19 98
0.0847432 43939800.8387587 84604.9340165145 266473938168351.1 210
0.105929 24115704.74061598 97163.87751499242 93915808555301.94 350
0.127115 9318020.196006652 64259.35365615902 25226336831286.91 450
0.148301 6414132.754582722 33025.00546102325 12525257398971.88 602
0.169486 3119790.935220339 14439.313827678 4614681264447.345 762
0.190672 1018370.160110928 7770.625895090667 1195502949888.548 1142
0.211858 584041.0582269107 2791.450150383614 554444607972.2189 1250
0.233044 255922.4582749102 1246.104276836874 199844436101.2213 1458
0.25423 107473.5817834719 707.2533657235853 70317639094.66815 1814
0.275415 49911.74024577587 296.9499957495269 27821544990.51842 2178
0.296601 22652.81145974324 150.1692352604345 10888745940.75211 2498
0.317787 12633.31113367849 66.30276561717081 5269956754.246125 2622
0.338973 5825.478818763333 32.57918307126333 2133568781.158153 3338
0.360159 3077.713842374814 16.01972629843264 999629596.7978625 3722
0.381344 1558.323858271143 8.783341171681201 451873639.8707607 4170
0.40253 802.245140022398 5.25721339748828 208580153.3618501 4358
0.423716 456.835741168793 3.006254188082336 107067727.3280779 5034
0.444902 267.852502009331 1.812762742766812 56965625.35299366 5714
0.466088 194.2106847145573 1.056169191661529 37622808.98760925 5982
0.487273 113.3313864217993 0.7592746371922159 20075152.31237032 6602
0.508459 74.28836628839888 0.5313548832612416 12077989.23247398 7130
0.529645 52.22553107474985 0.3747652983211774 7826071.548239011 8034
0.550831 38.95156168316181 0.2688331579762648 5398539.086173223 8606
0.572017 28.07560825550078 0.2109912005201321 3608096.511453899 9066
0.593202 24.7290231145811 0.160062383774895 2954231.747163537 9962
0.614388 19.63133898597934 0.1489193213007967 2186508.604685915 10550
0.635574 17.22075092420722 0.1143090230345707 1791624.787905745 11226
0.65676 16.16712767699271 0.1118749828199143 1574944.512742718 12146
0.677946 11.97614601177135 0.08302272015614069 1094352.627023159 12303
0.699131 6.60809250681963 0.0456001316137507 567593.9061220612 12584
0.720317 3.08661757045506 0.02226211359998632 249824.6352263621 12120
0.741503 1.697026472863783 0.01363749783342631 129611.0584938122 11180
0.762689 0.9626972922547349 0.007648395689863361 69489.9189796537 11096
0.783875 0.6332643885765653 0.005421978220657079 43278.1278347335 10056
0.80506 0.4798098756468005 0.003925384637728296 31085.39617578278 9716
0.826246 0.3551675673553942 0.003053675894943439 21842.83085238148 8604
0.847432 0.2878031389106604 0.002642938003511511 16822.4503992588 8060
0.868618 0.2266609180591538 0.001977740455059609 12610.01124887536 7320
0.889804 0.2012563937338529 0.001490236080471199 10672.93570104339 6356
0.910989 0.1766626179656611 0.001542987476980852 8936.899063957133 5348
0.932175 0.1098905254829671 0.001267966152969232 5307.840165740414 4308
0.953361 0.08100196455900251 0.0009647954470171414 3740.694182060875 3563
0.974547 0.05214346767015788 0.0004932098809440009 2305.054961177653 2448
0.995733 0.03235401884935199 0.0003066014810880236 1369.306236526767 1868
1.01692 1.163331215811233e-20 1.063840308500275e-22 4.716719298082913e-16 1358
1.0381 1.140364497390733e-20 1.163338791555583e-22 4.435718778088964e-16 1062
1.05929 1.179614855822962e-20 1.261124334665687e-22 4.412737931613184e-16 776
1.08048 1.124472423797366e-20 1.299792918631112e-22 4.048754737413685e-16 432
1.10166 1.047294257739969e-20 1.29755380784985e-22 3.615301452214049e-16 200
1.12285 1.309228739464047e-20 1.505547061396804e-22 4.342744178475962e-16 168
1.14403 1.681565624363066e-20 1.677371045092568e-22 5.382159609296946e-16 56
1.16522 1.071305283677882e-20 3.779028605853658e-22 3.310285714405238e-16 7


0.0211858 6850742.905038085 289.4481463664351 962378343422634.5 18
0.0423716 12146586.29194884 77037.80852209292 383389119836101.1 62
0.0635574 17295783.08574631 144600.6746110703 216204458213706.2 98
0.0847432 35496058.16743842 104696.4889844465 226903470976664 210
0.105929 24252756.09209162 82938.57819644782 98782500396090.78 350
0.127115 11796379.30904861 45563.16770060141 33225206025623.49 450
0.148301 5370289.763919871 33695.03454093952 11010553133338.36 602
0.169486 2651841.237728765 14731.38154602773 4114603447154.17 762
0.190672 1273270.066059832 5677.427841387759 1560307232776.796 1142
0.211858 546401.7634276432 2598.652005894306 543290019947.1304 1250
0.233044 175993.3328478438 1476.041188383407 144326114947.8275 1458
0.25423 124172.3874396456 537.4072342535601 84967845991.23006 1814
0.275415 49433.9888153261 261.89319383533 28848689659.93609 2178
0.296601 26459.38545147423 111.5217998383733 13304793488.09843 2498
0.317787 11442.10971079615 63.77957898857869 4999246864.623582 2622
0.338973 5548.782356836585 29.8369906714006 2128056737.595479 3338
0.360159 2555.012452627322 16.74809112665476 869421198.5194011 3722
0.381344 1360.240567418693 8.755761426690713 413151450.6711388 4170
0.40253 827.0079846354703 4.457489605692898 225101443.7385372 4358
0.423716 476.1893637693287 2.510571509389667 116835216.073254 5034
0.444902 277.6983723944275 1.51818958359327 61829574.70022862 5714
0.466088 157.5661830547397 1.131217479443565 31974621.17890617 5982
0.487273 109.520774419582 0.6843821764040104 20313747.43423512 6602
0.508459 75.21654895757945 0.4586761295287716 12803570.11991398 7130
0.529645 53.38616734298774 0.3192501691113472 8375836.338274906 8034
0.550831 38.04648094557855 0.2394281647462931 5521318.047149173 8606
0.572017 29.62107329761405 0.1752103848413263 3985417.61521559 9066
0.593202 20.6867175257623 0.1646341883867823 2588305.285949732 9962
0.614388 21.43939702572009 0.1177578781834937 2499901.431822412 10550
0.635574 15.52563364150275 0.1107698867635444 1691506.837037105 11226
0.65676 14.75992146277706 0.1066904888019112 1505690.717490693 12146
0.677946 11.20542580181142 0.07730588118735643 1072192.123617137 12303
0.699131 6.21812367105426 0.04225916463588706 559269.9902208681 12584
0.720317 2.730347414461008 0.02183353510984838 231420.6018360478 12120
0.741503 1.515554611342684 0.01320249164946842 121213.7233502531 11180
0.762689 0.9198542906165953 0.006974443266245327 69525.32310897608 11096
0.783875 0.612930408422182 0.004889496417382122 43861.19878157828 10056
0.80506 0.451690200257148 0.003631300692761439 30642.63220965192 9716
0.826246 0.3419978914455117 0.002762874302886462 22023.53794196471 8604
0.847432 0.2750379718351096 0.002410298852909413 16833.62636547745 8060
0.868618 0.2111735294364985 0.001848814217279682 12302.11904164186 7320
0.889804 0.1891973404106269 0.001380609355684006 10506.20152708154 6356
0.910989 0.1694023831870745 0.001401906703743618 8973.283114965199 5348
0.932175 0.1038733906160203 0.001171199104825355 5253.615705914634 4308
0.953361 0.07830825329828801 0.0008741877119151044 3786.61208724776 3563
0.974547 0.05224215390390028 0.0004256717292815993 2418.110476015718 2448
0.995733 0.02862466406552439 0.0003021820658585773 1268.619712743137 1868
1.01692 1.151802293558335e-20 1.045615702665137e-22 4.890026289737108e-16 1358
1.0381 1.107154424907706e-20 1.127629017717983e-22 4.50947970645964e-16 1062
1.05929 1.174619415953529e-20 1.185580247253844e-22 4.601023695545905e-16 776
1.08048 1.252308134708927e-20 1.096600363803908e-22 4.721048021969487e-16 432
1.10166 1.243232996813566e-20 1.051026004673575e-22 4.493324913423374e-16 200
1.12285 1.200788180732272e-20 1.425595200349716e-22 4.170783898332849e-16 168
1.14403 1.541833216424338e-20 1.692352201715964e-22 5.167625883102813e-16 56
1.16522 3.204445517335441e-20 1.951302790011135e-22 1.035902286425161e-15 7


0.0211858 5469619.338098565 4621.760766920296 836962222838601 18
0.0423716 3108853.691599467 109102.531569055 151480149456453.4 62
0.0635574 33309327.90405747 57860.74655253686 411076597127916.4 98
0.0847432 23746054.90844401 141216.456764616 161543682939112.4 210
0.105929 21532618.05573346 83316.26684623034 91881130037033.48 350
0.127115 12855663.78006822 34420.54515611214 37747039822375.26 450
0.148301 5327207.234246965 30146.20675042492 11408141198953.54 602
0.169486 2494509.930908289 13741.89400083211 4046377602787.218 762
0.190672 1421782.593623453 4216.97096557862 1818052117092.303 1142
0.211858 494907.2854204052 2514.023080527244 514532682599.1194 1250
0.233044 218004.0006394852 1112.861357720375 186400021942.4347 1458
0.25423 117179.789348348 500.0707360074047 83802200122.53796 1814
0.275415 50169.27646235349 224.8818663233869 30586104279.31343 2178
0.296601 22023.30854119618 119.3512519556913 11580810397.26208 2498
0.317787 10761.99142570654 59.43478692526059 4914220559.855987 2622
0.338973 5054.064190878297 28.68330902178377 2026002354.413903 3338
0.360159 2770.7540850258 13.53803852851771 984815604.5186131 3722
0.381344 1474.164820175517 7.032686549293933 467712787.1487747 4170
0.40253 728.9530157984105 4.425126142731224 207393828.5280373 4358
0.423716 383.264064132284 2.715931310667528 98317204.20900695 5034
0.444902 228.8035295495647 1.612368184728294 53257409.77178689 5714
0.466088 170.5404429483846 0.9189045289131903 36154103.47763141 5982
0.487273 103.0742673556966 0.6370941189470142 19979171.50588163 6602
0.508459 68.53689032604804 0.4404545436867415 12192778.37631917 7130
0.529645 46.69255241810634 0.3200423697895715 7656677.50759845 8034
0.550831 34.38555185922694 0.2326789544504259 5215151.220860818 8606
0.572017 24.17155318866067 0.1860242047437968 3399472.720333915 9066
0.593202 23.99237910233067 0.1237966853426866 3136017.655220378 9962
0.614388 16.77354547586087 0.1319479720883115 2044475.030089449 10550
0.635574 15.17749158517175 0.09937745328924391 1727926.215248619 11226
0.65676 15.08051409570364 0.09153264998308051 1607474.390866718 12146
0.677946 10.54080827686596 0.07189876312146153 1054000.285271977 12303
0.699131 5.44582322941555 0.04198207361454487 511901.1599582952 12584
0.720317 2.701598786299304 0.01936905760195478 239276.4750834094 12120
0.741503 1.602786440599602 0.01100016219025909 133942.1291130307 11180
0.762689 0.8555732530085228 0.006577256603303024 67578.42446400312 11096
0.783875 0.5850091240228222 0.004491034506246257 43746.74882991341 10056
0.80506 0.4177006102614559 0.003437059505534966 29612.74348564491 9716
0.826246 0.3305424566966176 0.002502757517286334 22243.26803802039 8604
0.847432 0.2644382303723589 0.002197898953506811 16912.94667914176 8060
0.868618 0.1972102966079575 0.001734331208398799 12005.83858481148 7320
0.889804 0.1735773222820976 0.001322316669330922 10072.81540351485 6356
0.910989 0.1632629299961819 0.00127433143702401 9037.087270373077 5348
0.932175 0.1027598377861055 0.001048193981563677 5430.951378314978 4308
0.953361 0.07781370454628025 0.0007784063498451568 3931.845573154756 3563
0.974547 0.04978737599342129 0.0003911900281098495 2408.168372682712 2448
0.995733 0.02696997870189664 0.0002809295328570056 1249.076662611215 1868
1.01692 1.082063787338202e-20 1.066823170063445e-22 4.800858368520494e-16 1358
1.0381 1.093618445296258e-20 1.088783744616734e-22 4.654775476316272e-16 1062
1.05929 1.152190044660882e-20 1.171848840367563e-22 4.716292480628791e-16 776
1.08048 1.197618647083821e-20 1.088280657201753e-22 4.718110559245774e-16 432
1.10166 1.300804760028736e-20 1.024512110637809e-22 4.912863617949314e-16 200
1.12285 1.257592737548818e-20 1.29008777544634e-22 4.56443063288645e-16 168
1.14403 1.556118919266608e-20 1.678572593005369e-22 5.450214509217322e-16 56
1.16522 3.447770601309632e-20 1.745156390953609e-22 1.164666818895461e-15 7


0.0211858 2841222.674171084 14683.56552627894 548943144221035.6 18
0.0423716 2162757.981825267 105396.2569349676 129270490046124.1 62
0.0635574 39991457.83130328 15429.26212496207 508705778089402.6 98
0.0847432 16497172.15961467 158492.4722481138 119808573020237.1 210
0.105929 17923286.81851868 88785.9624808362 80180191074681.09 350
0.127115 11225789.91703457 36366.32193234934 34450473019592.12 450
0.148301 5906527.982705955 24077.15407168161 13159827385986.05 602
0.169486 2637669.270244004 11488.08500322477 4456934519972.006 762
0.190672 1157310.522142196 4826.912780646626 1546281218946.158 1142
0.211858 460677.7330256744 2378.738326346698 499756273106.0419 1250
0.233044 260514.5163796504 768.734594361496 231976686130.0014 1458
0.25423 91284.10415401314 564.1595111207477 68197793839.46655 1814
0.275415 42204.14919432303 236.6648360525625 26860310206.16514 2178
0.296601 18725.5431220114 122.1655959751464 10278166232.45397 2498
0.317787 10548.1368121511 53.39918286155709 5023589368.646267 2622
0.338973 4854.103816704006 26.30747908418837 2029666769.113348 3338
0.360159 2370.373580691108 14.0137388105922 879184068.5884107 3722
0.381344 1136.796328406917 8.01587788238872 376505197.5527781 4170
0.40253 681.8399107679398 4.176609329875824 202363618.375723 4358
0.423716 435.3565406273505 2.110999781770621 116432654.0428792 5034
0.444902 257.3687858857502 1.257091635580172 62459394.51730585 5714
0.466088 142.8299926232128 0.9663533077736237 31594292.96619365 5982
0.487273 95.66504068421284 0.6052516887716671 19343086.79502711 6602
0.508459 64.9993936231065 0.4100583272280481 12061741.46423276 7130
0.529645 46.66933283087041 0.282335044720786 7981744.207864717 8034
0.550831 33.5998375809484 0.2091552745513243 5315213.855842932 8606
0.572017 27.67053067444054 0.1431860585864049 4057886.925638109 9066
0.593202 17.84757580278507 0.1464415012762527 2434325.511185793 9962
0.614388 18.4932683726668 0.1065940580849128 2350636.971444967 10550
0.635574 14.18007682318912 0.09352946119121416 1683946.039358276 11226
0.65676 12.76450712125836 0.09497009443631109 1419434.637451058 12146
0.677946 10.24679547833845 0.06520823506254425 1068698.987381724 12303
0.699131 5.897519124885236 0.03423666609711228 578142.5826820566 12584
0.720317 2.672824601237598 0.01730110274164402 246911.8757597026 12120
0.741503 1.556359889948212 0.009957219209550987 135660.2398832967 11180
0.762689 0.7768090128345255 0.006371734487009947 64003.10115934961 11096
0.783875 0.5367077759205744 0.004305434134775072 41864.86663279746 10056
0.80506 0.3904867931401568 0.00323498110235497 28876.13262199632 9716
0.826246 0.3129397840972418 0.002328640826166986 21965.66292191721 8604
0.847432 0.25373454824503 0.002018990734811257 16927.03997257465 8060
0.868618 0.1855136917955412 0.001624435572043578 11780.23767744056 7320
0.889804 0.1543407902458311 0.00131091008313706 9342.758916710378 6356
0.910989 0.1557582229393392 0.001177095950631131 8992.90538340533 5348
0.932175 0.105454566831937 0.0009085152515984116 5812.959537292561 4308
0.953361 0.07902923246099083 0.0006804861310775976 4164.977497872174 3563
0.974547 0.046251757686647 0.0003727718090596106 2333.527843609639 2448
0.995733 0.02647480527734868 0.0002524395984711125 1278.904590096389 1868
1.01692 1.006227155044688e-20 1.067224908831742e-22 4.656835076299885e-16 1358
1.0381 1.071878558783046e-20 1.030313349295299e-22 4.758673494472797e-16 1062
1.05929 1.148012043726473e-20 1.0999421272937e-22 4.901467934501326e-16 776
1.08048 1.063401665614539e-20 1.133689822097173e-22 4.370051993390512e-16 432
1.10166 1.119370055492886e-20 1.113726422012473e-22 4.41002384819109e-16 200
1.12285 1.351285511026664e-20 1.102759477675259e-22 5.115306505041885e-16 168
1.14403 1.584582426943508e-20 1.542873801099064e-22 5.788676108473517e-16 56
1.16522 2.295429662964136e-20 2.76444058095522e-22 8.089914800645218e-16 7


