0.04 3.937996013327441e-06 4.538561895935644e-07 0.8582266949653975 18
0.08 2.627103673152864e-05 4.761082594405497e-06 1.185288611093462 62
0.12 0.0001393723473525038 1.321651416248515e-05 2.536015821650251 98
0.16 0.0003038576772897078 3.965794622376176e-05 3.008468362483134 210
0.2 0.0004873264539994345 8.223361280313003e-05 3.092494690572515 350
0.24 0.0008110465712073985 0.0001392576294784554 3.567379477865053 450
0.28 0.001172117636042847 0.000241076790566596 3.746935986587527 602
0.32 0.001568792074651116 0.0003731261145310489 3.809827004896438 762
0.36 0.002410853609034 0.000571946838629158 4.636246018630165 1142
0.4 0.002894701228464332 0.0008399786276745763 4.521469752626675 1250
0.44 0.004122030418195259 0.001098943445770522 5.297086806685826 1458
0.48 0.004754323500972869 0.001662308693383633 5.118540967155464 1814
0.52 0.005696261663120671 0.002287481418163185 5.230082707249293 2178
0.56 0.006775612905503375 0.002939912603360178 5.365073728534639 2498
0.6 0.007767836586067768 0.003663134462489536 5.342589297846548 2622
0.64 0.009001737757294209 0.004712666742940301 5.436629222917484 3338
0.68 0.01007240257624734 0.006037543157821065 5.397115407066678 3722
0.72 0.0117636180726038 0.007184727815800735 5.627053365087338 4170
0.76 0.01303083255873199 0.009471687718372505 5.589387952404755 4358
0.8 0.01473394138671858 0.01130892758908509 5.697493001630075 5034
0.84 0.01665652335208761 0.01367840939361579 5.845204634141952 5714
0.88 0.01780987167452228 0.01647679915569016 5.695488294959711 5982
0.92 0.02044961279428713 0.01982876214272686 5.978704915203826 6602
0.96 0.02164997785774606 0.02255528383451974 5.809692379445829 7130
1 0.02394261289686307 0.02645170111469669 5.922168353980899 8034
1.04 0.02649418321117741 0.03097820654018627 6.061644910029216 8606
1.08 0.02832155723652367 0.0366665585320765 6.008650147997355 9066
1.12 0.03021700055716559 0.04097720498863055 5.960261330695221 9962
1.16 0.03197120973150721 0.04863349220114701 5.879581518735778 10550
1.2 0.03502068381954325 0.05462465553401994 6.016466219467354 11226
1.24 0.03704582382759399 0.06033886346288903 5.9592033474966 12146
1.28 0.03964909173146292 0.06882143248474666 5.982888198065484 12303
1.32 0.04312360826683859 0.07555395670584228 6.116425452292036 12584
1.36 0.04429057489043405 0.08798017065098185 5.920231436449475 12120
1.4 0.04852536627751197 0.09940430089739419 6.120228296186578 11180
1.44 0.04993361045259945 0.1089664964280936 5.95244142432205 11096
1.48 0.05365153697257612 0.1203204216466407 6.054986370275671 10056
1.52 0.05741209692784361 0.1366646996433934 6.142822713123343 9716
1.56 0.05854934377324485 0.1483074006509439 5.946822387946332 8604
1.6 0.06155993047770583 0.1694711702288194 5.942945789805075 8060
1.64 0.06836154289429656 0.1829470627492073 6.280987478438119 7320
1.68 0.0694886388753395 0.2018847106933229 6.086806926472079 6356
1.72 0.0709761492421504 0.212762522910507 5.930151195710302 5348
1.76 0.07636798131187483 0.2349182764255494 6.091436874207401 4308
1.8 0.08344209434477531 0.2518112209703811 6.362880085019713 3563
1.84 0.08134329891766502 0.2793191774286078 5.939212655800061 2448
1.88 0.08805621559750129 0.288549793284898 6.154692323852538 1868
1.92 0.0917493868575507 0.3241930427053032 6.143982124692156 1358
1.96 0.09572484110687644 0.3614879048547396 6.149820286556355 1062
2 0.08911664785564281 0.3572662339597183 5.506258976197818 776
2.04 0.101658275663987 0.4397181850874726 6.045941357285137 432
2.08 0.1129175045585526 0.4354800572822034 6.436973002610387 200
2.12 0.110115335388027 0.503845818621366 6.033221471680347 168
2.16 0.1394263236131395 0.2429828565694736 7.364085023811594 56
2.2 0.082892154821429 0.2570012682672044 4.22527039945845 7


0.04 4.76777789872507e-07 6.310919413029519e-08 0.5192744767715222 18
0.08 3.787313389533508e-06 5.706123078320235e-07 0.7359914487267025 62
0.12 1.701902161750984e-05 1.933460408855055e-06 1.267342789418764 98
0.16 4.063084030046724e-05 5.106877972887059e-06 1.614526651902233 210
0.2 7.157771258083067e-05 9.591396506246668e-06 1.801920265345641 350
0.24 0.0001113585692921902 1.731546321065874e-05 1.935399457191005 450
0.28 0.0001833535128576214 2.613311853581484e-05 2.302868891236657 602
0.32 0.0002599186568417969 3.812337520717958e-05 2.473604110141529 762
0.36 0.0003944926869217861 5.913919315352097e-05 2.968324170200628 1142
0.4 0.0005069363677399896 8.195295371318737e-05 3.093987293663722 1250
0.44 0.0006692443644587696 0.0001156698685269403 3.359482689128755 1458
0.48 0.0008487861463204997 0.0001584944896589087 3.566161315152458 1814
0.52 0.001055934721474328 0.0002100687895734211 3.781286173316244 2178
0.56 0.001302828181882594 0.0002607602473314685 4.021058375775138 2498
0.6 0.001462028245226931 0.0003307346953178561 3.919327768657074 2622
0.64 0.001770915199664212 0.0004074199711892301 4.166832473551328 3338
0.68 0.002062392211119046 0.0005037314770564513 4.303890247393956 3722
0.72 0.002411863768597014 0.0005958643058324231 4.492280731176876 4170
0.76 0.002946646347617054 0.0007166097571895402 4.918856887887123 4358
0.8 0.003217118656800568 0.0008853887601607007 4.84194442369575 5034
0.84 0.003724238108928324 0.001047685873679428 5.085827193518809 5714
0.88 0.004078678445632113 0.001239847081738865 5.075082712553343 5982
0.92 0.004741713025722879 0.00147227650331012 5.393384727747221 6602
0.96 0.005109237882120287 0.001648465670611667 5.333459149762317 7130
1 0.00595019668282131 0.001838974678142365 5.72392863409971 8034
1.04 0.006460575155248059 0.002199693890380678 5.74891246992475 8606
1.08 0.007119420783207731 0.002541976195251799 5.873911231122296 9066
1.12 0.007705835770261879 0.002806260178034216 5.910523997111452 9962
1.16 0.008555989740220605 0.003227837508033157 6.117610099646789 10550
1.2 0.009515358427638039 0.003564159539066048 6.355331546892319 11226
1.24 0.01027725260813807 0.003872404270669696 6.426759113799987 12146
1.28 0.01103993883364374 0.00442339503467856 6.475954793423587 12303
1.32 0.01186032814103627 0.004859304230029575 6.539520484760729 12584
1.36 0.01303531719002556 0.005368949999774378 6.772206644049701 12120
1.4 0.01384695930970517 0.006246906464409674 6.788445547213993 11180
1.44 0.01477143412940139 0.006636422369663524 6.843793332886706 11096
1.48 0.01599780997448356 0.007241473709057617 7.017025416026016 10056
1.52 0.01729765576475692 0.008216265848374772 7.192875530056614 9716
1.56 0.01789567737207359 0.008810821966276491 7.063873737125799 8604
1.6 0.0191592007561026 0.01003311699063069 7.187738753473452 8060
1.64 0.02071999268159922 0.01094478483318964 7.398579505904962 7320
1.68 0.022205776908565 0.01166858361324608 7.558408763006914 6356
1.72 0.02405616699967199 0.01158384867508544 7.809347397268737 5348
1.76 0.02545561402106138 0.01296806682538967 7.88938052590124 4308
1.8 0.02465790930312775 0.01544721702474314 7.307940110696566 3563
1.84 0.02596924523593032 0.0162134821630784 7.368061840723817 2448
1.88 0.02943168540417341 0.01564653018403585 7.993100351727796 1868
1.92 0.03346618224039517 0.01619795290076018 8.706248873522679 1358
1.96 0.02880491508734656 0.02228878912194646 7.192042775068591 1062
2 0.02303491297369075 0.02453739083674406 5.533424841945515 776
2.04 0.03299061223355988 0.02594375522062485 7.624067721365366 432
2.08 0.03782567546578799 0.02420544469299401 8.37860218262257 200
2.12 0.04624172528381182 0.02316317241930285 9.840379957595605 168
2.16 0.02825682870904709 0.02054145816248618 5.804184027551467 56
2.2 0.02491164585483439 0.01487946869251683 4.935338435989486 7


0.04 1.963084237412902e-07 2.898730090660781e-08 0.455229998815198 18
0.08 1.934483393706108e-06 2.083240965573483e-07 0.6886119642846004 62
0.12 4.797769992114252e-06 1.199634685815166e-06 0.7041473041841879 98
0.16 1.746884989632792e-05 2.243603081772218e-06 1.248821491613425 210
0.2 3.18595273979401e-05 4.061677359904443e-06 1.425236117653173 350
0.24 5.089137841766529e-05 7.164058147753192e-06 1.563000686612122 450
0.28 8.12743484258451e-05 1.114985188435213e-05 1.798755736774739 602
0.32 0.0001093356766994139 1.71689848994678e-05 1.832417255556555 762
0.36 0.0001607128919117288 2.740137653108686e-05 2.126945437303877 1142
0.4 0.0002327398359322653 3.365316356772239e-05 2.488801143363337 1250
0.44 0.0003101477032899781 4.717643052147435e-05 2.725567734504061 1458
0.48 0.0003678302915741511 6.872793084107559e-05 2.707056124962202 1814
0.52 0.0004996175316446149 8.385555473988969e-05 3.128371560633943 2178
0.56 0.0005932890933734137 0.0001081122980684819 3.201897012235994 2498
0.6 0.00069991884197175 0.0001304525593103262 3.278515994628421 2622
0.64 0.0008739446911479716 0.0001559090462047395 3.591027551960386 3338
0.68 0.001029490636717496 0.0001904353724042572 3.750808738904616 3722
0.72 0.001188056259150357 0.0002286668912485327 3.863095445546355 4170
0.76 0.001427305583000441 0.0002797772695158341 4.159226260569969 4358
0.8 0.001613433954578205 0.0003331201029579919 4.23780453543358 5034
0.84 0.001859834634992321 0.0003961548216583621 4.432031683477454 5714
0.88 0.002064628368548088 0.0004620213137219165 4.48238901880238 5982
0.92 0.002413230561999641 0.0005475768603500407 4.788796201350475 6602
0.96 0.002631765093004613 0.0006039218289000734 4.792305215375755 7130
1 0.00293216217695947 0.0007052884367748504 4.921014200868583 8034
1.04 0.003206194281394277 0.0008364169895553495 4.977206539444826 8606
1.08 0.003675956936834105 0.0009312010313172637 5.289763828167739 9066
1.12 0.00401487584580974 0.001021212984482272 5.370673725121998 9962
1.16 0.004393336071400531 0.001187208396473225 5.478565408048556 10550
1.2 0.004838656569833128 0.00132401119521098 5.636330029533889 11226
1.24 0.00534542600469753 0.001406632355834664 5.829108282336722 12146
1.28 0.005906203004238228 0.001559427029090941 6.040871526210768 12303
1.32 0.006097329022202723 0.001783946428505305 5.862666799139507 12584
1.36 0.006649942547047146 0.001988541187415286 6.024663218882468 12120
1.4 0.007390520319778991 0.002210249912661077 6.31728145945101 11180
1.44 0.007685754578830219 0.002407735188629206 6.209054390367052 11096
1.48 0.008440166734360556 0.002593298579568376 6.454774907517489 10056
1.52 0.008821878325719358 0.003030763222917938 6.396664670292947 9716
1.56 0.009551220862208647 0.003114904593427911 6.573060942695816 8604
1.6 0.0106050498991474 0.003434184974432423 6.935815311052397 8060
1.64 0.01074340680682111 0.003981991047956669 6.688725898897599 7320
1.68 0.01096544228365283 0.004434973336363503 6.508545702163815 6356
1.72 0.01225454282728338 0.004298764552274427 6.936232267054619 5348
1.76 0.01292332738737364 0.004828658928909633 6.983534766357211 4308
1.8 0.0136328215644459 0.005289256074307217 7.04339517641856 3563
1.84 0.0152958214346714 0.005177694400289899 7.564034774389979 2448
1.88 0.01504180689332168 0.005817282158645691 7.122321070432115 1868
1.92 0.01632917407428492 0.006356159261851807 7.407007136549849 1358
1.96 0.01784270929425821 0.006831315763773231 7.763951099501271 1062
2 0.01994482226957563 0.005487312022951166 8.343548668767562 776
2.04 0.01672578955551575 0.009590323970132415 6.739473742811176 432
2.08 0.01692908610595369 0.009980191895917001 6.539820879918087 200
2.12 0.015799850870275 0.01199463214770343 5.867218283269484 168
2.16 0.01701324257841782 0.006445233232702596 6.090737632703627 56
2.2 0.008255517855583774 0.007432458740239813 2.854327367255058 7


0.04 1.283903822279644e-07 1.524951115414683e-08 0.455326256945734 18
0.08 9.800814858718572e-07 1.430098311963673e-07 0.5598704536527466 62
0.12 4.096262436814625e-06 5.336991243150344e-07 0.8387877371975995 98
0.16 9.997073754299505e-06 1.352748931847843e-06 1.053647459589844 210
0.2 1.832492981228452e-05 2.435535761066361e-06 1.194663211268448 350
0.24 2.967598347378118e-05 4.235033296220967e-06 1.320125619286121 450
0.28 4.833510122034955e-05 6.459852856990264e-06 1.541938896298583 602
0.32 6.156325938423857e-05 1.043795086004629e-05 1.488518503219914 762
0.36 9.93185095956844e-05 1.531128274443342e-05 1.886440886829392 1142
0.4 0.000130988411253285 2.063182118778951e-05 2.011927646350292 1250
0.44 0.0001777282157226523 2.841828971338052e-05 2.240296528898434 1458
0.48 0.0002317407311972098 3.775722304905123e-05 2.440789303185432 1814
0.52 0.0003046605406579155 4.738849723442034e-05 2.729653318163385 2178
0.56 0.000370231553006602 5.971874108084996e-05 2.857210216060666 2498
0.6 0.0004396471615155357 7.158309960174732e-05 2.943733967504514 2622
0.64 0.0005118497486578968 9.175177857649689e-05 3.00805740853389 3338
0.68 0.0006204858973888192 0.0001089197294544815 3.231358913306992 3722
0.72 0.0007178985660706496 0.0001303870736844008 3.335957041307974 4170
0.76 0.0008718725426400918 0.0001578787638737521 3.629841860900436 4358
0.8 0.0009958476737592194 0.0001861549098243833 3.736256168921227 5034
0.84 0.00116445112869922 0.0002180501507959915 3.96281078472343 5714
0.88 0.001290216455163401 0.0002549440600140131 3.999993830465939 5982
0.92 0.001492311633450881 0.0003049559770236761 4.228716134490491 6602
0.96 0.001644116261106988 0.0003333055933634279 4.27450421992187 7130
1 0.001837087442429435 0.0003874452181390537 4.401696535703175 8034
1.04 0.002118388915730208 0.0004364912642387963 4.693272068093041 8606
1.08 0.002272207975127041 0.0005185677077616799 4.66795129984819 9066
1.12 0.002550626998522369 0.0005528145565479396 4.869927915266373 9962
1.16 0.00279375198544729 0.0006429175408381014 4.972441270911412 10550
1.2 0.003122232578676481 0.0007064304181190779 5.190359100406271 11226
1.24 0.003328035665651085 0.0007775574856183759 5.17984490353532 12146
1.28 0.003677272644200762 0.0008627189822417321 5.367962173307166 12303
1.32 0.003993220670506671 0.0009385369306862743 5.478720630183747 12584
1.36 0.004117804055250405 0.001103878423268166 5.324423049347913 12120
1.4 0.00472264711057818 0.0011925224065944 5.760549627764188 11180
1.44 0.005077889866211342 0.001256040081128192 5.853085326903884 11096
1.48 0.005333422899396509 0.001414834586335895 5.820472861104522 10056
1.52 0.005830007669529573 0.001581355070801659 6.031374400079352 9716
1.56 0.006046224690530159 0.001696268136902433 5.937445641354156 8604
1.6 0.006625768507681972 0.00189382813340992 6.183522980961985 8060
1.64 0.007221259467945064 0.002043798373209164 6.414021098714728 7320
1.68 0.007806887191614834 0.002152627806143828 6.609574109513257 6356
1.72 0.007935450044388863 0.002289742695380289 6.408385958070154 5348
1.76 0.008339973784071109 0.002579903438091235 6.430134422743485 4308
1.8 0.009148625227071468 0.00271041993464068 6.742990361933781 3563
1.84 0.009531810393193459 0.002874350267882734 6.725611864388029 2448
1.88 0.009422773500041587 0.003195158640192118 6.366136533288238 1868
1.92 0.01046402335449775 0.003418489887877251 6.772055606697278 1358
1.96 0.01241943716321085 0.003362767861265001 7.708523584199369 1062
2 0.008811279758302754 0.004309268209039509 5.263786496074085 776
2.04 0.01423054332852785 0.003929036388349803 8.175241338084103 432
2.08 0.01509100491912085 0.003891109995403005 8.310913398449847 200
2.12 0.01811437548790459 0.003684909644561998 9.583993952431602 168
2.16 0.01006645897137114 0.003753707144873007 5.142240478917392 56
2.2 0.01060785566434984 0.002146078105998882 5.224282013292924 7


0.04 7.863012715323089e-08 1.137504724108008e-08 0.4286740155618978 18
0.08 6.523720266625712e-07 9.809598937534896e-08 0.5224926587483711 62
0.12 3.458743758146552e-06 2.656635744299037e-07 0.9113147903099125 98
0.16 6.656325228175879e-06 9.275427627202495e-07 0.940567413619127 210
0.2 1.171278226314688e-05 1.736335717625854e-06 1.018055804450625 350
0.24 1.991551181490932e-05 2.879605030641459e-06 1.168475697191428 450
0.28 3.338476399405657e-05 4.261621871960163e-06 1.396420969361988 602
0.32 4.175981807504023e-05 7.016012386155212e-06 1.324289561767852 762
0.36 6.925198703811469e-05 1.002966401450561e-05 1.718927629846291 1142
0.4 8.987612242694422e-05 1.371672433301542e-05 1.803067404394062 1250
0.44 0.0001232484218947348 1.868883354909507e-05 2.026771227513039 1458
0.48 0.0001635143839947922 2.439459809414423e-05 2.24439449082107 1814
0.52 0.0002021244317043137 3.258150757568358e-05 2.361928474237654 2178
0.56 0.0002451325950804157 4.113120246851298e-05 2.46628067011719 2498
0.6 0.0002998176652307916 4.790391625113654e-05 2.61463766167366 2622
0.64 0.0003540834000103732 6.05135145346324e-05 2.709173776861798 3338
0.68 0.0004330849915000938 7.121225247215571e-05 2.93515131501481 3722
0.72 0.00051603324438842 8.273561205586568e-05 3.118918075340077 4170
0.76 0.0006091195999359876 0.000103075710136049 3.299028039865223 4358
0.8 0.0006862510133723973 0.0001231959396586693 3.349574242338748 5034
0.84 0.0007944969195822074 0.000145729924272244 3.517370717945695 5714
0.88 0.0009046635281422664 0.0001658858191806333 3.6473685513421 5982
0.92 0.00106008876620813 0.0001959476424217248 3.905763432838887 6602
0.96 0.001125068643077212 0.000222217468966734 3.804018083914314 7130
1 0.001279931208531685 0.0002538165241499 3.987472125492712 8034
1.04 0.001467652274229239 0.0002875053321054604 4.227573480824694 8606
1.08 0.001636041735412155 0.0003290343204055552 4.368696935521258 9066
1.12 0.001797444506172166 0.0003576235525843196 4.461039105068308 9962
1.16 0.002039165691141408 0.000401801987040446 4.716698386628209 10550
1.2 0.002240733565115199 0.0004490069380874096 4.841160358402598 11226
1.24 0.002357882993466405 0.0005006386243585893 4.769773929027391 12146
1.28 0.002619933400627964 0.0005531271016566118 4.970429716241449 12303
1.32 0.002788322578149227 0.0006139171756209094 4.972193943399485 12584
1.36 0.003068590560393977 0.0006778617108364244 5.155410162925741 12120
1.4 0.003363552356883955 0.0007630917029801167 5.331701665676563 11180
1.44 0.003564048434056808 0.0008157970887446264 5.338853133770075 11096
1.48 0.003815728520999007 0.0009020036660627086 5.411222608621647 10056
1.52 0.004274060579917297 0.0009846978696299083 5.74518275767329 9716
1.56 0.004379035041767572 0.001068353420094714 5.587605713722503 8604
1.6 0.004789419994485483 0.001195310603469849 5.807809775056652 8060
1.64 0.005130277593206198 0.001312234764330932 5.921173569551182 7320
1.68 0.00561617337042082 0.001366328625280236 6.178117207009678 6356
1.72 0.005706580958774162 0.001452599481549882 5.987846816028724 5348
1.76 0.006080969212601477 0.001615721867839653 6.091525487650027 4308
1.8 0.006679100341522739 0.001691000057527398 6.395884245378332 3563
1.84 0.006715849909269043 0.001865037696796657 6.157308833712333 2448
1.88 0.007284442440638919 0.001886120235501327 6.392977574454937 1868
1.92 0.007632042047343816 0.002136927898437017 6.417176603836992 1358
1.96 0.008009791356062695 0.002398423894963133 6.461146728654878 1062
2 0.009027160281460059 0.001952195813621487 6.999586104986319 776
2.04 0.007592206513954904 0.00326422266007248 5.671649781695904 432
2.08 0.009626645496288413 0.002832132013331958 6.889812376122205 200
2.12 0.01250603509724877 0.002500597463716404 8.596771523745014 168
2.16 0.00707037982677615 0.002429316858441604 4.692777766636665 56
2.2 0.008707186578088414 0.001053603831890918 5.56954802753885 7


0.04 6.060859114472661e-08 7.947999383668211e-09 0.4292377634506636 18
0.08 5.607048537064224e-07 6.078112966336484e-08 0.5479392882947539 62
0.12 1.455647133908881e-06 3.397763133687046e-07 0.5767968453947648 98
0.16 4.882860766974969e-06 6.792245518710453e-07 0.8729476583720079 210
0.2 8.906018011572562e-06 1.229493870408188e-06 0.9666720532443513 350
0.24 1.492164720208952e-05 2.066422194405137e-06 1.090222726318858 450
0.28 2.430639402225259e-05 3.145909806896841e-06 1.264308678953883 602
0.32 3.102460127752891e-05 5.080497910557777e-06 1.220995031158016 762
0.36 5.060098731056549e-05 7.373173506111203e-06 1.556211890301265 1142
0.4 6.762601514862872e-05 9.797836258641693e-06 1.676978151579319 1250
0.44 9.221597587557361e-05 1.342382326102279e-05 1.873339847807156 1458
0.48 0.0001271488722456772 1.681704009750957e-05 2.152071786430597 1814
0.52 0.0001573141741052631 2.248734643310481e-05 2.26621705255949 2178
0.56 0.0001957382386846624 2.766096254043681e-05 2.425732526738015 2498
0.6 0.0002239247661215891 3.447027787072153e-05 2.408084827239823 2622
0.64 0.0002771362247176594 4.154450267615934e-05 2.612029483618345 3338
0.68 0.0003266928574081808 5.071043432766274e-05 2.728491790043401 3722
0.72 0.0003794471718904733 6.046254738624011e-05 2.826644293265621 4170
0.76 0.0004568446664821907 7.383578131760418e-05 3.048393650539003 4358
0.8 0.0005076578610421668 8.942436846553498e-05 3.053061938549277 5034
0.84 0.0006002063653293484 0.0001036405397590805 3.272794913642765 5714
0.88 0.0006940429890797167 0.0001161299223670454 3.445487064318099 5982
0.92 0.0008026102770251454 0.0001389591196343766 3.641357810293882 6602
0.96 0.0008747677283732968 0.0001535885780145211 3.641038475121514 7130
1 0.000996170963763402 0.0001752584971149855 3.820201617582635 8034
1.04 0.00109976492299487 0.0002059913868779822 3.900481224683116 8606
1.08 0.001250032655446403 0.0002314120903141653 4.109054645386117 9066
1.12 0.001345698063233425 0.0002567929372527734 4.111807924318034 9962
1.16 0.00151958940474451 0.0002897992398885524 4.327171052353921 10550
1.2 0.001675947564914074 0.0003229269249880108 4.457431911673943 11226
1.24 0.001789388685740412 0.0003541202164878926 4.455474913538883 12146
1.28 0.001963081224827069 0.0003962669644810416 4.584293880727217 12303
1.32 0.00217610966259236 0.0004222732482924429 4.775368897739475 12584
1.36 0.002308314919756881 0.0004836090878244032 4.773274715577148 12120
1.4 0.002607484091065461 0.000528196299102432 5.086374803834981 11180
1.44 0.002722009069146944 0.0005751124739219794 5.018111720419058 11096
1.48 0.002896629232386681 0.0006383846861534409 5.055472174058311 10056
1.52 0.00321613467691445 0.0007032487908977425 5.320499780057404 9716
1.56 0.003374103933580918 0.0007448342014932932 5.297993206000942 8604
1.6 0.003671056557460748 0.0008374168006150094 5.47810496309525 8060
1.64 0.00395659253780484 0.0009141204825068003 5.619297677779307 7320
1.68 0.004310500306382387 0.0009580769763393366 5.83492844903361 6356
1.72 0.004362313381343198 0.001020762889148417 5.632572757182687 5348
1.76 0.004636152736329683 0.001135908747768241 5.714875623489134 4308
1.8 0.005096918300522373 0.001191519610845104 6.005873301458506 3563
1.84 0.005250194192317335 0.001281004381415522 5.9226299598982 2448
1.88 0.005352987298729016 0.001380636671011461 5.781453440486944 1868
1.92 0.006015337113902505 0.001457009521510695 6.222915770667694 1358
1.96 0.00646976183444669 0.001597725575838784 6.420568902136816 1062
2 0.005792155296809527 0.001659462211461709 5.528967840651132 776
2.04 0.007929958448536886 0.001736371995970977 7.282178291596279 432
2.08 0.006856643700910056 0.002123297906307189 6.039514833903627 200
2.12 0.006259287838290762 0.00263019911671511 5.300795462347592 168
2.16 0.006297550411909094 0.00147101095018002 5.140846044246683 56
2.2 0.003934879025720453 0.001463919387039614 3.100711465268319 7


0.04 4.745479277255506e-08 6.061214203411709e-09 0.4263066002700792 18
0.08 3.649129252271876e-07 5.61500168976382e-08 0.4847299769481709 62
0.12 1.566798031334971e-06 2.041347229718845e-07 0.6861469087823385 98
0.16 3.921636656218692e-06 5.0529531168929e-07 0.8476012982402722 210
0.2 7.276764375034671e-06 8.97478301734259e-07 0.9471079909858517 350
0.24 1.180507098587247e-05 1.560912862541658e-06 1.035325547688297 450
0.28 1.785310334896022e-05 2.561514668165232e-06 1.118972101700799 602
0.32 2.527382997112958e-05 3.748071784566395e-06 1.187155358964124 762
0.36 3.836536727209783e-05 5.806421116155165e-06 1.412175130767859 1142
0.4 5.282762494010072e-05 7.498249219158933e-06 1.563184683187047 1250
0.44 7.135528241653976e-05 1.037190347350298e-05 1.728974618575702 1458
0.48 9.480979978232638e-05 1.352479825866969e-05 1.914680654581486 1814
0.52 0.0001232174402577774 1.716120105085278e-05 2.113577430699178 2178
0.56 0.0001422248487992164 2.276623615092386e-05 2.102074270856275 2498
0.6 0.0001745974086090718 2.642063708775717e-05 2.234589148171471 2622
0.64 0.0002079162770065839 3.309503105358336e-05 2.333338171216647 3338
0.68 0.0002525196216216516 3.923145152712722e-05 2.509035273329649 3722
0.72 0.0002902698916279706 4.724118765970252e-05 2.572417288458233 4170
0.76 0.0003589521794830934 5.616822441453255e-05 2.847666505707595 4358
0.8 0.0004015115972714555 6.761801635931062e-05 2.870402955427985 5034
0.84 0.0004716140015228439 7.885469552550855e-05 3.056753927909639 5714
0.88 0.000534476210065697 9.019019136237143e-05 3.15425156566408 5982
0.92 0.0006231388946467722 0.0001070102630334956 3.360216627046025 6602
0.96 0.0006839051979279949 0.0001174301086947574 3.382833438897832 7130
1 0.0007757855999393903 0.0001345093755152345 3.535304168379627 8034
1.04 0.0008829602536026776 0.0001534143462713351 3.720068001526908 8606
1.08 0.0009961470263530577 0.0001735593601486379 3.889899092239727 9066
1.12 0.001053785846814259 0.0001960112536234054 3.825429469498302 9962
1.16 0.001191797984410081 0.0002208414871325571 4.031747451718347 10550
1.2 0.001321385213741635 0.0002444570947080578 4.174725884920226 11226
1.24 0.001418101237090266 0.0002673836235992618 4.194167057450191 12146
1.28 0.001605526041441819 0.0002893716578630773 4.452403274326833 12303
1.32 0.001718677033589835 0.0003196379556121284 4.479646760099523 12584
1.36 0.001876271233182941 0.0003554736357109881 4.607451664193489 12120
1.4 0.002067256754503593 0.0003985309500935783 4.789337423064558 11180
1.44 0.002164220672482079 0.0004321261039636172 4.738405942874462 11096
1.48 0.002345173211017094 0.0004712598959856336 4.860446428186271 10056
1.52 0.002589797873582684 0.0005217282238285817 5.087679679384547 9716
1.56 0.002648099272602925 0.0005673178599538499 4.938244176360065 8604
1.6 0.002919320057443906 0.0006294666184875686 5.173358476571865 8060
1.64 0.003176728124637138 0.0006811291691858081 5.357557844148717 7320
1.68 0.003351045732258168 0.0007352252132581248 5.387202561991018 6356
1.72 0.003535744981260932 0.0007521650734884395 5.420835360241901 5348
1.76 0.003864353514483341 0.0008146904420378325 5.655489939527135 4308
1.8 0.003944019000638511 0.0009205500066652834 5.519187485367051 3563
1.84 0.004076136103255547 0.0009858980792876997 5.460683710794445 2448
1.88 0.004362235012660838 0.001012772853349612 5.594025522590742 1868
1.92 0.005060326859713732 0.001029530712880715 6.214844166125722 1358
1.96 0.005157507956475089 0.001197366935069542 6.077477736610203 1062
2 0.004349969004847814 0.001308108111673773 4.931679466339193 776
2.04 0.0067271841748295 0.00120566622173813 7.333703082663335 432
2.08 0.005756147200582156 0.001520125709004803 6.019301287248426 200
2.12 0.00501077799691285 0.001960962996593095 5.038955148638441 168
2.16 0.005165619218046464 0.001069001068439356 5.006396863497406 56
2.2 0.00280815071747926 0.001174418082451496 2.628674906033441 7


0.04 3.58551087652425e-08 5.167407771265898e-09 0.4176037969602936 18
0.08 3.110994520407893e-07 4.27060854753566e-08 0.4880817103391157 62
0.12 1.54621126503234e-06 1.247770082112063e-07 0.7567670613225712 98
0.16 3.114625508767183e-06 4.10302724854922e-07 0.8011443470379772 210
0.2 5.460495431103832e-06 7.720052860396784e-07 0.8471575531264313 350
0.24 9.345063614458102e-06 1.271104727982562e-06 0.9631110941752968 450
0.28 1.399643610233174e-05 2.103177123584472e-06 1.029124524324551 602
0.32 2.206066279300787e-05 2.764193124303201e-06 1.20170449886422 762
0.36 3.05441277270542e-05 4.697784604550956e-06 1.311534414951667 1142
0.4 4.228828458654532e-05 6.038172769465638e-06 1.45687131414858 1250
0.44 5.706157490827897e-05 8.359458742347695e-06 1.608479082440595 1458
0.48 7.437895841912295e-05 1.110902544750168e-05 1.747445694457955 1814
0.52 9.575849035489124e-05 1.424440199250429e-05 1.910050993756078 2178
0.56 0.000117540761041003 1.777066286961458e-05 2.015649014555586 2498
0.6 0.0001404650033098503 2.117146055552896e-05 2.086626859220255 2622
0.64 0.0001768593843398549 2.507604487414118e-05 2.300092379467026 3338
0.68 0.0002049693080524405 3.11579613518679e-05 2.362088701097106 3722
0.72 0.0002425967854907338 3.645491992342759e-05 2.49175547428717 4170
0.76 0.00028572240814102 4.548020194075662e-05 2.628964542390499 4358
0.8 0.0003339988363478742 5.24223055987539e-05 2.767042192077168 5034
0.84 0.000390742409192006 6.137087921295064e-05 2.934750282721699 5714
0.88 0.0004302873700698827 7.217262369182388e-05 2.943535665732278 5982
0.92 0.00050579149577994 8.496342384885793e-05 3.160884939887896 6602
0.96 0.0005612026102722877 9.222878594873586e-05 3.216344615754619 7130
1 0.0006266368812752419 0.0001073249669261352 3.309087424132584 8034
1.04 0.0007261534703427479 0.0001202183925046083 3.544298967355049 8606
1.08 0.0008025646167968401 0.0001389142045922121 3.631217205227928 9066
1.12 0.0008717734293288505 0.0001525896015214266 3.665773224629981 9962
1.16 0.001013537463823576 0.000167068681911821 3.970476119774557 10550
1.2 0.001066837667989994 0.0001952209501487622 3.904684458204541 11226
1.24 0.001171924393503975 0.0002084999034172155 4.014480108687306 12146
1.28 0.001296930787086659 0.0002310685106131386 4.166176847516201 12303
1.32 0.00141697905395261 0.0002496691328244878 4.277419880203289 12584
1.36 0.001513151096759943 0.0002842179739355625 4.304005474894223 12120
1.4 0.001711087633523393 0.0003099327957777383 4.590839310241035 11180
1.44 0.001784939812939318 0.0003377402506782485 4.525836779541003 11096
1.48 0.001912710238026071 0.0003725472627770822 4.591081476491248 10056
1.52 0.002116769915921572 0.0004116334017251715 4.815893678694767 9716
1.56 0.002250522158464384 0.0004301226105060511 4.859312549318938 8604
1.6 0.002408582695973984 0.0004916512537701932 4.942754011351433 8060
1.64 0.002628899070661 0.0005300412894826248 5.134072100803464 7320
1.68 0.002742926618256405 0.000579793232302789 5.106459697128398 6356
1.72 0.002930589626892569 0.0005851680716358846 5.202670339284282 5348
1.76 0.00316448284767951 0.0006408357482970498 5.36287868606966 4308
1.8 0.003224825583141174 0.0007252324848687818 5.225778035110285 3563
1.84 0.003441599562021511 0.000753415450203607 5.338303566220282 2448
1.88 0.003597493376400528 0.0007915051770182393 5.341905283270775 1868
1.92 0.004015185963432092 0.0008405322036537927 5.710704026960369 1358
1.96 0.004260858038650576 0.0009347571968435894 5.81366037327015 1062
2 0.004263199902865156 0.000869426687078102 5.592869304731383 776
2.04 0.004295549673851469 0.001226369468324786 5.427040877956442 432
2.08 0.004944693379387022 0.001141819673157597 5.986271309598933 200
2.12 0.006330316615581375 0.001031308192684322 7.359966699707949 168
2.16 0.003660446110047643 0.0009719216595339238 4.109624820183099 56
2.2 0.004483114353419758 0.0004253654765708176 4.849238161530049 7


0.04 3.196183618095072e-08 3.953536021729241e-09 0.422465009401907 18
0.08 2.824551669980969e-07 3.181656899803204e-08 0.5001860191862382 62
0.12 7.134027374807758e-07 1.785630805888652e-07 0.5188484352303613 98
0.16 2.449237646676236e-06 3.553221986533265e-07 0.7435767845441883 210
0.2 4.469788487588472e-06 6.429509410252398e-07 0.8036209240427413 350
0.24 7.631167360107484e-06 1.061262132447538e-06 0.906848554891398 450
0.28 1.231247703794999e-05 1.633820863966102e-06 1.032071679911869 602
0.32 1.88863416688105e-05 2.189674324776566e-06 1.174242199960617 762
0.36 2.607403023838032e-05 3.761276022788511e-06 1.277777386229941 1142
0.4 3.449326551514826e-05 5.045452378126119e-06 1.358673669108243 1250
0.44 4.68571670277789e-05 6.938517425210088e-06 1.508251858572185 1458
0.48 6.123282870602629e-05 9.197019931069443e-06 1.641401112880806 1814
0.52 7.758366045489701e-05 1.197394109164226e-05 1.765743049977087 2178
0.56 0.0001020654420776183 1.39426300100456e-05 1.991259437698738 2498
0.6 0.0001180764916860793 1.717358885889477e-05 1.997148690437488 2622
0.64 0.0001415880631488919 2.13753934327018e-05 2.098647846908887 3338
0.68 0.000167097072558781 2.604836761265254e-05 2.193173999127802 3722
0.72 0.0001985930411806301 3.036173033153174e-05 2.322310597939472 4170
0.76 0.0002423224872659491 3.657606568088764e-05 2.53632011737011 4358
0.8 0.0002789675693389569 4.277409621160496e-05 2.629397829750568 5034
0.84 0.0003221954124725479 5.074153550019097e-05 2.753414124651082 5714
0.88 0.0003650672524449184 5.80116196087417e-05 2.840072605905699 5982
0.92 0.000418587483380161 6.995858192439895e-05 2.975716751950924 6602
0.96 0.0004692742146151108 7.520368045357222e-05 3.05865182693437 7130
1 0.0005325826239357672 8.611122854821947e-05 3.197639336794893 8034
1.04 0.0006106993440085332 9.743689049210573e-05 3.389224431029343 8606
1.08 0.0006660216179917027 0.0001141361370928384 3.426741639307369 9066
1.12 0.0007138254835062358 0.0001271123348001542 3.413611422102698 9962
1.16 0.0008138440134291478 0.0001421899197538883 3.626141400517309 10550
1.2 0.0009033020911672876 0.0001572986801187428 3.758379715716298 11226
1.24 0.0009854519352592368 0.0001689374900569025 3.837505103909572 12146
1.28 0.001098044296704002 0.0001860194385500961 4.009472643856883 12303
1.32 0.001147763316695535 0.0002103781467585642 3.939618707527067 12584
1.36 0.001271909528982097 0.0002305044299639074 4.112436556589408 12120
1.4 0.001442142591015984 0.0002508593625240628 4.398017956665327 11180
1.44 0.001473713524452915 0.0002786588935535389 4.247869197608857 11096
1.48 0.001613774025606031 0.0003010227757303689 4.402726649191075 10056
1.52 0.001808297195011835 0.0003282973701353871 4.675662459486263 9716
1.56 0.001855729515551226 0.0003558701628656095 4.554700353361547 8604
1.6 0.002060857957252495 0.0003917173665970303 4.806323299732555 8060
1.64 0.002194100039406438 0.000433351775097376 4.870302286201051 7320
1.68 0.002380914232650328 0.0004547441047114635 5.036902367883305 6356
1.72 0.002438341637697565 0.0004799028458502845 4.920025098582859 5348
1.76 0.002578395543623962 0.0005365129088916584 4.966911786136761 4308
1.8 0.002783056421833391 0.0005732975258514919 5.124919132180927 3563
1.84 0.002808388847565747 0.0006286330932400306 4.951429819794857 2448
1.88 0.003014613311953118 0.0006439560012772946 5.087419425769902 1868
1.92 0.003629930855895153 0.0006285382443047163 5.86551545523081 1358
1.96 0.003476688871688347 0.0007801634010309106 5.391720250346567 1062
2 0.003469788222026386 0.0007302758662918953 5.173712224746514 776
2.04 0.003821725102413797 0.0009479589531220349 5.486058300825654 432
2.08 0.004140034230716196 0.0009297559042772541 5.696029883720908 200
2.12 0.005092928958119441 0.0008879929456128417 6.729793471438401 168
2.16 0.003146937807957002 0.0007724574173275135 4.01480968133824 56
2.2 0.003831859450821855 0.0003347535198913508 4.709579581749319 7


0.04 2.546313924088227e-08 3.535901025277258e-09 0.4161891971353865 18
0.08 1.983658291159108e-07 3.219526935567141e-08 0.4567433838196372 62
0.12 9.689521830861323e-07 1.017583338933071e-07 0.6628302687510881 98
0.16 2.204612928866347e-06 2.813175074082035e-07 0.7529313451500511 210
0.2 4.097421125033837e-06 4.986726039692958e-07 0.8246693555435919 350
0.24 6.584676102801303e-06 8.759875589774668e-07 0.8844999843587715 450
0.28 1.075538594835868e-05 1.328698802161768e-06 1.015266498651184 602
0.32 1.484287802604505e-05 1.997656686404942e-06 1.048424950731546 762
0.36 2.329015932005017e-05 2.996435763928857e-06 1.280730574756255 1142
0.4 2.880207638664024e-05 4.299845520320513e-06 1.278517396962965 1250
0.44 3.953321465440305e-05 5.855242873103863e-06 1.431789650118781 1458
0.48 5.200128120962954e-05 7.71250471839164e-06 1.566868672090434 1814
0.52 6.521318662167638e-05 1.013741297495012e-05 1.668300718979098 2178
0.56 8.766166889811203e-05 1.154885979585951e-05 1.919451230843928 2498
0.6 0.0001010912993810484 1.428101844521251e-05 1.918868916654147 2622
0.64 0.0001184741764510632 1.817776694820273e-05 1.971674372595162 3338
0.68 0.000148657740459634 2.083964487397131e-05 2.186576913022392 3722
0.72 0.0001663674023187579 2.579996808860435e-05 2.183145057424062 4170
0.76 0.0002044037609635439 3.087321240767518e-05 2.399910861639858 4358
0.8 0.0002335469315384429 3.639307203848788e-05 2.469333137933438 5034
0.84 0.000274138432396559 4.247422274531285e-05 2.62685329133124 5714
0.88 0.0003167804151817916 4.75776647429962e-05 2.762088508054346 5982
0.92 0.0003726991602148566 5.595703225675171e-05 2.968209729788113 6602
0.96 0.0003970749517403595 6.329621081101091e-05 2.901364133790112 7130
1 0.0004614972616418414 7.071354107961935e-05 3.105014282637281 8034
1.04 0.0005231740159647413 8.096898094088898e-05 3.253926408511595 8606
1.08 0.0005705072665923093 9.481580087727737e-05 3.289521858337431 9066
1.12 0.0006330451747491015 0.0001021203772155928 3.391193497297681 9962
1.16 0.0006999237297953805 0.000117617498155124 3.494418239843463 10550
1.2 0.0007819686602113327 0.0001294369828419541 3.645312858210517 11226
1.24 0.0008311012689478316 0.0001427267607687158 3.626900141643411 12146
1.28 0.0009125044740554411 0.0001594990800822175 3.734279872930312 12303
1.32 0.001002194729285281 0.0001715592959368393 3.853601930790006 12584
1.36 0.001100163484246219 0.0001897085307055213 3.985065379134419 12120
1.4 0.001195002717648772 0.0002158389964483182 4.08396811588061 11180
1.44 0.001290662786729649 0.0002267199120796733 4.167281453309089 11096
1.48 0.001369338439555374 0.0002525866123136321 4.185615996053263 10056
1.52 0.001535465753441016 0.0002753989809069138 4.448022529456501 9716
1.56 0.001572025106418603 0.0002990471808501005 4.322763044536706 8604
1.6 0.001768137345649704 0.0003250834584028172 4.619475144898363 8060
1.64 0.001890015000005936 0.0003583425313851069 4.699621092756766 7320
1.68 0.002025627329296424 0.0003806713731402467 4.800626827891654 6356
1.72 0.002058407040939505 0.0004042204597710609 4.653031318449422 5348
1.76 0.002298551530223641 0.0004285153505389703 4.959005970019456 4308
1.8 0.002344754272059468 0.0004842290136718179 4.837159833732817 3563
1.84 0.002522570182895423 0.0004992043724628365 4.980832963726331 2448
1.88 0.002698507140516249 0.0005117769448199577 5.100094656327763 1868
1.92 0.00265345868573022 0.0006152573868770621 4.806240659684012 1358
1.96 0.003210555340460408 0.0006012274821377773 5.575312938278105 1062
2 0.002851002665553485 0.0006324511530834662 4.76261213514051 776
2.04 0.003975864201577136 0.0006423573978320118 6.387826713218391 432
2.08 0.003551823214360254 0.0007719578977392671 5.473688448551155 200
2.12 0.003200419205184278 0.0009801071583246254 4.743052775496531 168
2.16 0.003140640825589916 0.000549694616995181 4.485418877177645 56
2.2 0.001682039318856011 0.0006113367125150668 2.321130337250854 7


0.04 2.221919466548942e-08 2.989187356351974e-09 0.4163551851159636 18
0.08 1.972204659469246e-07 2.405875694951065e-08 0.4784170930025848 62
0.12 8.531632472762158e-07 8.42904022957962e-08 0.6569095823796294 98
0.16 1.882972019055741e-06 2.428176795441385e-07 0.7289998182211976 210
0.2 3.302284401502259e-06 4.570350456955528e-07 0.7585190640620743 350
0.24 5.635398599209239e-06 7.544347022919622e-07 0.8489386146994153 450
0.28 8.599285609723292e-06 1.226856387261166e-06 0.9160639723718537 602
0.32 1.163968788130226e-05 1.866523169903143e-06 0.9271453025116311 762
0.36 2.023140209736983e-05 2.539894566673821e-06 1.237992492613232 1142
0.4 2.498870579837754e-05 3.65529770028699e-06 1.233844873032567 1250
0.44 3.451095170214655e-05 4.947215346691816e-06 1.388678820050854 1458
0.48 4.517709167851307e-05 6.545865298367612e-06 1.512003123748564 1814
0.52 5.613046493298781e-05 8.681039817016302e-06 1.59509190940558 2178
0.56 7.536346851195332e-05 9.904865329878953e-06 1.831764464997348 2498
0.6 8.720805504394859e-05 1.220239424143335e-05 1.836878543286225 2622
0.64 0.0001032362519287296 1.538085966101676e-05 1.905552006439616 3338
0.68 0.0001267868133086848 1.802322707782139e-05 2.068993915326711 3722
0.72 0.0001488825071630239 2.125031583637188e-05 2.164529481966198 4170
0.76 0.0001732201267326536 2.684490864773748e-05 2.255966315417438 4358
0.8 0.0002071862394479294 3.02285326471254e-05 2.427097657782366 5034
0.84 0.000237538537137675 3.612517369212904e-05 2.522834039345635 5714
0.88 0.0002642143764012167 4.206666640527468e-05 2.554921641741113 5982
0.92 0.0003098066354407074 4.961826656805691e-05 2.736076871662589 6602
0.96 0.0003409294209328141 5.433836781098377e-05 2.760787396662909 7130
1 0.0003924583277767083 6.132321011687664e-05 2.926441910685954 8034
1.04 0.0004462651688133469 6.999212523986385e-05 3.07576930804793 8606
1.08 0.0005066059307006183 7.874776615592853e-05 3.235214920973918 9066
1.12 0.0005450108969281576 8.738229363026608e-05 3.234612064886688 9962
1.16 0.0006163976248838681 9.841164186697219e-05 3.408458556537603 10550
1.2 0.0006770576989447516 0.000110082164436378 3.496265512164783 11226
1.24 0.0007407867850887918 0.0001179488503315029 3.579899358971088 12146
1.28 0.0007946306209207369 0.0001349442125691434 3.601828590100984 12303
1.32 0.0008441564834933959 0.0001499939039174465 3.596182438253392 12584
1.36 0.0009498198935554939 0.0001620025553015606 3.810756807033181 12120
1.4 0.001052764575423099 0.0001805348155335629 3.98433073121178 11180
1.44 0.001111004616351586 0.0001941256732047492 3.973148344518034 11096
1.48 0.001214314477982636 0.0002098716007957149 4.110116096486285 10056
1.52 0.001325860287601659 0.0002352610809744875 4.253780118660258 9716
1.56 0.001412600970417982 0.0002452978994349698 4.300776370689588 8604
1.6 0.001561491828859562 0.0002712628799515929 4.517366223495205 8060
1.64 0.001654456267233355 0.0003017094557560447 4.555571953820686 7320
1.68 0.00182181606829078 0.0003118222636005614 4.780307075197115 6356
1.72 0.00184587636786472 0.0003325594729051466 4.619840294015847 5348
1.76 0.001995596322605323 0.0003638652150342316 4.767650824851216 4308
1.8 0.002076325004106603 0.0004035563806551374 4.742799312193061 3563
1.84 0.002230583903793237 0.0004160917437906662 4.876626316014214 2448
1.88 0.002363586816051741 0.0004307415746968408 4.946331823412908 1868
1.92 0.002359644169658399 0.0005107457518964274 4.732284318907615 1358
1.96 0.002703423045329494 0.0005272370239845418 5.199156363256571 1062
2 0.002525510422457767 0.0005266374523444787 4.671192885711291 776
2.04 0.003095875470151006 0.0006173206359375432 5.510070585101593 432
2.08 0.003113892410585908 0.0006489946662976438 5.313454404702266 200
2.12 0.003606545438564678 0.0006645648990442416 5.911532054913232 168
2.16 0.002428278443166103 0.0005267907375166868 3.841751163372333 56
2.2 0.002884643060685396 0.0002333626322895596 4.39619706882931 7


0.04 1.994036187121013e-08 2.523097406184107e-09 0.4174812195097988 18
0.08 1.700414688545705e-07 2.115779578674068e-08 0.47173745752935 62
0.12 4.470877831792587e-07 1.130586328217738e-07 0.4993867273319527 98
0.16 1.525867905054049e-06 2.266958741775929e-07 0.6787871339486091 210
0.2 2.803413257785828e-06 4.077271334836872e-07 0.7225658487442386 350
0.24 4.817463800606011e-06 6.689637851076291e-07 0.8085073695939526 450
0.28 7.359461066361927e-06 1.08584144343088e-06 0.8707918265978265 602
0.32 1.073346129016024e-05 1.543960365042706e-06 0.9388966143176289 762
0.36 1.662916917266244e-05 2.346589563406068e-06 1.129058765968368 1142
0.4 2.258283891314278e-05 3.068710087446316e-06 1.22580437660167 1250
0.44 3.110717957962024e-05 4.160844084531057e-06 1.375725625119099 1458
0.48 3.999688961500005e-05 5.606640467621113e-06 1.47236585389714 1814
0.52 4.924794833047535e-05 7.504653709340368e-06 1.53960674502812 2178
0.56 6.563131709686679e-05 8.625463423907281e-06 1.7542725378968 2498
0.6 7.600865931226737e-05 1.061541710960542e-05 1.760150502853117 2622
0.64 9.097591055920837e-05 1.323517846768873e-05 1.845103010366207 3338
0.68 0.0001074185022847959 1.612896367765057e-05 1.927950218654249 3722
0.72 0.0001302224561918119 1.842129612024169e-05 2.079751795829266 4170
0.76 0.0001557881644384229 2.263674183753882e-05 2.227012377008192 4358
0.8 0.0001764702461432368 2.691211047182981e-05 2.271716847655106 5034
0.84 0.0002080821502364336 3.126750439792504e-05 2.426702648169693 5714
0.88 0.0002390179723194355 3.52432439178376e-05 2.536080241117737 5982
0.92 0.0002792085105596771 4.175756577273517e-05 2.705770631511142 6602
0.96 0.00030428455873121 4.61512693419498e-05 2.704098991930652 7130
1 0.000333768171119008 5.46573217259506e-05 2.733236392303313 8034
1.04 0.0003851758908376323 6.150894225995946e-05 2.914505176696346 8606
1.08 0.0004178995652659219 7.22313366889064e-05 2.931527686419873 9066
1.12 0.0004703753885570437 7.677803793380974e-05 3.064428132372528 9962
1.16 0.0005475646987277254 8.397269937798666e-05 3.322297635111243 10550
1.2 0.000592123124993146 9.543963307165831e-05 3.355539758528876 11226
1.24 0.0006431570977145113 0.0001029491055351686 3.410961231323566 12146
1.28 0.0007213922631850267 0.0001126782235651109 3.586796124896093 12303
1.32 0.0007605756255354369 0.0001262357524056911 3.554401474894862 12584
1.36 0.0008332192023111919 0.0001399449268624169 3.668012621783326 12120
1.4 0.0009289985136685461 0.0001550638855174274 3.857505213010294 11180
1.44 0.0009736348067142126 0.0001678810760934919 3.820322788671399 11096
1.48 0.001043331038339001 0.0001851906116462453 3.875156973347735 10056
1.52 0.001152713766282544 0.0002050240408198262 4.057809827842536 9716
1.56 0.001225895414735247 0.0002143759819202365 4.095126204419623 8604
1.6 0.001314381779143117 0.0002443575742080992 4.172925378664996 8060
1.64 0.001448655022164411 0.0002610624858948784 4.376204201654866 7320
1.68 0.001575352864853833 0.0002737945760111163 4.535202950439871 6356
1.72 0.001581151503651939 0.000293949913199156 4.341969303476541 5348
1.76 0.001722795650567924 0.000319647317775861 4.515730309275175 4308
1.8 0.001865885866776756 0.0003404022871682389 4.674986610305168 3563
1.84 0.00184331332072234 0.0003805847311920947 4.422430926153043 2448
1.88 0.00207019214503401 0.0003728933523812582 4.752564613278885 1868
1.92 0.002133790949900015 0.0004291432913325036 4.693683710780282 1358
1.96 0.002391196946091227 0.0004519742493821231 5.044447306123644 1062
2 0.002279903793285158 0.0004425136727739972 4.625186693541445 776
2.04 0.002560049630115443 0.0005634932261121329 4.999660104501211 432
2.08 0.0028887299994946 0.0005302632054223916 5.405744493722831 200
2.12 0.003526473818276341 0.0005046259261578324 6.337684763373892 168
2.16 0.00206676233290632 0.0004672103897022134 3.587288535031341 56
2.2 0.002377977187642336 0.0002337320068164161 3.975702077388952 7


0.04 1.651655833899448e-08 2.362780060495752e-09 0.4129290771129147 18
0.08 1.315266209448445e-07 2.10887367965475e-08 0.4477918454890842 62
0.12 7.09439573767084e-07 5.744843522723327e-08 0.6609520847098952 98
0.16 1.471392853477694e-06 1.826766123839692e-07 0.7042110561737825 210
0.2 2.711362227145553e-06 3.26727357101192e-07 0.7538648755293016 350
0.24 4.340619473504254e-06 5.763577399200541e-07 0.7987585574910072 450
0.28 7.072412341488823e-06 8.768730335222166e-07 0.9069492637968625 602
0.32 1.045647303463498e-05 1.223627757506159e-06 0.9904257992643667 762
0.36 1.413940934844968e-05 2.137315022021177e-06 1.055496982688688 1142
0.4 2.054655860436024e-05 2.613590383817672e-06 1.216523262580133 1250
0.44 2.817722943179615e-05 3.558895618280932e-06 1.359172413126038 1458
0.48 3.5907293610329e-05 4.84528898870699e-06 1.442131338114244 1814
0.52 4.409615838215738e-05 6.510926494124267e-06 1.503903425267606 2178
0.56 5.801653130876513e-05 7.572422410325742e-06 1.691824985942148 2498
0.6 6.706097815498671e-05 9.338431226164231e-06 1.694008750468186 2622
0.64 8.057999305819659e-05 1.159809358290574e-05 1.782042851942989 3338
0.68 9.366478854186598e-05 1.434644417751052e-05 1.833760545279354 3722
0.72 0.0001121994854585767 1.659994435045894e-05 1.954708126936441 4170
0.76 0.00013967383294882 1.958770044207618e-05 2.175179920309384 4358
0.8 0.0001548873789466546 2.379133765321459e-05 2.173196047242288 5034
0.84 0.0001819757900632593 2.774862992263292e-05 2.312930255752713 5714
0.88 0.0002054768439324462 3.182650396701624e-05 2.376618688310688 5982
0.92 0.000241551659408033 3.745933066718439e-05 2.551074265378761 6602
0.96 0.0002649890572649451 4.113736427347362e-05 2.565795449686238 7130
1 0.0003115416949271898 4.542663086521802e-05 2.776233045951627 8034
1.04 0.0003415647568217512 5.382761863056584e-05 2.81471627066027 8606
1.08 0.0003937744568421206 5.961397698251086e-05 3.005497256955584 9066
1.12 0.0004180784487988143 6.705257420867926e-05 2.965924268081114 9962
1.16 0.0004731614232125327 7.54708099263895e-05 3.127075640749423 10550
1.2 0.0005296294843223434 8.284911926369323e-05 3.267728561961713 11226
1.24 0.0005790120525960824 8.875327978505578e-05 3.342892661919001 12146
1.28 0.0006322823887889897 9.975884759140403e-05 3.423190253307697 12303
1.32 0.0006914875164661159 0.0001077822423333166 3.517404748809539 12584
1.36 0.0007391878810541513 0.0001224552336394619 3.542736957000626 12120
1.4 0.0008074118607477413 0.0001384590850891324 3.650663604219523 11180
1.44 0.0008631094811040733 0.0001469762473415856 3.686929591644369 11096
1.48 0.0009135265719542754 0.0001640669309614381 3.694237169409358 10056
1.52 0.001013666621264129 0.0001809104382002514 3.884844470529074 9716
1.56 0.001071085705814236 0.0001904185437762761 3.89543793218062 8604
1.6 0.001197119293169388 0.0002082584523837427 4.136465000080422 8060
1.64 0.00128139391663788 0.000229121686383385 4.213825793278216 7320
1.68 0.001336149418901396 0.0002502171520053094 4.188437909084716 6356
1.72 0.001413881906185802 0.0002554111064572505 4.226140911141378 5348
1.76 0.001584073817226461 0.0002697895178749579 4.518579931766995 4308
1.8 0.001662527527476556 0.0002964540671801902 4.533957465026995 3563
1.84 0.001763518901429665 0.0003098871497941278 4.603308567382066 2448
1.88 0.00182349818460733 0.0003286385109807255 4.556737216056083 1868
1.92 0.001914547798235453 0.0003715009637496869 4.583709744976765 1358
1.96 0.002152889083702344 0.0003893730225145876 4.943013799829549 1062
2 0.001902995574483502 0.0004094287399197046 4.203408305536715 776
2.04 0.002520143038988092 0.0004458489007590872 5.354146700284286 432
2.08 0.002483761010237855 0.0004789477582021743 5.059628061361247 200
2.12 0.00291221353345409 0.0004831027212495048 5.698027650580579 168
2.16 0.0019014776184464 0.0003955966579102397 3.591602236196002 56
2.2 0.002259314846231367 0.0001771844049722076 4.109991667239163 7


0.04 1.566635917022435e-08 1.973100099787289e-09 0.4161397056245234 18
0.08 1.403363837154162e-07 1.565065018302479e-08 0.4726639825455205 62
0.12 5.001563633598916e-07 6.851860412259841e-08 0.576464405836179 98
0.16 1.276282836716156e-06 1.669060484369924e-07 0.6799111283895393 210
0.2 2.248012235840803e-06 3.126966192622193e-07 0.6992879329338613 350
0.24 3.865108686528277e-06 5.123481352682498e-07 0.7777866598862886 450
0.28 6.148863420715443e-06 7.99425670885149e-07 0.8634316081625834 602
0.32 8.837790697995015e-06 1.151651442842748e-06 0.9176330240965516 762
0.36 1.335936325185883e-05 1.795475363485105e-06 1.077721108344413 1142
0.4 1.800592592633157e-05 2.363069613031767e-06 1.159794887987403 1250
0.44 2.471094589886524e-05 3.216112188398026e-06 1.295377220087103 1458
0.48 3.239442701800908e-05 4.248562008247803e-06 1.410369761394845 1814
0.52 4.02871095903048e-05 5.645105811525704e-06 1.487970314209381 2178
0.56 5.187321551251066e-05 6.702372455046301e-06 1.639293498282303 2498
0.6 5.985522444945662e-05 8.282065238821747e-06 1.638345707030597 2622
0.64 7.178388321359678e-05 1.030624537425969e-05 1.719936839660331 3338
0.68 8.364226737787322e-05 1.271711250422168e-05 1.77367258223141 3722
0.72 9.875882968182775e-05 1.492277934562721e-05 1.864027754815437 4170
0.76 0.00012277109584156 1.764928874153832e-05 2.070902110462628 4358
0.8 0.0001423663166871524 2.049396871968572e-05 2.160719812834288 5034
0.84 0.0001663714738347891 2.402362793665159e-05 2.287524033582392 5714
0.88 0.0001861163911679983 2.781919172704076e-05 2.329104224416953 5982
0.92 0.0002212623454328642 3.236664785146366e-05 2.527511161823042 6602
0.96 0.0002408350483766706 3.582468957547292e-05 2.522513463941674 7130
1 0.0002641704714270191 4.241271508322061e-05 2.549538311457463 8034
1.04 0.0003131247753084263 4.646651289196629e-05 2.790584706906206 8606
1.08 0.0003445361093127598 5.387561744670061e-05 2.845882040409587 9066
1.12 0.000379518173416935 5.847788413598129e-05 2.911999970289986 9962
1.16 0.000416456456356512 6.787833222317887e-05 2.978040151214641 10550
1.2 0.0004595242760300947 7.555487659689182e-05 3.068082467668634 11226
1.24 0.0005153900104142092 7.890883314170353e-05 3.218718168159963 12146
1.28 0.0005631397381513393 8.869476005482802e-05 3.297882141122724 12303
1.32 0.0006091862301457802 9.684017592245884e-05 3.352128951711011 12584
1.36 0.0006685938412935093 0.0001072293506858347 3.465389185347958 12120
1.4 0.000721817257684685 0.000122613021546481 3.529841812589899 11180
1.44 0.000774560073887615 0.0001296722745847288 3.578296346567478 11096
1.48 0.0008091093233798589 0.0001465025617370627 3.539028478206502 10056
1.52 0.0009169268604798953 0.0001583345902662472 3.800052237961465 9716
1.56 0.0009813973932608318 0.0001645085097092062 3.859206004882716 8604
1.6 0.001065793749704869 0.0001853085037684516 3.982752628827947 8060
1.64 0.001181109813274101 0.0001967124082879859 4.199297815228886 7320
1.68 0.001198382436291575 0.0002206912872059352 4.062323290328901 6356
1.72 0.001314327532741316 0.000217338357138518 4.247128640013597 5348
1.76 0.001369997782287498 0.0002470968202381147 4.226856241711623 4308
1.8 0.001465315483113036 0.0002661825046000916 4.321653554646808 3563
1.84 0.001526039515316448 0.0002829429020346334 4.30830849472965 2448
1.88 0.001579114191886992 0.000300248688014393 4.267842933917838 1868
1.92 0.001773056704795739 0.0003174342235128669 4.589212017336877 1358
1.96 0.001929044997995631 0.0003439869749725532 4.78912130023625 1062
2 0.001821252597901285 0.0003404215267233408 4.348286804351443 776
2.04 0.002473441666888589 0.0003542372557226356 5.679371766862761 432
2.08 0.00206366694462462 0.0004529024465362282 4.547421119863269 200
2.12 0.002036033649703203 0.0005330340073160746 4.313158273377827 168
2.16 0.001923316678362847 0.0003088343031137549 3.925775260902761 56
2.2 0.001615344780908574 0.0002327322235719688 3.179694568119142 7


0.04 1.354985734235273e-08 1.837543151144774e-09 0.4135824880949405 18
0.08 1.11865537751017e-07 1.591229437539523e-08 0.4521769705309964 62
0.12 3.515060313889718e-07 7.457081086678489e-08 0.5126050896891288 98
0.16 1.068454148586436e-06 1.600514463217903e-07 0.6417360490567303 210
0.2 1.978643291397675e-06 2.857895114859156e-07 0.6757188716775512 350
0.24 3.382628490877142e-06 4.712002461020924e-07 0.7444126497233454 450
0.28 5.102992678968175e-06 7.733185214069224e-07 0.7886813967297202 602
0.32 7.190895135541118e-06 1.133909550493014e-06 0.8207251830541191 762
0.36 1.249509221700138e-05 1.541581097816956e-06 1.084871147707816 1142
0.4 1.535685223135032e-05 2.229953060463996e-06 1.07410912240488 1250
0.44 2.097991287745139e-05 3.049920179345148e-06 1.192836447094184 1458
0.48 2.903917540134723e-05 3.815885276878142e-06 1.364089407832263 1814
0.52 3.723860589654456e-05 4.912995627979085e-06 1.480516302839826 2178
0.56 4.660626104018717e-05 6.005725721165081e-06 1.587398040186764 2498
0.6 5.393590051972733e-05 7.399044736591823e-06 1.590587283288044 2622
0.64 6.432177557873783e-05 9.259680733865394e-06 1.660489289021519 3338
0.68 7.556379189321922e-05 1.133501734042087e-05 1.72556344433436 3722
0.72 8.912338650486691e-05 1.331367532953294e-05 1.811209557837557 4170
0.76 0.0001084146545877465 1.608903058869129e-05 1.96999354124768 4358
0.8 0.0001297980628282357 1.809035323055513e-05 2.119748491287762 5034
0.84 0.0001503049786082719 2.140575552238847e-05 2.224074279728302 5714
0.88 0.0001716786825115903 2.426896135468551e-05 2.310771273560523 5982
0.92 0.0001953846847321079 2.951436175375628e-05 2.402774677601258 6602
0.96 0.0002134139225634582 3.255065195660732e-05 2.406006202168073 7130
1 0.0002484850605621415 3.631294738963009e-05 2.578119324943182 8034
1.04 0.0002741082382706772 4.274130126898165e-05 2.62950200897478 8606
1.08 0.0003167189418761939 4.724672861534421e-05 2.813480445373077 9066
1.12 0.0003406492237591602 5.243808142378166e-05 2.811874110029707 9962
1.16 0.0003885161428074041 5.857155975295095e-05 2.987000107112248 10550
1.2 0.0004288266454561126 6.5211773675324e-05 3.078223058272732 11226
1.24 0.0004564599371330919 7.181922712380126e-05 3.066881519474736 12146
1.28 0.000507051455332857 7.932514533178474e-05 3.193817365084576 12303
1.32 0.000549707188907838 8.64283844921231e-05 3.253245245683376 12584
1.36 0.000586255201168271 9.833420773762514e-05 3.269033881919408 12120
1.4 0.0006669765376076999 0.0001069064594084749 3.506913626832928 11180
1.44 0.0007129953343573477 0.0001134009802329357 3.54163166956078 11096
1.48 0.0007210972856900913 0.0001321532923332898 3.39242515354308 10056
1.52 0.0008220122173359112 0.0001421743432880368 3.663775511114234 9716
1.56 0.0008972346514016893 0.0001448059794180395 3.793707090145289 8604
1.6 0.0009881285903209883 0.000160791842107884 3.969836762289197 8060
1.64 0.001051730063645524 0.0001779243139188695 4.021403304166738 7320
1.68 0.001107782778563993 0.000192371220724184 4.037295208887775 6356
1.72 0.001142406196382374 0.0002014996473839333 3.970649384112042 5348
1.76 0.001298843876747654 0.0002094723224509896 4.307483130883748 4308
1.8 0.001301221571070038 0.0002411029550899507 4.127067070358505 3563
1.84 0.00136944066096274 0.0002539986428857752 4.157379405439836 2448
1.88 0.001519322167779701 0.0002512778180887255 4.413423033548391 1868
1.92 0.001596377159841552 0.0002840208731044757 4.44285534858999 1358
1.96 0.001687441902815715 0.0003165046356076065 4.505317652545404 1062
2 0.001714827244440042 0.0002906923171988209 4.401057030874338 776
2.04 0.001730114868930355 0.0004068410512678092 4.277514693805265 432
2.08 0.00223439486801006 0.000336532669435266 5.288671200093441 200
2.12 0.002443134169215312 0.0003655675767274516 5.556102560338757 168
2.16 0.001583547411309023 0.0003031168579193905 3.476804760880608 56
2.2 0.0008282595232945357 0.0003223007283262611 1.758783930565921 7


