0.0215963 1.362937041573737e-06 3.752420011984996e-08 1.138612964307706 18
0.0431926 8.926382256525562e-06 3.479179300912935e-07 2.214233646937016 62
0.0647889 2.948169481326476e-05 9.802782647999143e-07 3.197979246154625 98
0.0863852 7.04149008323974e-05 3.394326890747406e-06 4.262309887695325 210
0.107981 0.0001417642851942379 7.613515994410329e-06 5.571789452842928 350
0.129578 0.000207885909049239 1.263828088034648e-05 5.708868266954146 450
0.151174 0.0003371407022357081 1.965633072945302e-05 6.75365807517474 602
0.17277 0.0004637497017818486 3.155400451401354e-05 7.077008393694783 762
0.194367 0.0006118215898295814 5.446348704448989e-05 7.412995811494929 1142
0.215963 0.0008030156873877035 7.4905181153729e-05 7.911859117323998 1250
0.237559 0.00098528485735229 0.0001059504211667495 7.99895997048726 1458
0.259156 0.001333258481257004 0.0001406744279668167 9.070862751485633 1814
0.280752 0.001539821288732754 0.0001906085262011965 8.939952265415117 2178
0.302348 0.001918515865063184 0.0002500755278326894 9.611056303787993 2498
0.323944 0.002264926309556975 0.0003384004227902842 9.860104436590635 2622
0.345541 0.002555901253370046 0.0004080043233186826 9.766816659630191 3191
0.367137 0.002889803664991266 0.0004928154425392722 9.791936084954077 3044
0.388733 0.003371958705682452 0.0005946308385294406 10.20177163384538 2736
0.41033 0.003717238859700978 0.0007565172186198078 10.08218740120186 2276
0.431926 0.004291591638916696 0.0008932586905822638 10.49574683424314 2016
0.453522 0.004493783687162762 0.001045404419737083 9.97490314557643 1640
0.475119 0.005343829722374396 0.001232180034183395 10.80569487485607 1056
0.496715 0.005244294654939075 0.001512064112007 9.699085829975255 683
0.518311 0.006066294485393387 0.001654410141305327 10.31866767754301 350
0.539907 0.007367672399339561 0.002036848920683612 11.56379485167925 192
0.561504 0.009053758818637759 0.00204481741612997 13.10185273024849 44
0.5831 0.005184152052520698 0.001842758830633585 6.905942257076062 25


0.0215963 399.2255892134046 5.866867836659059 2957252846.622875 18
0.0431926 2325.838355188946 53.57034587250313 3539178843.084117 62
0.0647889 4903.277526971441 202.018996630325 3066303864.814787 98
0.0863852 6927.249525819054 580.0146011806681 2367742270.739453 210
0.107981 3928.772371178783 1176.234216827474 889356033.9039972 350
0.129578 346.5571295465121 1461.801987175639 81853191.8282298 450
0.151174 2364.257712755909 1561.224207424244 272702234.1037171 602
0.17277 10908.45326117645 1064.902327041314 900377634.5477259 762
0.194367 19808.75578145293 418.6638990005671 1286773365.003523 1142
0.215963 24712.55280421476 81.35350291410477 1302132733.097376 1250
0.237559 21160.1574821783 103.204563654412 917835162.3129787 1458
0.259156 15132.28734983767 383.4088897295293 550112036.294727 1814
0.280752 8326.096388079352 594.7298202917018 258468765.5712803 2178
0.302348 4851.082852411366 709.5043998293534 130108433.9841443 2498
0.323944 5028.850292185479 668.5842457409599 117072914.2669315 2622
0.345541 4459.894935779294 513.8664933832615 91046574.49531998 3191
0.367137 4421.10993056435 347.3048852644732 79937510.96329689 3044
0.388733 5342.607558495596 119.3810806762389 86142483.60131422 2736
0.41033 4633.589383442593 67.01766650182898 66951874.25564058 2276
0.431926 3089.74410905739 103.5213703941464 40260142.96267737 2016
0.453522 2037.002850640838 119.4057344713336 24093270.09819311 1640
0.475119 1035.525030150555 143.766701257088 11165943.21920657 1056
0.496715 772.0871403966029 90.59907483072938 7610758.660519623 683
0.518311 906.982572522149 50.82045778393905 8217121.97356796 350
0.539907 1405.922692749959 15.94245593666124 11747425.66833869 192
0.561504 1386.122781761008 4.354593447023491 10678333.48808208 44
0.5831 939.7134067321637 0.2183207255263414 6662445.797058874 25


0.0215963 208.5561381539466 0.01472926892861346 2840251254.612371 18
0.0431926 1337.171478156282 2.333267502421494 3688312580.088276 62
0.0647889 3138.778004056039 26.44492668693622 3546445822.719219 98
0.0863852 4837.311752573473 138.9684817142366 2985568909.220369 210
0.107981 2871.239480864635 418.9247692207601 1174446108.314468 350
0.129578 223.6334718886177 592.445954701037 100754634.0086077 450
0.151174 2409.553197734313 567.3571389426164 492834373.2674541 602
0.17277 8739.240715660484 231.3426031307933 1303860503.716738 762
0.194367 11288.13454706406 30.5255131811612 1329054102.410516 1142
0.215963 8142.15427833046 155.6904895854721 779490493.1354041 1250
0.237559 2893.325824566889 349.2054923493211 229717946.2987711 1458
0.259156 1617.533366193398 388.5588825894379 108245934.6881461 1814
0.280752 2801.795149370801 259.8962898467091 158204547.8266221 2178
0.302348 3995.878333080503 168.1563395788782 193967265.9559321 2498
0.323944 3561.677097316678 182.8882695055003 150195494.525054 2622
0.345541 2758.063163297064 157.5306752219814 102053002.5022454 3191
0.367137 2187.735327946758 125.6542235556438 71742977.48728409 3044
0.388733 1103.083478910447 115.2243293428221 32330083.62504915 2736
0.41033 1122.438862307062 73.90874524693048 29445737.63232354 2276
0.431926 1305.214033686353 39.80979282333541 30838518.39457498 2016
0.453522 975.0787779428994 39.32900402427642 20909405.84270241 1640
0.475119 647.6805352890176 43.24816882004372 12656727.51521505 1056
0.496715 490.6565018734956 25.79128705563638 8764767.726298044 683
0.518311 516.2441237220545 12.87551746633865 8476594.570971128 350
0.539907 689.3840563109302 2.734597666737379 10440231.18119976 192
0.561504 577.2063799609596 4.634936323000765 8060271.325832095 44
0.5831 329.8045266480352 5.866157796985104 4239078.517790901 25


0.0215963 103.5317437309729 0.7133737331750464 2232374021.656466 18
0.0431926 760.6933068592792 1.295732411289178 3100297847.471498 62
0.0647889 2087.517948583908 0.8240204245712089 3425190500.921062 98
0.0863852 3750.539627955908 32.27273979556483 3342044369.070022 210
0.107981 2779.690229416494 185.285078718054 1624559947.89121 350
0.129578 324.3318381790081 329.5053168404841 173953434.4306562 450
0.151174 1433.29052419835 322.8418597630854 432358383.7680666 602
0.17277 5722.223048248555 101.2480430251374 1238146070.735268 762
0.194367 6294.246962082914 30.98124944941818 1075108730.285759 1142
0.215963 2972.004715516105 174.1131554813679 414999643.9371751 1250
0.237559 784.1559514345263 239.5355612955819 92498657.93944623 1458
0.259156 2024.483310471033 163.4609004818027 194767191.7982069 1814
0.280752 2704.113058689926 93.58293983970762 220727018.8539228 2178
0.302348 2371.455652199273 95.04619003340066 166926150.0534005 2498
0.323944 1999.230489078554 108.3953110281529 122293624.1267328 2622
0.345541 1741.384907793892 81.95768204669611 93392473.98908958 3191
0.367137 1384.048048477561 64.59107108366614 65777413.62716366 3044
0.388733 1084.851783082417 41.58741387032137 45995691.89857814 2736
0.41033 897.0480361940015 29.72426408862783 34074237.86768854 2276
0.431926 529.3478997341175 35.45184093523256 18146661.71851014 2016
0.453522 463.9018786058335 27.8499621907389 14424753.07992953 1640
0.475119 381.3144523311287 23.93792495230688 10798979.90852736 1056
0.496715 163.8023558674515 21.65861639120041 4249133.50597454 683
0.518311 113.9676076616258 18.18230736487349 2719937.17682582 350
0.539907 182.4351537862324 14.18921761016267 4008687.216078038 192
0.561504 259.9457108854577 6.998885624351028 5260261.905023599 44
0.5831 216.3013205775368 1.882442385089974 4026740.314146181 25


0.0215963 41.5375006440762 1.759010301442883 1542430149.980916 18
0.0431926 378.2943719368615 6.837166592106847 2163629759.057503 62
0.0647889 1296.634560493114 4.744818708961888 2829754561.261288 98
0.0863852 2868.997886489158 3.594905576448723 3349044273.710821 210
0.107981 2843.780436571151 76.25725413197642 2149807886.063709 350
0.129578 614.1075292350854 200.7732227416645 364397804.8114156 450
0.151174 660.1208541817646 229.7701664570306 276800616.0671674 602
0.17277 3711.484497499912 73.72481828244992 1055138992.965044 762
0.194367 4068.840389500986 28.05192290480017 911847640.3827533 1142
0.215963 1545.746475369279 136.7675757338095 285109511.1636593 1250
0.237559 676.4397543793275 150.723403885052 104421740.543946 1458
0.259156 1880.567025441729 82.88795558876562 236562049.004483 1814
0.280752 1825.887661955907 62.28723355131091 195446579.2158022 2178
0.302348 1377.322243709922 73.97258828733699 127292671.3600964 2498
0.323944 1509.859831217667 63.37005995396114 121006171.8428701 2622
0.345541 1318.203102485752 46.88604416728754 92613251.62760805 3191
0.367137 900.1931327675931 44.42652049683134 56092143.52964634 3044
0.388733 676.0938703125412 30.55173035185676 37582863.7216646 2736
0.41033 424.0308478685132 28.8999454246833 21143774.31658499 2276
0.431926 334.887503402715 24.35099493527619 15052583.66790988 2016
0.453522 236.36582163339 22.31463446616021 9646250.775840811 1640
0.475119 239.5802972170254 16.68552720198348 8894437.015037067 1056
0.496715 241.1620652685475 7.096097700979312 8173750.302489554 683
0.518311 212.6389417937891 4.604905891427402 6625743.344035538 350
0.539907 181.1934586590534 6.421060674692599 5210850.421942325 192
0.561504 88.56882062950216 9.608332713866854 2352921.415392085 44
0.5831 21.4903507619367 8.204432774785081 528970.3319194581 25


0.0215963 9.523184992240145 2.254271043222823 1037564010.316955 18
0.0431926 136.8565486916624 11.45970044009423 1224743050.211348 62
0.0647889 674.4949807490709 15.9608762184552 1916077017.165708 98
0.0863852 1985.852151030531 7.007704637352951 2892491512.699158 210
0.107981 2739.28202096674 23.39031891168186 2542119930.41994 350
0.129578 1013.199740321328 119.1274241449394 689311015.0804856 450
0.151174 259.0464157067863 177.835128188294 155936739.4482955 602
0.17277 2375.701128235404 69.50114223854328 840117294.7531487 762
0.194367 2961.598566971672 20.5725224919564 821903541.7819567 1142
0.215963 1084.65127433358 100.9831741728559 248742369.1105197 1250
0.237559 622.5426385026924 102.828270229099 118593187.9979593 1458
0.259156 1495.317245627503 54.33504397132269 232746323.7082147 1814
0.280752 1243.345608645514 49.71396094471667 164914826.6038487 2178
0.302348 987.5185351446048 54.38347509864798 113047018.7905142 2498
0.323944 1204.453444781193 40.89039076381602 119400339.2753215 2622
0.345541 950.5432340620839 34.68217205282283 82656773.94629072 3191
0.367137 623.4161940401859 33.88810730176467 48098846.67220441 3044
0.388733 449.236551156273 24.35504401835911 30922582.56716682 2736
0.41033 271.1020714876261 22.79007280266643 16748506.52541947 2276
0.431926 298.0683795318191 14.91043759653932 16560594.90237648 2016
0.453522 270.3142774182064 11.11507752535253 13618036.78438232 1640
0.475119 275.9366668269674 6.859470336912564 12649718.49342648 1056
0.496715 157.4343193120698 6.243453802007693 6602936.522966565 683
0.518311 75.36269930690833 7.619425184731788 2913355.640180598 350
0.539907 32.89806389419806 9.83083746191093 1181330.517986718 192
0.561504 59.81117948206412 7.065510065338723 1966905.534658688 44
0.5831 67.88501385748596 3.05415207410658 2049300.705473643 25


0.0215963 0.0571503307784795 2.082661805967328 874206808.3244244 18
0.0431926 20.93081586146069 12.80379158166125 628882236.7574743 62
0.0647889 248.5434864155375 24.97267696000629 1007020281.71346 98
0.0863852 1160.706710665494 22.47919024681103 2075902905.179503 210
0.107981 2378.715176315687 4.866086844046603 2626223043.284367 350
0.129578 1390.448754087636 62.6475575111394 1090106341.452132 450
0.151174 181.7177070253075 137.7626945374205 139946743.1563746 602
0.17277 1441.829243010197 71.9979373074205 614560896.2515209 762
0.194367 2301.331084456869 14.77322911105066 761849711.50388 1142
0.215963 917.8581146476324 73.46024079002109 251096006.6320882 1250
0.237559 527.6940596205336 76.59226735827124 120000588.3311172 1458
0.259156 1157.136675686726 41.60569851487297 214905564.9858636 1814
0.280752 905.4629365505937 40.75422058866882 143400912.661045 2178
0.302348 787.3206815473237 40.39670714121497 107489394.7944959 2498
0.323944 959.2025269062856 29.92652861951881 113354804.1603365 2622
0.345541 701.7453673270577 28.18364126134493 72789920.78064626 3191
0.367137 477.2699693279801 26.14779321166077 43915901.51203141 3044
0.388733 337.5698288248536 19.09861278898352 27712630.66685943 2736
0.41033 236.0678897695711 16.09019902443321 17374364.53384893 2276
0.431926 261.1320906530854 9.887684378243829 17281927.8211996 2016
0.453522 256.1280551729575 6.159909873119105 15364085.64670708 1640
0.475119 186.7384447849696 6.657340812121683 10207819.76289624 1056
0.496715 70.69499395940829 7.390568727012773 3545392.290097554 683
0.518311 71.74304794008916 5.085080046193435 3302171.065926185 350
0.539907 122.2158012336367 2.465547382176237 5177323.551709376 192
0.561504 139.9335542908578 0.5593209623152576 5461596.369843694 44
0.5831 95.00061246423836 0.1668779835296665 3412009.699499745 25


0.0215963 4.531706201827326 1.462232252223475 1038547191.824471 18
0.0431926 3.995954426426874 10.87840385466343 551530731.8980472 62
0.0647889 37.11769118734991 27.62505235773417 433419414.7195508 98
0.0863852 514.131944403059 37.43318693806164 1174982492.777251 210
0.107981 1807.820146974511 8.142056940226803 2332305932.418101 350
0.129578 1623.529707725714 25.84923778736778 1454490466.376994 450
0.151174 338.6032331444466 101.1417179568753 256155501.8980464 602
0.17277 789.4446498571153 74.98711135821745 400542067.6629949 762
0.194367 1822.836649889068 12.6800009576785 701534712.7160219 1142
0.215963 861.353802615466 52.57672339292896 273078522.7782506 1250
0.237559 431.872235017001 60.74923787902247 114495801.9275069 1458
0.259156 903.3790018061304 34.4213078215085 195135153.5494927 1814
0.280752 696.0217959322829 33.95837971278095 128230870.1183555 2178
0.302348 649.4328266389159 31.32805281307836 103012487.9123309 2498
0.323944 772.2180882064048 23.74802648687345 106008925.8931495 2622
0.345541 544.5190483008807 23.37743978821085 65638997.19088175 3191
0.367137 387.403999650855 20.62241200012583 41409707.53554588 3044
0.388733 272.5695316218348 15.13523718768413 25993011.87600299 2736
0.41033 220.1521163151283 11.3009415191506 18797067.64425592 2276
0.431926 216.5205787881821 7.550643357788121 16636651.94445938 2016
0.453522 198.9272936192806 5.271456845393566 13856994.03298175 1640
0.475119 107.8242490283476 7.4280750384525 6858377.758908781 1056
0.496715 71.19796403342617 5.125258791872953 4140171.871646276 683
0.518311 89.21277430018363 2.43799542551914 4757518.997506922 350
0.539907 113.5370841305983 1.222112393291915 5580709.447089519 192
0.561504 79.67802211620487 2.166732606777308 3613470.016517705 44
0.5831 31.26049287448294 2.464116636739092 1307510.302639067 25


0.0215963 13.79340284235527 0.7357749445612264 1372508917.986915 18
0.0431926 44.33483650494035 7.06100237930093 921332577.5479285 62
0.0647889 11.81108510045795 23.69710263064551 372674273.1954897 98
0.0863852 133.6486540618788 44.49449332548419 512890767.9954991 210
0.107981 1154.895793611276 22.28809396573741 1735836527.319921 350
0.129578 1637.883656264582 6.949431099719911 1660000169.808043 450
0.151174 620.0557026358492 67.19222723038179 486680401.005246 602
0.17277 373.2794556217664 74.95689546208806 228954349.5879535 762
0.194367 1419.126208297841 14.32098278927165 623515354.8989804 1142
0.215963 848.0660239408899 36.61292859148314 305266367.5501943 1250
0.237559 357.7724735425809 49.90373036008828 108527143.0803616 1458
0.259156 717.6817150069645 29.63252061006298 176918484.6927062 1814
0.280752 553.7347695998524 28.88083904773698 116416445.8474868 2178
0.302348 540.8135160112095 25.4913884681258 97780097.23611207 2498
0.323944 632.435971605839 19.74629495507523 98937092.68807371 2622
0.345541 441.8459323803964 19.56495464547357 60707744.42531455 3191
0.367137 324.2805608947431 16.71638343464642 39493410.69302158 3044
0.388733 228.7262676851869 12.24486373963254 24849415.60336345 2736
0.41033 200.724378764782 8.349928620048388 19507531.83857685 2276
0.431926 175.535838978598 6.366923279038904 15364596.32048066 2016
0.453522 145.314206105178 5.27612767689835 11537144.3049742 1640
0.475119 74.62038046243329 6.802198701639274 5416123.349977553 1056
0.496715 82.5767965402972 3.006982924306829 5457250.355357146 683
0.518311 74.42173626117339 1.977969802307324 4519177.140867921 350
0.539907 57.29091156517675 2.866798249063732 3213392.33642479 192
0.561504 20.38732357946042 4.076444106368665 1062356.398541518 44
0.5831 0.8972515282818183 3.272582688434595 50271.96057836919 25


0.0215963 20.54285763150465 0.2012226535118807 1666515796.132278 18
0.0431926 96.66943476464515 3.17470194358587 1470678939.426298 62
0.0647889 101.2943190508843 15.71967317470195 766354127.1181713 98
0.0863852 29.0496301693219 41.47716462631865 311995121.157275 210
0.107981 574.6512776812096 37.44557335430205 1037352199.408896 350
0.129578 1428.23511269705 3.408380937922547 1625376604.499453 450
0.151174 909.6472501292056 38.26821462536709 770810528.0841955 602
0.17277 170.0048674174633 70.02308441327787 131898094.0353002 762
0.194367 1054.20775016789 18.72618495729659 522255467.8106225 1142
0.215963 842.9373808298003 24.65367230648849 339422794.5393108 1250
0.237559 312.6317234359819 41.47255293426871 106708149.2955151 1458
0.259156 581.4243187460104 26.06132934074926 161201362.9181826 1814
0.280752 450.4179385269734 25.06426929937949 106486109.4619128 2178
0.302348 451.0841757593723 21.66383540740434 91621810.42481799 2498
0.323944 525.7300439824859 16.96476227420262 92350143.46756139 2622
0.345541 370.4980630839833 16.54399444299773 57158152.98553703 3191
0.367137 276.785882543788 13.89105058617072 37840014.06527348 3044
0.388733 196.201377323258 10.13008747674744 23924648.46096744 2736
0.41033 178.3930105945054 6.577828586275876 19448855.87652357 2276
0.431926 143.2710734265983 5.58993457340677 14077145.72684721 2016
0.453522 108.1582719590854 5.144468712395565 9645968.860730415 1640
0.475119 65.58292781127466 5.572279217320915 5341325.389548657 1056
0.496715 79.20118787663813 2.057608133317686 5868427.353764711 683
0.518311 50.30524871703434 2.294222633960879 3431683.685766149 350
0.539907 22.30170894411463 3.70815189570943 1413905.049416105 192
0.561504 7.065418028695387 3.915611736243567 422046.313326872 44
0.5831 7.616933039714014 2.389944657161835 412533.9079181246 25


0.0215963 21.19947337283224 0.002190392664612513 1766923205.595355 18
0.0431926 126.7953254147954 0.6573718766902449 1880734002.075078 62
0.0647889 217.7799915679958 7.351717219418415 1355539707.656078 98
0.0863852 129.6641366526136 30.71092277151429 591253842.9517946 210
0.107981 190.7224632179028 46.31702397902887 484445083.0787669 350
0.129578 1058.255972960835 10.63429714908107 1350107946.734449 450
0.151174 1105.844700288387 17.36154068114098 1021495063.533033 602
0.17277 148.7909409504507 59.93180417594768 130165438.6865132 762
0.194367 728.168092864352 24.35807418295641 403939493.4769406 1142
0.215963 823.051024261026 16.3151161229653 366663151.5339961 1250
0.237559 295.4544182519863 34.23448972910767 111707820.4299704 1458
0.259156 481.3291914661424 23.15645663540773 148346234.2685689 1814
0.280752 373.1680813868302 22.08687011229255 98060670.77569695 2178
0.302348 375.7162579742806 19.08509155432843 84762884.4132953 2498
0.323944 441.0640296481623 15.00037437100259 85991534.48753142 2622
0.345541 317.7669868444237 14.16372583203628 54395565.8302734 3191
0.367137 239.7222739838308 11.78322159209461 36357617.76905432 3044
0.388733 170.6283570036544 8.559705881865696 23078842.79164902 2736
0.41033 156.5492009997758 5.465303856652096 18925645.16320221 2276
0.431926 119.4411620359353 4.956965433780374 13019558.91964977 2016
0.453522 84.68701767378209 4.798596356385295 8384406.39930426 1640
0.475119 63.21479676036678 4.420415579751332 5704006.450366504 1056
0.496715 66.81097621546033 1.825442580718132 5489555.568482279 683
0.518311 32.86251261295813 2.476106207126866 2491599.418487615 350
0.539907 13.52283391246523 3.441073521020481 957299.6685507379 192
0.561504 17.22635184091327 2.781370124444826 1116215.130428641 44
0.5831 22.58087005670858 1.239137875280491 1336934.025977133 25


0.0215963 16.20097922101323 0.1040551307002092 1643676170.868412 18
0.0431926 120.9920506820026 0.05604600824415237 1942083540.981195 62
0.0647889 289.3818277944671 1.694976200713494 1813768539.949105 98
0.0863852 315.8106763051649 17.2173194811491 1159442194.021792 210
0.107981 53.84714232261698 45.60530003970885 267448562.7087691 350
0.129578 637.5500857339625 22.49636252309311 923454835.3025939 450
0.151174 1145.43638947775 6.357889921572219 1154420090.732189 602
0.17277 259.2844259354496 46.01786964798722 222075058.2900493 762
0.194367 458.2191068279451 29.4687557345739 284718720.3982027 1142
0.215963 774.1877270674693 11.37740289551787 378390023.5184547 1250
0.237559 300.4269002066446 27.69711267921679 124160436.8625203 1458
0.259156 408.3496281954357 20.62565044011308 138550418.9748945 1814
0.280752 315.8797932124448 19.60691741371335 91379175.49190097 2178
0.302348 312.462407632504 17.27124434047884 77589816.69832379 2498
0.323944 371.3183073078329 13.62602089883941 79602066.52450652 2622
0.345541 276.7368444366383 12.29006471047586 52060223.19185745 3191
0.367137 210.0024358286851 10.16911206633285 34996892.35636617 3044
0.388733 149.7763993726843 7.372607149580917 22257290.64962563 2736
0.41033 137.0379840998405 4.711634124747031 18197738.16727941 2276
0.431926 102.0645059712227 4.397599205926621 12223886.23868647 2016
0.453522 69.93346085424963 4.349038369063965 7611089.724498516 1640
0.475119 60.89394707582559 3.548668675621324 6029741.908364802 1056
0.496715 53.23859547960909 1.831729670252351 4807099.025619242 683
0.518311 23.80528151265605 2.384826975829251 1986902.266953712 350
0.539907 17.08615686100174 2.71662479054197 1320690.035822258 192
0.561504 29.83724047233537 1.675410832605039 2108962.255188474 44
0.5831 31.89878553474783 0.4700189468482893 2068603.295443968 25


0.0215963 8.717145468173278 0.3493289008644932 1388575216.475783 18
0.0431926 86.29164018003314 0.9820538973070531 1648616811.999718 62
0.0647889 283.191758035113 0.1288165855057274 1908586019.64868 98
0.0863852 467.4619502490511 6.258516344541831 1708517500.75358 210
0.107981 129.7227802355718 36.3330456387089 435849315.9753556 350
0.129578 283.2587263110841 32.85661413098626 495430188.5487549 450
0.151174 1018.756161543037 5.013318146415556 1120176638.830468 602
0.17277 433.6667186959517 30.81335517146427 378924486.0334091 762
0.194367 264.7281175023916 32.49856527306013 186234917.5422696 1142
0.215963 691.3843715272178 9.504348583093259 368417079.5311852 1250
0.237559 318.6935955796829 21.78985973328109 142591419.5383998 1458
0.259156 355.7684591421912 18.32443749989324 131785393.5050215 1814
0.280752 275.2694518758923 17.37590980631055 86931788.17543526 2178
0.302348 260.3980257302173 15.88969621320971 70643171.63347191 2498
0.323944 312.518538885344 12.66782396202943 73110101.50644322 2622
0.345541 243.5390900403306 10.80960957369584 49950934.55041529 3191
0.367137 185.5404734134475 8.911279531402045 33707058.18193574 3044
0.388733 132.3436270793036 6.459878714179872 21437115.71707582 2736
0.41033 120.3179504970507 4.161603959939622 17412728.80960907 2276
0.431926 89.22050567410373 3.898049984255111 11646428.77072082 2016
0.453522 60.33979783508723 3.881870100043742 7159560.00614539 1640
0.475119 57.40601274250439 2.934757743319262 6190270.272008186 1056
0.496715 42.00699304645101 1.851402602126334 4136651.754695148 683
0.518311 20.07043462220365 2.137484111284533 1827080.541925692 350
0.539907 22.9876400285385 1.992678367082548 1925867.520780255 192
0.561504 37.37676234823154 0.9260498778580791 2871567.46902308 44
0.5831 34.26256140304465 0.1122387014389902 2418274.554231711 25


0.0215963 2.517228001588625 0.555066415272597 1152144264.064581 18
0.0431926 42.44015046488426 2.470381970430046 1181086008.773761 62
0.0647889 209.9830096383901 2.044128523533754 1609539297.047696 98
0.0863852 508.3877317247322 1.17675216684443 1961779515.998317 210
0.107981 319.5855436288254 22.74753709886259 875661408.8713788 350
0.129578 79.97989189687286 37.31226032626774 218927999.0323374 450
0.151174 769.4229973362998 10.8078710612206 926403108.3282077 602
0.17277 599.1513354985168 17.3054872045212 550267555.4037757 762
0.194367 160.1272932545949 32.46280266226078 128808364.7156819 1142
0.215963 579.4272655865371 10.08921333213307 335185561.4150267 1250
0.237559 339.960667589521 16.67381502446203 163635039.7345493 1458
0.259156 317.9493288963325 16.21054891614595 127655279.6296089 1814
0.280752 248.8345313908864 15.2432100417427 85137537.86808179 2178
0.302348 219.3364957025022 14.69909413600731 64593028.95661432 2498
0.323944 262.8767753554324 11.96852108181398 66688119.68222238 2622
0.345541 215.9623977674071 9.628989553924049 47972898.60831179 3191
0.367137 164.8805290427223 7.9214270235736 32437261.75709693 3044
0.388733 117.48940514609 5.747792420169151 20607118.06841132 2736
0.41033 106.1712125264167 3.737878731877463 16634880.12301847 2276
0.431926 79.48023552053014 3.455772436852851 11231111.28997827 2016
0.453522 53.83698482535981 3.438106503999752 6915800.184405988 1640
0.475119 53.16041374225858 2.504609602012768 6202400.125275316 1056
0.496715 33.72808700416845 1.822296192614298 3598796.776030077 683
0.518311 18.78425735049232 1.850369745476425 1850165.953676565 350
0.539907 27.25816340324943 1.4341690432133 2464645.961300832 192
0.561504 39.69544089161221 0.5081804881834633 3296770.670107528 44
0.5831 32.33467157393096 0.01182109459874965 2468650.583126291 25


0.0215963 0.0304099092295344 0.6025301213521708 1057544684.956357 18
0.0431926 10.04873206037297 3.525630143999293 796191682.8134596 62
0.0647889 110.4669088995861 5.46095274572275 1089793772.065009 98
0.0863852 427.862132634701 2.323237346449094 1803830901.684704 210
0.107981 503.6632816068261 10.20973193352498 1360814649.326777 350
0.129578 52.85711206282797 34.38270486857568 186588037.8802516 450
0.151174 477.1819170289603 19.66525884489155 639127985.4663709 602
0.17277 695.4292498280195 8.030632795342854 678584675.6557281 762
0.194367 141.6985936913818 29.21584579324105 124085108.7348694 1142
0.215963 451.658271368966 12.23931451144574 283080746.8370267 1250
0.237559 354.3592449738656 12.59101212124587 182714236.5713682 1458
0.259156 289.8350974246306 14.30968710263885 125347531.9261743 1814
0.280752 233.7712101258177 13.15613510430174 86057877.526022 2178
0.302348 189.2475908545966 13.528766156653 60139920.52479918 2498
0.323944 221.923696397441 11.3832808724907 60725682.74195013 2622
0.345541 192.7334768190001 8.671810101805637 46105478.04003121 3191
0.367137 147.0411756642721 7.137675668708732 31150233.81145237 3044
0.388733 104.6454146639403 5.185079568698133 19762779.1629287 2736
0.41033 94.16327385307433 3.401073915075961 15882179.84128691 2276
0.431926 71.86126649831806 3.068504513896361 10928631.940709 2016
0.453522 49.29609841498274 3.030910118545111 6814702.585021532 1640
0.475119 48.73519154281855 2.193559598289426 6118122.98235184 1056
0.496715 27.90832001294881 1.746629760063554 3208100.850937966 683
0.518311 18.28233128297827 1.586292284467702 1936209.59416305 350
0.539907 29.23639544040016 1.051051252283372 2840215.23163014 192
0.561504 38.69289857476316 0.3070745056864446 3455699.6337561 44
0.5831 28.66718202689618 0.02986813862412419 2354569.674019147 25


0.0215963 1.418779825959067 0.4801582984055575 1138231027.514138 18
0.0431926 0.6208486629750019 3.584898050759922 685114197.7077551 62
0.0647889 31.16297815990839 8.144209057657527 624648498.6215349 98
0.0863852 273.0344268371564 7.382401880052785 1328430070.939668 210
0.107981 588.8363826884735 2.914576673736802 1656472065.245706 350
0.129578 163.7613117323397 25.64481303840148 390553459.5839962 450
0.151174 229.1166094280044 27.25568461341697 360369591.3945286 602
0.17277 690.3024215080806 4.289677702880764 718818494.3813807 762
0.194367 189.7151346509067 23.49407595434017 169713985.6598588 1142
0.215963 326.684069130276 14.88987352299798 222094401.3460592 1250
0.237559 354.3984454058224 9.736062764535717 195153240.6790892 1458
0.259156 267.0149528639872 12.67863119146322 123748693.9783277 1814
0.280752 226.5379281934749 11.15076338437235 89194540.89490418 2178
0.302348 169.7052269046595 12.27703526777013 57850571.32915419 2498
0.323944 189.7437965902861 10.78952340271881 55734361.03219405 2622
0.345541 173.1052600732302 7.876449172917281 44376063.79202449 3191
0.367137 131.4293997270817 6.511245619545874 29837760.07695684 3044
0.388733 93.43354664705667 4.734232186402388 18907701.52626221 2736
0.41033 83.85835848300758 3.129410450409863 15152061.41289241 2276
0.431926 65.69148793262164 2.733233125901544 10698124.75099592 2016
0.453522 46.0887391719472 2.661024124504475 6820937.811603797 1640
0.475119 44.51735341216686 1.95741400834941 5984182.675602968 1056
0.496715 23.86796741172364 1.64175056772487 2940771.705765447 683
0.518311 17.82099852224407 1.367645401908379 2019365.924485457 350
0.539907 29.42520059532536 0.8029320096701938 3057942.253614169 192
0.561504 36.1186701455499 0.2232177940340972 3452609.773117794 44
0.5831 24.78714807176775 0.08339384945842541 2179753.976845654 25


0.0215963 4.909390340545731 0.267918744147846 1329501731.806379 18
0.0431926 12.60142716983603 2.701427591548752 877467348.2356966 62
0.0647889 1.71004469350223 8.659411970312044 443306239.5042143 98
0.0863852 118.2642410313965 12.78849916675664 781963910.9495571 210
0.107981 541.0184681014698 2.343048913790824 1626356979.658662 350
0.129578 331.3338853064923 14.76555050273675 724754645.7437813 450
0.151174 89.34638890149306 30.38969116878517 189304830.8765814 602
0.17277 587.3722432748361 5.757003197435137 655458935.9582621 762
0.194367 271.4252072427543 16.7008894018576 248378040.9850971 1142
0.215963 223.5155703405385 17.00818837843369 165586665.979745 1250
0.237559 336.5549447867926 8.159391116632344 197486933.4857683 1458
0.259156 246.1037566273748 11.36688591076327 121719152.0693815 1814
0.280752 222.9608500498154 9.328820923658208 93441922.57552192 2178
0.302348 159.4752090361912 10.91386965123961 57971723.85859673 2498
0.323944 166.3256878712993 10.10158484323623 52202008.28394411 2622
0.345541 156.5917460853853 7.195399244398919 42832506.31920764 3191
0.367137 117.769231770884 5.999336654142189 28532062.09193686 3044
0.388733 83.62249346242496 4.365943229662858 18056808.93117919 2736
0.41033 74.89904415805402 2.908978420288816 14436451.66604987 2276
0.431926 60.49732364088667 2.446930287484563 10504383.21974855 2016
0.453522 43.82637298145061 2.32560259752387 6912397.797549423 1640
0.475119 40.69810895654203 1.768709524604074 5833082.55936867 1056
0.496715 21.05283027741197 1.522878698739587 2767599.499169256 683
0.518311 17.15263981637187 1.196183110687863 2071058.708682523 350
0.539907 28.49644776210802 0.6460036622029947 3155370.522962024 192
0.561504 33.08350838565514 0.1931666337686362 3370667.53986708 44
0.5831 21.38690932864035 0.133258000736983 2005127.848723123 25


0.0215963 8.014746461856298 0.08014469127699765 1513218180.86342 18
0.0431926 34.31424623037267 1.406942299979361 1238082361.76016 62
0.0647889 23.51109732738541 6.902265878077873 612522890.1646898 98
0.0863852 27.18033191070691 15.49232146658322 433203375.7967553 210
0.107981 390.2232697607492 7.003898737267578 1293050110.608649 350
0.129578 466.091454122544 5.837231273848889 1030748915.499596 450
0.151174 78.25443793717922 27.97554495225066 182394699.3089654 602
0.17277 422.4328021658416 10.63189570948972 509876844.5409481 762
0.194367 349.6758203519956 10.48340585722654 332183644.2843014 1142
0.215963 156.3670046288985 17.82298496228975 126588623.7506391 1250
0.237559 302.0142064089312 7.718724736673868 188587633.0246467 1458
0.259156 225.1489991926016 10.38465452796438 118446943.2308576 1814
0.280752 218.7802418316872 7.820485622438308 97244474.23335658 2178
0.302348 156.3537713200895 9.4779077475261 60284241.83931611 2498
0.323944 151.082759774045 9.283215922346391 50429406.68757865 2622
0.345541 142.7893580320037 6.595394493601995 41513961.1887812 3191
0.367137 106.0175527667758 5.562532678837868 27307693.28950945 3044
0.388733 75.09477584084112 4.055894551928383 17238490.45097021 2736
0.41033 67.02401296322817 2.72922216408716 13729923.8009734 2276
0.431926 55.93361848662095 2.206972513193781 10315585.76131423 2016
0.453522 42.22205693966094 2.022417179851733 7068868.879150032 1640
0.475119 37.33850216489483 1.611102902476537 5684422.511786976 1056
0.496715 19.08170478000594 1.39963932522958 2665483.170007598 683
0.518311 16.2463041396216 1.065748328465429 2082841.23012079 350
0.539907 26.96969198630083 0.5471406686711486 3170448.192625612 192
0.561504 30.1576819098719 0.1827309077740976 3262601.478957003 44
0.5831 18.67734359113456 0.165446254932029 1859835.615784638 25


0.0215963 8.906706169141044 0.001115026425638601 1586984062.03688 18
0.0431926 51.34504677217711 0.3659542985301653 1551983948.038495 62
0.0647889 73.33253405377431 3.930249575166335 1011201742.600115 98
0.0863852 24.93519867746828 14.25680889310619 436906921.8110477 210
0.107981 208.5678012602674 13.45062699580405 822244040.2825778 350
0.129578 505.910443075078 1.700043238223193 1167789634.353924 450
0.151174 168.775953475571 21.18207591446087 329663456.0492733 602
0.17277 249.3733857156833 16.28969734049452 333850773.6921041 762
0.194367 393.3848335873282 6.228398503934231 391416038.366601 1142
0.215963 130.6450501080286 17.00303213352007 113726703.2911002 1250
0.237559 256.2589634779851 8.089807730703551 170211997.7600529 1458
0.259156 203.8078972182822 9.686186257987844 113749222.7556639 1814
0.280752 210.4588242669651 6.738885377876088 98953926.48663919 2178
0.302348 157.3218423720462 8.062274762483177 64060523.74918808 2498
0.323944 142.6165519564292 8.352127239272543 50396283.12681846 2622
0.345541 131.2691428221038 6.057100225185877 40425405.68144047 3191
0.367137 96.25637582166765 5.165633319576481 26269822.66152429 3044
0.388733 67.8122634952698 3.783302547062626 16493807.97363968 2736
0.41033 60.06062091685752 2.580936597100046 13033722.04911371 2276
0.431926 51.74668864351983 2.010984808200302 10102960.62648744 2016
0.453522 41.0233766155132 1.751452936517007 7265198.664463279 1640
0.475119 34.42518164277784 1.475157103650229 5548098.75106364 1056
0.496715 17.71077518593611 1.277041332153979 2619145.271764965 683
0.518311 15.14616152668628 0.9684443441759154 2055404.407266602 350
0.539907 25.17090191913106 0.4847910695810329 3131283.60938892 192
0.561504 27.56995033425357 0.1761122423353375 3156494.860993498 44
0.5831 16.64277215065356 0.1779277255337663 1754127.099752405 25


0.0215963 7.242318384205196 0.04617696220878931 1518523460.921783 18
0.0431926 54.15527420880838 0.01876419356847352 1646263706.026574 62
0.0647889 118.1555379264159 1.267631942355933 1405006023.060647 98
0.0863852 91.8367299903522 9.955250580705641 760638677.3105223 210
0.107981 73.015397119635 18.01921233055404 438821676.1221368 350
0.129578 437.56214922226 2.921851858105126 1075539088.523462 450
0.151174 300.6203531878309 12.76337392736247 558373809.51379 602
0.17277 120.4177601770616 20.20304400202668 190680393.7167639 762
0.194367 386.3023578827979 4.642647172984886 404772002.7640699 1142
0.215963 141.4333091710022 14.72148657312555 128173852.4523604 1250
0.237559 207.5252014320129 8.833447490159626 146705205.2763778 1458
0.259156 183.1336230457004 9.174315099033015 108184741.9707802 1814
0.280752 195.9925892370186 6.137013555617373 97307052.2102935 2178
0.302348 159.0012376152141 6.788444071870371 68166642.69198637 2498
0.323944 138.7701930476495 7.373018658982032 51705366.90308683 2622
0.345541 121.5381369041243 5.573332460633418 39523428.32723808 3191
0.367137 88.5672308221091 4.780744849554005 25528115.68551558 3044
0.388733 61.77629085453996 3.530753091798446 15871660.73151262 2736
0.41033 53.90797669033223 2.455507384040889 12357129.69386042 2276
0.431926 47.75883517518186 1.856291140809771 9842462.275646806 2016
0.453522 39.98663133459017 1.515050861416817 7468207.168246157 1640
0.475119 31.90499179006918 1.355695321069183 5426867.158106447 1056
0.496715 16.78594611099464 1.157262876880103 2619294.850372544 683
0.518311 13.91216425823245 0.8969870866345343 1992958.270019653 350
0.539907 23.27587735412968 0.4461422550882763 3055252.743021515 192
0.561504 25.36327588568632 0.1676783220872115 3063831.622525112 44
0.5831 15.18174109402708 0.1734535472894979 1688412.731321855 25


