0.0500471 7.326158206561e-06 1.08130173590652e-06 0.6243954533475985 18
0.100094 4.798034627226308e-05 1.002514803128891e-05 1.018868818000405 62
0.150141 0.0001584613075207925 2.824832185671725e-05 1.418339945132324 98
0.200188 0.0003784556614281125 9.781489354610188e-05 1.877337214262514 210
0.250235 0.0007618868505171306 0.0002194126198847284 2.438170555482991 350
0.300283 0.001117176979548863 0.0003642423551102771 2.489874421753135 450
0.35033 0.001811688238570234 0.0005665416810868443 2.93719515083603 602
0.400377 0.002491902610018871 0.0009095082099034608 3.074700183684572 762
0.450424 0.003287370258645297 0.001569942205371514 3.219602259378137 1142
0.500471 0.004314454524220646 0.002159284500266259 3.432824428574522 1250
0.550518 0.00529352529906661 0.003054351534530906 3.469318643825688 1458
0.600565 0.007162757765877037 0.004055530619206375 3.931000550490972 1814
0.650612 0.008272192770089511 0.005495283333833305 3.873708160372271 2178
0.700659 0.01030628193578515 0.007209960949498329 4.162772028952811 2498
0.750706 0.01216686499108511 0.009756736262813485 4.270288849154661 2622
0.800754 0.01371525640551191 0.01196074178541867 4.227514299953749 3338
0.850801 0.01553216333577057 0.01468773083064697 4.247764338712979 3722
0.900848 0.01803941975384712 0.0184504582470582 4.405183714117695 4170
0.950895 0.02011654354525685 0.02252873573180315 4.404828067927324 4358
1.00094 0.009941890720075272 0.01253839113126442 1.963053679565542 5034
1.05099 7.27005319407772e-34 5.851058812443585e-34 1.301308764186007e-31 5714
1.10104 7.643803497536051e-34 6.068240033409126e-34 1.246676828846974e-31 5982
1.15108 8.737029752186141e-34 6.529371471262705e-34 1.302577738339849e-31 6602
1.20113 8.867887521363081e-34 7.062807614829139e-34 1.213611848116262e-31 7130
1.25118 9.427812183337176e-34 7.480015821621503e-34 1.189290048055643e-31 8034
1.30122 1.030088389494779e-33 8.320842112318824e-34 1.201917578955703e-31 8606
1.35127 1.127793109606141e-33 8.531727954230291e-34 1.22006918869611e-31 9066
1.40132 1.171002077194725e-33 9.634510287420133e-34 1.177828199779701e-31 9962
1.45137 1.295242441192664e-33 1.006053681553866e-33 1.214476703885863e-31 10550
1.50141 1.350071763469286e-33 1.022510645728199e-33 1.182618425725777e-31 11226
1.55146 1.384076689785276e-33 1.14507395991522e-33 1.135267580444444e-31 12146
1.60151 1.44600042412489e-33 1.15947406917201e-33 1.112575510691029e-31 12303
1.65155 1.388237189830747e-33 1.14942899488859e-33 1.004081492938761e-31 12584
1.7016 1.343718338371428e-33 1.133513921391794e-33 9.158187582725699e-32 12120
1.75165 1.277697789535131e-33 1.074686414769994e-33 8.216971998889442e-32 11180
1.8017 1.226653719809055e-33 1.007602446909048e-33 7.455735866313225e-32 11096
1.85174 1.153531838623701e-33 9.356852985508885e-34 6.638210596220436e-32 10056
1.90179 1.189535910851673e-33 9.453767926168379e-34 6.489467572687387e-32 9716
1.95184 1.211346168870789e-33 9.943749832292916e-34 6.273300820708251e-32 8604
2.00188 1.339295593377595e-33 1.024040023229879e-33 6.591704113792734e-32 8060
2.05193 1.364397332890152e-33 1.060481876288397e-33 6.391835142672277e-32 7320
2.10198 1.389658966226091e-33 1.141219084844622e-33 6.206213448956246e-32 6356
2.15203 1.476976925811125e-33 1.117415769651911e-33 6.291753723243902e-32 5348
2.20207 1.468315948215751e-33 1.194730216187584e-33 5.971635607400131e-32 4308
2.25212 1.42778275069226e-33 1.181571836130196e-33 5.55185379903158e-32 3563
2.30217 1.307419988811995e-33 1.074397042463607e-33 4.867157892292549e-32 2448
2.35221 1.374502232822943e-33 1.121475943875802e-33 4.898879062698919e-32 1868
2.40226 1.406097618818146e-33 1.055445574727408e-33 4.801001802620989e-32 1358
2.45231 1.449244152999136e-33 1.101032396813636e-33 4.747191894197624e-32 1062
2.50235 1.490647223669406e-33 1.223968785392517e-33 4.695854077847378e-32 776
2.5524 1.582022146396295e-33 1.3160818386258e-33 4.79665483705013e-32 432
2.60245 1.477825895944588e-33 1.213389745230733e-33 4.295941004530854e-32 200
2.6525 1.320970949604219e-33 1.565737564342454e-33 3.69062269138907e-32 168
2.70254 2.125394046658041e-33 1.900243393676546e-33 5.728410889138135e-32 56
2.75259 3.37774693147718e-33 1.079970956347555e-33 8.781492441410174e-32 7


0.0500471 6.317716359580419e-07 3.300586506846473e-06 16.26589639916465 18
0.100094 1.974790693378453e-05 2.490863903627124e-05 16.73259000699264 62
0.150141 0.0001207235913885176 4.249487891591343e-05 18.05257982067238 98
0.200188 0.0005516985462885434 4.75676970827484e-05 34.45498419330123 210
0.250235 0.001177734377623606 1.0395998185932e-05 43.94310570884014 350
0.300283 0.0008883368115874038 0.0001565596683924078 23.68921672574265 450
0.35033 0.0001443580674638746 0.0004136119232880277 4.230882895351532 602
0.400377 0.0006289159673725072 0.0003258778564579906 9.47868041177993 762
0.450424 0.001747013322275532 4.623918925203791e-05 19.20115944733443 1142
0.500471 0.0007589693833516991 0.0003500004123704813 7.055114860692919 1250
0.550518 0.0004017320622509115 0.0004493957330222534 3.217450780024702 1458
0.600565 0.001811197486694058 7.996810877987716e-05 11.07353130456974 1814
0.650612 0.0007960961795441865 0.000390827062432424 4.259927619120457 2178
0.700659 0.0007860392721383761 0.0004030105133698534 3.615066635706195 2498
0.750706 0.001875193785217031 0.0001497839434161903 7.306802324659697 2622
0.800754 0.0007177818055411329 0.0004999011183214886 2.51729080722918 3338
0.850801 0.00138705605281921 0.0003560526311655692 4.23004334544358 3722
0.900848 0.001512979849396749 0.0003978405330878288 4.113981776974867 4170
0.950895 0.001278327826554596 0.0005548441446243033 3.128641719420916 4358
1.00094 0.0008714499957991904 0.0002148982867573272 1.910206982606983 5034
1.05099 2.278842995538172e-33 7.606700082613342e-34 4.5387998733911e-30 5714
1.10104 2.559720632094175e-33 8.844211953634553e-34 4.642523884104762e-30 5982
1.15108 2.977773202102129e-33 9.832534954978332e-34 4.931480742719577e-30 6602
1.20113 3.320753199158025e-33 1.152296123078725e-33 5.046130055120516e-30 7130
1.25118 3.739989428768745e-33 1.288893499900564e-33 5.234927132196973e-30 8034
1.30122 4.064994943182553e-33 1.485495224544305e-33 5.261680050067116e-30 8606
1.35127 4.524075854658124e-33 1.668477001534297e-33 5.42721807507763e-30 9066
1.40132 4.966463528025826e-33 1.842441429823511e-33 5.53683319327206e-30 9962
1.45137 5.451586387294332e-33 2.041853836767371e-33 5.663551565964285e-30 10550
1.50141 6.071718059571581e-33 2.323964068163369e-33 5.891154360899347e-30 11226
1.55146 6.62753064768522e-33 2.611018982804801e-33 6.019590655172089e-30 12146
1.60151 7.282542929484154e-33 2.823888135068371e-33 6.20227742252043e-30 12303
1.65155 7.917115885573429e-33 3.049833477695037e-33 6.336254784004585e-30 12584
1.7016 8.329258703794354e-33 3.364993594766905e-33 6.280817975086724e-30 12120
1.75165 9.182870203870704e-33 3.734077422422954e-33 6.532326392685005e-30 11180
1.8017 9.910794601029926e-33 4.127612178052505e-33 6.662300107122135e-30 11096
1.85174 1.071499462380295e-32 4.569444739239106e-33 6.818372341442238e-30 10056
1.90179 1.161732415770002e-32 5.055293526682715e-33 7.007414106992618e-30 9716
1.95184 1.221511639507848e-32 5.296809162061696e-33 6.992684118154007e-30 8604
2.00188 1.307367288737068e-32 6.061910245135698e-33 7.113154420133517e-30 8060
2.05193 1.405618099176683e-32 6.460616148388747e-33 7.277937170902435e-30 7320
2.10198 1.492100763449342e-32 6.990447933656881e-33 7.364090490891935e-30 6356
2.15203 1.589240308617351e-32 7.693065043340522e-33 7.481073711200529e-30 5348
2.20207 1.636328601532782e-32 8.100734893243043e-33 7.353073002792689e-30 4308
2.25212 1.747894232672199e-32 8.703372924835372e-33 7.508684554016537e-30 3563
2.30217 1.910493906514709e-32 9.218166591551578e-33 7.855537853489074e-30 2448
2.35221 2.028141910662738e-32 1.051061848542797e-32 7.984443623755291e-30 1868
2.40226 2.23301255267189e-32 1.168639436247537e-32 8.421261300006265e-30 1358
2.45231 2.245739538721935e-32 1.142303979009934e-32 8.123192049518743e-30 1062
2.50235 2.570492384065278e-32 1.226109038674039e-32 8.939804501582342e-30 776
2.5524 2.367628501617343e-32 1.30705984410442e-32 7.927098601064047e-30 432
2.60245 2.636734839986605e-32 1.710592086444872e-32 8.466545729131522e-30 200
2.6525 2.799212973342161e-32 1.535632753335512e-32 8.632306699508086e-30 168
2.70254 2.361120326054699e-32 1.221994443965332e-32 7.025390358065538e-30 56
2.75259 1.513157435096136e-32 8.307816401916674e-33 4.343365057733305e-30 7


0.0500471 1.273417271514231e-08 1.315116280578753e-06 17.49940536067423 18
0.100094 2.257141562553323e-06 1.082043933796206e-05 16.24712816185091 62
0.150141 3.28956048053205e-05 1.951463759180405e-05 14.35414742720059 98
0.200188 0.00020125221629661 2.050686793776618e-05 26.70573287038183 210
0.250235 0.0004306281859087755 8.661057022934603e-06 32.30724385618081 350
0.300283 0.0001873418065346829 9.659588318793176e-05 11.75594318247678 450
0.35033 9.395177006122869e-05 0.0001438265207003785 5.340663634439173 602
0.400377 0.0006195462374381664 2.611566389146794e-05 16.93788221732873 762
0.450424 0.0002965564084415352 0.0001161678254636149 6.883872120812777 1142
0.500471 0.0002964749907828271 0.0001258241861368787 5.506532538943195 1250
0.550518 0.0006228685140599688 4.564190649135104e-05 8.857668053922387 1458
0.600565 0.0001573587927117916 0.0001755826760065229 2.135604512108473 1814
0.650612 0.000656243305560306 4.882857619206045e-05 6.608974448279617 2178
0.700659 0.0002138722396670695 0.0001753300573161819 1.993847226675309 2498
0.750706 0.0006727372910503894 7.177317804997164e-05 5.062402328597132 2622
0.800754 0.0003468637047516146 0.0001633593483115827 2.352853565366406 3338
0.850801 0.0005769144283758761 0.0001230418361656605 3.392141786815078 3722
0.900848 0.0005018520075504328 0.0001705078202880576 2.648756945456451 4170
0.950895 0.0006345001069864297 0.0001646516407428938 2.980408291597624 4358
1.00094 0.0002774622662256094 9.85045438102987e-05 1.17840037206247 5034
1.05099 1.876572746457538e-33 5.429384529717952e-34 7.195088591509954e-30 5714
1.10104 2.101424241049745e-33 6.234595456150918e-34 7.33171224798753e-30 5982
1.15108 2.371442543866594e-33 7.177441153986988e-34 7.555062553709771e-30 6602
1.20113 2.755345118055948e-33 8.309918208083016e-34 8.046200602764791e-30 7130
1.25118 3.054350926858053e-33 9.215874796265983e-34 8.211651263131598e-30 8034
1.30122 3.443557611505088e-33 1.048638644425867e-33 8.555952282634935e-30 8606
1.35127 3.756201882333783e-33 1.19618623317943e-33 8.64923520996319e-30 9066
1.40132 4.18409597008445e-33 1.30221942438739e-33 8.948284732880591e-30 9962
1.45137 4.599719156907776e-33 1.460454742010526e-33 9.165113012003018e-30 10550
1.50141 5.208606548702031e-33 1.604472061183586e-33 9.687030109431794e-30 11226
1.55146 5.539276533624895e-33 1.811718383693515e-33 9.644790181412673e-30 12146
1.60151 6.086659201324924e-33 2.021408369859707e-33 9.936199962408686e-30 12303
1.65155 6.632504047475666e-33 2.149345453375436e-33 1.017091324108108e-29 12584
1.7016 7.245393309682249e-33 2.381304133958474e-33 1.046550778676504e-29 12120
1.75165 7.877305327021158e-33 2.549088538182791e-33 1.073078997463298e-29 11180
1.8017 8.285492979533789e-33 2.75383215230757e-33 1.0664894728652e-29 11096
1.85174 9.116744074551188e-33 3.143619680630738e-33 1.110800156493529e-29 10056
1.90179 9.796157870360875e-33 3.463227892193605e-33 1.131297049908963e-29 9716
1.95184 1.028342255706531e-32 3.633570363749272e-33 1.126956836728768e-29 8604
2.00188 1.151475294760818e-32 4.059376990928337e-33 1.198894589090783e-29 8060
2.05193 1.211306883496294e-32 4.359538193463154e-33 1.20024392284348e-29 7320
2.10198 1.274111245572883e-32 4.594879925692868e-33 1.203197673664222e-29 6356
2.15203 1.383332898910647e-32 5.026500928511297e-33 1.245784572389157e-29 5348
2.20207 1.457527082160751e-32 5.354665362137367e-33 1.252902806844523e-29 4308
2.25212 1.487307449485859e-32 5.821657544416061e-33 1.222383282706913e-29 3563
2.30217 1.615731833288252e-32 5.995975839426871e-33 1.270764099942664e-29 2448
2.35221 1.707979870145258e-32 6.583842527686663e-33 1.2860441063162e-29 1868
2.40226 1.822683779177053e-32 7.158558023720654e-33 1.314648611023258e-29 1358
2.45231 1.93491496021791e-32 8.258954720236722e-33 1.339008182261798e-29 1062
2.50235 2.181785583509487e-32 8.526265087514891e-33 1.451321075822682e-29 776
2.5524 1.880481751994832e-32 8.50777655927452e-33 1.204374879298675e-29 432
2.60245 2.442490215551953e-32 1.053723562226826e-32 1.499284223471135e-29 200
2.6525 2.389746104478588e-32 1.070428998645624e-32 1.409540098197669e-29 168
2.70254 2.888909203593985e-32 1.034636664992482e-32 1.64299270889862e-29 56
2.75259 1.450324174042871e-32 4.239822548244942e-33 7.953539951192634e-30 7


0.0500471 2.553840783868237e-07 6.724008457843079e-07 18.53346703849708 18
0.100094 1.454681404386471e-07 6.326980525801905e-06 16.9754019167395 62
0.150141 9.540569422809396e-06 1.312653369611777e-05 12.44451651735479 98
0.200188 9.509939361832908e-05 1.581382551950723e-05 21.72325997937416 210
0.250235 0.0002390811195264083 5.126631379817035e-06 27.69161566601795 350
0.300283 8.678401131025657e-05 5.804428234564868e-05 9.628010583881917 450
0.35033 9.856067392044582e-05 6.820470076351318e-05 7.330256944001268 602
0.400377 0.0003596413637969224 1.16522469078311e-05 14.78910208417373 762
0.450424 7.888347868538968e-05 8.630999228705091e-05 3.454048857867493 1142
0.500471 0.000344157868317477 2.422495812574387e-05 8.985549903066815 1250
0.550518 0.0001195023496184542 8.491315516871179e-05 2.927090412173213 1458
0.600565 0.0003131803399687323 3.820753175277318e-05 5.606884470029924 1814
0.650612 0.000150716813702039 8.470364666100054e-05 2.455919275171785 2178
0.700659 0.0003341433590891402 3.988744136157877e-05 4.341940972960366 2498
0.750706 0.0001692478129585971 9.584709818067983e-05 2.013334218900839 2622
0.800754 0.0003117198499592507 5.863437642710239e-05 3.089040007840731 3338
0.850801 0.0002747930917228061 8.162682472381098e-05 2.432693619812702 3722
0.900848 0.0003001206183530084 8.921022572149595e-05 2.361364807726098 4170
0.950895 0.0003750691495907122 8.603467315647695e-05 2.621193038245583 4358
1.00094 0.0001531689567289653 5.505031555883739e-05 0.9717885553515023 5034
1.05099 1.654659283999183e-33 4.544249439940395e-34 9.442138609528948e-30 5714
1.10104 1.80854121397807e-33 5.010874779373674e-34 9.382258529216575e-30 5982
1.15108 2.028973249497262e-33 5.999102511634826e-34 9.61519198918111e-30 6602
1.20113 2.390917603804695e-33 6.808168297507381e-34 1.037440271425737e-29 7130
1.25118 2.57576734908095e-33 7.512326598282309e-34 1.028670039214485e-29 8034
1.30122 2.997462222658849e-33 8.475560017332882e-34 1.105275477115869e-29 8606
1.35127 3.30074217800907e-33 9.482435942182648e-34 1.127332748922343e-29 9066
1.40132 3.553172094302842e-33 1.079112112698308e-33 1.127658277690897e-29 9962
1.45137 4.102542286080867e-33 1.17681423253529e-33 1.211740871229823e-29 10550
1.50141 4.521002387174267e-33 1.294184129049175e-33 1.246310946021792e-29 11226
1.55146 4.768504423712463e-33 1.448900048087204e-33 1.230517606139744e-29 12146
1.60151 5.377386049597296e-33 1.628123424297376e-33 1.300587938224932e-29 12303
1.65155 5.821195380889023e-33 1.767635331570836e-33 1.322491465164495e-29 12584
1.7016 6.223184463165167e-33 1.942134912872591e-33 1.331658436303758e-29 12120
1.75165 6.705053031031643e-33 2.105767401071179e-33 1.353052196217352e-29 11180
1.8017 7.376199016159045e-33 2.228075036219184e-33 1.405577678003001e-29 11096
1.85174 8.189833635385345e-33 2.512851857191479e-33 1.47699447660031e-29 10056
1.90179 8.636416578714854e-33 2.70444463113999e-33 1.476037060310778e-29 9716
1.95184 9.058404674096703e-33 2.902013921765401e-33 1.469166696758535e-29 8604
2.00188 1.006232105744894e-32 3.276744713271287e-33 1.550538781608761e-29 8060
2.05193 1.052457186916282e-32 3.405538732728578e-33 1.542996302979835e-29 7320
2.10198 1.115521777921559e-32 3.722419411864518e-33 1.558762474813986e-29 6356
2.15203 1.237210500366542e-32 4.055997192669326e-33 1.648270684661307e-29 5348
2.20207 1.289050552747143e-32 4.19878880723082e-33 1.638953857018258e-29 4308
2.25212 1.382754408135768e-32 4.48171077169244e-33 1.680346176116903e-29 3563
2.30217 1.422580182856146e-32 4.962223810590736e-33 1.655142946378721e-29 2448
2.35221 1.529170495259683e-32 5.393004443448753e-33 1.703042317802915e-29 1868
2.40226 1.575162110674764e-32 5.812608018004644e-33 1.680537814624053e-29 1358
2.45231 1.764472431380453e-32 5.77712302588493e-33 1.804526294632225e-29 1062
2.50235 1.935155419187139e-32 6.451322165937862e-33 1.903033114296256e-29 776
2.5524 1.822233627875232e-32 6.273020301071267e-33 1.724505868550125e-29 432
2.60245 2.39502111185938e-32 7.409379229396905e-33 2.171912514136061e-29 200
2.6525 2.237541514024776e-32 7.566094847147175e-33 1.950096982456019e-29 168
2.70254 1.993176924444028e-32 7.948878912294929e-33 1.676936086900427e-29 56
2.75259 2.093698447317966e-32 2.600161500142599e-33 1.694142554264811e-29 7


0.0500471 5.379848194891745e-07 3.49698828944674e-07 19.42146127328135 18
0.100094 1.055644373107617e-06 3.924604319688597e-06 18.32967561881384 62
0.150141 1.899467879060402e-06 9.742144148560836e-06 11.71846401856109 98
0.200188 4.724521179094972e-05 1.425872674200792e-05 18.08814885861427 210
0.250235 0.0001578624087534541 3.194792213965604e-06 25.14780827209728 350
0.300283 6.086012726477022e-05 3.711331721386639e-05 9.587975501178306 450
0.35033 7.776819175370857e-05 4.154294659263452e-05 7.767955103448887 602
0.400377 0.0002230338774723631 1.123982523165479e-05 12.5062952029817 762
0.450424 5.713528976158807e-05 5.513625224201287e-05 3.480319406295067 1142
0.500471 0.0002345856169003314 1.414414260609321e-05 8.209137348862619 1250
0.550518 5.87348246381871e-05 6.050639465378421e-05 2.167466855085221 1458
0.600565 0.0002201908334366108 2.18409239918958e-05 5.263387294124007 1814
0.650612 0.0001141443410596471 5.13175009235529e-05 2.487617344152148 2178
0.700659 0.0001659862882923485 4.06651812342277e-05 2.955487675644675 2498
0.750706 0.0002058667464132831 3.780809615661532e-05 3.125283416093097 2622
0.800754 0.0001559473115026258 5.157764896183079e-05 2.111691900511566 3338
0.850801 0.0001929134608168289 5.042535543972514e-05 2.278884700336671 3722
0.900848 0.0002197869731368091 5.251728725604478e-05 2.299302172418389 4170
0.950895 0.0002176135398184055 6.440838306317197e-05 2.044856093593586 4358
1.00094 0.0001286189104897686 2.857148900729559e-05 1.077243109131689 5034
1.05099 1.461111961176312e-33 3.988193064271432e-34 1.112131019274817e-29 5714
1.10104 1.593290270731754e-33 4.347456814379524e-34 1.101720579185208e-29 5982
1.15108 1.864172421230077e-33 5.112681719463792e-34 1.175483863184473e-29 6602
1.20113 2.116055858855302e-33 5.882583482452227e-34 1.22213960258674e-29 7130
1.25118 2.338239352336959e-33 6.448217709450017e-34 1.241956197365154e-29 8034
1.30122 2.70076876362733e-33 7.327373156054847e-34 1.324044454224578e-29 8606
1.35127 3.015400748719791e-33 8.293944158868946e-34 1.368652937791329e-29 9066
1.40132 3.271579966371454e-33 9.303458821542622e-34 1.379302903304731e-29 9962
1.45137 3.694294127439361e-33 1.024675785894605e-33 1.449508284185885e-29 10550
1.50141 4.09905762289529e-33 1.140329841979911e-33 1.50081195526987e-29 11226
1.55146 4.323017786135756e-33 1.249275708904303e-33 1.481069431766176e-29 12146
1.60151 4.877275718071903e-33 1.369215645437691e-33 1.565252338014837e-29 12303
1.65155 5.150802964544727e-33 1.518424294887111e-33 1.553326976877606e-29 12584
1.7016 5.731781541180824e-33 1.679387358141688e-33 1.627213684245852e-29 12120
1.75165 6.118785186943946e-33 1.760585923015702e-33 1.637513459947674e-29 11180
1.8017 6.448009126302966e-33 1.983502918234891e-33 1.630747444054712e-29 11096
1.85174 7.075204576636616e-33 2.197552261533736e-33 1.693098242285413e-29 10056
1.90179 7.607860536011909e-33 2.353021396356922e-33 1.724760659753882e-29 9716
1.95184 8.14924434677999e-33 2.54434549506237e-33 1.752849254762656e-29 8604
2.00188 9.096133362068831e-33 2.779510954047766e-33 1.858177171267016e-29 8060
2.05193 9.722277488254449e-33 2.927783903856669e-33 1.889257299492522e-29 7320
2.10198 1.049662301241778e-32 3.044200923585666e-33 1.943071145447954e-29 6356
2.15203 1.146920033408495e-32 3.371171752057334e-33 2.024430357046495e-29 5348
2.20207 1.173073543880259e-32 3.626612291820449e-33 1.976665531028857e-29 4308
2.25212 1.240906037184211e-32 3.961307777083273e-33 1.99872618425276e-29 3563
2.30217 1.306631181394862e-32 4.221736749167415e-33 2.014262895467219e-29 2448
2.35221 1.409699913530339e-32 4.515852481834158e-33 2.079749627788739e-29 1868
2.40226 1.508833759694401e-32 4.958809241959524e-33 2.132222103872617e-29 1358
2.45231 1.528170529730025e-32 4.660505720328777e-33 2.070236708012849e-29 1062
2.50235 1.7584338823934e-32 5.523845326465028e-33 2.290560465462491e-29 776
2.5524 1.765952217459327e-32 5.881838181484267e-33 2.214200667539679e-29 432
2.60245 1.809018986628379e-32 7.262507304072709e-33 2.17617242557844e-29 200
2.6525 2.267896815473879e-32 6.125620199381095e-33 2.616061759761393e-29 168
2.70254 1.938332001086807e-32 6.042962389469533e-33 2.158510364612835e-29 56
2.75259 8.899517170723946e-33 6.612278151189753e-33 9.612434705241357e-30 7


0.0500471 7.350973250592321e-07 1.650728478939267e-07 20.12083263443735 18
0.100094 2.631103134888692e-06 2.362443433842278e-06 19.94648658572476 62
0.150141 3.583779877211244e-07 7.283754443167998e-06 11.91395094716549 98
0.200188 2.229090580293875e-05 1.324296702035476e-05 15.45529575701372 210
0.250235 0.0001120521224352398 2.730752729402855e-06 23.16938586505481 350
0.300283 5.260561663167637e-05 2.451829255638806e-05 10.22615116188632 450
0.35033 5.652206427233331e-05 2.983118407744398e-05 7.511284551785534 602
0.400377 0.0001535631764853579 9.96833903141647e-06 11.05113335035076 762
0.450424 5.219523325894859e-05 3.686641973643711e-05 3.872005573870353 1142
0.500471 0.0001510674227440054 1.489874295288471e-05 6.790999167863849 1250
0.550518 7.042436852052176e-05 3.628807602318571e-05 2.956367179271415 1458
0.600565 0.0001204745347610309 2.566284280802792e-05 3.761615939408852 1814
0.650612 0.0001309092469662107 2.441933113742407e-05 3.410614456700558 2178
0.700659 8.338813193850185e-05 3.860208405875833e-05 1.971724371192958 2498
0.750706 0.0001513825741208148 2.665343707611374e-05 2.889821529535628 2622
0.800754 0.0001252419230456831 3.372956065485506e-05 2.119977624629377 3338
0.850801 0.0001424563607854532 3.544806679842172e-05 2.114767851158353 3722
0.900848 0.0001430773224069491 4.193645166147385e-05 1.896182153361455 4170
0.950895 0.0001776884614446695 4.091604438902121e-05 2.081438280842753 4358
1.00094 7.600753162655786e-05 2.503101810616525e-05 0.8087030021777155 5034
1.05099 1.348273761890781e-33 3.526989708920909e-34 1.286045952410138e-29 5714
1.10104 1.449787413928781e-33 3.969018035901545e-34 1.25676613070195e-29 5982
1.15108 1.723308768445745e-33 4.597523969087577e-34 1.360505885883531e-29 6602
1.20113 1.915811832110472e-33 5.273285284205697e-34 1.385313341294899e-29 7130
1.25118 2.104007786368589e-33 5.787258725578947e-34 1.398725913294682e-29 8034
1.30122 2.393732800572844e-33 6.728322170114355e-34 1.469063312907412e-29 8606
1.35127 2.764145138646277e-33 7.464424706973175e-34 1.568555481827607e-29 9066
1.40132 2.917047309310042e-33 8.536010332275277e-34 1.538388946708959e-29 9962
1.45137 3.372633700523633e-33 9.285191200566995e-34 1.653569056122168e-29 10550
1.50141 3.725749781418703e-33 1.035973613570949e-33 1.704183469778846e-29 11226
1.55146 3.973446550343514e-33 1.095006026519021e-33 1.699339090707541e-29 12146
1.60151 4.381093723672705e-33 1.235217176900429e-33 1.755920241722754e-29 12303
1.65155 4.765039004881124e-33 1.360163062902622e-33 1.793528264635648e-29 12584
1.7016 5.274528008668511e-33 1.473216546917443e-33 1.86830337346227e-29 12120
1.75165 5.663352007496229e-33 1.549004006803869e-33 1.890550784376901e-29 11180
1.8017 6.07420078751046e-33 1.735437121122049e-33 1.915634281232827e-29 11096
1.85174 6.646992061760104e-33 1.887736969253662e-33 1.982948492195862e-29 10056
1.90179 7.062104824238828e-33 2.064667955189152e-33 1.99635335997345e-29 9716
1.95184 7.638572236186954e-33 2.226825048689821e-33 2.048275091076515e-29 8604
2.00188 8.356964904843233e-33 2.495297273265324e-33 2.128795259043577e-29 8060
2.05193 8.720173456933664e-33 2.616703644397799e-33 2.113126383851716e-29 7320
2.10198 9.185027858339105e-33 2.85880321121732e-33 2.121302632123875e-29 6356
2.15203 1.011634516429353e-32 3.047478873525927e-33 2.226716947115515e-29 5348
2.20207 1.085811971475895e-32 3.15796268884864e-33 2.279961598169407e-29 4308
2.25212 1.142139156472673e-32 3.535890005435522e-33 2.292907623092472e-29 3563
2.30217 1.152376478084224e-32 3.764411136708581e-33 2.214746444919987e-29 2448
2.35221 1.351773388117599e-32 3.913314699558806e-33 2.484062545371473e-29 1868
2.40226 1.379672887630357e-32 4.647727053298394e-33 2.430468119111675e-29 1358
2.45231 1.518588842508204e-32 4.054778943181885e-33 2.561677712625695e-29 1062
2.50235 1.572391002184133e-32 4.746971261547608e-33 2.551862036300004e-29 776
2.5524 1.571848840734356e-32 5.131979105357834e-33 2.455521311346795e-29 432
2.60245 1.837750083228301e-32 6.175124536438802e-33 2.752225529822841e-29 200
2.6525 1.92396196844131e-32 5.904824174799255e-33 2.766519421040785e-29 168
2.70254 1.798078181447268e-32 6.095673320314936e-33 2.495173053786306e-29 56
2.75259 7.93101520613775e-33 7.99513886915295e-33 1.072931016806437e-29 7


0.0500471 8.198321051198043e-07 6.148024520407559e-08 20.58634482329067 18
0.100094 4.052334194378963e-06 1.295284908947205e-06 21.51343312492206 62
0.150141 1.560164411512624e-06 5.250525120842788e-06 12.7944436795878 98
0.200188 9.252694226784239e-06 1.20864259924859e-05 13.78173093573048 210
0.250235 8.109784627235874e-05 3.226651796908891e-06 21.23645430321108 350
0.300283 5.01515370408074e-05 1.622934665915398e-05 11.14703280380071 450
0.35033 3.961768393362313e-05 2.371459744450786e-05 7.00896391778193 602
0.400377 0.000115337080281172 8.151863923405681e-06 10.19668854029942 762
0.450424 4.627590765049725e-05 2.654398635692849e-05 4.098602044905714 1142
0.500471 0.0001021314474388492 1.480776995581529e-05 5.7195447164324 1250
0.550518 7.532126147479302e-05 2.224475156598271e-05 3.613425012019042 1458
0.600565 6.957723189706581e-05 2.535518337620747e-05 2.790802322767729 1814
0.650612 0.0001146181395464347 1.500089012927851e-05 3.565392682892033 2178
0.700659 7.187861525075425e-05 2.733319755382573e-05 2.039151327758985 2498
0.750706 8.865394908783621e-05 2.739582931057822e-05 2.1146341443788 2622
0.800754 0.0001033300129095685 2.383744305623903e-05 2.103373580287247 3338
0.850801 0.0001076864381999858 2.741032388239382e-05 1.936540770667006 3722
0.900848 0.0001152289831890008 3.049665704295242e-05 1.83899777124436 4170
0.950895 0.0001181691361746531 3.592308835691507e-05 1.689970133639509 4358
1.00094 7.192217024122e-05 1.548524593994799e-05 0.9100973310413507 5034
1.05099 1.204870039980678e-33 3.241097501747651e-34 1.387181852019324e-29 5714
1.10104 1.367140310942326e-33 3.542278502537339e-34 1.426155023332063e-29 5982
1.15108 1.556594485463475e-33 4.226638400880918e-34 1.480977055650463e-29 6602
1.20113 1.759342531275895e-33 4.719053417132365e-34 1.530813316375347e-29 7130
1.25118 1.969236933513013e-33 5.247396985015617e-34 1.574136977402529e-29 8034
1.30122 2.244094983882139e-33 6.165083369014296e-34 1.655886529639802e-29 8606
1.35127 2.482446951746305e-33 6.996215448543407e-34 1.695419197282143e-29 9066
1.40132 2.818648651001024e-33 7.376353571322958e-34 1.78297018657991e-29 9962
1.45137 3.130485904662498e-33 8.41341514490833e-34 1.843473381856932e-29 10550
1.50141 3.51108569128199e-33 9.354660672421372e-34 1.92783689882294e-29 11226
1.55146 3.694289976401651e-33 1.009063827787562e-33 1.89714071599292e-29 12146
1.60151 4.049483271142788e-33 1.136821704848342e-33 1.948695953772587e-29 12303
1.65155 4.415684170023637e-33 1.22808347906358e-33 1.994459420540959e-29 12584
1.7016 4.952835604893834e-33 1.356184587628758e-33 2.104969326287908e-29 12120
1.75165 5.27031249923884e-33 1.44835580511234e-33 2.111220416805453e-29 11180
1.8017 5.63802016141838e-33 1.586436249829376e-33 2.133016096070993e-29 11096
1.85174 6.113844972608312e-33 1.707502763144604e-33 2.187515065088883e-29 10056
1.90179 6.592177304340153e-33 1.851311216454583e-33 2.234303466980667e-29 9716
1.95184 7.176526520698388e-33 2.008675918317245e-33 2.306923882040113e-29 8604
2.00188 7.863957874236041e-33 2.234418057253817e-33 2.401023184067175e-29 8060
2.05193 8.30411176923533e-33 2.341393346601279e-33 2.411435821312682e-29 7320
2.10198 8.812757860164217e-33 2.548368142391804e-33 2.438544228535079e-29 6356
2.15203 9.588012937140015e-33 2.764095322700234e-33 2.529064465398154e-29 5348
2.20207 1.022046254181218e-32 2.916050904480066e-33 2.571942566012272e-29 4308
2.25212 1.084590565285875e-32 3.133354644852941e-33 2.608349233083478e-29 3563
2.30217 1.159730698429074e-32 3.122658320135986e-33 2.667218630951333e-29 2448
2.35221 1.20826714461118e-32 3.669764189002232e-33 2.661852563631239e-29 1868
2.40226 1.395800880488289e-32 3.894829257313822e-33 2.942676674824712e-29 1358
2.45231 1.268746206259273e-32 4.065473064403846e-33 2.56766415422434e-29 1062
2.50235 1.444598415056518e-32 4.347005561490635e-33 2.808866251725014e-29 776
2.5524 1.587344901390032e-32 4.31362030043808e-33 2.967447571789028e-29 432
2.60245 1.903407993498042e-32 5.397579843000287e-33 3.411366521617039e-29 200
2.6525 1.761043132957092e-32 6.309637329640335e-33 3.036689436465337e-29 168
2.70254 1.691316886903063e-32 5.576018225179511e-33 2.811648737898387e-29 56
2.75259 2.05293467892891e-32 4.619332726327777e-33 3.284237580133837e-29 7


0.0500471 7.982982264403208e-07 1.237166513479793e-08 20.80091124985461 18
0.100094 4.967439541277889e-06 5.952941823966137e-07 22.77560810232918 62
0.150141 3.839603647992191e-06 3.533030392941324e-06 14.08966413747487 98
0.200188 3.480701843063082e-06 1.060704772318345e-05 13.06349769368655 210
0.250235 5.790447638615315e-05 4.241301341217161e-06 19.21177940939433 350
0.300283 4.961066512159958e-05 1.04851674947261e-05 12.15536146004245 450
0.35033 2.718332293681166e-05 1.998764092980105e-05 6.475727425832545 602
0.400377 9.22233510564996e-05 6.400270061133626e-06 9.692038468940828 762
0.450424 3.96062511444338e-05 2.043379678875425e-05 4.157865144130497 1142
0.500471 7.421329675643112e-05 1.359909718213382e-05 5.040322466220058 1250
0.550518 7.13856856846141e-05 1.482382065776992e-05 3.930670900878127 1458
0.600565 4.713385495878568e-05 2.226796621570359e-05 2.349481419978991 1814
0.650612 8.939665918685083e-05 1.24661463876319e-05 3.28863070947925 2178
0.700659 6.98736243781391e-05 1.851234947231997e-05 2.275528388034681 2498
0.750706 6.280409391400728e-05 2.378408663984565e-05 1.805293859876625 2622
0.800754 8.126053513798493e-05 1.92608188838671e-05 1.951888327704366 3338
0.850801 8.109808919409212e-05 2.303263802644427e-05 1.728307035807419 3722
0.900848 9.792993909556728e-05 2.268893474331448e-05 1.826806442043199 4170
0.950895 0.0001009277713148383 2.67949246534457e-05 1.686444635442023 4358
1.00094 5.29930711077755e-05 1.346969833992327e-05 0.7916459596482225 5034
1.05099 1.150877098036264e-33 2.985270291121793e-34 1.552725887324265e-29 5714
1.10104 1.257918556177928e-33 3.341251531613954e-34 1.539807503378962e-29 5982
1.15108 1.447630993737485e-33 3.918635048056136e-34 1.614220472737995e-29 6602
1.20113 1.651150242963422e-33 4.359155494658401e-34 1.681886285456928e-29 7130
1.25118 1.822450320309392e-33 4.850037829749873e-34 1.705628463336146e-29 8034
1.30122 2.127676693706159e-33 5.591373507471329e-34 1.835569290398707e-29 8606
1.35127 2.427994213632767e-33 6.251519113025282e-34 1.935904101017004e-29 9066
1.40132 2.533107174864998e-33 7.000095928666604e-34 1.876276701548084e-29 9962
1.45137 2.85784720605172e-33 7.867300615893922e-34 1.968721684405533e-29 10550
1.50141 3.248505973817004e-33 8.780268097006597e-34 2.085481952254199e-29 11226
1.55146 3.408830319733052e-33 9.501209860164741e-34 2.046574110533161e-29 12146
1.60151 3.861366229206705e-33 1.037008906863667e-33 2.169444539877534e-29 12303
1.65155 4.159455553648481e-33 1.113644849533381e-33 2.193245947845229e-29 12584
1.7016 4.650240301000222e-33 1.262052575318534e-33 2.307769406759274e-29 12120
1.75165 4.853991446614008e-33 1.36373598227297e-33 2.27120890099602e-29 11180
1.8017 5.325531451694357e-33 1.462801460185719e-33 2.351520489362289e-29 11096
1.85174 5.76421528378701e-33 1.603125858305485e-33 2.40744413797236e-29 10056
1.90179 6.166796447531743e-33 1.729056930357204e-33 2.439435437438224e-29 9716
1.95184 6.758354672366851e-33 1.887329670144331e-33 2.535213831610482e-29 8604
2.00188 7.298791200619449e-33 2.051569858931981e-33 2.600057847675932e-29 8060
2.05193 7.838085384464088e-33 2.139284865172457e-33 2.654625002206198e-29 7320
2.10198 8.452880253306275e-33 2.284087767447092e-33 2.726721640160166e-29 6356
2.15203 8.865541184611352e-33 2.535461309731209e-33 2.727651947299679e-29 5348
2.20207 9.466524147408695e-33 2.66728341129919e-33 2.778257381084377e-29 4308
2.25212 1.028393947871593e-32 2.887909138490611e-33 2.883748172881092e-29 3563
2.30217 1.054194169479358e-32 3.053603162656346e-33 2.829159359948107e-29 2448
2.35221 1.150225786616228e-32 3.42059571838204e-33 2.954515265254441e-29 1868
2.40226 1.277860588334638e-32 3.702809651487901e-33 3.142199900809218e-29 1358
2.45231 1.23833191072139e-32 3.659615905006021e-33 2.920242831082959e-29 1062
2.50235 1.318635376745666e-32 4.154859233509395e-33 2.99057412135168e-29 776
2.5524 1.409411802275165e-32 4.19556959129886e-33 3.073586953849796e-29 432
2.60245 1.794541481365744e-32 4.823902882456384e-33 3.747697727460501e-29 200
2.6525 1.765156529777393e-32 5.483259672961801e-33 3.544944980206982e-29 168
2.70254 1.55382793471746e-32 5.60227857509766e-33 3.013718122769147e-29 56
2.75259 6.15768581193711e-33 8.431387601837283e-33 1.17900056068303e-29 7


0.0500471 6.938493835776346e-07 2.881755613329188e-10 20.78454342679369 18
0.100094 5.256502821928341e-06 1.922876274403886e-07 23.56316867506846 62
0.150141 6.191969684577794e-06 2.138564992949817e-06 15.50766300877182 98
0.200188 2.379322293396968e-06 8.829910021619924e-06 13.23326524358573 210
0.250235 3.979302125803663e-05 5.416776042183182e-06 17.14608657598611 350
0.300283 4.920490978080711e-05 6.46602426495556e-06 13.09774560529762 450
0.35033 1.858587481942407e-05 1.734171013754747e-05 6.030650875902181 602
0.400377 7.681451262581724e-05 4.967464201939096e-06 9.366384282206702 762
0.450424 3.326998624253628e-05 1.657229087166471e-05 4.115169239819567 1142
0.500471 5.777630889964929e-05 1.1948661492314e-05 4.639480187413907 1250
0.550518 6.384481198097178e-05 1.084066810134122e-05 4.014077537864001 1458
0.600565 3.686823861861628e-05 1.871258941263859e-05 2.187853336870635 1814
0.650612 6.818024266302581e-05 1.156686725046343e-05 2.933827097877779 2178
0.700659 6.418528649859013e-05 1.345052353930192e-05 2.377718472740377 2498
0.750706 5.518795407006754e-05 1.855825836743165e-05 1.819707032394877 2622
0.800754 6.48514741471931e-05 1.627728190082246e-05 1.80571222614845 3338
0.850801 6.633702731053084e-05 1.895041441595514e-05 1.633254768884618 3722
0.900848 7.839227629958368e-05 1.913803897437419e-05 1.689246866791636 4170
0.950895 8.825132299765172e-05 2.058781061015531e-05 1.687579009827438 4358
1.00094 3.952168534991101e-05 1.207701579336984e-05 0.685765101801718 5034
1.05099 1.073952540002983e-33 2.78686597733553e-34 1.665901399636492e-29 5714
1.10104 1.188246914246067e-33 3.13958026911532e-34 1.671720827789305e-29 5982
1.15108 1.406638722663568e-33 3.556732152578094e-34 1.797181406964245e-29 6602
1.20113 1.536470688895299e-33 4.08372070912001e-34 1.797235878590044e-29 7130
1.25118 1.741188488913032e-33 4.525634157734692e-34 1.868797345780372e-29 8034
1.30122 1.94133723751811e-33 5.257150979107408e-34 1.922674391065402e-29 8606
1.35127 2.2306828763474e-33 6.078381714882547e-34 2.042578483058258e-29 9066
1.40132 2.448341414707196e-33 6.397726712488375e-34 2.075940044553741e-29 9962
1.45137 2.766764462138073e-33 7.186484017248161e-34 2.181231437194951e-29 10550
1.50141 3.078422814833601e-33 8.097328877603625e-34 2.262836188943118e-29 11226
1.55146 3.333018365948399e-33 8.548202694652408e-34 2.287877805966188e-29 12146
1.60151 3.619035744663601e-33 9.682658312251648e-34 2.328043416064361e-29 12303
1.65155 3.903339609533712e-33 1.066757287369152e-33 2.357199428087321e-29 12584
1.7016 4.350469155074144e-33 1.184996698390751e-33 2.471500196049501e-29 12120
1.75165 4.672779232274108e-33 1.249886525456116e-33 2.500331454136729e-29 11180
1.8017 4.99552376144103e-33 1.369315541135769e-33 2.523963972733469e-29 11096
1.85174 5.594634225429915e-33 1.483348947811336e-33 2.671402123285904e-29 10056
1.90179 5.882392159991273e-33 1.608034697708541e-33 2.661000690154632e-29 9716
1.95184 6.373338357660988e-33 1.754003048299042e-33 2.73414635193059e-29 8604
2.00188 6.859958982534338e-33 1.908848155261487e-33 2.794554886262565e-29 8060
2.05193 7.478381495240454e-33 2.002547217611632e-33 2.895535142266595e-29 7320
2.10198 7.977956542285833e-33 2.160670218456954e-33 2.94266482594391e-29 6356
2.15203 8.268909439460999e-33 2.365234244137156e-33 2.908748453778263e-29 5348
2.20207 8.897473722340028e-33 2.464097687175641e-33 2.984693726836469e-29 4308
2.25212 9.710251854110607e-33 2.706019393964499e-33 3.112360342801568e-29 3563
2.30217 9.954028830757895e-33 2.828229030440081e-33 3.052960158295007e-29 2448
2.35221 1.116021107161522e-32 3.192689633996548e-33 3.275328466116223e-29 1868
2.40226 1.20298287899104e-32 3.398854980096146e-33 3.380007743135309e-29 1358
2.45231 1.25018432295051e-32 3.228216764997633e-33 3.365144783837962e-29 1062
2.50235 1.314495234547247e-32 3.734281232627942e-33 3.403845404639498e-29 776
2.5524 1.428586150342493e-32 3.676446594735519e-33 3.555377481823485e-29 432
2.60245 1.885459608504157e-32 4.827149638589296e-33 4.497586323558967e-29 200
2.6525 1.757950961896096e-32 4.634301824948959e-33 4.028705743826266e-29 168
2.70254 1.560330904539497e-32 4.564126450996594e-33 3.451961768747323e-29 56
2.75259 1.662970135040662e-32 4.442442218479515e-33 3.546025447288175e-29 7


0.0500471 5.388486502483005e-07 1.107740977159895e-08 20.591054724264 18
0.100094 4.951609886206938e-06 2.604747370528043e-08 23.8108453383313 62
0.150141 7.989404037842596e-06 1.097143764412009e-06 16.77229321771237 98
0.200188 4.126587685327026e-06 6.885854981028072e-06 14.1274549399669 210
0.250235 2.575597037892542e-05 6.469841510592993e-06 15.18707735967656 350
0.300283 4.797115726115364e-05 3.755793439185422e-06 13.83713840066391 450
0.35033 1.318741086390862e-05 1.517392175694017e-05 5.748507557871848 602
0.400377 6.547747100862847e-05 3.926385572755048e-06 9.108312948318183 762
0.450424 2.777882709241437e-05 1.395628023675518e-05 4.024511519943115 1142
0.500471 4.763193084574358e-05 1.025546677593069e-05 4.417718673511357 1250
0.550518 5.571988172376015e-05 8.578473552589188e-06 3.970582811859 1458
0.600565 3.13480523546918e-05 1.560296645481698e-05 2.141743594468025 1814
0.650612 5.298839423942083e-05 1.08027636368003e-05 2.636260032835285 2178
0.700659 5.62961545677719e-05 1.069407597424707e-05 2.357572986967209 2498
0.750706 5.162117215626886e-05 1.422824638614653e-05 1.905044071631763 2622
0.800754 5.333225025428301e-05 1.395504057232877e-05 1.694380872555254 3338
0.850801 5.830166847796941e-05 1.524338728785412e-05 1.621438049884055 3722
0.900848 6.27737957155405e-05 1.685745296216323e-05 1.54395901808934 4170
0.950895 7.230324962811474e-05 1.776518114882607e-05 1.571318591773709 4358
1.00094 3.48448388137981e-05 9.705679255801216e-06 0.6819856090241688 5034
1.05099 1.008199425839454e-33 2.647095987704189e-34 1.771982025982574e-29 5714
1.10104 1.139536187806763e-33 2.936269588446708e-34 1.812033455098765e-29 5982
1.15108 1.271911207792975e-33 3.458187148410938e-34 1.843258975103633e-29 6602
1.20113 1.464358476460256e-33 3.842523192521889e-34 1.935488303734508e-29 7130
1.25118 1.59216689998937e-33 4.416072629989812e-34 1.935245261289514e-29 8034
1.30122 1.893732441652965e-33 4.858844493548907e-34 2.115025968277136e-29 8606
1.35127 2.166342463510151e-33 5.57288286688351e-34 2.235731980370408e-29 9066
1.40132 2.309496364511578e-33 6.124312098116909e-34 2.211236451114747e-29 9962
1.45137 2.546637823322649e-33 7.056441039717291e-34 2.269439808717489e-29 10550
1.50141 2.867630235949216e-33 7.661318239541069e-34 2.378697401307451e-29 11226
1.55146 3.047452532478489e-33 8.437185646069041e-34 2.363486411905427e-29 12146
1.60151 3.400342595071062e-33 9.14687665840644e-34 2.466852571615881e-29 12303
1.65155 3.69126119582143e-33 9.947984338802238e-34 2.512363768022884e-29 12584
1.7016 4.135357135190111e-33 1.110879912887082e-33 2.6472566784527e-29 12120
1.75165 4.411855905141394e-33 1.194738692811196e-33 2.661021720562328e-29 11180
1.8017 4.74962352850938e-33 1.280073450081806e-33 2.70317129065558e-29 11096
1.85174 5.191065521421851e-33 1.445474068497011e-33 2.794867548252564e-29 10056
1.90179 5.61310952872915e-33 1.533777080120082e-33 2.860314718298968e-29 9716
1.95184 5.973831549166246e-33 1.639659148524922e-33 2.886469395842704e-29 8604
2.00188 6.421627401671969e-33 1.807826087790374e-33 2.946777514220721e-29 8060
2.05193 6.801606585112219e-33 1.939742489081777e-33 2.968282158256752e-29 7320
2.10198 7.493463041208072e-33 2.089750468256716e-33 3.113219844800855e-29 6356
2.15203 7.951962377232971e-33 2.227665772574773e-33 3.148651591943004e-29 5348
2.20207 8.470104498452081e-33 2.341679925421329e-33 3.19869762022848e-29 4308
2.25212 9.112378843109573e-33 2.550953190607941e-33 3.287964191790756e-29 3563
2.30217 9.405623831657683e-33 2.685793607838822e-33 3.247414126395721e-29 2448
2.35221 1.044693217029776e-32 3.086125771495755e-33 3.452126951765219e-29 1868
2.40226 1.161774046181184e-32 3.186748223499649e-33 3.672402722046116e-29 1358
2.45231 1.141902829593609e-32 3.098331624926963e-33 3.460355574320458e-29 1062
2.50235 1.265272361069371e-32 3.3792627915506e-33 3.684555842184744e-29 776
2.5524 1.331181446919115e-32 3.410530500037999e-33 3.727721166153927e-29 432
2.60245 1.742452691044601e-32 4.259931008478528e-33 4.674595041577757e-29 200
2.6525 1.509107779786052e-32 3.942430182235945e-33 3.890535314255087e-29 168
2.70254 1.515970531406773e-32 4.020084738468692e-33 3.770175900812217e-29 56
2.75259 1.598517985255072e-32 3.022539785757276e-33 3.823547368239576e-29 7


0.0500471 3.67829698842977e-07 3.26612403618417e-08 20.2966765459576 18
0.100094 4.188341186459558e-06 3.30513300955122e-08 23.55977599123738 62
0.150141 8.893129310823533e-06 4.215382508496128e-07 17.66532472804093 98
0.200188 7.272391816683059e-06 4.953653343427567e-06 15.49471028885415 210
0.250235 1.540823346798746e-05 7.193569032071028e-06 13.51778052769204 350
0.300283 4.54130738098209e-05 2.106829642787127e-06 14.26090911737927 450
0.35033 1.04241116265363e-05 1.319373069937055e-05 5.674549219500628 602
0.400377 5.632478945115222e-05 3.27438198394086e-06 8.844709463152348 762
0.450424 2.328112932601027e-05 1.205514683985809e-05 3.923042196109303 1142
0.500471 4.105668039016274e-05 8.687419769995527e-06 4.308994073762668 1250
0.550518 4.819902367965647e-05 7.203346695666295e-06 3.86495216673594 1458
0.600565 2.767580148524913e-05 1.311692043618122e-05 2.132982976254459 1814
0.650612 4.256817460318859e-05 9.936061738302258e-06 2.418731058089906 2178
0.700659 4.847017443626384e-05 9.069437131720741e-06 2.279077896453873 2498
0.750706 4.775075147677399e-05 1.124945204271971e-05 1.954759918492534 2622
0.800754 4.498401884004517e-05 1.209227871859023e-05 1.609688828757861 3338
0.850801 5.223401945660099e-05 1.242795159980393e-05 1.619039248719514 3722
0.900848 5.238973362313767e-05 1.474467176347285e-05 1.449918910440772 4170
0.950895 5.945226186065503e-05 1.580642461130271e-05 1.453993823248374 4358
1.00094 3.19474538927702e-05 7.746510034344804e-06 0.6945029790369951 5034
1.05099 9.596984617265369e-34 2.511869441546512e-34 1.886339671241338e-29 5714
1.10104 1.083419397275277e-33 2.800103084709775e-34 1.926194926761968e-29 5982
1.15108 1.229349902560632e-33 3.244299080250797e-34 1.988169909182555e-29 6602
1.20113 1.390362403510796e-33 3.714805982868771e-34 2.05401440226341e-29 7130
1.25118 1.565735559834367e-33 4.082208217078573e-34 2.119705530786703e-29 8034
1.30122 1.812731102702783e-33 4.623310820120297e-34 2.258296326630098e-29 8606
1.35127 2.029035253191538e-33 5.402330370885399e-34 2.338238212683063e-29 9066
1.40132 2.207336238814583e-33 5.8168306185795e-34 2.356072857872718e-29 9962
1.45137 2.567423220078198e-33 6.384607672099633e-34 2.542575692436198e-29 10550
1.50141 2.741395766303764e-33 7.298225512863739e-34 2.534126721579607e-29 11226
1.55146 3.001694384335166e-33 7.810436342263309e-34 2.589911105050097e-29 12146
1.60151 3.305048528720908e-33 8.533334496799977e-34 2.668297710387859e-29 12303
1.65155 3.577053877876234e-33 9.359994998092231e-34 2.709775168815362e-29 12584
1.7016 4.014060642498278e-33 1.054780140483431e-33 2.860098182554405e-29 12120
1.75165 4.234441608914153e-33 1.14648972948605e-33 2.843460261164464e-29 11180
1.8017 4.473681033928549e-33 1.216489461285395e-33 2.834853982420759e-29 11096
1.85174 5.02949688406609e-33 1.341294023088042e-33 3.011436872536906e-29 10056
1.90179 5.341764121882689e-33 1.451032573538094e-33 3.028949963490428e-29 9716
1.95184 5.743885170346112e-33 1.555832038260524e-33 3.087500064281195e-29 8604
2.00188 6.335792537128018e-33 1.676330697450661e-33 3.231387572106723e-29 8060
2.05193 6.604367165550522e-33 1.790152656150152e-33 3.203875368974359e-29 7320
2.10198 7.289429090342798e-33 1.963430619666841e-33 3.36707591634075e-29 6356
2.15203 7.905685762260307e-33 2.037046609492613e-33 3.477618925959296e-29 5348
2.20207 8.2077096792824e-33 2.260537376234223e-33 3.446954751089266e-29 4308
2.25212 8.85609761749446e-33 2.339077398707216e-33 3.550837721612013e-29 3563
2.30217 8.973874763592685e-33 2.553387905765072e-33 3.445277052945537e-29 2448
2.35221 9.914414443784163e-33 2.920144849201072e-33 3.642947305218339e-29 1868
2.40226 1.108898262775295e-32 3.003574036208904e-33 3.896589188567007e-29 1358
2.45231 1.051823124494384e-32 3.045275226227713e-33 3.546188860476171e-29 1062
2.50235 1.166348896306932e-32 3.331618764056176e-33 3.778704810626011e-29 776
2.5524 1.335262671504809e-32 3.315009000314036e-33 4.154788187227352e-29 432
2.60245 1.698263774787769e-32 4.266547962193842e-33 5.064608257973468e-29 200
2.6525 1.381810449744879e-32 4.203475942319112e-33 3.965133368860474e-29 168
2.70254 1.311946544835588e-32 4.368945178583819e-33 3.633740585709738e-29 56
2.75259 1.795030848528302e-32 3.282147257955574e-33 4.770441597735027e-29 7


0.0500471 2.115365751227493e-07 5.526272087647494e-08 19.98430336235563 18
0.100094 3.161333829642228e-06 1.466731291095437e-07 22.93996125828687 62
0.150141 8.811789982087952e-06 9.108045397228643e-08 18.05993656128898 98
0.200188 1.064296106780232e-05 3.215825772676378e-06 17.03147290349227 210
0.250235 8.51502846552795e-06 7.463405734977435e-06 12.30635428234011 350
0.300283 4.138794463711397e-05 1.330193544505326e-06 14.29660873075333 450
0.35033 9.7653108384201e-06 1.127317146083111e-05 5.826273598154609 602
0.400377 4.835353858036806e-05 2.974821504501539e-06 8.529553800944788 762
0.450424 1.976417190253297e-05 1.057467506342186e-05 3.835840314480281 1142
0.500471 3.658297554728318e-05 7.299632265199764e-06 4.271191569487038 1250
0.550518 4.159739731385699e-05 6.315111486738592e-06 3.73047023095716 1458
0.600565 2.480412766985354e-05 1.118238020735253e-05 2.130507777743358 1814
0.650612 3.538165456857793e-05 9.019256354083922e-06 2.267978432814993 2178
0.700659 4.170099810234928e-05 7.968985810495393e-06 2.185708913862599 2498
0.750706 4.325873657362604e-05 9.304794594332563e-06 1.954834142670287 2622
0.800754 3.871819790095316e-05 1.057694508925017e-05 1.543879277004318 3338
0.850801 4.647023526429089e-05 1.049842035175756e-05 1.593286650767411 3722
0.900848 4.55268620717732e-05 1.27800198045578e-05 1.398923163292687 4170
0.950895 5.110518234848425e-05 1.384279987703386e-05 1.388132668000482 4358
1.00094 2.836513645904145e-05 6.562234907308307e-06 0.6812539140754684 5034
1.05099 9.127293472427486e-34 2.41576729017044e-34 1.988275377969824e-29 5714
1.10104 1.032157139605257e-33 2.688257532512391e-34 2.031312913041642e-29 5982
1.15108 1.205763209865191e-33 3.0471421477312e-34 2.152563447075852e-29 6602
1.20113 1.372956690041479e-33 3.459491393690707e-34 2.23674148933943e-29 7130
1.25118 1.523577369488546e-33 3.8620591736946e-34 2.276615878611845e-29 8034
1.30122 1.67288374844944e-33 4.584648442007676e-34 2.308733982629324e-29 8606
1.35127 1.964172210825265e-33 5.133522557609343e-34 2.498246875157437e-29 9066
1.40132 2.087640397412792e-33 5.586668512902841e-34 2.461692774649606e-29 9962
1.45137 2.332283694936945e-33 6.410515132089362e-34 2.5572157981246e-29 10550
1.50141 2.632379875343975e-33 6.94488087771691e-34 2.684501880117095e-29 11226
1.55146 2.861070996707672e-33 7.573325792784485e-34 2.724627372291014e-29 12146
1.60151 3.080419253298512e-33 8.433161598511841e-34 2.747256673507873e-29 12303
1.65155 3.397301840076382e-33 8.960978964356983e-34 2.838539716692812e-29 12584
1.7016 3.819661427798119e-33 1.031036694656546e-33 3.002507570374389e-29 12120
1.75165 4.106475387598376e-33 1.083463893092419e-33 3.038313687108195e-29 11180
1.8017 4.338528549916118e-33 1.150899775103774e-33 3.028683421533137e-29 11096
1.85174 4.828204593370516e-33 1.277680111054389e-33 3.18550991642874e-29 10056
1.90179 5.127606633711968e-33 1.379027264240462e-33 3.203231319156821e-29 9716
1.95184 5.531721587429961e-33 1.485463449118929e-33 3.275505534796655e-29 8604
2.00188 5.910134278380425e-33 1.646036344368743e-33 3.323811727245879e-29 8060
2.05193 6.365701476362441e-33 1.692385422124503e-33 3.400600428655198e-29 7320
2.10198 6.890118696494579e-33 1.926379489539636e-33 3.507611951458224e-29 6356
2.15203 7.217907199195239e-33 2.021267225730061e-33 3.501089777127509e-29 5348
2.20207 7.901922583710252e-33 2.158160980453915e-33 3.654150150489985e-29 4308
2.25212 8.271373765582296e-33 2.27121138165249e-33 3.6535933923657e-29 3563
2.30217 8.845764867129564e-33 2.406148986551828e-33 3.736961171924085e-29 2448
2.35221 9.95266148130284e-33 2.689302699532368e-33 4.021814057990144e-29 1868
2.40226 1.01708304682515e-32 3.032586316703483e-33 3.939660480102972e-29 1358
2.45231 9.564792623599302e-33 3.006914829360919e-33 3.554102862566173e-29 1062
2.50235 1.05381070206904e-32 3.325419059324495e-33 3.763111573209384e-29 776
2.5524 1.209314400135301e-32 3.324696225664899e-33 4.146113717467867e-29 432
2.60245 1.573502333814164e-32 4.515488848804164e-33 5.171540912451656e-29 200
2.6525 1.401391526804243e-32 3.589763664116747e-33 4.417964811210467e-29 168
2.70254 1.211010028509166e-32 4.780250814987824e-33 3.701635306614859e-29 56
2.75259 1.264178216165401e-32 2.792440015185639e-33 3.702344385935028e-29 7


0.0500471 9.238825322510349e-08 7.194027916231045e-08 19.72722475197727 18
0.100094 2.080534992998918e-06 3.029395251751079e-07 22.13693841431532 62
0.150141 7.858432858785126e-06 4.97664240028963e-08 17.93703420906957 98
0.200188 1.335278593106369e-05 1.823269427572626e-06 18.43236643164447 210
0.250235 4.766819852513361e-06 7.240222766581469e-06 11.66600109367483 350
0.300283 3.604747590449413e-05 1.244956371777595e-06 13.92556366903502 450
0.35033 1.067594877963885e-05 9.380308911341202e-06 6.192169537386709 602
0.400377 4.10549035659386e-05 2.971774478418634e-06 8.139035490166332 762
0.450424 1.715057455998982e-05 9.345359289410492e-06 3.779726918188835 1142
0.500471 3.337671886764095e-05 6.101549198519904e-06 4.276254563357163 1250
0.550518 3.589256061621477e-05 5.716016689953551e-06 3.582683217633682 1458
0.600565 2.237359253564905e-05 9.675916885457234e-06 2.124692526637634 1814
0.650612 3.029138963060069e-05 8.124428059775841e-06 2.165411826593789 2178
0.700659 3.616507836222126e-05 7.123888874624556e-06 2.097751620734439 2498
0.750706 3.867307564989027e-05 8.008869664318576e-06 1.92096695757122 2622
0.800754 3.389762438315586e-05 9.322916894224164e-06 1.492527646979346 3338
0.850801 4.095932474247484e-05 9.192634057860858e-06 1.545288039934133 3722
0.900848 4.05915666458633e-05 1.10762112973659e-05 1.370258664133568 4170
0.950895 4.551995655994137e-05 1.200134820647151e-05 1.357429319872544 4358
1.00094 2.458598717127137e-05 5.853455653134807e-06 0.6497930691052256 5034
1.05099 8.725135710531883e-34 2.313796174485463e-34 2.087824875034621e-29 5714
1.10104 9.817691078398813e-34 2.575754500953637e-34 2.12193362350783e-29 5982
1.15108 1.147918011069659e-33 2.927567279656688e-34 2.249305920613519e-29 6602
1.20113 1.32435758564661e-33 3.3137600652415e-34 2.365183042186682e-29 7130
1.25118 1.445409793061197e-33 3.768019973951303e-34 2.370447285232121e-29 8034
1.30122 1.653943750419803e-33 4.345267676469279e-34 2.497230341524113e-29 8606
1.35127 1.889484616898291e-33 4.847647562612186e-34 2.630517366662268e-29 9066
1.40132 2.023552904640477e-33 5.308328790515876e-34 2.611173154042808e-29 9962
1.45137 2.28072780321198e-33 6.074549588126207e-34 2.734843078548598e-29 10550
1.50141 2.585643511640647e-33 6.54893717133093e-34 2.882017265731507e-29 11226
1.55146 2.77510659381798e-33 7.303651890163374e-34 2.891169630190752e-29 12146
1.60151 3.046548649308972e-33 7.922922870334398e-34 2.968300283521107e-29 12303
1.65155 3.224662203082724e-33 8.750255954286242e-34 2.949377807872311e-29 12584
1.7016 3.759869704107348e-33 9.788938212900841e-34 3.229231794424683e-29 12120
1.75165 3.977941778755575e-33 1.037804155602867e-33 3.217143738584498e-29 11180
1.8017 4.161442965568404e-33 1.108294040870933e-33 3.176240510657989e-29 11096
1.85174 4.639867608869603e-33 1.229514925614611e-33 3.346250076900419e-29 10056
1.90179 4.927880978979603e-33 1.304964550788341e-33 3.363576071496018e-29 9716
1.95184 5.326836789837123e-33 1.421139669470926e-33 3.446566000148419e-29 8604
2.00188 5.847480887034674e-33 1.528067957197196e-33 3.589066807320526e-29 8060
2.05193 6.03648837005278e-33 1.627573507571741e-33 3.524136443447252e-29 7320
2.10198 6.889731976106683e-33 1.785969932012454e-33 3.826757305978915e-29 6356
2.15203 7.057438068609284e-33 1.930522220351886e-33 3.738082060772055e-29 5348
2.20207 7.631192123320691e-33 2.077015200721957e-33 3.854300251778091e-29 4308
2.25212 7.799510708613143e-33 2.234340650868704e-33 3.765624418754968e-29 3563
2.30217 8.420962232757427e-33 2.335289511337012e-33 3.886226354520912e-29 2448
2.35221 9.738149902922639e-33 2.543665761071322e-33 4.29512859394458e-29 1868
2.40226 1.033247342298383e-32 2.818347453099689e-33 4.36504456930317e-29 1358
2.45231 1.006175636046341e-32 2.628693459940186e-33 4.072235365249595e-29 1062
2.50235 1.086575306860942e-32 3.006401686433668e-33 4.228834809896546e-29 776
2.5524 1.102899333607523e-32 3.329361670411082e-33 4.132915042923262e-29 432
2.60245 1.479147064064087e-32 4.553093847447786e-33 5.312320719361303e-29 200
2.6525 1.33612740628228e-32 3.523056817986552e-33 4.59983112903413e-29 168
2.70254 1.142075305373666e-32 3.899671252130402e-33 3.802051102234445e-29 56
2.75259 1.171963422011449e-32 3.855511275364248e-33 3.761893399459274e-29 7


0.0500471 2.193041325625701e-08 7.891686242966125e-08 19.57590455426883 18
0.100094 1.131832736366367e-06 4.477134877693388e-07 21.34988980949679 62
0.150141 6.293283457437776e-06 2.140607950141014e-07 17.38061959562971 98
0.200188 1.483860463105823e-05 8.700816505423583e-07 19.44288463330295 210
0.250235 3.688259027850465e-06 6.565697309052076e-06 11.6283564412302 350
0.300283 2.977782682157567e-05 1.659570194770386e-06 13.18920068774389 450
0.35033 1.260562930072277e-05 7.542934952098751e-06 6.731964762630875 602
0.400377 3.422021503458305e-05 3.195734433756122e-06 7.669401442616405 762
0.450424 1.533558746624295e-05 8.268276156329786e-06 3.765158005215269 1142
0.500471 3.093180369819655e-05 5.087349258793976e-06 4.303760141783387 1250
0.550518 3.096204892235662e-05 5.30214458867285e-06 3.42843236389314 1458
0.600565 2.026504970945459e-05 8.485763877832219e-06 2.114603013461371 1814
0.650612 2.656225411816515e-05 7.293608229247387e-06 2.095959866986902 2178
0.700659 3.171698405346588e-05 6.422772883763768e-06 2.021916653352803 2498
0.750706 3.441025053078058e-05 7.090983164849495e-06 1.870665507820009 2622
0.800754 3.010743674079332e-05 8.271018345418599e-06 1.452324560714717 3338
0.850801 3.598291730513462e-05 8.257276486501419e-06 1.486860707502845 3722
0.900848 3.670647607003521e-05 9.660034547497618e-06 1.350472947827918 4170
0.950895 4.111086086364378e-05 1.047260585757836e-05 1.33547352506571 4358
1.00094 2.129592283123954e-05 5.331829348153933e-06 0.6161953279092302 5034
1.05099 8.610149699356747e-34 2.184039934361092e-34 2.241224154977981e-29 5714
1.10104 9.535036936357245e-34 2.474670809289708e-34 2.245370196232229e-29 5982
1.15108 1.084522821825706e-33 2.870974661027962e-34 2.320144830432284e-29 6602
1.20113 1.273526821784213e-33 3.218753407586259e-34 2.477735367316251e-29 7130
1.25118 1.404431168881555e-33 3.580975998575977e-34 2.504539585292276e-29 8034
1.30122 1.626991050333109e-33 4.127908331793139e-34 2.668989106622079e-29 8606
1.35127 1.806704883187524e-33 4.6852480773744e-34 2.737559139999162e-29 9066
1.40132 1.987372289632208e-33 5.045563138039401e-34 2.785396759308287e-29 9962
1.45137 2.280345236715838e-33 5.624035507418292e-34 2.964782304609422e-29 10550
1.50141 2.436489967394578e-33 6.441401164260262e-34 2.956219061742724e-29 11226
1.55146 2.709077255481005e-33 6.926540899607988e-34 3.064219825271498e-29 12146
1.60151 2.958836870639647e-33 7.663064686519084e-34 3.131723454643318e-29 12303
1.65155 3.210668174228665e-33 8.25461574349959e-34 3.18504046705869e-29 12584
1.7016 3.593138415647526e-33 9.46141336068708e-34 3.352622338360795e-29 12120
1.75165 3.781320676939553e-33 1.013930468453395e-33 3.32313038195642e-29 11180
1.8017 4.017724081414099e-33 1.076035845589528e-33 3.329802103719662e-29 11096
1.85174 4.432255299141171e-33 1.185118447825676e-33 3.470918604722976e-29 10056
1.90179 4.707573800450542e-33 1.274150702550217e-33 3.489493833526623e-29 9716
1.95184 5.151655626428976e-33 1.35970081061318e-33 3.616742271456251e-29 8604
2.00188 5.497402747421402e-33 1.508891860203404e-33 3.665477499934145e-29 8060
2.05193 5.800208879463798e-33 1.562926288975261e-33 3.67430998695107e-29 7320
2.10198 6.40283593202951e-33 1.779834778427731e-33 3.863543202381695e-29 6356
2.15203 6.842449374335288e-33 1.849329331848702e-33 3.931070369056825e-29 5348
2.20207 7.398180554408783e-33 1.97013721548459e-33 4.051942480944857e-29 4308
2.25212 8.05853817898754e-33 2.013914472294537e-33 4.210976263123941e-29 3563
2.30217 8.411588001680936e-33 2.242417249078852e-33 4.207941945506844e-29 2448
2.35221 9.060706730237252e-33 2.510645357722374e-33 4.337920236754704e-29 1868
2.40226 1.036061972466909e-32 2.629076171093297e-33 4.741850979394496e-29 1358
2.45231 9.617181408711323e-33 2.574142715959274e-33 4.221993241738927e-29 1062
2.50235 1.087291607341752e-32 2.846761247016214e-33 4.585047033495068e-29 776
2.5524 1.160655616340437e-32 2.794453367045456e-33 4.702342122337406e-29 432
2.60245 1.537059245357754e-32 4.06010171262191e-33 5.973803467409134e-29 200
2.6525 1.26848662538595e-32 3.512305500513382e-33 4.737634743466966e-29 168
2.70254 1.252405128545651e-32 2.947712838836072e-33 4.502029634297207e-29 56
2.75259 1.119197353120571e-32 3.598199000291906e-33 3.892723757289618e-29 7


0.0500471 5.194857986594325e-10 7.549040246182326e-08 19.55044706357964 18
0.100094 4.471689147945352e-07 5.427139652455245e-07 20.75010658437597 62
0.150141 4.454378378857441e-06 4.866856789118843e-07 16.55335734277776 98
0.200188 1.487401267475683e-05 3.8076024474712e-07 19.90261728938666 210
0.250235 4.633740723504154e-06 5.548399430163748e-06 12.13376421068585 350
0.300283 2.312361111597499e-05 2.372485051961188e-06 12.18554934292526 450
0.35033 1.50032750474235e-05 5.823504460964969e-06 7.380387826418576 602
0.400377 2.783093702861587e-05 3.567642825601986e-06 7.135199678198006 762
0.450424 1.419924149043584e-05 7.287589099196494e-06 3.796896256706775 1142
0.500471 2.892087671357906e-05 4.247865883883331e-06 4.337389145314319 1250
0.550518 2.667697158675099e-05 5.013426145833279e-06 3.270948002672521 1458
0.600565 1.843724687908837e-05 7.525125892896932e-06 2.102353550340801 1814
0.650612 2.373846689538268e-05 6.542842317873357e-06 2.049147965447081 2178
0.700659 2.81370433661413e-05 5.819445399458666e-06 1.958704329853833 2498
0.750706 3.065495128757221e-05 6.39186761432169e-06 1.81586656044774 2622
0.800754 2.705800326568229e-05 7.381817183659604e-06 1.42031458740748 3338
0.850801 3.170422300886022e-05 7.527021081108552e-06 1.428229745389583 3722
0.900848 3.346010056677553e-05 8.500656480228393e-06 1.333373255550013 4170
0.950895 3.717799511070291e-05 9.285592503333841e-06 1.308994920991589 4358
1.00094 1.870355101599806e-05 4.868229250515902e-06 0.5888216297390462 5034
1.05099 8.600742109685729e-34 2.053964816608216e-34 2.417462532938082e-29 5714
1.10104 9.269693868060501e-34 2.373975183882163e-34 2.363729894209373e-29 5982
1.15108 1.042369650914664e-33 2.770071787658134e-34 2.416149352218243e-29 6602
1.20113 1.217469282715115e-33 3.133834859038561e-34 2.566813362594453e-29 7130
1.25118 1.357039756781994e-33 3.48883048004053e-34 2.620428699323371e-29 8034
1.30122 1.584067155744791e-33 3.947912101915582e-34 2.80852598385514e-29 8606
1.35127 1.753448960688251e-33 4.533718959368194e-34 2.872881939924232e-29 9066
1.40132 1.914994413455193e-33 4.915280791593868e-34 2.902693423891464e-29 9962
1.45137 2.158405512179964e-33 5.569222678974446e-34 3.037928978515137e-29 10550
1.50141 2.340452787495283e-33 6.27647925256808e-34 3.070277362104942e-29 11226
1.55146 2.562852115389957e-33 6.835931218554559e-34 3.136450854482251e-29 12146
1.60151 2.831937071813587e-33 7.51245203658897e-34 3.239987497095607e-29 12303
1.65155 3.084801581895883e-33 8.04770085892314e-34 3.306193332370677e-29 12584
1.7016 3.437550579052284e-33 9.167206457083966e-34 3.464603574788048e-29 12120
1.75165 3.721417676873778e-33 9.631184924850288e-34 3.527302350799896e-29 11180
1.8017 3.923228786480642e-33 1.022820180729e-33 3.507340112444051e-29 11096
1.85174 4.297258470515524e-33 1.142032008552215e-33 3.63144598342424e-29 10056
1.90179 4.595875854208304e-33 1.224141112265805e-33 3.674956051165557e-29 9716
1.95184 4.972917474648935e-33 1.330465409567797e-33 3.768157817482347e-29 8604
2.00188 5.417116937388537e-33 1.42119495770023e-33 3.893072957851906e-29 8060
2.05193 5.759026439510617e-33 1.490684202397809e-33 3.932031625257302e-29 7320
2.10198 6.392557919394625e-33 1.651380562700861e-33 4.154616257646868e-29 6356
2.15203 6.716474841270816e-33 1.77043822769748e-33 4.159787534566308e-29 5348
2.20207 7.01343594797332e-33 1.937980646027243e-33 4.145596035309043e-29 4308
2.25212 7.252894155867128e-33 2.070058021674855e-33 4.096276968099057e-29 3563
2.30217 8.057439071428361e-33 2.143226116774975e-33 4.346044010845244e-29 2448
2.35221 8.870984950591141e-33 2.364486327521567e-33 4.57682600284314e-29 1868
2.40226 9.29042789955533e-33 2.709696645155529e-33 4.59429767405498e-29 1358
2.45231 8.974954468380902e-33 2.612343964664598e-33 4.253662267133824e-29 1062
2.50235 1.010072448937735e-32 2.975344026743067e-33 4.59988114322782e-29 776
2.5524 1.069856025298934e-32 2.934680517593087e-33 4.680342836870151e-29 432
2.60245 1.365613714484653e-32 3.847955968262666e-33 5.725505532211833e-29 200
2.6525 1.188493180204411e-32 3.578566534891275e-33 4.789620379961973e-29 168
2.70254 1.153010328368225e-32 3.136478424653697e-33 4.475164009101967e-29 56
2.75259 1.147307838020767e-32 4.479875703353849e-33 4.314603399998409e-29 7


0.0500471 1.907248081019931e-08 6.349895204435188e-08 19.6399894446409 18
0.100094 8.80939058180733e-08 5.687919210440493e-07 20.44835630476507 62
0.150141 2.685051047018002e-06 7.727086713510312e-07 15.6578326596039 98
0.200188 1.354637476986113e-05 3.106987750153965e-07 19.76980529123183 210
0.250235 6.841486460674161e-06 4.341575753484365e-06 13.03969322132892 350
0.300283 1.66969793254158e-05 3.184296556100173e-06 11.05559905434145 450
0.35033 1.734995154184598e-05 4.298562874952154e-06 8.0549354856891 602
0.400377 2.198484334574919e-05 4.003781542937256e-06 6.566573928230055 762
0.450424 1.361011603156266e-05 6.375523488600583e-06 3.874185600719711 1142
0.500471 2.712220312528198e-05 3.57413298683258e-06 4.363311143509267 1250
0.550518 2.293354607414812e-05 4.810553897066541e-06 3.11254441771173 1458
0.600565 1.687070440901534e-05 6.730314450331759e-06 2.090774796659424 1814
0.650612 2.153754068127566e-05 5.873237582624944e-06 2.018096489682808 2178
0.700659 2.522321241414816e-05 5.292944427023709e-06 1.906328549183089 2498
0.750706 2.743677651372246e-05 5.824875532291819e-06 1.763071742147643 2622
0.800754 2.454564714642612e-05 6.627126961298546e-06 1.393985601161063 3338
0.850801 2.813028532092909e-05 6.912990085050642e-06 1.375079364200792 3722
0.900848 3.065801078600822e-05 7.551716296400139e-06 1.316610770410996 4170
0.950895 3.357012910386537e-05 8.372598780075704e-06 1.276285627833947 4358
1.00094 1.671630797383583e-05 4.43301875537713e-06 0.5689421048167526 5034
1.05099 8.509401492488256e-34 1.993341122439443e-34 2.575242830041657e-29 5714
1.10104 8.969194779272673e-34 2.319816855299125e-34 2.467104591581123e-29 5982
1.15108 1.014059041963505e-33 2.641122261372534e-34 2.529790982420391e-29 6602
1.20113 1.171797297460301e-33 3.031463809153501e-34 2.662081524876487e-29 7130
1.25118 1.314495577204237e-33 3.405513722221904e-34 2.73402332654228e-29 8034
1.30122 1.522713413260854e-33 3.891789068975546e-34 2.90930458081611e-29 8606
1.35127 1.699781997256611e-33 4.350014994465348e-34 2.995268228390548e-29 9066
1.40132 1.833142278915724e-33 4.791143135910384e-34 2.991281181085432e-29 9962
1.45137 2.050582821373785e-33 5.50698799460109e-34 3.10911068166356e-29 10550
1.50141 2.314897901412202e-33 6.014917803070352e-34 3.261333462394255e-29 11226
1.55146 2.47432396899463e-33 6.628323520947376e-34 3.255652623426896e-29 12146
1.60151 2.780842831883001e-33 7.220659465237688e-34 3.416574024042788e-29 12303
1.65155 2.975335742940907e-33 7.818269082926302e-34 3.427114029177756e-29 12584
1.7016 3.363785025892957e-33 8.720551726373148e-34 3.638824865900522e-29 12120
1.75165 3.569150433277047e-33 9.509927855492268e-34 3.63686719142942e-29 11180
1.8017 3.812447527378061e-33 9.897099179597545e-34 3.659808670596749e-29 11096
1.85174 4.190912023225191e-33 1.096017214541747e-33 3.801293186158203e-29 10056
1.90179 4.532593406191257e-33 1.153260644486518e-33 3.886781496677562e-29 9716
1.95184 4.812874996185403e-33 1.28441757372937e-33 3.914969389054231e-29 8604
2.00188 5.19834277960035e-33 1.390458917211835e-33 4.011789464024839e-29 8060
2.05193 5.434078259801561e-33 1.483454183662082e-33 3.986936635964301e-29 7320
2.10198 6.054059100790351e-33 1.618001236961959e-33 4.225637457957865e-29 6356
2.15203 6.472354192440692e-33 1.746910500683097e-33 4.303699763436696e-29 5348
2.20207 6.970612120414391e-33 1.844316677476655e-33 4.417435621627615e-29 4308
2.25212 7.470620131771107e-33 1.888757281531273e-33 4.516906836792392e-29 3563
2.30217 7.723303145825039e-33 2.113971638824181e-33 4.471770181861727e-29 2448
2.35221 8.531272210857572e-33 2.311327837430086e-33 4.723036405252452e-29 1868
2.40226 9.670712177473039e-33 2.445597172222843e-33 5.117792147947869e-29 1358
2.45231 9.514851283468928e-33 2.314316565715568e-33 4.823088477309623e-29 1062
2.50235 1.064901422543432e-32 2.612617631254371e-33 5.187470812585037e-29 776
2.5524 1.012783757803573e-32 2.881696218608921e-33 4.754163359306257e-29 432
2.60245 1.421405230080558e-32 3.532430339708251e-33 6.380539947930938e-29 200
2.6525 1.281184470288066e-32 2.803599940160246e-33 5.513977293554987e-29 168
2.70254 1.110366537263903e-32 3.218173811953355e-33 4.624641868467437e-29 56
2.75259 1.428648343342432e-32 3.716431651626913e-33 5.726688921490017e-29 7


0.0500471 6.234273835484923e-08 4.644262349392904e-08 19.80867602913886 18
0.100094 4.431102188974189e-08 5.257913901107832e-07 20.47745119910786 62
0.150141 1.269542673021778e-06 9.944188349919032e-07 14.8919771502119 98
0.200188 1.119333734183762e-05 5.588877699844288e-07 19.12223497374491 210
0.250235 9.522483493347907e-06 3.115649144768335e-06 14.14545839738391 350
0.300283 1.10810815795263e-05 3.915520418546208e-06 9.96132663694285 450
0.35033 1.920048168790497e-05 3.04087488744509e-06 8.666997869103412 602
0.400377 1.683829884938513e-05 4.422024339061919e-06 6.005007446250458 762
0.450424 1.3428069760427e-05 5.52320444195998e-06 3.990946980130498 1142
0.500471 2.538394192054871e-05 3.0573943448265e-06 4.3697554974855 1250
0.550518 1.965941542480244e-05 4.6642891354719e-06 2.95595383332066 1458
0.600565 1.554941330932514e-05 6.055708322376949e-06 2.082495176651316 1814
0.650612 1.978016567287959e-05 5.279083101941766e-06 1.998312104060247 2178
0.700659 2.281409634632209e-05 4.831749160675454e-06 1.862466133300378 2498
0.750706 2.471048140021367e-05 5.344197783912878e-06 1.715145838666683 2622
0.800754 2.242924757489561e-05 5.984828231113695e-06 1.371412151079001 3338
0.850801 2.517967353959049e-05 6.372879244364859e-06 1.329431577640596 3722
0.900848 2.819737549991362e-05 6.770007729277872e-06 1.299467126625967 4170
0.950895 3.031837708268713e-05 7.648870691698294e-06 1.240485151882971 4358
1.00094 1.516343989009496e-05 4.030997504401169e-06 0.5547505739393153 5034
1.05099 8.243704398900154e-34 1.985006118739777e-34 2.683134874122211e-29 5714
1.10104 8.868997673983907e-34 2.238038736307191e-34 2.614296828819218e-29 5982
1.15108 9.880589977032009e-34 2.540771158948596e-34 2.642251245580018e-29 6602
1.20113 1.13103643434361e-33 2.986610284601341e-34 2.758897482299337e-29 7130
1.25118 1.270601278798813e-33 3.335838689990697e-34 2.835210699289699e-29 8034
1.30122 1.459608240467845e-33 3.758100962619401e-34 2.989499977872365e-29 8606
1.35127 1.646994982026981e-33 4.255766150651215e-34 3.110283039229307e-29 9066
1.40132 1.796841458136597e-33 4.65545670755522e-34 3.138783277919206e-29 9962
1.45137 2.019499348733994e-33 5.263542094104757e-34 3.273936436165125e-29 10550
1.50141 2.257088470447755e-33 5.771028501898934e-34 3.401245943267782e-29 11226
1.55146 2.463523706303928e-33 6.250173124413375e-34 3.461347040858124e-29 12146
1.60151 2.723995540707031e-33 6.906378190018927e-34 3.577653780413096e-29 12303
1.65155 2.879364363079086e-33 7.574424866944782e-34 3.54805944720443e-29 12584
1.7016 3.283147742414059e-33 8.463116062478735e-34 3.797919165986327e-29 12120
1.75165 3.50032397638472e-33 9.136513536002857e-34 3.811723376942401e-29 11180
1.8017 3.653358616773055e-33 9.784422042371673e-34 3.753439588338219e-29 11096
1.85174 4.063718318008684e-33 1.056588784059947e-33 3.939861467190573e-29 10056
1.90179 4.30937529698272e-33 1.149945321638052e-33 3.955115430121942e-29 9716
1.95184 4.706053322255051e-33 1.229648715656677e-33 4.08940006257811e-29 8604
2.00188 5.057894903739117e-33 1.355000735062415e-33 4.171927964406523e-29 8060
2.05193 5.370392618590781e-33 1.415984378104379e-33 4.207178656447088e-29 7320
2.10198 5.930749565320342e-33 1.567708852367657e-33 4.421980037984389e-29 6356
2.15203 6.302855319797919e-33 1.681251800916934e-33 4.476693540631769e-29 5348
2.20207 6.694506471279185e-33 1.8051896125635e-33 4.533967430160968e-29 4308
2.25212 6.931079507009591e-33 1.941334950779183e-33 4.485429718278696e-29 3563
2.30217 7.675242430034366e-33 1.999296181026738e-33 4.742108883518947e-29 2448
2.35221 8.515768792921029e-33 2.209066779400012e-33 5.031162725363468e-29 1868
2.40226 9.011419164590677e-33 2.485632711944918e-33 5.101047809623337e-29 1358
2.45231 8.470480961429721e-33 2.44692970381229e-33 4.598719533478589e-29 1062
2.50235 9.464361037216182e-33 2.854869302765304e-33 4.93998287507803e-29 776
2.5524 1.026153200233901e-32 2.433244501955365e-33 5.129839925274519e-29 432
2.60245 1.214270974033752e-32 3.626863700336944e-33 5.836469356875153e-29 200
2.6525 9.95620892492542e-33 3.462758277642545e-33 4.607426354594738e-29 168
2.70254 1.13508475813061e-32 3.112995479056037e-33 5.043378579390584e-29 56
2.75259 1.329345544948346e-32 2.258369909433143e-33 5.662293295071274e-29 7


0.0500471 1.129338238196073e-07 2.84425667575026e-08 20.00645057531306 18
0.100094 2.459539426735726e-07 4.291643021494794e-07 20.79275857955759 62
0.150141 3.86891042597002e-07 1.102096688389613e-06 14.40817340918755 98
0.200188 8.307680576412225e-06 9.897328525930323e-07 18.13460957975469 210
0.250235 1.196131131349133e-05 2.02969854929898e-06 15.22834913241446 350
0.300283 6.74093640040299e-06 4.424907970065651e-06 9.059017927271142 450
0.35033 2.02241533724292e-05 2.104568319605602e-06 9.134820792398081 602
0.400377 1.255730601675163e-05 4.748960463739155e-06 5.497513389855824 762
0.450424 1.350872891175642e-05 4.734231447424146e-06 4.136318049811255 1142
0.500471 2.360685135709054e-05 2.68782932944931e-06 4.347277257686376 1250
0.550518 1.681021926487398e-05 4.550636664932843e-06 2.80487177507683 1458
0.600565 1.445534316079186e-05 5.469108796862638e-06 2.079584038552098 1814
0.650612 1.834781165773233e-05 4.752506445713407e-06 1.986744826538227 2178
0.700659 2.078740359175634e-05 4.427953023964201e-06 1.824919197907205 2498
0.750706 2.240519038755195e-05 4.925369491619785e-06 1.672904907820152 2622
0.800754 2.061204737359008e-05 5.436542614113234e-06 1.351248778825396 3338
0.850801 2.274272629323056e-05 5.887876693354901e-06 1.291214073474662 3722
0.900848 2.6015699663275e-05 6.120116343784788e-06 1.281868039846217 4170
0.950895 2.74599754489424e-05 7.048298700154029e-06 1.205164429455612 4358
1.00094 1.389972000542307e-05 3.670300160502786e-06 0.5439976238611339 5034
1.05099 7.857002897892105e-34 1.96001457858837e-34 2.742979441725738e-29 5714
1.10104 8.638475313013352e-34 2.175819688031571e-34 2.721531939375848e-29 5982
1.15108 9.701911585636388e-34 2.47217973768464e-34 2.770957109991535e-29 6602
1.20113 1.107714014660542e-33 2.915777820361324e-34 2.885891868313101e-29 7130
1.25118 1.252574166246333e-33 3.220100193274959e-34 2.980345928791586e-29 8034
1.30122 1.429237019471461e-33 3.639644052655621e-34 3.122383579121315e-29 8606
1.35127 1.607948015785425e-33 4.117397930151526e-34 3.238553391758582e-29 9066
1.40132 1.7764022323134e-33 4.442240228897064e-34 3.304550622358631e-29 9962
1.45137 2.013312862585516e-33 4.994850154754577e-34 3.473093080965656e-29 10550
1.50141 2.209981816890398e-33 5.629053725370972e-34 3.549628107050201e-29 11226
1.55146 2.419939154890737e-33 6.039459375154931e-34 3.621869121269234e-29 12146
1.60151 2.652694538577127e-33 6.719533046246178e-34 3.712984657309813e-29 12303
1.65155 2.820731076154577e-33 7.341804441380351e-34 3.702359204349784e-29 12584
1.7016 3.178254285629582e-33 8.26739403211208e-34 3.918155377758732e-29 12120
1.75165 3.452448796080152e-33 8.78692632184205e-34 4.001409753822481e-29 11180
1.8017 3.60876133975962e-33 9.388567860527898e-34 3.945435721965031e-29 11096
1.85174 3.92684692203249e-33 1.025354962017158e-33 4.054907623770709e-29 10056
1.90179 4.187346985868713e-33 1.118611224109597e-33 4.092224921497345e-29 9716
1.95184 4.556596717404645e-33 1.208769081174481e-33 4.217319715674049e-29 8604
2.00188 5.042556022264406e-33 1.282828247827698e-33 4.421795152135629e-29 8060
2.05193 5.34220486714128e-33 1.376049750713556e-33 4.452206564842424e-29 7320
2.10198 5.782689183711478e-33 1.528486635005909e-33 4.589099182766829e-29 6356
2.15203 6.226310969128738e-33 1.61456797121353e-33 4.703494037186852e-29 5348
2.20207 6.592916006152534e-33 1.744167223716869e-33 4.749953747712553e-29 4308
2.25212 7.03718582750799e-33 1.768451692376821e-33 4.835094011555117e-29 3563
2.30217 7.361141794597996e-33 1.979674663398198e-33 4.842248837730378e-29 2448
2.35221 7.948821233652802e-33 2.221716716985607e-33 5.003908636324926e-29 1868
2.40226 8.991374635266221e-33 2.283771091692021e-33 5.406353883510677e-29 1358
2.45231 8.685298318131565e-33 2.230805293300006e-33 5.005633093908514e-29 1062
2.50235 1.054668799697576e-32 2.532603888571942e-33 5.832502805577972e-29 776
2.5524 8.897385890481132e-33 2.63376705530936e-33 4.747464597634338e-29 432
2.60245 1.30310147725279e-32 3.241705841623174e-33 6.642633865168071e-29 200
2.6525 1.169510791829469e-32 2.476445484788452e-33 5.711028166399572e-29 168
2.70254 1.203135260525576e-32 2.639768548968319e-33 5.667625708897004e-29 56
2.75259 5.707685423332528e-33 3.309923636317763e-33 2.643733951642092e-29 7


0.0500471 1.551889961710222e-07 1.324374829593396e-08 20.18195108243671 18
0.100094 5.858559021195265e-07 3.04196487175103e-07 21.28937653150546 62
0.150141 8.969243298746508e-08 1.078837108730817e-06 14.28446983298057 98
0.200188 5.426774689168047e-06 1.459434705805326e-06 17.03753054233517 210
0.250235 1.360730902881151e-05 1.206514008568939e-06 16.08402277922758 350
0.300283 3.954992847333693e-06 4.623996522597156e-06 8.472655227989399 450
0.35033 2.023568969866082e-05 1.514367711831716e-06 9.396229003252746 602
0.400377 9.276118223552801e-06 4.926938799496446e-06 5.089759146473499 762
0.450424 1.371030217100641e-05 4.01954757261741e-06 4.295692585631748 1142
0.500471 2.173572344017996e-05 2.453071692166344e-06 4.289368597254617 1250
0.550518 1.436267531387916e-05 4.448910882094718e-06 2.664008914458007 1458
0.600565 1.356701918246265e-05 4.948212247112157e-06 2.083402468633598 1814
0.650612 1.715796527320532e-05 4.28579436623651e-06 1.981147473001797 2178
0.700659 1.905207120468879e-05 4.0752334652118e-06 1.791805917830538 2498
0.750706 2.044856602196161e-05 4.554670734152086e-06 1.636154012825358 2622
0.800754 1.902748833583908e-05 4.966743797047672e-06 1.332620657236896 3338
0.850801 2.071440347923647e-05 5.449388664967829e-06 1.259451238006698 3722
0.900848 2.407055649670669e-05 5.574138066345403e-06 1.263995638378452 4170
0.950895 2.499244494910706e-05 6.528938249962858e-06 1.172674103854471 4358
1.00094 1.282801677279353e-05 3.353767547129025e-06 0.5349984706242236 5034
1.05099 7.583670028685753e-34 1.914736242665856e-34 2.824846291838011e-29 5714
1.10104 8.370165721704801e-34 2.131149660027715e-34 2.811378117033048e-29 5982
1.15108 9.568781643583504e-34 2.41035895787291e-34 2.907696677061257e-29 6602
1.20113 1.078250592303896e-33 2.809158441234285e-34 2.98815960625106e-29 7130
1.25118 1.226681654469761e-33 3.118080628673212e-34 3.103466530732485e-29 8034
1.30122 1.395525489656724e-33 3.567040970050137e-34 3.243419757143059e-29 8606
1.35127 1.575264151477491e-33 3.972222598695082e-34 3.370653980313678e-29 9066
1.40132 1.73215468786487e-33 4.389031171378333e-34 3.427255271589525e-29 9962
1.45137 1.939145434035167e-33 4.870226649223647e-34 3.557090171932432e-29 10550
1.50141 2.145190245994297e-33 5.480440574380801e-34 3.66183863620061e-29 11226
1.55146 2.295621367113254e-33 6.023847906538735e-34 3.657636455418503e-29 12146
1.60151 2.539207693630784e-33 6.587374087552865e-34 3.778158858117658e-29 12303
1.65155 2.757214529382414e-33 7.090258976059306e-34 3.841228850441761e-29 12584
1.7016 3.09187536829157e-33 8.04230013856648e-34 4.047052593350286e-29 12120
1.75165 3.344089938107919e-33 8.597282214066801e-34 4.115651544428111e-29 11180
1.8017 3.532222574205417e-33 9.090019424312153e-34 4.097315187473075e-29 11096
1.85174 3.825972342269758e-33 9.942456088224256e-34 4.191984174306927e-29 10056
1.90179 4.199308670781161e-33 1.062884541189878e-33 4.347968032898561e-29 9716
1.95184 4.491261438756526e-33 1.154493361706182e-33 4.406425587136178e-29 8604
2.00188 4.820476773991889e-33 1.271516310666021e-33 4.488936381893387e-29 8060
2.05193 5.019537451035091e-33 1.381923511474327e-33 4.445388101290809e-29 7320
2.10198 5.671466311841815e-33 1.468130608720967e-33 4.771521790529552e-29 6356
2.15203 6.077238123154804e-33 1.586008304045181e-33 4.869651388334577e-29 5348
2.20207 6.446456097105709e-33 1.671840268716431e-33 4.922946835240151e-29 4308
2.25212 6.703182647442337e-33 1.778428186944408e-33 4.88949773820178e-29 3563
2.30217 7.200513899720834e-33 1.964654528906257e-33 5.024424332074095e-29 2448
2.35221 8.232017637288436e-33 2.054391508811158e-33 5.481968133835595e-29 1868
2.40226 8.421208669211442e-33 2.326222062893379e-33 5.37739643749098e-29 1358
2.45231 8.458113553581273e-33 2.172746008361011e-33 5.167545733537908e-29 1062
2.50235 9.541490566041685e-33 2.726582669492187e-33 5.611194902178386e-29 776
2.5524 9.348931334078727e-33 2.466931250933506e-33 5.277599558872537e-29 432
2.60245 1.127593618556148e-32 3.328443081809411e-33 6.110684031264606e-29 200
2.6525 9.159883563282001e-33 3.071329679467124e-33 4.777005106058571e-29 168
2.70254 9.737272256453529e-33 2.899795810260129e-33 4.882897978214261e-29 56
2.75259 1.194279330532544e-32 1.514220600978606e-33 5.716353274417677e-29 7


0.0500471 1.781980201432441e-07 3.446205249928175e-09 20.29449800035362 18
0.100094 9.464454949410904e-07 1.79142935683549e-07 21.83113039115713 62
0.150141 3.094038428792723e-07 9.389000764527407e-07 14.51343660390261 98
0.200188 3.026147567712453e-06 1.841776883154461e-06 16.06703265725693 210
0.250235 1.413830069017195e-05 7.152299187858682e-07 16.56314792925681 350
0.300283 2.777992743664498e-06 4.484690210667579e-06 8.272376812719781 450
0.35033 1.920965350845595e-05 1.259988908015622e-06 9.418875162532071 602
0.400377 7.065030265389856e-06 4.919925778911465e-06 4.818975170904102 762
0.450424 1.390214267871839e-05 3.393020623730995e-06 4.452268574160752 1142
0.500471 1.975432573486568e-05 2.337066095897446e-06 4.193143117647722 1250
0.550518 1.230668169022675e-05 4.34127955370217e-06 2.538806345273059 1458
0.600565 1.285933063744702e-05 4.478082739881064e-06 2.094530081037146 1814
0.650612 1.614986837187962e-05 3.872371425979127e-06 1.979672043105635 2178
0.700659 1.75404176070849e-05 3.768157638412731e-06 1.761575986976385 2498
0.750706 1.877647275309542e-05 4.223728459621713e-06 1.604275549642177 2622
0.800754 1.762895453030451e-05 4.562379118044854e-06 1.314987686645904 3338
0.850801 1.900687087467626e-05 5.052607845704279e-06 1.232947783257411 3722
0.900848 2.233067781569104e-05 5.110344704157794e-06 1.246125652838189 4170
0.950895 2.288030810213931e-05 6.067205656335326e-06 1.144019406116267 4358
1.00094 1.189060125045127e-05 3.079249754207544e-06 0.5267640472623865 5034
1.05099 7.366570217458703e-34 1.909540872921804e-34 2.922668277394344e-29 5714
1.10104 8.058222161395695e-34 2.096207665049745e-34 2.879772787103564e-29 5982
1.15108 9.308559713822841e-34 2.337386332423366e-34 3.001659588496485e-29 6602
1.20113 1.065375383457489e-33 2.705942021275091e-34 3.127898501824641e-29 7130
1.25118 1.195623820777136e-33 3.031517278627563e-34 3.208097538114033e-29 8034
1.30122 1.357893822210078e-33 3.492704036600783e-34 3.347817127598559e-29 8606
1.35127 1.537356278047954e-33 3.887619893720023e-34 3.487774262109539e-29 9066
1.40132 1.659582218964818e-33 4.333662452138491e-34 3.486025653923454e-29 9962
1.45137 1.864484445731621e-33 4.824427313063319e-34 3.628928407930949e-29 10550
1.50141 2.084667666058526e-33 5.358783126432864e-34 3.770164468674266e-29 11226
1.55146 2.207963301554113e-33 5.984588922747112e-34 3.731831666221533e-29 12146
1.60151 2.439991130624456e-33 6.512401910988419e-34 3.849432765295466e-29 12303
1.65155 2.691456045545548e-33 6.935294452076551e-34 3.969803623078339e-29 12584
1.7016 2.989710996324812e-33 7.791231416785841e-34 4.142489295707331e-29 12120
1.75165 3.184955097499608e-33 8.528600607938076e-34 4.154856390086034e-29 11180
1.8017 3.420439420463217e-33 8.958911197378902e-34 4.200923849556334e-29 11096
1.85174 3.718171551370596e-33 9.701586442991396e-34 4.310957480275313e-29 10056
1.90179 4.06516246369077e-33 1.042517009487898e-33 4.454469284158182e-29 9716
1.95184 4.320394800127158e-33 1.137253281903037e-33 4.486835216572064e-29 8604
2.00188 4.684762367886099e-33 1.25362241930678e-33 4.61586125318777e-29 8060
2.05193 5.124741778439591e-33 1.297082496406261e-33 4.788686262153757e-29 7320
2.10198 5.466395497649273e-33 1.446801946184667e-33 4.865952790505922e-29 6356
2.15203 5.855735859087212e-33 1.555513197816086e-33 4.96349417694443e-29 5348
2.20207 6.082681452702891e-33 1.685609917424413e-33 4.919361631763514e-29 4308
2.25212 6.381354116104853e-33 1.774445348684965e-33 4.926585231830295e-29 3563
2.30217 7.351916823364488e-33 1.871614026843212e-33 5.414770852715011e-29 2448
2.35221 7.635330187558471e-33 2.121749819315511e-33 5.386792385609266e-29 1868
2.40226 8.379612331607824e-33 2.200042796307576e-33 5.649473865088532e-29 1358
2.45231 7.704454542470014e-33 2.275834787213063e-33 4.989637517050083e-29 1062
2.50235 9.712939105837271e-33 2.530886238621197e-33 6.025926305277622e-29 776
2.5524 9.520391576716197e-33 2.268134914489427e-33 5.669735289376618e-29 432
2.60245 1.176368555806156e-32 3.223101311469717e-33 6.727406918510373e-29 200
2.6525 1.070748657448999e-32 2.43681031847472e-33 5.860558370761372e-29 168
2.70254 1.149857022445343e-32 2.889512547097364e-33 6.076044994483887e-29 56
2.75259 5.386444878325279e-33 3.223259336524959e-33 2.799115386114361e-29 7


