0.0574618 6.802402503891079e-05 5.947538620884188e-07 2.823706981187927 18
0.114924 0.0002816793065144319 4.676167955633433e-06 3.66570721566407 62
0.172385 0.0006863096594125891 1.755245164727951e-05 3.937088972385217 98
0.229847 0.001327371060977331 6.730376339645623e-05 4.259352998643227 210
0.287309 0.002207542457756599 0.0001772591779522456 4.606434262286069 350
0.344771 0.002819642867921809 0.0003352352819485814 4.114557350684143 450
0.402233 0.004138779117700607 0.0005779866490324174 4.406533423055146 602
0.459694 0.005234023059280977 0.0009994952570531596 4.246885015379547 762
0.517156 0.006449440672349355 0.00185500855497591 4.157194972342214 1142
0.574618 0.008001322145403573 0.002683586555501779 4.19415715100653 1250
0.63208 0.009401522005986087 0.00395854617208465 4.0615928122513 1458
0.689542 0.01226063687508225 0.005439878641946507 4.438029123019572 1814
0.747003 0.01372612873350801 0.007598060898326376 4.240830329190845 2178
0.804465 0.0166653987126596 0.01023286110217808 4.442545047313423 2498
0.861927 0.01925365884504576 0.0141466823812902 4.46087978871794 2622
0.919389 0.02133503964677153 0.01737630486117922 4.338777330576151 3191
0.976851 0.02101901742434979 0.01920316872029405 3.790468160985053 3044
1.03431 2.012257456910259e-33 1.108734005093967e-33 3.236062533769863e-31 2736
1.09177 2.186379854220372e-33 1.208455460879656e-33 3.151391899680209e-31 2276
1.14924 2.373921762848495e-33 1.486056515424092e-33 3.085551297755321e-31 2016
1.2067 2.241820319875799e-33 1.448539879081796e-33 2.64456174642094e-31 1640
1.26416 2.408919771031908e-33 1.45922426114871e-33 2.588213994561301e-31 1056
1.32162 2.013852509569077e-33 1.198210884990654e-33 1.978693597331266e-31 683
1.37908 2.701484635462682e-33 1.090956274719813e-33 2.440711266673992e-31 350
1.43654 2.352980910797826e-33 1.443586223292109e-33 1.962061728417446e-31 192
1.49401 3.05642116595439e-33 9.722874391053812e-34 2.349736212035687e-31 44
1.55147 1.865691468144945e-33 1.487649868911004e-33 1.320088162066117e-31 25


0.0574618 2.307882498674104 0.01830612419694383 2026775.50039172 18
0.114924 10.01279734655793 0.00595520599565676 1819968.18327556 62
0.172385 1.30817554651506 0.02055978053799696 100646.7707644636 98
0.229847 2.980261906159513 0.006181483708532454 123162.1875586685 210
0.287309 0.6870262048031457 0.007032707399348563 18308.79746840005 350
0.344771 0.232460494873735 0.004868500405016765 4312.612909403094 450
0.402233 0.2776395937996592 0.001391345419847808 3726.273080775282 602
0.459694 0.0811590160544199 0.001806354290714261 830.687592894718 762
0.517156 0.05573265675880942 0.001129785503368748 451.5484080972283 1142
0.574618 0.04271199306851166 0.0007589684078166636 280.8866603791131 1250
0.63208 0.02774456863997567 0.0007053927967208853 150.2879354406585 1458
0.689542 0.01813506713475321 0.0007505098558043713 82.36603596246803 1814
0.747003 0.02066354569722717 0.0005175509101201588 79.91124926213794 2178
0.804465 0.01879391817786185 0.0005255107764799011 62.68742852032106 2498
0.861927 0.01828020406898871 0.000602847290354316 52.97334947091974 2622
0.919389 0.0140335697425393 0.0005431051412703175 35.6913648905632 3191
0.976851 0.01022782735948176 0.0005154238198640514 23.06832994900638 3044
1.03431 1.461195325644238e-28 7.477980001115855e-30 2.9415971281585e-25 2736
1.09177 1.819604635677756e-28 9.384321241824808e-30 3.282772378343879e-25 2276
1.14924 2.132030617276319e-28 1.27991956086684e-29 3.468325516232857e-25 2016
1.2067 2.516829144748238e-28 1.413133115302604e-29 3.714565776513508e-25 1640
1.26416 2.956785184756961e-28 1.84996254723003e-29 3.975252659449192e-25 1056
1.32162 2.834729420179551e-28 2.165723615293132e-29 3.485911391055703e-25 683
1.37908 3.446584247773218e-28 2.779021661859516e-29 3.89781532743246e-25 350
1.43654 3.734688403574501e-28 3.109231545423813e-29 3.896751091384707e-25 192
1.49401 4.77586419556022e-28 4.202675142798643e-29 4.594597999107737e-25 44
1.55147 2.351785285658974e-28 5.388381318637891e-29 2.087113099839048e-25 25


0.0574618 1.031368545554028 0.00576730038501867 1782226.422668397 18
0.114924 3.861005715410521 0.004008057008544965 1352605.221225096 62
0.172385 2.722503544034304 0.001475705271638105 395379.2195363027 98
0.229847 0.7521093889769811 0.003700391854193048 60029.35514777392 210
0.287309 0.394822297741945 0.001920132743460916 20196.33130563861 350
0.344771 0.2307284735247717 0.0007022042042286755 8181.37031322779 450
0.402233 0.1006916051940552 0.0006496242864939087 2600.107496348768 602
0.459694 0.05621146411097659 0.0004060682233405823 1102.982879010166 762
0.517156 0.02907726853489376 0.0002899087765251213 452.3628161614271 1142
0.574618 0.01854225692948313 0.0002538099773893014 234.4025681870202 1250
0.63208 0.01465440792341551 0.0001898406494177913 152.4268554961389 1458
0.689542 0.01200464371488579 0.0001648891720362306 104.5669528218458 1814
0.747003 0.009180583495440531 0.0001682018323135249 68.22658013115542 2178
0.804465 0.008702619337454047 0.0001559172471457093 55.76477775420511 2498
0.861927 0.009509484757624791 0.0001598915866003392 52.91559285333633 2622
0.919389 0.006323737546695823 0.0001670548474583955 30.9021547627263 3191
0.976851 0.005587697377545371 0.000134769630067575 24.19641157374167 3044
1.03431 1.439691112459857e-28 3.778657044971156e-30 5.565350732996567e-25 2736
1.09177 1.677602101944703e-28 4.951844505056039e-30 5.812861540325837e-25 2276
1.14924 1.997929072897508e-28 6.031418459366378e-30 6.240815369103345e-25 2016
1.2067 2.238412341351288e-28 7.766757816241986e-30 6.345740600035688e-25 1640
1.26416 2.606179592342311e-28 9.303689590170308e-30 6.729429527040887e-25 1056
1.32162 2.909454366470994e-28 9.875886058355437e-30 6.868500238309768e-25 683
1.37908 3.400605337448925e-28 1.136535298791424e-29 7.382395813019825e-25 350
1.43654 4.267464785018681e-28 1.844249938696785e-29 8.550111627618174e-25 192
1.49401 5.166412063795151e-28 1.383316825648003e-29 9.537949924171927e-25 44
1.55147 3.679959242328908e-28 1.068409699608096e-29 6.252716124781895e-25 25


0.0574618 0.8792729815942788 0.002809747743716974 2227340.268625609 18
0.114924 1.456395971664762 0.003022970998569913 762718.8661772156 62
0.172385 0.9076318418618317 0.002126151819929418 196414.0372776116 98
0.229847 0.9896790342061028 0.0008548627096765201 116258.6201406558 210
0.287309 0.2903309166895234 0.0008437323993652665 21960.77767794229 350
0.344771 0.1508180375210668 0.0003343502035438936 7912.985068656778 450
0.402233 0.08178413660315845 0.0002350223867419711 3120.928648533023 602
0.459694 0.03248149983234417 0.0002173135056472479 943.8178346972159 762
0.517156 0.01798059128741636 0.0001439100993011144 414.0432835065916 1142
0.574618 0.01172120270079578 0.0001232127533046923 219.3002259810382 1250
0.63208 0.009116374560190019 9.280957711575892e-05 140.3334543196619 1458
0.689542 0.008446726083888354 7.298779786290203e-05 108.8249591685395 1814
0.747003 0.006437164360071376 7.417316050964333e-05 70.75664241744924 2178
0.804465 0.005971656253261582 7.037516126955397e-05 56.60345387886044 2498
0.861927 0.006211341238057732 7.66468784261173e-05 51.13755124170742 2622
0.919389 0.005023921833811535 6.733334481209678e-05 36.29535277500887 3191
0.976851 0.003932600495884587 5.932087785347207e-05 25.18790833718206 3044
1.03431 1.33151714245315e-28 2.546556597544095e-30 7.615446907432972e-25 2736
1.09177 1.625156267393887e-28 3.343401702022648e-30 8.330699863306087e-25 2276
1.14924 1.805231821635911e-28 4.165735030066668e-30 8.343629070257974e-25 2016
1.2067 2.218071847108909e-28 4.867207619048276e-30 9.300891594477066e-25 1640
1.26416 2.598562684054241e-28 6.125163644579097e-30 9.925445386318872e-25 1056
1.32162 2.39830563610535e-28 6.689300811618211e-30 8.378402657621363e-25 683
1.37908 3.159741308488744e-28 8.973079176969759e-30 1.015091333511479e-24 350
1.43654 4.884514940159844e-28 9.816705244749403e-30 1.446978208246694e-24 192
1.49401 5.80103087708071e-28 9.435597664417966e-30 1.584115171837549e-24 44
1.55147 4.004643978115857e-28 8.638088475101882e-30 1.006673903564331e-24 25


0.0574618 0.8615046757822503 0.001570789887419333 2851116.304474009 18
0.114924 0.8334734627421102 0.002013020274328479 583040.9726630797 62
0.172385 0.5397547965128262 0.001348689091070023 155287.9522548731 98
0.229847 0.3236423198946632 0.001171691777227063 50767.34795647983 210
0.287309 0.2136226805358971 0.0004787736278870744 21401.086092353 350
0.344771 0.08975652970225888 0.0002527947830892603 6245.012686967197 450
0.402233 0.06106358813462025 0.0001346767472270492 3085.615002216073 602
0.459694 0.02619660073768531 0.0001154845753776405 1007.446990250509 762
0.517156 0.01427807629201255 7.989609825826926e-05 435.2199408017699 1142
0.574618 0.009971214098873129 6.377749124005097e-05 246.8437274478275 1250
0.63208 0.007273980840901157 5.062986606792313e-05 148.2186181550487 1458
0.689542 0.006781898576525457 3.765109689671243e-05 115.6543307432171 1814
0.747003 0.005011832902871198 4.117795958771162e-05 72.93259678989213 2178
0.804465 0.003894362777816639 4.657436640540888e-05 48.91065448203373 2498
0.861927 0.004956465170203548 4.055048832961492e-05 54.01736493472773 2622
0.919389 0.003483023563732481 4.149393831510764e-05 33.32796473207697 3191
0.976851 0.002646170192249507 3.753674604636265e-05 22.45087628313586 3044
1.03431 1.278298705057089e-28 1.933651925662029e-30 9.681160410794252e-25 2736
1.09177 1.503930500805935e-28 2.393066498778661e-30 1.020792031124502e-24 2276
1.14924 1.868265744839761e-28 2.934244971064216e-30 1.143077676127764e-24 2016
1.2067 2.040624254920374e-28 3.519478976393898e-30 1.133039566887805e-24 1640
1.26416 2.331903271815221e-28 4.942829299766442e-30 1.179693648660789e-24 1056
1.32162 2.444656641973214e-28 4.872731429397223e-30 1.130648414292712e-24 683
1.37908 3.167093294752224e-28 6.224860043581577e-30 1.346947980334327e-24 350
1.43654 4.514252706630829e-28 6.573460226388174e-30 1.770537467254539e-24 192
1.49401 5.351744188579599e-28 7.227588700280833e-30 1.935124749125359e-24 44
1.55147 3.16359546064679e-28 6.583044641913826e-30 1.053246631848691e-24 25


0.0574618 0.880636151640656 0.0008977880113702188 3582976.903197283 18
0.114924 0.5841288735556197 0.00141895795932968 511903.578369398 62
0.172385 0.5169334228951069 0.0007752474892964785 184654.0526624031 98
0.229847 0.2603746457669029 0.0007467744306135151 50859.40305079483 210
0.287309 0.1859283294508812 0.0002883085936450447 23175.01241977678 350
0.344771 0.04964935572070764 0.0002236851449634016 4315.080737632661 450
0.402233 0.04650776496009273 9.199020759321954e-05 2926.296061885227 602
0.459694 0.02167953094029659 7.199310048694343e-05 1037.63597344366 762
0.517156 0.01077988032837577 5.423767048661476e-05 409.1893271209645 1142
0.574618 0.008339462361861902 3.895115922483305e-05 256.9179740409944 1250
0.63208 0.005840810009273021 3.210915980557246e-05 148.1436366283795 1458
0.689542 0.005028503141781546 2.669145442695366e-05 106.7813942190577 1814
0.747003 0.003762499593873912 2.820511968114522e-05 68.17539642934194 2178
0.804465 0.00284912802893714 3.220407569053888e-05 44.5642465309155 2498
0.861927 0.00370658221713516 2.845039458420986e-05 50.29729013040914 2622
0.919389 0.003033159977047622 2.467609123174285e-05 36.11568722528372 3191
0.976851 0.002328706751297215 2.233231968846687e-05 24.58416251853416 3044
1.03431 1.320187611595623e-28 1.446469998207218e-30 1.24429254086987e-24 2736
1.09177 1.460547430507394e-28 1.867093316834209e-30 1.233988157634072e-24 2276
1.14924 1.658691994860524e-28 2.355988986152221e-30 1.263535165538431e-24 2016
1.2067 1.951380040637453e-28 2.804242051995715e-30 1.348763305029761e-24 1640
1.26416 2.191303662211968e-28 3.734493027228269e-30 1.379900103360754e-24 1056
1.32162 2.378767248186498e-28 3.84565942269589e-30 1.36947721022687e-24 683
1.37908 2.814722784418713e-28 5.248188614583233e-30 1.490508784544752e-24 350
1.43654 2.89625768682926e-28 7.256174711499428e-30 1.41573968921712e-24 192
1.49401 3.352608266775302e-28 9.534113706998637e-30 1.511264877234147e-24 44
1.55147 3.249039009913222e-28 6.497404554450139e-30 1.346786660854353e-24 25


0.0574618 0.8850672545652587 0.0004987124788370669 4270343.441555123 18
0.114924 0.4444847087608515 0.001066342675503531 468793.0721681509 62
0.172385 0.4602450131736975 0.0005172536895754448 196627.6876849643 98
0.229847 0.377416527228013 0.0003148664568699511 87655.31950602925 210
0.287309 0.09551130726560907 0.0002992442329577451 14317.97882604934 350
0.344771 0.06847794388788712 9.663827637150182e-05 7091.614504311479 450
0.402233 0.02326390933660822 0.0001052542158751186 1758.78070754291 602
0.459694 0.01839347811358496 4.942373915563415e-05 1053.433539106483 762
0.517156 0.008991173710659899 3.790057839532987e-05 408.4255221045351 1142
0.574618 0.006591397198933601 2.896546289447392e-05 243.0832110724905 1250
0.63208 0.004459689446304788 2.482616214107176e-05 135.4343222143294 1458
0.689542 0.003341703461943878 2.40425679421581e-05 85.02963894495844 1814
0.747003 0.002955051768734816 2.120290814630365e-05 64.09771727945261 2178
0.804465 0.002817755864839189 2.013013667380993e-05 52.69805965828649 2498
0.861927 0.002745434620368488 2.234287084595008e-05 44.60454683654218 2622
0.919389 0.002591563255870083 1.63903479213887e-05 36.92101513879916 3191
0.976851 0.001733060259011955 1.742659083930447e-05 21.90470794838345 3044
1.03431 1.199710702436717e-28 1.203165919156897e-30 1.353353958001873e-24 2736
1.09177 1.445145998894779e-28 1.455376843931013e-30 1.460902289335654e-24 2276
1.14924 1.653374842697185e-28 1.79420751815783e-30 1.506885029628004e-24 2016
1.2067 1.870520651221965e-28 2.234958921153498e-30 1.547094661719461e-24 1640
1.26416 2.294518757292656e-28 2.912966213899549e-30 1.72862569782313e-24 1056
1.32162 2.301879256850579e-28 3.377297523288893e-30 1.58603712316076e-24 683
1.37908 2.729826520684767e-28 4.341206563136153e-30 1.729882007027348e-24 350
1.43654 2.945505866079374e-28 5.801888791258752e-30 1.722706237541387e-24 192
1.49401 3.062164528736437e-28 6.774706398967724e-30 1.651475732352891e-24 44
1.55147 3.847941661112255e-28 6.710722767093029e-30 1.90883230207419e-24 25


0.0574618 0.8420062161561405 0.0002750912568386899 4707845.836099365 18
0.114924 0.3701883210291884 0.0008265213471648619 456113.9203962302 62
0.172385 0.3887789165000921 0.0003911872378635572 193529.6465135123 98
0.229847 0.3610160917411043 0.0001872369937133689 97546.36644130641 210
0.287309 0.1040788736866638 0.0001911516995524919 18122.88238643625 350
0.344771 0.03671206488972286 0.0001148871421656456 4445.502569343507 450
0.402233 0.02796483240414769 5.999234876246423e-05 2454.722552383681 602
0.459694 0.01411382408762514 4.119351970537433e-05 941.953538764832 762
0.517156 0.007561120351735204 2.855542052783756e-05 399.9865320299963 1142
0.574618 0.005498936354679204 2.207519172562706e-05 236.1742539207174 1250
0.63208 0.003794666633307479 1.835076786073854e-05 134.1851809469237 1458
0.689542 0.003164950960159872 1.594285628117098e-05 93.70893822618285 1814
0.747003 0.002399210972389679 1.603514913612882e-05 60.60952108466137 2178
0.804465 0.002428728193844896 1.426672120995297e-05 52.88136215048531 2498
0.861927 0.002821562450190104 1.353324705490329e-05 53.33366558438615 2622
0.919389 0.002241048272298945 1.193146522334299e-05 37.17310689333228 3191
0.976851 0.001487419869768224 1.269573345009363e-05 21.88890376887473 3044
1.03431 1.146614305006382e-28 9.933141309980684e-31 1.506046609184192e-24 2736
1.09177 1.338573576772206e-28 1.242419574181496e-30 1.575775595061215e-24 2276
1.14924 1.569554902188059e-28 1.498990937853028e-30 1.66565875292106e-24 2016
1.2067 1.883260830497186e-28 1.8289317066317e-30 1.813430090766271e-24 1640
1.26416 2.118778664600603e-28 2.370347803573692e-30 1.858647747110823e-24 1056
1.32162 2.210464526875398e-28 2.752090749503736e-30 1.77331341946864e-24 683
1.37908 2.74160364265142e-28 3.513039258901658e-30 2.022600057053192e-24 350
1.43654 2.90322163161659e-28 4.399930277314185e-30 1.976550476862507e-24 192
1.49401 3.775001455208287e-28 4.437334848858063e-30 2.368442666396034e-24 44
1.55147 5.179178146687751e-28 3.865085844228584e-30 2.988899047754231e-24 25


0.0574618 0.7377775547006219 0.000180571715182962 4709668.08180561 18
0.114924 0.3484721162843911 0.0006366745098570324 489140.6215397012 62
0.172385 0.3258257235464533 0.0003159739340101172 185309.704237338 98
0.229847 0.2835889452848714 0.00017809273044219 87542.63449083029 210
0.287309 0.1366751088286511 7.665850039648641e-05 27058.83396693151 350
0.344771 0.04329937719450386 6.773664640569872e-05 5966.658233332898 450
0.402233 0.02191697475914791 5.07085415320609e-05 2197.458217871134 602
0.459694 0.01077346097258176 3.598701063695704e-05 821.4628157578638 762
0.517156 0.006848142425868747 2.137119802433856e-05 413.3322313536022 1142
0.574618 0.004975763061876365 1.642170037480596e-05 243.8290505482013 1250
0.63208 0.003226970046881422 1.450197894743216e-05 130.2456240984921 1458
0.689542 0.002656503046155101 1.303192693855304e-05 89.78693398141526 1814
0.747003 0.002292549759452746 1.160353114313999e-05 66.06294617136484 2178
0.804465 0.001819891220997736 1.243746455206839e-05 45.25517709074705 2498
0.861927 0.002284003947154374 1.149663781718335e-05 49.28365995901965 2622
0.919389 0.001565050566544094 1.150086741602764e-05 29.65361548599062 3191
0.976851 0.001482165486084747 8.702781644906265e-06 24.87769946596888 3044
1.03431 1.087861445776124e-28 8.544756887173631e-31 1.630692207051592e-24 2736
1.09177 1.298836408665908e-28 1.069205054739451e-30 1.744859694020442e-24 2276
1.14924 1.526997846255857e-28 1.30383028375366e-30 1.849304528704457e-24 2016
1.2067 1.846032325857946e-28 1.577402076700464e-30 2.028501560887443e-24 1640
1.26416 2.205694158413269e-28 1.916833118488609e-30 2.207523735000386e-24 1056
1.32162 2.233099881529054e-28 2.12184025313049e-30 2.043826474585557e-24 683
1.37908 2.758819070062783e-28 2.745365996569222e-30 2.322113655642087e-24 350
1.43654 3.303774275264758e-28 3.170153845129973e-30 2.565320719523853e-24 192
1.49401 3.299943132670324e-28 4.134460394141704e-30 2.363365409988456e-24 44
1.55147 3.15214928574651e-28 4.422441496628595e-30 2.077859774350283e-24 25


0.0574618 0.5807638823312383 0.000178071859661767 4199873.962940914 18
0.114924 0.3638290629642629 0.0004734368591418974 570542.9851372935 62
0.172385 0.275545012741954 0.0002642250584936737 176344.2052246817 98
0.229847 0.2087450467475303 0.000186711536994369 72577.12258224044 210
0.287309 0.08626836362807422 0.0001106293981379569 19253.53803267754 350
0.344771 0.03709622821147854 5.66262261510037e-05 5746.685309255841 450
0.402233 0.02013956389730287 3.970708451486394e-05 2268.640943961847 602
0.459694 0.01161376437429514 2.37514283437821e-05 993.6412013486661 762
0.517156 0.006025820610610927 1.712698458752446e-05 408.7404175385714 1142
0.574618 0.004308049347387167 1.331532314754548e-05 237.2683193541015 1250
0.63208 0.002761325830451198 1.192146505119718e-05 125.2743777883981 1458
0.689542 0.002449109254044364 9.950070237878889e-06 92.99850963179006 1814
0.747003 0.002485609688888615 7.07752717133931e-06 80.40516736682474 2178
0.804465 0.001835728121028308 8.939922674048056e-06 51.2632960455095 2498
0.861927 0.001769735725843925 1.046738641235299e-05 42.93935837305924 2622
0.919389 0.001535498981331393 8.676970319795973e-06 32.68088131957322 3191
0.976851 0.001098989837221806 8.277178795791666e-06 20.74519878008889 3044
1.03431 1.0654742289553e-28 7.641451206407628e-31 1.79480081548898e-24 2736
1.09177 1.260305739813494e-28 9.372677932910117e-31 1.90259396830442e-24 2276
1.14924 1.510184286962177e-28 1.150264558092333e-30 2.055188732528655e-24 2016
1.2067 1.7529222124422e-28 1.391609225754765e-30 2.164623254836077e-24 1640
1.26416 2.059936531380239e-28 1.66877873397164e-30 2.316843405344391e-24 1056
1.32162 2.152618842879636e-28 1.865029459254033e-30 2.213960992525921e-24 683
1.37908 2.717463511680715e-28 2.270127657316209e-30 2.569990281323872e-24 350
1.43654 3.039859210866779e-28 2.94912903000023e-30 2.652878530697853e-24 192
1.49401 3.895406897363017e-28 3.368314163249201e-30 3.133706283481195e-24 44
1.55147 3.793470588780452e-28 2.559181416261568e-30 2.807601305263327e-24 25


0.0574618 0.4010105715877589 0.0002260892616933184 3289676.202597403 18
0.114924 0.3937975724989104 0.0003354442917792193 681158.6465757249 62
0.172385 0.2359048538847867 0.0002259807988140951 167844.5336657186 98
0.229847 0.1537372006771506 0.0001877033104000304 59520.64642228968 210
0.287309 0.04058721600681298 0.0001401403142108659 10159.48053353257 350
0.344771 0.02485677022377057 5.943846427791168e-05 4288.38028050248 450
0.402233 0.01492865666015889 3.777891160159229e-05 1870.265370177058 602
0.459694 0.008505873379550204 2.344380463321716e-05 809.2223654816551 762
0.517156 0.005095790754813867 1.459068716085033e-05 383.8836359012327 1142
0.574618 0.003488876263846806 1.187308445856144e-05 213.4609883359434 1250
0.63208 0.002577306806553117 9.415619984850916e-06 129.771582130676 1458
0.689542 0.00219954284837855 8.028043696140803e-06 92.71761084966769 1814
0.747003 0.002125439924527795 6.243887202122335e-06 76.3432830565401 2178
0.804465 0.00163672350253848 7.423326663430271e-06 50.74274670271669 2498
0.861927 0.0016637426007818 8.02363885536809e-06 44.80045137798143 2622
0.919389 0.001635293289612486 5.70821962419584e-06 38.60861339444089 3191
0.976851 0.00128757962313493 5.005508849765191e-06 26.94976015980227 3044
1.03431 1.111429562217775e-28 6.43420499649633e-31 2.077832748765666e-24 2736
1.09177 1.26269994603183e-28 8.067019465328936e-31 2.115851043350049e-24 2276
1.14924 1.496840295397286e-28 1.036517325445816e-30 2.261321872537705e-24 2016
1.2067 1.758071522168139e-28 1.189387962734361e-30 2.409734953212392e-24 1640
1.26416 2.025149108074404e-28 1.42675612034192e-30 2.528314704786514e-24 1056
1.32162 2.134960327305588e-28 1.66084588046116e-30 2.43750521453957e-24 683
1.37908 2.440473857515472e-28 2.095305577125909e-30 2.562655971385852e-24 350
1.43654 2.480935477419268e-28 2.769883099088316e-30 2.404524909073224e-24 192
1.49401 3.880291128256758e-28 2.730993392904682e-30 3.464693860172986e-24 44
1.55147 3.612112138148576e-28 3.174724958050888e-30 2.968919337321637e-24 25


0.0574618 0.2417509680934145 0.0002798382261026235 2285853.624999015 18
0.114924 0.4135710743555808 0.0002310808844167125 782777.4558875617 62
0.172385 0.2042349094837779 0.0001966758458042885 159971.5568344716 98
0.229847 0.1175252012689328 0.0001794894721954421 50183.84372059437 210
0.287309 0.04001734037156537 0.00011140480618086 10994.19990016059 350
0.344771 0.02676962493385874 4.291496658235914e-05 5067.258171981554 450
0.402233 0.01849840575182114 2.256754040778984e-05 2540.433337056552 602
0.459694 0.009147706257357857 1.660048032380742e-05 955.3395469904654 762
0.517156 0.005271234240654929 1.069851934686984e-05 436.1146685216696 1142
0.574618 0.003455718726220075 9.143556341145348e-06 232.2766233768757 1250
0.63208 0.002607138947670877 6.992840541544677e-06 144.2002219869437 1458
0.689542 0.001796020570579319 7.319027337842351e-06 83.27272600389529 1814
0.747003 0.001792090780028397 5.705621950905455e-06 70.78163447672546 2178
0.804465 0.00157174668293638 5.730187271097595e-06 53.54487486997222 2498
0.861927 0.001421943182989822 7.07643455700481e-06 42.10091108092249 2622
0.919389 0.001352759030882218 5.447941677145308e-06 35.1205741071142 3191
0.976851 0.001060960927194326 4.774793368255872e-06 24.41913575586119 3044
1.03431 1.054141627381563e-28 5.948802905214889e-31 2.166500829888578e-24 2736
1.09177 1.196053747248675e-28 7.549411668124629e-31 2.203324566337882e-24 2276
1.14924 1.471866775846483e-28 9.282323852475972e-31 2.444121130100217e-24 2016
1.2067 1.623869884707149e-28 1.092181798105259e-30 2.446935309935748e-24 1640
1.26416 1.893483086030209e-28 1.294487941646967e-30 2.598664904459197e-24 1056
1.32162 2.082681837308184e-28 1.581402967234516e-30 2.61396419433951e-24 683
1.37908 2.327721199495841e-28 1.928515877793128e-30 2.686938311917408e-24 350
1.43654 2.281927113912865e-28 2.500324476241901e-30 2.431365657082086e-24 192
1.49401 3.668876010370941e-28 2.234457584708238e-30 3.600593864724936e-24 44
1.55147 3.782716028193355e-28 3.720829031947401e-30 3.418653157523279e-24 25


0.0574618 0.1427178374566784 0.0003016283692545866 1588491.022578199 18
0.114924 0.4039838858028421 0.000168352429773124 832199.1937206774 62
0.172385 0.1784996863612716 0.0001736569843307304 152678.0391040471 98
0.229847 0.09488753314985249 0.0001655940117685037 44310.00885902813 210
0.287309 0.05494935778222924 7.055183875314429e-05 16351.12312187632 350
0.344771 0.02882910938512988 2.971673362458296e-05 5940.317305686782 450
0.402233 0.01129107526500324 2.90326767263444e-05 1697.458004177579 602
0.459694 0.006980570641041676 1.670600570942768e-05 796.0764259598718 762
0.517156 0.003556588483379283 1.186899492392613e-05 321.6137109174996 1142
0.574618 0.003002753979956593 8.10404311813174e-06 220.1311267627828 1250
0.63208 0.002328874820887026 6.016537476132035e-06 140.4557973029431 1458
0.689542 0.001510051454788753 6.62336772072751e-06 76.37916446598319 1814
0.747003 0.001554256010593858 5.085410577917235e-06 66.94715917263616 2178
0.804465 0.001421076373216019 4.860786778039844e-06 52.78346439017883 2498
0.861927 0.001187823532390569 6.491963684357621e-06 38.36394981280318 2622
0.919389 0.001244052127098942 4.47033339092729e-06 35.21095080747963 3191
0.976851 0.0009283885083385756 4.209143765050503e-06 23.30054723509142 3044
1.03431 1.012528653402687e-28 5.415996546260836e-31 2.2689150248443e-24 2736
1.09177 1.21551516566778e-28 6.636084190081149e-31 2.440916232190248e-24 2276
1.14924 1.398259586736126e-28 8.559676448912153e-31 2.531687902191814e-24 2016
1.2067 1.55554160114925e-28 1.006724297430674e-30 2.55571215967107e-24 1640
1.26416 1.791848828262292e-28 1.247573303551964e-30 2.681599186544716e-24 1056
1.32162 1.958329077021381e-28 1.4749245072434e-30 2.68004527349112e-24 683
1.37908 2.43618618229895e-28 1.637353087314622e-30 3.065222965058431e-24 350
1.43654 2.484800098889215e-28 2.11361645108938e-30 2.885407482670736e-24 192
1.49401 3.592611602024257e-28 2.322757799942197e-30 3.844564443390527e-24 44
1.55147 4.119205606765873e-28 3.398444513420667e-30 4.058040736695786e-24 25


0.0574618 0.1215875621837706 0.0002735757715162203 1498501.623811276 18
0.114924 0.358738612229036 0.0001474268769330571 801479.6971598418 62
0.172385 0.1573433817363412 0.0001551281097221165 145968.2614507241 98
0.229847 0.08094142681531145 0.0001494703640033397 41021.83084922935 210
0.287309 0.06067175144058259 4.838543857903438e-05 19506.85151746697 350
0.344771 0.02251010278956866 3.123528788206048e-05 5031.268775057692 450
0.402233 0.01300957144595889 2.00711103392682e-05 2112.626885674522 602
0.459694 0.00716261982788721 1.288633910382798e-05 883.6551412009645 762
0.517156 0.004819545713763033 6.78884398108729e-06 470.4717498798661 1142
0.574618 0.002706711619540627 7.051027024079944e-06 214.8913253273415 1250
0.63208 0.001862835520351015 5.918390169905009e-06 121.767863183314 1458
0.689542 0.001638434682457971 4.984318121071172e-06 89.63928477071673 1814
0.747003 0.001393228515458914 4.452904116190077e-06 64.98887481938181 2178
0.804465 0.001254097807441439 4.35293029479168e-06 50.4490370352657 2498
0.861927 0.001125537138788427 5.449279362717642e-06 39.35587864727799 2622
0.919389 0.001136171413164116 3.788332389379143e-06 34.81958444235112 3191
0.976851 0.0009294678536411761 3.250366378206602e-06 25.24943217718753 3044
1.03431 1.01204990700796e-28 4.881745849870094e-31 2.455414986409628e-24 2736
1.09177 1.181503897621602e-28 6.045975182227821e-31 2.569067187710705e-24 2276
1.14924 1.388187479273639e-28 7.713853809390835e-31 2.721383888864639e-24 2016
1.2067 1.587817871317644e-28 8.748656677285784e-31 2.824204715184111e-24 1640
1.26416 1.735659926600476e-28 1.126368896361142e-30 2.812542310944693e-24 1056
1.32162 1.896848228428285e-28 1.336753520163487e-30 2.810835247928552e-24 683
1.37908 2.276935549999056e-28 1.510679735126939e-30 3.102301245659329e-24 350
1.43654 2.749954625290854e-28 1.668353210428593e-30 3.456112742849686e-24 192
1.49401 2.690530942964688e-28 2.466625365010197e-30 3.119681923009328e-24 44
1.55147 4.333547484390726e-28 3.058913967554589e-30 4.621968961922106e-24 25


0.0574618 0.1637092628336219 0.0002042731859280371 2031662.681243353 18
0.114924 0.2870580792490663 0.0001577111235944095 694605.5921291873 62
0.172385 0.1399095173821294 0.0001397726625535478 139957.1018982279 98
0.229847 0.07220122144904143 0.0001333634722558919 39448.70376198307 210
0.287309 0.05547001764713488 4.330185613239304e-05 19204.74912648551 350
0.344771 0.01636134442490465 3.335558195841394e-05 3949.579046999764 450
0.402233 0.01271674207571661 1.648658602440702e-05 2222.061299985892 602
0.459694 0.006493908666378898 1.146234841537332e-05 862.6352086916531 762
0.517156 0.002685976624267814 9.589280310652396e-06 283.5066894921683 1142
0.574618 0.002663301802187297 5.756143078709474e-06 227.5240495644141 1250
0.63208 0.0019031673291254 4.696873514369527e-06 133.8312068637964 1458
0.689542 0.001610936549372226 4.049464206174962e-06 94.84140304627952 1814
0.747003 0.001343145004452441 3.711429976854369e-06 67.42976329339123 2178
0.804465 0.001164372584787428 3.776532985393216e-06 50.42135751809704 2498
0.861927 0.001154904805750111 4.337295537331536e-06 43.4469308412242 2622
0.919389 0.0009976793890355338 3.48283873999353e-06 32.92087092446747 3191
0.976851 0.0008846528554040515 2.701484131899696e-06 25.8663397595232 3044
1.03431 9.775386456180548e-29 4.483066471808885e-31 2.553119571627932e-24 2736
1.09177 1.135148691894771e-28 5.753184706916293e-31 2.657330337451954e-24 2276
1.14924 1.35518093551939e-28 7.213569836152027e-31 2.859947979542406e-24 2016
1.2067 1.472812512820021e-28 8.304182196343496e-31 2.820429565615491e-24 1640
1.26416 1.737158751966065e-28 9.597203433228291e-31 3.029637902354299e-24 1056
1.32162 1.938672271826055e-28 1.133628850827237e-30 3.091738649657092e-24 683
1.37908 2.086077126305846e-28 1.499696243747999e-30 3.060412519518901e-24 350
1.43654 2.563907838137007e-28 1.667110658232061e-30 3.469393635896855e-24 192
1.49401 2.521092348980501e-28 2.130644174720751e-30 3.146646516147541e-24 44
1.55147 4.1132794552446e-28 2.702663800999172e-30 4.722418381279858e-24 25


