0.137841 0.0002079294128183077 2.320312264197673e-05 0.7380218600208609 18
0.275683 0.001149254168877405 0.0001981770950757138 1.136328223712397 62
0.413524 0.003212844246342268 0.0006771902228422564 1.367109449242235 98
0.551365 0.006650993074892097 0.002518355674855706 1.582703342773108 210
0.689207 0.01159472803254502 0.006397258761477198 1.788477385209497 350
0.827048 0.01520372817621663 0.0118138627861211 1.638144019935217 450
0.964889 0.01479297599999902 0.01179182233160334 1.157338009174395 602
1.10273 1.714601663189463e-34 8.668099108021122e-35 1.015515215164261e-32 762
1.24057 1.687743636653465e-34 9.817789548251939e-35 7.919658559204903e-33 1142
1.37841 2.546349313734522e-34 1.508808727159859e-34 9.698503141717427e-33 1250
1.51625 2.829868104283463e-34 1.730392947776463e-34 8.871923917836086e-33 1458
1.6541 3.217303896591601e-34 1.797592958033598e-34 8.448839653047205e-33 1814
1.79194 3.598355512560768e-34 1.913312200778648e-34 8.057579622732994e-33 2178
1.92978 3.646849889447368e-34 2.2427615681133e-34 7.043617913676174e-33 2498
2.06762 3.882188844676415e-34 2.011813122229214e-34 6.512487349433555e-33 2622
2.20546 3.809831920318814e-34 2.076356150164108e-34 5.612957556424732e-33 3338
2.3433 3.911214178222762e-34 2.072535164351859e-34 5.113081052782526e-33 3722
2.48114 5.181560748993263e-34 3.053080999886716e-34 6.047107750154515e-33 4170
2.61898 6.552008106432888e-34 3.314664869238815e-34 6.855087115318883e-33 4358
2.75683 6.376428196457472e-34 3.450850049279618e-34 6.015498030154726e-33 5034
2.89467 5.749871587981515e-34 3.645552981161955e-34 4.923347894652644e-33 5714
3.03251 6.570396661769146e-34 3.521154870697739e-34 5.126242591757826e-33 5982
3.17035 6.644008464748097e-34 3.842309272008118e-34 4.738761987397016e-33 6602
3.30819 6.344853384963435e-34 3.638925733397779e-34 4.154371539513761e-33 7130
3.44603 7.401723988754919e-34 4.405982371752679e-34 4.466465695627227e-33 8034
3.58387 8.447598668469042e-34 4.628653273359363e-34 4.715771337523383e-33 8606
3.72172 1.036153960426169e-33 6.832627759681963e-34 5.36327329093053e-33 9066
3.85956 1.252561571673957e-33 7.196160028517906e-34 6.028087726119982e-33 9962
3.9974 1.539194841937659e-33 9.1688670946373e-34 6.905547775661583e-33 10550
4.13524 1.394288141093008e-33 8.301826375488604e-34 5.844189690233153e-33 11226
4.27308 1.587179145950791e-33 8.284653197159985e-34 6.229110468025912e-33 12146
4.41092 1.274411471881905e-33 7.946701278416292e-34 4.691973396004172e-33 12303
4.54876 1.026317087156145e-33 5.510449443832675e-34 3.551795653509664e-33 12584
4.6866 9.600969722876976e-34 5.632236180971011e-34 3.131071962235265e-33 12120
4.82445 9.914648525149935e-34 5.614976441111744e-34 3.05108623756656e-33 11180
4.96229 1.024199117959574e-33 5.758248510485012e-34 2.978883482042229e-33 11096
5.10013 1.137992598922986e-33 6.07207691670388e-34 3.133610245070605e-33 10056
5.23797 1.14448476765457e-33 6.983463695319163e-34 2.987764567965993e-33 9716
5.37581 1.129840374074356e-33 6.854392395745125e-34 2.800001435621052e-33 8604
5.51365 1.331902671181145e-33 7.761595641627328e-34 3.137038803020847e-33 8060
5.65149 1.339153483390711e-33 8.415136244315802e-34 3.002299222149782e-33 7320
5.78933 1.470234657827915e-33 8.695038552669787e-34 3.142178439692106e-33 6356
5.92718 1.540739168284434e-33 8.867514837619717e-34 3.140999377387902e-33 5348
6.06502 1.408337166149525e-33 8.402701585893502e-34 2.741033929765743e-33 4308
6.20286 1.422971905316409e-33 7.809805898265737e-34 2.64795025834667e-33 3563
6.3407 1.374306589785389e-33 7.855634870962284e-34 2.448347165462971e-33 2448
6.47854 1.478950292149184e-33 8.058429995220376e-34 2.522483900154132e-33 1868
6.61638 1.603406344514831e-33 8.364604852016765e-34 2.619981819488484e-33 1358
6.75422 1.717993888539171e-33 9.651603919212221e-34 2.693050072555845e-33 1062
6.89206 1.893271792331482e-33 1.005231651484175e-33 2.854164740032369e-33 776
7.02991 2.238624388085295e-33 1.103566062491449e-33 3.248186143950411e-33 432
7.16775 2.145770166898419e-33 1.236345075573982e-33 2.985009125821136e-33 200
7.30559 2.304864766486092e-33 1.333106760916564e-33 3.081106832727323e-33 168
7.44343 2.466351974961934e-33 8.441434119277204e-34 3.181729169482201e-33 56
7.58127 2.223044923800208e-33 6.433847100117726e-34 2.766025780665826e-33 7


0.137841 8.040538321579486e-06 1.624292850677715e-06 4.240788998658167 18
0.275683 0.000113932303419971 1.391068046355298e-06 4.496229270327652 62
0.413524 2.553412550764393e-05 1.873550156177991e-05 0.9626761959008769 98
0.551365 0.0002700645374758402 1.473501906713132e-05 2.163558652744822 210
0.689207 0.0002885179242115391 3.066865048294047e-05 1.477559717190651 350
0.827048 0.0003196007558840803 4.406001470843457e-05 1.112485573425627 450
0.964889 0.0002084530442332877 4.696442157088198e-05 0.5342345023752 602
1.10273 2.966721923732846e-35 4.399788622118434e-36 5.453180931254692e-32 762
1.24057 4.22341958305789e-35 6.291111519845816e-36 6.040439328942598e-32 1142
1.37841 4.957405136899314e-35 7.959409632624173e-36 5.710900422988552e-32 1250
1.51625 6.862690207177317e-35 1.13257892032505e-35 6.447148793194517e-32 1458
1.6541 7.834040202848903e-35 1.391960148408057e-35 6.139520750065073e-32 1814
1.79194 9.734569179006385e-35 1.958804847211502e-35 6.488852996489974e-32 2178
1.92978 1.114717779569743e-34 2.520588884319439e-35 6.394596709511361e-32 2498
2.06762 1.381819590524874e-34 3.209355870861661e-35 6.858898019100246e-32 2622
2.20546 1.599565246240333e-34 3.938549739036833e-35 6.954044975542966e-32 3338
2.3433 1.832410690441547e-34 4.755874879879015e-35 7.053856753349533e-32 3722
2.48114 2.043067222857216e-34 5.905362165512649e-35 7.015892929200078e-32 4170
2.61898 2.468168808045789e-34 7.554752503860454e-35 7.587722409826301e-32 4358
2.75683 2.93415901253411e-34 8.598252023603615e-35 8.103934798470798e-32 5034
2.89467 3.205092994298737e-34 1.045090358341291e-34 8.03204102209489e-32 5714
3.03251 3.547509380763231e-34 1.257727000063738e-34 8.096657158024469e-32 5982
3.17035 3.996880800281876e-34 1.441342853534131e-34 8.327283438277479e-32 6602
3.30819 4.441231554377417e-34 1.757358314993868e-34 8.492920673316377e-32 7130
3.44603 5.196671249101551e-34 1.97070721834039e-34 9.13946436529752e-32 8034
3.58387 5.566659384470639e-34 2.275215849870835e-34 9.05233968137796e-32 8606
3.72172 6.237791683966357e-34 2.729305092240084e-34 9.403832775497402e-32 9066
3.85956 6.752746992940575e-34 3.095346931596636e-34 9.458699760623656e-32 9962
3.9974 7.559100582481847e-34 3.57593963498886e-34 9.864854065823167e-32 10550
4.13524 8.402474389029394e-34 4.008921336135724e-34 1.023338522253073e-31 11226
4.27308 9.252721208657974e-34 4.426131918671628e-34 1.054229661765417e-31 12146
4.41092 9.779136128757453e-34 5.037750110930782e-34 1.04517879172678e-31 12303
4.54876 1.065004407761759e-33 5.586159228586111e-34 1.069298899390942e-31 12584
4.6866 1.154972970784537e-33 6.501689307998975e-34 1.092807640643599e-31 12120
4.82445 1.250060046401898e-33 7.067878551642798e-34 1.115225530986885e-31 11180
4.96229 1.348822489693875e-33 7.875824630382613e-34 1.136927935089386e-31 11096
5.10013 1.475971812172521e-33 9.093131707547139e-34 1.177752953781249e-31 10056
5.23797 1.547144203349857e-33 9.75252326904962e-34 1.16992721988889e-31 9716
5.37581 1.654735454335084e-33 1.078406867999956e-33 1.187515064801557e-31 8604
5.51365 1.799258837738542e-33 1.2200021234917e-33 1.226964565861617e-31 8060
5.65149 1.899742413498831e-33 1.353725478207972e-33 1.233068351526991e-31 7320
5.78933 2.095463129746361e-33 1.5079282828195e-33 1.295939534984631e-31 6356
5.92718 2.238616844550602e-33 1.641323221796017e-33 1.320186596784474e-31 5348
6.06502 2.309002324191374e-33 1.833540781146292e-33 1.300491310431512e-31 4308
6.20286 2.466390862893485e-33 2.032184582835259e-33 1.32793660286218e-31 3563
6.3407 2.579788217655305e-33 2.095747412791067e-33 1.328863580830643e-31 2448
6.47854 2.859848225474976e-33 2.383570190013057e-33 1.410102286550282e-31 1868
6.61638 2.997429489541223e-33 2.495829382357862e-33 1.415225607948978e-31 1358
6.75422 3.217723923989061e-33 2.691762668944656e-33 1.456954924026339e-31 1062
6.89206 3.188698180631326e-33 2.890335348081744e-33 1.388942173451071e-31 776
7.02991 3.778767959189703e-33 3.379255812530605e-33 1.583499125203425e-31 432
7.16775 3.13058765360512e-33 3.147188830449367e-33 1.258725618818942e-31 200
7.30559 4.610309834858576e-33 4.066225363770464e-33 1.778586781767343e-31 168
7.44343 4.375922476514362e-33 4.34663521114994e-33 1.630193771631551e-31 56
7.58127 4.473276928879209e-33 3.274585248632478e-33 1.603320259773362e-31 7


0.137841 8.0736324117955e-06 7.084592642867248e-08 4.967727376881327 18
0.275683 1.22429637339387e-05 3.583006722182272e-06 2.677205069884387 62
0.413524 5.700071787749463e-05 1.639227361087912e-06 1.948816172773874 98
0.551365 6.262789511333046e-05 9.231827865180458e-06 1.340603142212017 210
0.689207 0.0001136295528878646 1.026879967200018e-05 1.257506418377018 350
0.827048 0.0001151324294802712 1.616380789416671e-05 0.8773523694893199 450
0.964889 0.0001001639348947266 1.36422173932183e-05 0.5250835497325473 602
1.10273 2.03192695608322e-35 2.666457623891153e-36 7.779755650037118e-32 762
1.24057 3.110278957026813e-35 3.737696682661886e-36 9.122580227691202e-32 1142
1.37841 3.821836332479821e-35 4.894386162015161e-36 8.960788726561974e-32 1250
1.51625 4.947669800290903e-35 6.636435489014399e-36 9.424190004604028e-32 1458
1.6541 6.26598549189753e-35 8.445405258074443e-36 9.892631199930653e-32 1814
1.79194 7.373352660598175e-35 1.123052225751238e-35 9.886701672076842e-32 2178
1.92978 8.899997793160965e-35 1.485004623365321e-35 1.024140760600764e-31 2498
2.06762 1.087920199471797e-34 1.8501766171063e-35 1.080165307864096e-31 2622
2.20546 1.247930595191517e-34 2.232300312689286e-35 1.083926766921904e-31 3338
2.3433 1.492654086569475e-34 2.68008496562321e-35 1.143983060749776e-31 3722
2.48114 1.65391017479147e-34 3.402515716938829e-35 1.131861867275821e-31 4170
2.61898 2.000880411667028e-34 4.042140177919088e-35 1.221725230657751e-31 4358
2.75683 2.256194247159046e-34 4.771006820888198e-35 1.238982705842118e-31 5034
2.89467 2.593898014571181e-34 5.534309996858411e-35 1.288822750977675e-31 5714
3.03251 2.88484101958659e-34 6.537019237838982e-35 1.304452624738261e-31 5982
3.17035 3.224547388407627e-34 7.901352278232708e-35 1.332143015096685e-31 6602
3.30819 3.668848780963893e-34 9.042151430352575e-35 1.38796184396286e-31 7130
3.44603 4.084231148648226e-34 1.058079459549403e-34 1.422624199197869e-31 8034
3.58387 4.50280181307953e-34 1.173040900806966e-34 1.448074604241021e-31 8606
3.72172 5.048111153770964e-34 1.397979787308505e-34 1.504486662336354e-31 9066
3.85956 5.670817225570053e-34 1.560946960107717e-34 1.568378001648585e-31 9962
3.9974 6.148991268377596e-34 1.810835112572042e-34 1.585207776938429e-31 10550
4.13524 6.874744570920652e-34 2.055024634538892e-34 1.653681153128453e-31 11226
4.27308 7.613845056168262e-34 2.302293241506163e-34 1.712913787444428e-31 12146
4.41092 7.971973011732618e-34 2.505238678572756e-34 1.681426454759069e-31 12303
4.54876 8.499657857886827e-34 2.826867621076634e-34 1.68497053801352e-31 12584
4.6866 9.628637508556748e-34 3.186119367117107e-34 1.79639305421095e-31 12120
4.82445 1.021917526250214e-33 3.517280134613977e-34 1.798316687753133e-31 11180
4.96229 1.105255352578287e-33 3.838099389147672e-34 1.836745963412007e-31 11096
5.10013 1.19593369305616e-33 4.466754607782486e-34 1.881980768497116e-31 10056
5.23797 1.23165692340347e-33 4.852561258981377e-34 1.837291530514552e-31 9716
5.37581 1.361619281615251e-33 5.370622083150533e-34 1.92651796800922e-31 8604
5.51365 1.497867923002509e-33 5.91090019106729e-34 2.012667392679104e-31 8060
5.65149 1.590268480024921e-33 6.583936960809776e-34 2.033686950178163e-31 7320
5.78933 1.737846512818726e-33 6.903445725830963e-34 2.116052064125324e-31 6356
5.92718 1.824554714328357e-33 7.759587630731295e-34 2.119543176299973e-31 5348
6.06502 1.937181414021154e-33 8.721899863294899e-34 2.148610454347719e-31 4308
6.20286 2.173309080375464e-33 9.223791664272525e-34 2.301578396847681e-31 3563
6.3407 2.099210952875612e-33 1.022132675678903e-33 2.130674589318653e-31 2448
6.47854 2.361006380207891e-33 1.139142612996804e-33 2.292683497211358e-31 1868
6.61638 2.366579393941825e-33 1.195821456386676e-33 2.201750969883293e-31 1358
6.75422 2.506735890805335e-33 1.334613154022723e-33 2.237510855932997e-31 1062
6.89206 2.617967978935442e-33 1.200440217511949e-33 2.242149178083675e-31 776
7.02991 3.188670980534307e-33 1.389067359749005e-33 2.626064692963646e-31 432
7.16775 2.437576879345702e-33 1.494148292177773e-33 1.931417083059434e-31 200
7.30559 3.53639985081014e-33 1.741119290719424e-33 2.68477153146447e-31 168
7.44343 3.784812644730822e-33 1.507671969842445e-33 2.76638382345437e-31 56
7.58127 4.099570698563342e-33 2.00709386100539e-33 2.894704894556467e-31 7


0.137841 4.013626871267417e-06 8.788963858115143e-08 4.761335796254953 18
0.275683 5.674362261343264e-06 2.04185701729711e-06 2.663848769636936 62
0.413524 2.09094807270243e-05 2.03950462844705e-06 1.511669146455189 98
0.551365 3.994782524852394e-05 4.469542052778919e-06 1.355964905809556 210
0.689207 4.943594977458213e-05 7.053375002067458e-06 0.9880836608557503 350
0.827048 7.989926947567478e-05 7.041919701736118e-06 0.9194741970648833 450
0.964889 5.939527121904926e-05 7.00740955471171e-06 0.4890091360938645 602
1.10273 1.772334186623816e-35 2.189093237173488e-36 1.065589823621771e-31 762
1.24057 2.358952375117106e-35 2.913564017738487e-36 1.085569419162853e-31 1142
1.37841 2.860146462274365e-35 3.999160436415629e-36 1.051530999822261e-31 1250
1.51625 3.866588434176073e-35 5.526824186624056e-36 1.145434780682975e-31 1458
1.6541 5.349708111678334e-35 6.506154663661061e-36 1.289765679629596e-31 1814
1.79194 6.512141870432696e-35 8.419162840565566e-36 1.327534039647867e-31 2178
1.92978 7.665519744778554e-35 1.125401255833215e-35 1.341089078943596e-31 2498
2.06762 9.62967715129347e-35 1.443584778083837e-35 1.452134516942346e-31 2622
2.20546 1.073141589822064e-34 1.672171138539773e-35 1.41206955133646e-31 3338
2.3433 1.320733204942636e-34 2.056541127819345e-35 1.531060595052016e-31 3722
2.48114 1.509536238797974e-34 2.343325638009914e-35 1.552532238605101e-31 4170
2.61898 1.740702302278241e-34 2.98394800202159e-35 1.602740327814936e-31 4358
2.75683 2.002686195193372e-34 3.44216530247239e-35 1.654923835950612e-31 5034
2.89467 2.277008046517935e-34 3.990213779610259e-35 1.702090220795529e-31 5714
3.03251 2.568191643084868e-34 4.75103404867866e-35 1.745807306162445e-31 5982
3.17035 2.900453789287873e-34 5.533370284327767e-35 1.79834334998407e-31 6602
3.30819 3.185076078120952e-34 6.33548044371143e-35 1.809568603797638e-31 7130
3.44603 3.582141578396042e-34 7.448613298188934e-35 1.873058696586713e-31 8034
3.58387 4.033565029006277e-34 8.209869239453096e-35 1.945065460028643e-31 8606
3.72172 4.541680895845496e-34 9.715707468260734e-35 2.028687585414296e-31 9066
3.85956 5.014227701462037e-34 1.08872355076086e-34 2.078819761679149e-31 9962
3.9974 5.466648114754179e-34 1.253117595960994e-34 2.111260616248457e-31 10550
4.13524 6.029281201827986e-34 1.417647285618201e-34 2.172771345432826e-31 11226
4.27308 6.735282775178655e-34 1.600602477774887e-34 2.269473597782409e-31 12146
4.41092 6.984749267020376e-34 1.709991652686156e-34 2.205981054862036e-31 12303
4.54876 7.679201093982851e-34 1.884899060871501e-34 2.276706389526758e-31 12584
4.6866 8.256103722008423e-34 2.215875078143442e-34 2.30729963886999e-31 12120
4.82445 8.921344842660025e-34 2.408823839980385e-34 2.349957169100861e-31 11180
4.96229 9.710496053771222e-34 2.611905497704655e-34 2.414459757897648e-31 11096
5.10013 1.082196121530527e-33 3.006634976227809e-34 2.546255537867297e-31 10056
5.23797 1.112907223387784e-33 3.216896894035956e-34 2.481529492158465e-31 9716
5.37581 1.174672663441954e-33 3.654552843571691e-34 2.486906102378559e-31 8604
5.51365 1.294022960336871e-33 3.93882392298241e-34 2.600337924977994e-31 8060
5.65149 1.422099559001814e-33 4.27050971407495e-34 2.717287722742345e-31 7320
5.78933 1.525879571927884e-33 4.697317451274226e-34 2.778167167844008e-31 6356
5.92718 1.560569443079894e-33 5.294256832606475e-34 2.712003175401992e-31 5348
6.06502 1.704841152775757e-33 5.626971951240154e-34 2.825227031784855e-31 4308
6.20286 1.879172387552797e-33 6.236199458564821e-34 2.9754515044098e-31 3563
6.3407 1.855631877907734e-33 6.752158859390438e-34 2.814535386631707e-31 2448
6.47854 2.021766587653282e-33 7.270333060582901e-34 2.933606584545038e-31 1868
6.61638 2.236943682380074e-33 7.480274893752725e-34 3.104864904176089e-31 1358
6.75422 2.303719726724827e-33 9.062278664011659e-34 3.072000240220507e-31 1062
6.89206 2.443099563842587e-33 7.791760722901511e-34 3.123580691850392e-31 776
7.02991 2.786926030638333e-33 9.509212216396798e-34 3.430179768390849e-31 432
7.16775 2.354339607620006e-33 1.120571723632743e-33 2.788249497291101e-31 200
7.30559 3.094673580627449e-33 1.197181375388377e-33 3.510999936601889e-31 168
7.44343 2.933942819556958e-33 9.83763404545941e-34 3.205293354961166e-31 56
7.58127 4.860470726749876e-33 1.252285003289089e-33 5.109834470155867e-31 7


0.137841 8.607568254347332e-07 2.378603175045334e-07 4.370792184253214 18
0.275683 1.191225952812445e-05 4.825432897780885e-07 3.23150548737333 62
0.413524 6.139858971242381e-06 2.096079995709849e-06 1.227670159622184 98
0.551365 3.114841684706265e-05 2.390256139968852e-06 1.409521342122238 210
0.689207 4.402708641795153e-05 3.341458909389163e-06 1.108286470281835 350
0.827048 4.054620093469599e-05 5.848721649047947e-06 0.7320125332561584 450
0.964889 4.085212212774152e-05 4.336105555880969e-06 0.4671989833339888 602
1.10273 1.540910730276688e-35 1.901348366063701e-36 1.300584673645098e-31 762
1.24057 2.058208020007454e-35 2.566356472351431e-36 1.31510943083266e-31 1142
1.37841 2.658116116739833e-35 3.312755238413314e-36 1.335681867291335e-31 1250
1.51625 3.61893349272313e-35 4.429651930520466e-36 1.453118417535502e-31 1458
1.6541 4.466262186438707e-35 5.973634010222077e-36 1.483655122643822e-31 1814
1.79194 5.582687131898259e-35 7.536664728658885e-36 1.556818452032895e-31 2178
1.92978 6.937301372088912e-35 9.037986550829071e-36 1.640349185954254e-31 2498
2.06762 8.677707158389427e-35 1.19634446245571e-35 1.768453881679063e-31 2622
2.20546 9.840282614416644e-35 1.366133845605799e-35 1.743997904946686e-31 3338
2.3433 1.174402317479836e-34 1.72625980240381e-35 1.836067025281315e-31 3722
2.48114 1.315748294942958e-34 1.987507472552481e-35 1.826021954736062e-31 4170
2.61898 1.530294873440248e-34 2.409185253820452e-35 1.895396002998196e-31 4358
2.75683 1.739213479337787e-34 2.852957103750659e-35 1.93481141045733e-31 5034
2.89467 2.013980712659634e-34 3.258678321656206e-35 2.021719149406288e-31 5714
3.03251 2.32416795553934e-34 3.901320517802398e-35 2.119423811841355e-31 5982
3.17035 2.59078111482591e-34 4.512021991918958e-35 2.15454107684242e-31 6602
3.30819 2.842357162163429e-34 5.18600952233208e-35 2.164716386757395e-31 7130
3.44603 3.213439339418067e-34 5.94646431713098e-35 2.24945479643355e-31 8034
3.58387 3.52072890891952e-34 6.699326399114453e-35 2.274515365092221e-31 8606
3.72172 4.036391076381664e-34 7.796121016874368e-35 2.412313771822614e-31 9066
3.85956 4.604825587548528e-34 8.552144715673382e-35 2.549948315440438e-31 9962
3.9974 4.979176049530599e-34 9.865704419562361e-35 2.56905011338071e-31 10550
4.13524 5.462774101695163e-34 1.108887978178779e-34 2.629283523876135e-31 11226
4.27308 6.119319801385033e-34 1.231048096649059e-34 2.752461037332975e-31 12146
4.41092 6.388461819040725e-34 1.35083230159843e-34 2.693649725237833e-31 12303
4.54876 6.953557556706885e-34 1.495074672570092e-34 2.752497355225016e-31 12584
4.6866 7.740190710083441e-34 1.663583544418403e-34 2.882556523387822e-31 12120
4.82445 8.437956427092256e-34 1.848802132358163e-34 2.962245044486892e-31 11180
4.96229 8.747202801620531e-34 2.016354917713929e-34 2.901397732616796e-31 11096
5.10013 9.574672509866985e-34 2.353756666993816e-34 3.006707812543484e-31 10056
5.23797 1.022997982754051e-33 2.441838548308871e-34 3.040235393585842e-31 9716
5.37581 1.093997592270118e-33 2.761605464858211e-34 3.085960126611348e-31 8604
5.51365 1.19101212877861e-33 3.019915654862675e-34 3.190044310911764e-31 8060
5.65149 1.256194829975675e-33 3.357551354827961e-34 3.202171977871693e-31 7320
5.78933 1.379305256719348e-33 3.668169227658586e-34 3.348223930204451e-31 6356
5.92718 1.488065156201973e-33 3.829406445734573e-34 3.440861028002811e-31 5348
6.06502 1.58042482403126e-33 4.061309725787961e-34 3.485933646384897e-31 4308
6.20286 1.773228072012244e-33 4.651591610396694e-34 3.737804813739155e-31 3563
6.3407 1.751641041036272e-33 5.045074367356142e-34 3.537042578291622e-31 2448
6.47854 1.991768835924679e-33 5.251051455211639e-34 3.843303788020555e-31 1868
6.61638 2.097094873239814e-33 5.776519746341166e-34 3.876476055874673e-31 1358
6.75422 2.18302587317115e-33 6.571854521707594e-34 3.873394883713098e-31 1062
6.89206 2.006802277664497e-33 6.591770954165078e-34 3.426075987359575e-31 776
7.02991 2.34353376422239e-33 7.717654090908275e-34 3.848165767666255e-31 432
7.16775 2.615734491507387e-33 7.857770161794019e-34 4.11111289199858e-31 200
7.30559 2.497330522445941e-33 7.816055025841259e-34 3.771764438088973e-31 168
7.44343 2.766656143785415e-33 6.362404416266123e-34 4.017894380012325e-31 56
7.58127 2.735860137816188e-33 1.038095024334413e-33 3.852367156666849e-31 7


0.137841 9.174853598336505e-08 2.232651643756667e-07 4.274248546128262 18
0.275683 9.55683009962482e-06 2.488414455916722e-07 3.25587867850633 62
0.413524 1.032897608747937e-05 8.827796155721644e-07 1.469499608284144 98
0.551365 1.990229637991692e-05 1.970298768599363e-06 1.306463066254576 210
0.689207 2.39971483955851e-05 3.206997632783952e-06 0.9319050872723782 350
0.827048 4.053601764241811e-05 2.966743370972428e-06 0.8457307685957264 450
0.964889 2.853655079829744e-05 3.193775007936956e-06 0.4337435868362096 602
1.10273 1.559020030453452e-35 1.62149436091522e-36 1.676863713957449e-31 762
1.24057 2.026269718267691e-35 2.152546116903606e-36 1.648972364264746e-31 1142
1.37841 2.375914506187339e-35 2.996369789607923e-36 1.54231627306376e-31 1250
1.51625 3.28950092811549e-35 3.782073312762799e-36 1.689828159578397e-31 1458
1.6541 4.146212771428866e-35 5.072182922366688e-36 1.752084876554369e-31 1814
1.79194 5.323144729124983e-35 6.285911035921767e-36 1.875780772364236e-31 2178
1.92978 6.433662128686543e-35 8.106113889269136e-36 1.935677755929208e-31 2498
2.06762 7.616976805612483e-35 1.040240679617743e-35 1.975352280565448e-31 2622
2.20546 9.159274721894712e-35 1.183846152224657e-35 2.053748565691268e-31 3338
2.3433 1.084348212002418e-34 1.485066996958204e-35 2.142767096651181e-31 3722
2.48114 1.235910027047787e-34 1.678023601496654e-35 2.160308511852597e-31 4170
2.61898 1.491180911201671e-34 1.963063496626011e-35 2.317116628556472e-31 4358
2.75683 1.678720213781012e-34 2.378543473279298e-35 2.345080792228104e-31 5034
2.89467 1.884952646825927e-34 2.822557230679717e-35 2.381343057478804e-31 5714
3.03251 2.091783742499833e-34 3.383742711992261e-35 2.403811596951834e-31 5982
3.17035 2.344544614685123e-34 3.839968070726585e-35 2.453059629517584e-31 6602
3.30819 2.621373804704449e-34 4.311566331852947e-35 2.507191326125577e-31 7130
3.44603 2.947253321916041e-34 5.02674598738981e-35 2.59163536700846e-31 8034
3.58387 3.293326840100399e-34 5.688864944644569e-35 2.670611538970729e-31 8606
3.72172 3.791361615736019e-34 6.550769243744898e-35 2.842137465044245e-31 9066
3.85956 4.317463141263346e-34 7.183449442730045e-35 2.997315822567667e-31 9962
3.9974 4.722695829895469e-34 8.224824335752935e-35 3.052682752222126e-31 10550
4.13524 4.986184677453179e-34 9.378638746872238e-35 3.01041583194771e-31 11226
4.27308 5.528486262679112e-34 1.053878912025079e-34 3.119647526179824e-31 12146
4.41092 5.962734089192157e-34 1.140112148960285e-34 3.150087029019927e-31 12303
4.54876 6.516157881730841e-34 1.21214149754916e-34 3.227994168266441e-31 12584
4.6866 7.064668551737207e-34 1.391988180116459e-34 3.296354958440059e-31 12120
4.82445 7.541803841521784e-34 1.591795078791936e-34 3.32034882282342e-31 11180
4.96229 8.07649696051658e-34 1.6831742975679e-34 3.354497225924492e-31 11096
5.10013 9.051245589349141e-34 1.919079423197188e-34 3.555411969406968e-31 10056
5.23797 9.557672931164064e-34 2.005138186942746e-34 3.553941220109198e-31 9716
5.37581 1.031323243397461e-33 2.246162922767656e-34 3.638331443268168e-31 8604
5.51365 1.115711898211196e-33 2.482062075081456e-34 3.738029256142762e-31 8060
5.65149 1.167104528972337e-33 2.716997620491612e-34 3.720942887781512e-31 7320
5.78933 1.310534703849411e-33 2.966819004183557e-34 3.976889405484231e-31 6356
5.92718 1.330049662984027e-33 3.23158993974716e-34 3.850863253367981e-31 5348
6.06502 1.422068353551442e-33 3.513043877077824e-34 3.928024743414212e-31 4308
6.20286 1.575598049782739e-33 3.915107176046286e-34 4.157674714299845e-31 3563
6.3407 1.61712978493911e-33 4.14790535888052e-34 4.083912655139245e-31 2448
6.47854 1.693323045150207e-33 4.534135997501978e-34 4.093694123902238e-31 1868
6.61638 1.933434135102255e-33 4.79698536508553e-34 4.469507067697586e-31 1358
6.75422 2.079486718466333e-33 5.27168045041952e-34 4.609786223753115e-31 1062
6.89206 1.985976326775016e-33 5.126230006321906e-34 4.232108269316973e-31 776
7.02991 2.261480180792938e-33 6.062916921756053e-34 4.637757813158063e-31 432
7.16775 2.381575662417103e-33 6.474808866554598e-34 4.680599652673846e-31 200
7.30559 2.324916187325072e-33 6.682749981204206e-34 4.392423277883112e-31 168
7.44343 2.22744384982449e-33 5.723827930021268e-34 4.051506815838112e-31 56
7.58127 1.263458653826739e-33 8.507013896089431e-34 2.255166759691923e-31 7


0.137841 7.44955119880695e-07 1.003313981649045e-07 4.458819674995347 18
0.275683 3.547248655660896e-06 5.758713237493103e-07 2.905892176009227 62
0.413524 1.054705830882886e-05 4.005006297483604e-07 1.570324761339756 98
0.551365 1.120635985845513e-05 1.912026033859548e-06 1.175995016350696 210
0.689207 2.001692401754327e-05 2.254122618658717e-06 0.9471413860273394 350
0.827048 2.072426737315057e-05 3.347189735153108e-06 0.6641649153984588 450
0.964889 2.16131130797745e-05 2.447214489413785e-06 0.4151020339396112 602
1.10273 1.372443661212389e-35 1.589129181881948e-36 1.8716474806741e-31 762
1.24057 1.979330462836108e-35 1.909477766442273e-36 1.978985042273708e-31 1142
1.37841 2.322059319268699e-35 2.685908082792054e-36 1.845973592477651e-31 1250
1.51625 3.070248006027211e-35 3.496992709569284e-36 1.943383066575803e-31 1458
1.6541 3.843786934017503e-35 4.594658074138099e-36 1.994605937327442e-31 1814
1.79194 5.013538220466894e-35 5.540746997330519e-36 2.154145839555411e-31 2178
1.92978 5.921686678060923e-35 7.233452367007766e-36 2.172406394770578e-31 2498
2.06762 7.183986001242535e-35 9.102352847507932e-36 2.261657710740009e-31 2622
2.20546 8.163423839050278e-35 1.077207726322727e-35 2.234688777428607e-31 3338
2.3433 9.961112382958219e-35 1.332589414256055e-35 2.393755770024048e-31 3722
2.48114 1.13900270968841e-34 1.499102662443657e-35 2.415566435983907e-31 4170
2.61898 1.394196422088874e-34 1.761683430682769e-35 2.623645256962481e-31 4358
2.75683 1.590428283160407e-34 2.110298875432829e-35 2.685652027543301e-31 5034
2.89467 1.771761009009108e-34 2.502835256305706e-35 2.705933045642674e-31 5714
3.03251 1.966588961910663e-34 2.916342816023974e-35 2.727197195280393e-31 5982
3.17035 2.248592237364207e-34 3.244159873701339e-35 2.832602867023215e-31 6602
3.30819 2.524994115162884e-34 3.746437533857716e-35 2.909690788526609e-31 7130
3.44603 2.831733284586073e-34 4.308547421420058e-35 2.998191064375286e-31 8034
3.58387 3.096793302987769e-34 5.003715299249246e-35 3.027617459081441e-31 8606
3.72172 3.473399946694628e-34 5.835396883080654e-35 3.142460539703478e-31 9066
3.85956 3.994482445042522e-34 6.322778636782179e-35 3.34243926582263e-31 9962
3.9974 4.362898524222234e-34 7.216822200471718e-35 3.398414547689937e-31 10550
4.13524 4.754330099778786e-34 8.044747030134804e-35 3.453065284952734e-31 11226
4.27308 5.310055058449851e-34 8.89561774112912e-35 3.601431205357132e-31 12146
4.41092 5.731928226706358e-34 9.719839505257033e-35 3.639797219131957e-31 12303
4.54876 6.056623710092648e-34 1.053236705077988e-34 3.610395174264831e-31 12584
4.6866 6.567969173618621e-34 1.211151670742509e-34 3.687695657001236e-31 12120
4.82445 7.249631295099888e-34 1.354453228256791e-34 3.834996609488631e-31 11180
4.96229 7.560517353521643e-34 1.445348201953222e-34 3.775949752435932e-31 11096
5.10013 8.521345272646085e-34 1.634088528427307e-34 4.02298665838674e-31 10056
5.23797 8.89234855403012e-34 1.780248454130223e-34 3.977988278022397e-31 9716
5.37581 9.347492166793796e-34 1.946988211745504e-34 3.967258400146687e-31 8604
5.51365 1.050333056840338e-33 2.124344854109733e-34 4.22854449265171e-31 8060
5.65149 1.128224872341976e-33 2.284061858304969e-34 4.318369458597819e-31 7320
5.78933 1.215202943348996e-33 2.542290461687172e-34 4.431559963150941e-31 6356
5.92718 1.259351902844422e-33 2.77192112933482e-34 4.380317478518295e-31 5348
6.06502 1.373759180811013e-33 2.976352314445879e-34 4.555494884464992e-31 4308
6.20286 1.507978971800385e-33 3.399702107335568e-34 4.779745449785998e-31 3563
6.3407 1.554227041018437e-33 3.51220162193746e-34 4.711990154467469e-31 2448
6.47854 1.556059558850828e-33 3.886254324092591e-34 4.520693043986873e-31 1868
6.61638 1.723595745195816e-33 4.179825244797391e-34 4.790888506497793e-31 1358
6.75422 1.900510200724782e-33 4.513714958129921e-34 5.061550522059169e-31 1062
6.89206 1.877242975776708e-33 4.421784385794953e-34 4.803429621400904e-31 776
7.02991 2.20113323259505e-33 5.065101956953935e-34 5.41551809271735e-31 432
7.16775 2.054348834419196e-33 5.752918216176889e-34 4.857305016173376e-31 200
7.30559 2.105237929479639e-33 5.914220276007623e-34 4.7810490599516e-31 168
7.44343 2.063295189398753e-33 4.730291905350617e-34 4.504563543652472e-31 56
7.58127 1.646272203566537e-33 7.533397109138539e-34 3.507908740754338e-31 7


0.137841 1.247673127733721e-06 1.274555063465656e-08 4.629423604238365 18
0.275683 1.247109209669759e-06 6.170663403472243e-07 2.767500266823904 62
0.413524 5.500207575540862e-06 6.180699272316779e-07 1.408187721153225 98
0.551365 1.166552235682259e-05 1.23107462886904e-06 1.258192197693167 210
0.689207 1.853064062386607e-05 1.518957756781731e-06 0.9896540523613625 350
0.827048 2.296637240547155e-05 1.965004103323939e-06 0.7601331304921735 450
0.964889 1.94984941027796e-05 1.69669970904623e-06 0.4318109260108052 602
1.10273 1.352851765266667e-35 1.35720868423181e-36 2.186805610725357e-31 762
1.24057 1.549467909092075e-35 2.169738021747666e-36 1.982809615339207e-31 1142
1.37841 2.245563095256681e-35 2.450101205467702e-36 2.127667440112835e-31 1250
1.51625 2.79577952353197e-35 3.414466199129693e-36 2.138778599387288e-31 1458
1.6541 3.528562564967524e-35 4.294779594065814e-36 2.193908252166374e-31 1814
1.79194 4.689158833252037e-35 5.11895931925597e-36 2.392833819074743e-31 2178
1.92978 5.641698218131868e-35 6.516903197669112e-36 2.446473930738678e-31 2498
2.06762 7.047295296856209e-35 8.018199369699884e-36 2.60697778671754e-31 2622
2.20546 7.901261585951189e-35 9.643584681974606e-36 2.546088812776921e-31 3338
2.3433 9.493328899426245e-35 1.211866110028422e-35 2.688445975691096e-31 3722
2.48114 1.030527044425628e-34 1.3545360429196e-35 2.582527975965591e-31 4170
2.61898 1.252093924179485e-34 1.703432837805661e-35 2.791747634377291e-31 4358
2.75683 1.465058361183026e-34 1.910875456283863e-35 2.91409559473407e-31 5034
2.89467 1.672381011100833e-34 2.283356286464243e-35 3.004200366607866e-31 5714
3.03251 1.827535335840584e-34 2.659143750927425e-35 2.98143522473358e-31 5982
3.17035 2.125345669493589e-34 2.934618664792685e-35 3.143536048671817e-31 6602
3.30819 2.351115133850124e-34 3.445476699364186e-35 3.184435223770598e-31 7130
3.44603 2.662980028394908e-34 3.985873069131552e-35 3.311714659950471e-31 8034
3.58387 2.975741140302762e-34 4.422159435850829e-35 3.406763262310959e-31 8606
3.72172 3.420923752642901e-34 4.992315733251055e-35 3.615787437305481e-31 9066
3.85956 3.82013969161738e-34 5.692619293411909e-35 3.744051978468726e-31 9962
3.9974 4.161327618866934e-34 6.507551827829132e-35 3.796212317111632e-31 10550
4.13524 4.548534538542726e-34 7.02661305784987e-35 3.863929548828343e-31 11226
4.27308 5.039936650926064e-34 8.021987379900161e-35 4.001797644223556e-31 12146
4.41092 5.301789232634723e-34 8.756561388750065e-35 3.943893011041615e-31 12303
4.54876 5.710826131083619e-34 9.645796135301547e-35 3.986359000144082e-31 12584
4.6866 6.313583141886056e-34 1.044987638609333e-34 4.14176794515943e-31 12120
4.82445 6.953397038099013e-34 1.205696953666549e-34 4.301154228455645e-31 11180
4.96229 7.259206314866746e-34 1.276172644888728e-34 4.237430248087743e-31 11096
5.10013 8.002989610664983e-34 1.479416099641473e-34 4.420988471980009e-31 10056
5.23797 8.445270266575383e-34 1.594184765662634e-34 4.417955319858889e-31 9716
5.37581 8.990897440572342e-34 1.70115615944059e-34 4.458007279043535e-31 8604
5.51365 1.018326708638535e-33 1.882620265363663e-34 4.789586599507228e-31 8060
5.65149 1.050677365863447e-33 2.058350189745833e-34 4.703208925877207e-31 7320
5.78933 1.151233692561134e-33 2.227868640527478e-34 4.905075090910001e-31 6356
5.92718 1.217687335623204e-33 2.384171644212603e-34 4.94418422395811e-31 5348
6.06502 1.306842704077235e-33 2.601426713946143e-34 5.061701066553566e-31 4308
6.20286 1.394342603070354e-33 2.985350724536095e-34 5.165486333192449e-31 3563
6.3407 1.454028770936495e-33 3.090483910049952e-34 5.150655104471291e-31 2448
6.47854 1.540016938486472e-33 3.312990941448568e-34 5.219210589412664e-31 1868
6.61638 1.727349804834268e-33 3.507089706621875e-34 5.597563219688496e-31 1358
6.75422 1.793370571144282e-33 3.96061009964319e-34 5.57852169491016e-31 1062
6.89206 1.674798903956162e-33 4.162277220193246e-34 5.016062590843105e-31 776
7.02991 1.940929558227901e-33 4.529505357590741e-34 5.584328239795032e-31 432
7.16775 2.087376988834012e-33 4.926221476787623e-34 5.754551065457255e-31 200
7.30559 2.0883023903244e-33 4.42733774795933e-34 5.519051915002481e-31 168
7.44343 1.854472437767353e-33 4.671402550622872e-34 4.738947636674701e-31 56
7.58127 3.352588666218752e-33 3.422782352219022e-34 8.181134785181432e-31 7


0.137841 9.517270710438161e-07 1.805643159167971e-08 4.597681512585273 18
0.275683 2.742746885899803e-06 3.272263622239532e-07 2.952148320222665 62
0.413524 2.712009200483573e-06 6.898185299913437e-07 1.309145162181706 98
0.551365 1.252165269532859e-05 7.023069770108072e-07 1.348749251813179 210
0.689207 1.30560644517859e-05 1.467977417326216e-06 0.9210469866419841 350
0.827048 1.863381395151996e-05 1.63374625193721e-06 0.7399563340825526 450
0.964889 1.203226205562904e-05 1.809016742421594e-06 0.3646827298268941 602
1.10273 1.185376178311624e-35 1.39609773363903e-36 2.346578953529246e-31 762
1.24057 1.7726559369864e-35 1.600289530820271e-36 2.474503463349183e-31 1142
1.37841 2.058349391990737e-35 2.366749079179695e-36 2.309522874343237e-31 1250
1.51625 2.693811703089368e-35 3.148886664775299e-36 2.40405573464184e-31 1458
1.6541 3.359672947505613e-35 3.934740638752471e-36 2.42700769655815e-31 1814
1.79194 4.284098182117323e-35 4.890855355191835e-36 2.560288675214482e-31 2178
1.92978 5.290432215907903e-35 6.179879135160969e-36 2.671749670939328e-31 2498
2.06762 6.508935898342771e-35 7.545891553350147e-36 2.802285428773059e-31 2622
2.20546 7.636378837483327e-35 8.896969433522954e-36 2.843344277891153e-31 3338
2.3433 9.13621439619998e-35 1.084116177626256e-35 2.980934502993073e-31 3722
2.48114 1.006791497237745e-34 1.25231098352379e-35 2.906186704494403e-31 4170
2.61898 1.204302870255977e-34 1.550898562143239e-35 3.093659167812733e-31 4358
2.75683 1.357188845587935e-34 1.820224251077595e-35 3.123469476549671e-31 5034
2.89467 1.55685913431512e-34 2.109596754844661e-35 3.225301529641991e-31 5714
3.03251 1.773148030192684e-34 2.378200903577317e-35 3.321037645633464e-31 5982
3.17035 2.010444647280394e-34 2.694622572360994e-35 3.421731535538834e-31 6602
3.30819 2.242288780219171e-34 3.166071365613837e-35 3.491820448409966e-31 7130
3.44603 2.533883766842718e-34 3.612156366948369e-35 3.619995672448834e-31 8034
3.58387 2.831598250078819e-34 4.016006789116839e-35 3.723103534372709e-31 8606
3.72172 3.126381798413483e-34 4.69801546162809e-35 3.804259649336067e-31 9066
3.85956 3.51948064736225e-34 5.359718667168347e-35 3.968967130167584e-31 9962
3.9974 3.915990106949362e-34 6.011965205593557e-35 4.103340513732299e-31 10550
4.13524 4.283155372772474e-34 6.525148482327324e-35 4.178300238442446e-31 11226
4.27308 4.82332318340946e-34 7.267938175154002e-35 4.39123400786535e-31 12146
4.41092 5.056454913261312e-34 7.956833788163875e-35 4.312616971458186e-31 12303
4.54876 5.451981028346685e-34 8.774779204711617e-35 4.363229192146544e-31 12584
4.6866 5.978326727363013e-34 9.446575508416663e-35 4.495636766197167e-31 12120
4.82445 6.539072989447139e-34 1.099970311780389e-34 4.637828614961485e-31 11180
4.96229 6.876424453218927e-34 1.148872836528691e-34 4.59937104304501e-31 11096
5.10013 7.771090125308851e-34 1.315486858358108e-34 4.91342578290408e-31 10056
5.23797 8.15188047180806e-34 1.413633836486347e-34 4.880739737851743e-31 9716
5.37581 8.527114128720174e-34 1.54567317491053e-34 4.843807960561793e-31 8604
5.51365 9.626731128552931e-34 1.716436510752934e-34 5.187237771777265e-31 8060
5.65149 1.029637775796156e-33 1.819086794750526e-34 5.271770160715979e-31 7320
5.78933 1.090395949781093e-33 2.019086751209415e-34 5.320585073950603e-31 6356
5.92718 1.133796815914703e-33 2.192042416714879e-34 5.275254467040819e-31 5348
6.06502 1.226409214737088e-33 2.407174983239231e-34 5.442710783129565e-31 4308
6.20286 1.388825690977156e-33 2.584180447892285e-34 5.879458323067565e-31 3563
6.3407 1.38794302169977e-33 2.771196500691171e-34 5.626926627157937e-31 2448
6.47854 1.509304592389284e-33 2.918856149391621e-34 5.848711874030404e-31 1868
6.61638 1.505262521826881e-33 3.377670161438937e-34 5.598938419196311e-31 1358
6.75422 1.743384959429463e-33 3.421656022512974e-34 6.199004372264586e-31 1062
6.89206 1.851653896123423e-33 3.225225023640965e-34 6.313715240650898e-31 776
7.02991 1.941584415715111e-33 3.684923536009841e-34 6.375078675814539e-31 432
7.16775 1.798146700067635e-33 4.61438195665445e-34 5.686990856606498e-31 200
7.30559 1.720071986874779e-33 4.727355978678777e-34 5.231816068754546e-31 168
7.44343 2.295652542314412e-33 4.460122548639901e-34 6.689385828182598e-31 56
7.58127 2.687091645957319e-33 7.3583301830051e-34 7.591472828846893e-31 7


0.137841 3.157647494220845e-07 6.465585375975219e-08 4.447901729090773 18
0.275683 3.974554578453048e-06 1.029276111651578e-07 3.126316071500588 62
0.413524 3.650858886599089e-06 4.352693302280003e-07 1.391938515898399 98
0.551365 8.34269201802516e-06 8.135090597201761e-07 1.253276810673614 210
0.689207 1.054433150456526e-05 1.271074567737904e-06 0.9011519613160026 350
0.827048 1.116873530838244e-05 1.837788205023482e-06 0.6370032721455503 450
0.964889 1.394301455004942e-05 1.108167363031122e-06 0.4192328396643605 602
1.10273 1.199212040153196e-35 1.223825054916405e-36 2.670359514069488e-31 762
1.24057 1.388780192165282e-35 1.779757056473556e-36 2.406949352909337e-31 1142
1.37841 2.01996619204693e-35 2.196648416198302e-36 2.601169704969572e-31 1250
1.51625 2.745174956174895e-35 2.874275792158089e-36 2.77021356607969e-31 1458
1.6541 3.207369191188154e-35 3.633012804605633e-36 2.652188115783926e-31 1814
1.79194 3.84713851009302e-35 4.811809746259932e-36 2.670192091593695e-31 2178
1.92978 5.066413116792747e-35 5.84682019906009e-36 2.923361913190992e-31 2498
2.06762 6.252188813652129e-35 7.103410272167735e-36 3.06635756755411e-31 2622
2.20546 7.184571196691347e-35 8.15523273075202e-36 3.045639564397646e-31 3338
2.3433 8.425370844561089e-35 1.025438947904146e-35 3.138890847955392e-31 3722
2.48114 9.527372845929476e-35 1.155187237588982e-35 3.126091772976247e-31 4170
2.61898 1.143762246191675e-34 1.440738498271074e-35 3.337303979957175e-31 4358
2.75683 1.341466312834999e-34 1.663282087848594e-35 3.488946526743977e-31 5034
2.89467 1.499866869390063e-34 1.958352767588007e-35 3.52138239883854e-31 5714
3.03251 1.676924990100814e-34 2.222454757902547e-35 3.562107649445728e-31 5982
3.17035 1.902050831124399e-34 2.527264275790412e-35 3.669328991034336e-31 6602
3.30819 2.140244607293852e-34 2.879489413146334e-35 3.76905752057732e-31 7130
3.44603 2.410500841510479e-34 3.372477579553215e-35 3.898288631639088e-31 8034
3.58387 2.726346869415195e-34 3.720157419640812e-35 4.052510550001792e-31 8606
3.72172 2.998141887381838e-34 4.33687237905034e-35 4.12434360800744e-31 9066
3.85956 3.383368290002444e-34 4.838600534339384e-35 4.306488794589359e-31 9962
3.9974 3.799491474475583e-34 5.468070917336505e-35 4.492312834766503e-31 10550
4.13524 4.161706290379124e-34 5.836010430948843e-35 4.576943820460986e-31 11226
4.27308 4.624172647713852e-34 6.73499584677914e-35 4.753773380731016e-31 12146
4.41092 4.890649134805107e-34 7.26681416824258e-35 4.705957141066251e-31 12303
4.54876 5.22236688103121e-34 8.084088496306288e-35 4.717224360650882e-31 12584
4.6866 5.664101606288121e-34 8.910065177377519e-35 4.810935182218799e-31 12120
4.82445 6.305647884522257e-34 9.953680836350135e-35 5.042679484905299e-31 11180
4.96229 6.580379606724418e-34 1.052599883177984e-34 4.96449461382186e-31 11096
5.10013 7.367210660045515e-34 1.213470314486718e-34 5.255803007934727e-31 10056
5.23797 7.73139538107721e-34 1.290802343674888e-34 5.221024108409655e-31 9716
5.37581 8.33912615343603e-34 1.398222933598043e-34 5.336565655926983e-31 8604
5.51365 9.263546532706457e-34 1.579269876562116e-34 5.627310782090454e-31 8060
5.65149 9.881869653799281e-34 1.670584387697646e-34 5.703816997093571e-31 7320
5.78933 1.036933651385099e-33 1.871000389284238e-34 5.706008187592616e-31 6356
5.92718 1.102445283104231e-33 1.943415317951898e-34 5.775221951270281e-31 5348
6.06502 1.206065784181416e-33 2.135672276702569e-34 6.024732914813246e-31 4308
6.20286 1.282423215948142e-33 2.437308470951315e-34 6.126725213588128e-31 3563
6.3407 1.307590835217004e-33 2.515695843218086e-34 5.974569593595745e-31 2448
6.47854 1.417595602293925e-33 2.623545649325584e-34 6.189471514764919e-31 1868
6.61638 1.463421059301047e-33 2.96660073954147e-34 6.12646867821145e-31 1358
6.75422 1.718937441713303e-33 3.124816405730864e-34 6.882019150595167e-31 1062
6.89206 1.655830686612928e-33 3.208282607932868e-34 6.376334937158297e-31 776
7.02991 1.639409032648048e-33 3.900459869020498e-34 6.095343079986156e-31 432
7.16775 2.11447903325687e-33 3.695793440223562e-34 7.487862936971591e-31 200
7.30559 2.098252863131082e-33 3.057731288898783e-34 7.117740709992644e-31 168
7.44343 2.111593181685532e-33 4.384602051029345e-34 6.94400322672577e-31 56
7.58127 3.36481242396543e-33 4.061693622358295e-34 1.0593353397086e-30 7


0.137841 3.331768247350698e-08 7.92839766844924e-08 4.376531226903295 18
0.275683 2.936058195092085e-06 1.360522285461084e-07 3.061618498727411 62
0.413524 4.582753693710606e-06 2.215626615250425e-07 1.479117445954697 98
0.551365 4.617918443552045e-06 9.537619280767916e-07 1.147764322864601 210
0.689207 9.992384860482029e-06 9.834678872722803e-07 0.9238271224807879 350
0.827048 1.356243290711147e-05 1.1462247780591e-06 0.7210678326548091 450
0.964889 1.064725719484145e-05 1.081577502881827e-06 0.3897927344718548 602
1.10273 1.109424928572907e-35 1.207917263273949e-36 2.890265104928448e-31 762
1.24057 1.560354370546095e-35 1.424712808449101e-36 2.890004510412713e-31 1142
1.37841 1.89361255325614e-35 2.04499496324798e-36 2.776163725713304e-31 1250
1.51625 2.498045997127831e-35 2.903256112748625e-36 2.915193520644929e-31 1458
1.6541 3.144864796646108e-35 3.432957610093573e-36 2.938635773641771e-31 1814
1.79194 3.785268365089975e-35 4.445496485093331e-36 2.945233980906661e-31 2178
1.92978 4.922055331246218e-35 5.523218216946515e-36 3.201850178183677e-31 2498
2.06762 5.96120620070931e-35 6.739681206148921e-36 3.301853674598561e-31 2622
2.20546 6.688937832665831e-35 7.768632949646939e-36 3.202566631918117e-31 3338
2.3433 8.032356178140011e-35 9.647793993192621e-36 3.362909710842906e-31 3722
2.48114 9.334338046475737e-35 1.078125289455062e-35 3.428191267163613e-31 4170
2.61898 1.112842806054837e-34 1.324712693549625e-35 3.630997249249141e-31 4358
2.75683 1.229486612352979e-34 1.639802300842942e-35 3.608894879377118e-31 5034
2.89467 1.439893991792368e-34 1.836961335680379e-35 3.785791195192184e-31 5714
3.03251 1.633964327206045e-34 2.047328293880703e-35 3.875950799398957e-31 5982
3.17035 1.813579156009468e-34 2.344304565669959e-35 3.91242983342868e-31 6602
3.30819 2.010401399189112e-34 2.757025877122418e-35 3.967779223351927e-31 7130
3.44603 2.383191143258873e-34 3.122061577938681e-35 4.298077365228019e-31 8034
3.58387 2.574395194630395e-34 3.509038745192371e-35 4.280067891505557e-31 8606
3.72172 2.957822661392335e-34 4.005223952537818e-35 4.535356029594138e-31 9066
3.85956 3.214086026514642e-34 4.569769034010229e-35 4.570946243073245e-31 9962
3.9974 3.62348096679438e-34 5.108277060266799e-35 4.78246535233945e-31 10550
4.13524 3.91203847264519e-34 5.624246871576959e-35 4.809466490184117e-31 11226
4.27308 4.440556271017507e-34 6.297816628652926e-35 5.09134334267013e-31 12146
4.41092 4.676208293870716e-34 6.917376475215008e-35 5.021620962713707e-31 12303
4.54876 5.042850039128247e-34 7.490572733391016e-35 5.076409783779995e-31 12584
4.6866 5.465892655283062e-34 8.236438467685368e-35 5.172841175530272e-31 12120
4.82445 6.139523408583302e-34 9.284523364742849e-35 5.469736130715906e-31 11180
4.96229 6.365133248791248e-34 9.613488319528231e-35 5.346742071166313e-31 11096
5.10013 7.166742409046819e-34 1.118407921720409e-34 5.693112965821618e-31 10056
5.23797 7.378557062775165e-34 1.203402844030292e-34 5.552340890557152e-31 9716
5.37581 7.946130613520553e-34 1.30593903928286e-34 5.666180116910905e-31 8604
5.51365 9.017231235351259e-34 1.424298756983362e-34 6.093674660818518e-31 8060
5.65149 9.601326800196694e-34 1.533575457813781e-34 6.167510589420231e-31 7320
5.78933 1.013508564869437e-33 1.697587635061867e-34 6.203442133679525e-31 6356
5.92718 1.046347158909011e-33 1.802884470637927e-34 6.104438436210738e-31 5348
6.06502 1.134620080034981e-33 1.978036610569833e-34 6.312360818045369e-31 4308
6.20286 1.295140638760992e-33 2.154992527189654e-34 6.872736403716611e-31 3563
6.3407 1.292508794711715e-33 2.216917471270314e-34 6.562197347610329e-31 2448
6.47854 1.381611697134247e-33 2.428930504762535e-34 6.711688758948735e-31 1868
6.61638 1.390013001628261e-33 2.760436408261995e-34 6.4785316130545e-31 1358
6.75422 1.647224792102374e-33 2.907373254340753e-34 7.339286234370082e-31 1062
6.89206 1.648889194950842e-33 2.959446360173222e-34 7.060329370385757e-31 776
7.02991 1.609282098921005e-33 3.428585518282061e-34 6.648111670772397e-31 432
7.16775 1.925848020338679e-33 3.515950442609606e-34 7.599824960285759e-31 200
7.30559 1.868112518344239e-33 3.081518745721082e-34 7.064654743019199e-31 168
7.44343 2.223522813022263e-33 3.843991698025744e-34 8.114504139758895e-31 56
7.58127 2.942067978674738e-33 4.184044622990677e-34 1.032250974730132e-30 7


0.137841 2.373685595697141e-07 4.724714608359861e-08 4.450018843319111 18
0.275683 1.152838162240066e-06 2.61128979309083e-07 2.89067893726022 62
0.413524 3.496689701778135e-06 2.421416305482142e-07 1.441182384552713 98
0.551365 5.386827322793459e-06 6.834136308623311e-07 1.208359896318612 210
0.689207 8.8164120680097e-06 8.382542059637661e-07 0.9222985154637808 350
0.827048 1.21172218607178e-05 9.588753492385968e-07 0.7208445177873407 450
0.964889 7.323919770756892e-06 1.138118010466205e-06 0.3496506628370055 602
1.10273 1.056623265284256e-35 1.191111633501318e-36 3.149263107262391e-31 762
1.24057 1.285155181714496e-35 1.569132818179468e-36 2.863053547347748e-31 1142
1.37841 1.827456237240316e-35 1.967368133128679e-36 3.017487310653803e-31 1250
1.51625 2.461082884018708e-35 2.738330229637924e-36 3.208408498367725e-31 1458
1.6541 2.960700021595128e-35 3.230274371811953e-36 3.099679461471003e-31 1814
1.79194 3.919670548149217e-35 3.997762296986089e-36 3.354549502123615e-31 2178
1.92978 4.593605174086256e-35 5.405323702911663e-36 3.36135195450626e-31 2498
2.06762 5.681295538975446e-35 6.505472854950125e-36 3.513297416524475e-31 2622
2.20546 6.336877458503777e-35 7.503774259359627e-36 3.388775742499249e-31 3338
2.3433 7.542894411872545e-35 9.160107781001846e-36 3.522286680029927e-31 3722
2.48114 9.041651961195639e-35 1.028097031589461e-35 3.68916834098607e-31 4170
2.61898 1.080322500266652e-34 1.247025968908705e-35 3.907637785923006e-31 4358
2.75683 1.212261179615568e-34 1.493222860202129e-35 3.929066715091476e-31 5034
2.89467 1.413230279236049e-34 1.713938860864333e-35 4.1093677206561e-31 5714
3.03251 1.535146648424044e-34 1.98210546465911e-35 4.049240338881272e-31 5982
3.17035 1.736006048902145e-34 2.250868359565006e-35 4.153574915297027e-31 6602
3.30819 2.018233547256918e-34 2.510909430679653e-35 4.388722319763029e-31 7130
3.44603 2.218001706623009e-34 3.019816447276545e-35 4.440352148528465e-31 8034
3.58387 2.508016163804663e-34 3.280277143693403e-35 4.605789508762186e-31 8606
3.72172 2.79687475609413e-34 3.828948520038822e-35 4.748153656918953e-31 9066
3.85956 3.16032798777385e-34 4.247584245379737e-35 4.959355834569991e-31 9962
3.9974 3.489747983103486e-34 4.780262376350379e-35 5.087486090120077e-31 10550
4.13524 3.802818116079332e-34 5.310026798519158e-35 5.162484037655674e-31 11226
4.27308 4.256901884616089e-34 5.967338102087164e-35 5.391883411268616e-31 12146
4.41092 4.566751825111857e-34 6.452783959497861e-35 5.40928005629474e-31 12303
4.54876 5.011375210510015e-34 6.995748484018433e-35 5.560476490160494e-31 12584
4.6866 5.281892294409976e-34 7.648905431518157e-35 5.51386526687824e-31 12120
4.82445 5.916122807661151e-34 8.655992725902152e-35 5.813922123568044e-31 11180
4.96229 5.996861971125933e-34 9.283867685209613e-35 5.566694544594459e-31 11096
5.10013 6.801434478288027e-34 1.055899110349585e-34 5.963830363801185e-31 10056
5.23797 7.243776401269585e-34 1.119287298930163e-34 6.006977782956108e-31 9716
5.37581 7.758140076152266e-34 1.205444555155853e-34 6.095758236680578e-31 8604
5.51365 8.657901266881433e-34 1.355380878057899e-34 6.454366750441611e-31 8060
5.65149 9.162110202218785e-34 1.449103209075995e-34 6.491387081733798e-31 7320
5.78933 1.015998748056909e-33 1.539028697277634e-34 6.84305184057871e-31 6356
5.92718 1.029190812491765e-33 1.659350756286524e-34 6.612307246395969e-31 5348
6.06502 1.05188739459908e-33 1.878581991384707e-34 6.459330230065034e-31 4308
6.20286 1.190459701519698e-33 2.091742716273625e-34 6.976044355413338e-31 3563
6.3407 1.22710590556812e-33 2.104368657565133e-34 6.870341756794165e-31 2448
6.47854 1.285922114146439e-33 2.302510481784554e-34 6.891392056863889e-31 1868
6.61638 1.487875259916777e-33 2.341350998209794e-34 7.608643506366194e-31 1358
6.75422 1.570146991496127e-33 2.744174997179955e-34 7.710464498727619e-31 1062
6.89206 1.590025633106324e-33 2.696054238968202e-34 7.496327560598038e-31 776
7.02991 1.819104825461281e-33 2.68586866289151e-34 8.225400263507086e-31 432
7.16775 1.695462633204255e-33 3.321454793325426e-34 7.384049442592869e-31 200
7.30559 1.474152916812072e-33 3.585235921507682e-34 6.19416941689561e-31 168
7.44343 1.972383335309407e-33 4.092389235170876e-34 7.957204616856797e-31 56
7.58127 2.361027450330733e-33 4.924972760704049e-34 9.180307611804519e-31 7


0.137841 5.164645595320728e-07 9.946566815528242e-09 4.556814709636916 18
0.275683 6.77967634403099e-07 2.630485061232326e-07 2.853315664910633 62
0.413524 1.915048360859667e-06 3.314168136907327e-07 1.358594566288364 98
0.551365 7.029190046094149e-06 3.629362131698804e-07 1.309285954977396 210
0.689207 7.446444818374515e-06 7.662755780722387e-07 0.9068334987034773 350
0.827048 7.548207808577994e-06 1.164764637138915e-06 0.6351270059943431 450
0.964889 9.30616547630035e-06 6.967776780586553e-07 0.4035803852427009 602
1.10273 1.104953879339002e-35 1.028809402092619e-36 3.530631318728432e-31 762
1.24057 1.37816193544433e-35 1.390937875427098e-36 3.289719825481193e-31 1142
1.37841 1.75035153120817e-35 1.886934131666724e-36 3.227730298164745e-31 1250
1.51625 2.433669706094739e-35 2.499422383792405e-36 3.484823503054165e-31 1458
1.6541 2.81951168590197e-35 3.166526587279906e-36 3.298048352676505e-31 1814
1.79194 3.568669699396028e-35 4.069730155019643e-36 3.446525676373385e-31 2178
1.92978 4.537874665400891e-35 5.114752464008625e-36 3.659502987734396e-31 2498
2.06762 5.518668378046571e-35 6.197914491922066e-36 3.772181175204966e-31 2622
2.20546 6.029667305212105e-35 7.360244329437915e-36 3.577245648095022e-31 3338
2.3433 7.4927414829317e-35 8.749513501572584e-36 3.848861398422806e-31 3722
2.48114 8.797595379228168e-35 9.889358973539622e-36 3.953121211587449e-31 4170
2.61898 1.050510231897363e-34 1.215358947154876e-35 4.185818437743305e-31 4358
2.75683 1.184081150580169e-34 1.400751201134006e-35 4.212582557437272e-31 5034
2.89467 1.36877477329721e-34 1.651950995162955e-35 4.378584205464959e-31 5714
3.03251 1.502183488684911e-34 1.889526252727044e-35 4.350454349525567e-31 5982
3.17035 1.704064143485927e-34 2.117742445663016e-35 4.469273145093474e-31 6602
3.30819 1.922534426131582e-34 2.483013945293923e-35 4.604082750564608e-31 7130
3.44603 2.230880025976074e-34 2.748530088581458e-35 4.876149622951865e-31 8034
3.58387 2.359195989071541e-34 3.170553540304955e-35 4.76374555961895e-31 8606
3.72172 2.75645730452125e-34 3.54474248542531e-35 5.118356203093799e-31 9066
3.85956 3.034554124084503e-34 4.000089898848571e-35 5.219392222193627e-31 9962
3.9974 3.409103498711725e-34 4.432761705482062e-35 5.437312667207916e-31 10550
4.13524 3.673252310103314e-34 5.040159800114478e-35 5.463274144677785e-31 11226
4.27308 4.094711065600825e-34 5.641523887870476e-35 5.681564899478125e-31 12146
4.41092 4.48103447331306e-34 5.963476246985452e-35 5.8019912398394e-31 12303
4.54876 4.831536946137232e-34 6.657666101116325e-35 5.870016900419668e-31 12584
4.6866 5.100653439404556e-34 7.336400434496839e-35 5.830982490552553e-31 12120
4.82445 5.62168097160171e-34 8.291018285337662e-35 6.051889553120331e-31 11180
4.96229 5.822537135591652e-34 8.657384503377023e-35 5.91006670901096e-31 11096
5.10013 6.738144810445368e-34 9.611091367625876e-35 6.449932313300897e-31 10056
5.23797 7.062238511628641e-34 1.033121192459573e-34 6.399341764275433e-31 9716
5.37581 7.569107999649094e-34 1.13690845167368e-34 6.501817340280391e-31 8604
5.51365 8.270846985799909e-34 1.275022835704678e-34 6.744329168554376e-31 8060
5.65149 8.920374235757257e-34 1.342838716080025e-34 6.905455600018308e-31 7320
5.78933 9.573641133872862e-34 1.47291085786005e-34 7.0566817175143e-31 6356
5.92718 9.861968215032361e-34 1.58107301731695e-34 6.930279153564843e-31 5348
6.06502 1.046736742402274e-33 1.734771608780493e-34 7.017083578149214e-31 4308
6.20286 1.155041373457091e-33 1.930129045247419e-34 7.39361917737696e-31 3563
6.3407 1.177356540875449e-33 1.993776174186075e-34 7.206473046189515e-31 2448
6.47854 1.263420451882913e-33 2.149393101390844e-34 7.395304136291025e-31 1868
6.61638 1.428538187455457e-33 2.214289548582313e-34 7.98390649896231e-31 1358
6.75422 1.53823064894592e-33 2.499338664877658e-34 8.245902157742073e-31 1062
6.89206 1.521095755662426e-33 2.534525775165773e-34 7.836458561352221e-31 776
7.02991 1.634463233629358e-33 2.903093547775185e-34 8.106732099671048e-31 432
7.16775 1.690390582641771e-33 3.42022128822225e-34 8.052954085468596e-31 200
7.30559 1.782792180074558e-33 2.878642217896424e-34 8.115722802500959e-31 168
7.44343 2.080770173811174e-33 3.353973660429459e-34 9.131107474098436e-31 56
7.58127 2.307484442936384e-33 3.742697890315016e-34 9.767377393574148e-31 7


0.137841 4.933104694548696e-07 5.334993049902424e-09 4.566658229352781 18
0.275683 1.481699944542293e-06 1.427201464788598e-07 2.97218872970624 62
0.413524 1.616252932167323e-06 3.019988490796049e-07 1.353656388398707 98
0.551365 5.658437941473722e-06 3.822555709623412e-07 1.274201350944653 210
0.689207 6.365416817406678e-06 7.041841913388159e-07 0.8940912229242798 350
0.827048 7.998869697569295e-06 8.960219498366503e-07 0.6677891847816334 450
0.964889 7.594438372692967e-06 6.88399008997991e-07 0.3848214501351983 602
1.10273 9.963933560030933e-36 1.084188889006412e-36 3.681772916452069e-31 762
1.24057 1.325322037700456e-35 1.376024197752472e-36 3.540523052167222e-31 1142
1.37841 1.73152524488391e-35 1.861729018745588e-36 3.535911843883138e-31 1250
1.51625 2.159480047244003e-35 2.5582782359531e-36 3.524894352413266e-31 1458
1.6541 2.791259886508877e-35 2.99381521736105e-36 3.576789272911995e-31 1814
1.79194 3.426263149443176e-35 3.849775206241911e-36 3.633313744431208e-31 2178
1.92978 4.415927986626022e-35 4.851820615604579e-36 3.905693539215667e-31 2498
2.06762 5.193706678290196e-35 6.100107030960799e-36 3.923836821655201e-31 2622
2.20546 5.899916722681173e-35 6.829191528817837e-36 3.816790826804335e-31 3338
2.3433 7.407095467415319e-35 8.178789841452157e-36 4.146032054236577e-31 3722
2.48114 8.393044641917515e-35 9.551313725103989e-36 4.134684585684817e-31 4170
2.61898 1.006308137850619e-34 1.154370111999941e-35 4.386234114853139e-31 4358
2.75683 1.15068981843189e-34 1.339540158753327e-35 4.469430737362817e-31 5034
2.89467 1.315718325343061e-34 1.605141475233114e-35 4.603222612570239e-31 5714
3.03251 1.467276327731204e-34 1.79280486526376e-35 4.630481796434047e-31 5982
3.17035 1.626621618907262e-34 2.058065487724472e-35 4.662496610619355e-31 6602
3.30819 1.877462859300428e-34 2.37768968198659e-35 4.899959456506279e-31 7130
3.44603 2.101750388118812e-34 2.711659637453697e-35 5.024130294251397e-31 8034
3.58387 2.352206772389497e-34 2.942095978552452e-35 5.155986172317748e-31 8606
3.72172 2.675909773966796e-34 3.438773533751904e-35 5.413631346218118e-31 9066
3.85956 2.921905353451751e-34 3.820735613073021e-35 5.471974525754134e-31 9962
3.9974 3.222341970918197e-34 4.270734699722564e-35 5.601686944562785e-31 10550
4.13524 3.595642720769205e-34 4.777934337596914e-35 5.813057630700768e-31 11226
4.27308 3.970323489081639e-34 5.33996768561494e-35 5.988941696061246e-31 12146
4.41092 4.209800629362321e-34 5.87785436896855e-35 5.944412220635671e-31 12303
4.54876 4.654865705173982e-34 6.331443928505997e-35 6.149287339596575e-31 12584
4.6866 5.020597061953641e-34 6.830049665910464e-35 6.228793012830962e-31 12120
4.82445 5.543697113106464e-34 7.701273987880645e-35 6.475310875641153e-31 11180
4.96229 5.760578569853508e-34 8.132366221552463e-35 6.345636695524391e-31 11096
5.10013 6.477199352348955e-34 9.247230291442813e-35 6.739932581215744e-31 10056
5.23797 6.739530014886501e-34 9.842304806815008e-35 6.637241537758489e-31 9716
5.37581 7.289308007542995e-34 1.091913080256874e-34 6.804625232088997e-31 8604
5.51365 8.054397597528303e-34 1.200255783450673e-34 7.129590681334528e-31 8060
5.65149 8.240130483387647e-34 1.330229467010763e-34 6.945988875674458e-31 7320
5.78933 9.149606449404291e-34 1.430887351021675e-34 7.330357108451546e-31 6356
5.92718 9.434780387674457e-34 1.506611774266263e-34 7.201514746034295e-31 5348
6.06502 1.032255693911751e-33 1.600185479738636e-34 7.503152479277392e-31 4308
6.20286 1.155361945719192e-33 1.736879892517953e-34 8.010022629314588e-31 3563
6.3407 1.171334136940806e-33 1.867278580252026e-34 7.774650825576215e-31 2448
6.47854 1.239172595805717e-33 2.003554686725577e-34 7.866159699179491e-31 1868
6.61638 1.362397339656945e-33 2.137779801716587e-34 8.268752131968955e-31 1358
6.75422 1.476900046181445e-33 2.375161255267186e-34 8.593408850983343e-31 1062
6.89206 1.419103622755204e-33 2.401886827350683e-34 7.939877302843628e-31 776
7.02991 1.509362081139087e-33 2.815441079248651e-34 8.136752988695363e-31 432
7.16775 1.738968196705876e-33 3.164970003777117e-34 8.972674682357808e-31 200
7.30559 1.931269378702523e-33 2.473095841780761e-34 9.500210059521139e-31 168
7.44343 1.914790579784806e-33 3.370382188631394e-34 9.133477668163566e-31 56
7.58127 2.085911395835894e-33 2.302972366286777e-34 9.518695423786459e-31 7


0.137841 2.21825398576777e-07 2.733062214094998e-08 4.48259513084362 18
0.275683 2.044602781435703e-06 5.42115456895484e-08 3.067529750438947 62
0.413524 2.249109130728433e-06 1.876059897685898e-07 1.4147548420229 98
0.551365 3.009263020587708e-06 5.539961925286959e-07 1.167552142890858 210
0.689207 5.644312375358957e-06 6.358948887264201e-07 0.8893582054818825 350
0.827048 8.914776485671815e-06 6.196335829053122e-07 0.7140275748226025 450
0.964889 4.858784941125445e-06 8.186869964142923e-07 0.3384321955683752 602
1.10273 9.571708097393158e-36 1.07120592234326e-36 3.944527540326336e-31 762
1.24057 1.209368258731014e-35 1.438227926008602e-36 3.680136037282902e-31 1142
1.37841 1.746202092345731e-35 1.753953042323918e-36 3.858523243206982e-31 1250
1.51625 2.243567174503234e-35 2.216933105909587e-36 3.877178762002991e-31 1458
1.6541 2.706809501189018e-35 2.917022459753896e-36 3.807941793795481e-31 1814
1.79194 3.336885457423127e-35 3.650702287553699e-36 3.86205079259664e-31 2178
1.92978 4.246154866733506e-35 4.694384150668523e-36 4.105989842712074e-31 2498
2.06762 5.222330736176863e-35 5.767977553491892e-36 4.272408931794312e-31 2622
2.20546 5.978978419699156e-35 6.31766472048659e-36 4.17466454744163e-31 3338
2.3433 7.082727453509957e-35 8.061382500661686e-36 4.333312180627474e-31 3722
2.48114 8.053307121865154e-35 9.492760556712044e-36 4.33810412022369e-31 4170
2.61898 9.723023960177179e-35 1.112693420700457e-35 4.606090759335413e-31 4358
2.75683 1.107124233930242e-34 1.287109935118563e-35 4.673699183540757e-31 5034
2.89467 1.271549133836705e-34 1.536235968943789e-35 4.829342253984558e-31 5714
3.03251 1.435560521741191e-34 1.733053655632313e-35 4.912695972784219e-31 5982
3.17035 1.584711797416079e-34 1.961799647980908e-35 4.921776224068557e-31 6602
3.30819 1.829838514162668e-34 2.293307244945312e-35 5.174841356454118e-31 7130
3.44603 2.056204790871624e-34 2.580752951651796e-35 5.318608763419896e-31 8034
3.58387 2.291143248174727e-34 2.824887813297762e-35 5.436704890130385e-31 8606
3.72172 2.621072085335873e-34 3.287166118096411e-35 5.736139965079168e-31 9066
3.85956 2.83177494250994e-34 3.672119074367083e-35 5.739226047849036e-31 9962
3.9974 3.168827408085378e-34 4.090841804413018e-35 5.954434072504916e-31 10550
4.13524 3.517846245000612e-34 4.493027017566772e-35 6.142623184934916e-31 11226
4.27308 3.912839977202997e-34 5.082458606990877e-35 6.375276835828938e-31 12146
4.41092 4.061864819717744e-34 5.564662509801922e-35 6.198584793974368e-31 12303
4.54876 4.478405596077039e-34 6.002140060237431e-35 6.393643399441962e-31 12584
4.6866 4.826826795533559e-34 6.596540329085468e-35 6.475881020385027e-31 12120
4.82445 5.297251321008333e-34 7.44590957101153e-35 6.692091463743194e-31 11180
4.96229 5.638768575771284e-34 7.77231628059903e-35 6.707108888716099e-31 11096
5.10013 6.230693758344541e-34 8.822386552596669e-35 7.004366822072395e-31 10056
5.23797 6.520165056736891e-34 9.486901498256301e-35 6.937620366176994e-31 9716
5.37581 7.102436188136372e-34 1.035309294046797e-34 7.156659046791439e-31 8604
5.51365 7.88240071060236e-34 1.124006344921289e-34 7.525923831727674e-31 8060
5.65149 8.154589998152068e-34 1.239545689838825e-34 7.410133935648593e-31 7320
5.78933 9.063416380980401e-34 1.338136155284322e-34 7.828207927290789e-31 6356
5.92718 9.581988177935164e-34 1.349161076573605e-34 7.868842796638454e-31 5348
6.06502 1.034683895835564e-33 1.477342906107355e-34 8.101345588179806e-31 4308
6.20286 1.053851722337914e-33 1.738596271874275e-34 7.908374655985156e-31 3563
6.3407 1.135555444229666e-33 1.780684995575991e-34 8.132891191774648e-31 2448
6.47854 1.204730456216989e-33 1.8942866609201e-34 8.249040154692682e-31 1868
6.61638 1.344241953403038e-33 2.032520642165924e-34 8.796957550990211e-31 1358
6.75422 1.371882418017074e-33 2.356546233651656e-34 8.629351420358255e-31 1062
6.89206 1.42671604041434e-33 2.203344525689245e-34 8.595618964770304e-31 776
7.02991 1.596325375983275e-33 2.576608737316741e-34 9.254872970174685e-31 432
7.16775 1.582763383556304e-33 3.427985239523086e-34 8.856443610886315e-31 200
7.30559 1.787652416106949e-33 2.507780776529205e-34 9.503128185736679e-31 168
7.44343 1.970034978317841e-33 3.189753638105066e-34 1.012440255166479e-30 56
7.58127 1.869299804235213e-33 1.726836156002095e-34 9.171503580285542e-31 7


0.137841 2.810735226635886e-08 4.221810089782536e-08 4.416528621305915 18
0.275683 1.540778500734866e-06 8.030471579531522e-08 3.019864163025293 62
0.413524 2.424272607106765e-06 1.287783229227529e-07 1.443846971396464 98
0.551365 2.558142541060389e-06 5.151752305582077e-07 1.160774192815503 210
0.689207 5.420033446022276e-06 5.397112902756361e-07 0.899975558865272 350
0.827048 6.48163455487681e-06 7.218058365339763e-07 0.6622098924986809 450
0.964889 6.08589272453422e-06 5.598164521689147e-07 0.3771328933216894 602
1.10273 1.005043212680678e-35 1.004535172747735e-36 4.407012438372427e-31 762
1.24057 1.353041085106769e-35 1.262800801526841e-36 4.250521196089889e-31 1142
1.37841 1.56366103774283e-35 1.852610177891322e-36 3.935863410689448e-31 1250
1.51625 2.025393399741605e-35 2.283678446508818e-36 3.918890910575193e-31 1458
1.6541 2.613952859008276e-35 2.887433480973974e-36 4.028802529016794e-31 1814
1.79194 3.202259262509414e-35 3.586150881103832e-36 4.050241092385478e-31 2178
1.92978 4.122107631701109e-35 4.560709601629844e-36 4.334765485043693e-31 2498
2.06762 5.105070599488407e-35 5.475047115101212e-36 4.520797188869514e-31 2622
2.20546 5.59570072937713e-35 6.339805884639333e-36 4.276671776291097e-31 3338
2.3433 6.713055592196158e-35 7.929555592453145e-36 4.472608698972718e-31 3722
2.48114 7.723039008779706e-35 9.081156253774521e-36 4.502980465429429e-31 4170
2.61898 9.282834961180657e-35 1.079073309440037e-35 4.767090673913825e-31 4358
2.75683 1.069769887909693e-34 1.229938258061848e-35 4.876788270960626e-31 5034
2.89467 1.223762375076494e-34 1.457864116414173e-35 5.015739785738458e-31 5714
3.03251 1.400256675660592e-34 1.66617987179306e-35 5.168942763275614e-31 5982
3.17035 1.535539643922384e-34 1.88599922139452e-35 5.143995642603034e-31 6602
3.30819 1.788429182079156e-34 2.177723719589749e-35 5.445010867604513e-31 7130
3.44603 2.00951153455953e-34 2.447124176208417e-35 5.593075552978365e-31 8034
3.58387 2.177879671412638e-34 2.761808715997042e-35 5.580807032585626e-31 8606
3.72172 2.504979948559821e-34 3.210954352759486e-35 5.915546419143629e-31 9066
3.85956 2.727955462984107e-34 3.518997008923241e-35 5.954245458182421e-31 9962
3.9974 3.097883522556098e-34 3.940585539231434e-35 6.263592846306246e-31 10550
4.13524 3.367215603699367e-34 4.392100425518639e-35 6.336068313847027e-31 11226
4.27308 3.802902724042469e-34 4.902611699502485e-35 6.665849180983736e-31 12146
4.41092 4.067369616929493e-34 5.243684651660271e-35 6.659547233386421e-31 12303
4.54876 4.32286531945009e-34 5.811575524000151e-35 6.640192258957023e-31 12584
4.6866 4.665956149535934e-34 6.362822731119278e-35 6.732981792743673e-31 12120
4.82445 5.19167389636814e-34 7.061877652183248e-35 7.044124607635374e-31 11180
4.96229 5.421157875508607e-34 7.640826205385337e-35 6.940260981585364e-31 11096
5.10013 6.056733047198807e-34 8.460283773582907e-35 7.316287686216563e-31 10056
5.23797 6.411994117524481e-34 9.04574804182753e-35 7.325589695664514e-31 9716
5.37581 6.956801205559473e-34 9.8243141370969e-35 7.525473535865095e-31 8604
5.51365 7.726078436715987e-34 1.066950502550341e-34 7.91841684558879e-31 8060
5.65149 7.996205668317428e-34 1.190519501141249e-34 7.802829929040175e-31 7320
5.78933 8.807153702160504e-34 1.293154864526511e-34 8.170920764451235e-31 6356
5.92718 8.937945036744218e-34 1.368249151592569e-34 7.904856901863843e-31 5348
6.06502 9.489068408839972e-34 1.472524217705092e-34 8.000532308411162e-31 4308
6.20286 1.069130489199481e-33 1.582917160161675e-34 8.590050729309182e-31 3563
6.3407 1.11486240198699e-33 1.709056073899159e-34 8.569799594257498e-31 2448
6.47854 1.191418683977694e-33 1.795160072900418e-34 8.749965188798817e-31 1868
6.61638 1.267757671587187e-33 2.00273316834336e-34 8.918443925652797e-31 1358
6.75422 1.372484123986061e-33 2.209736614085062e-34 9.254481870515142e-31 1062
6.89206 1.391069999316032e-33 2.157235835918359e-34 8.998941399981461e-31 776
7.02991 1.624689596716317e-33 2.311628949389818e-34 1.008186433596101e-30 432
7.16775 1.653487470166872e-33 3.062853005640497e-34 9.893048778641959e-31 200
7.30559 1.559355765444943e-33 2.812913394156457e-34 8.947154526551379e-31 168
7.44343 1.703688128032142e-33 3.203224281873954e-34 9.431958450541221e-31 56
7.58127 2.02353059605875e-33 2.282582016056949e-34 1.068215144559108e-30 7


0.137841 9.020793059266197e-08 3.164101673406403e-08 4.443779317709843 18
0.275683 6.564523492194511e-07 1.490959694651655e-07 2.909838579621087 62
0.413524 1.770627390028275e-06 1.613773359843797e-07 1.406308272888706 98
0.551365 3.999204526442916e-06 2.948777607550001e-07 1.252634209718604 210
0.689207 5.201481212191226e-06 4.609338605128019e-07 0.9086026342919282 350
0.827048 4.995977630012854e-06 7.471519098436562e-07 0.6318046593312121 450
0.964889 6.313069700916673e-06 4.265641180624852e-07 0.3938036171775458 602
1.10273 9.87810935768393e-36 1.012457046378192e-36 4.764577922864559e-31 762
1.24057 1.20946358310205e-35 1.346159665760156e-36 4.336901026343264e-31 1142
1.37841 1.67569407677165e-35 1.583091634778269e-36 4.361080044220598e-31 1250
1.51625 2.015879164301957e-35 2.190683359873277e-36 4.215833933158491e-31 1458
1.6541 2.543262264954194e-35 2.731020507487061e-36 4.2349320483592e-31 1814
1.79194 3.240763900722346e-35 3.373213929328241e-36 4.387484425551493e-31 2178
1.92978 4.006598715361592e-35 4.395819149811674e-36 4.550015529140096e-31 2498
2.06762 4.716734389998645e-35 5.50972843016971e-36 4.569012574693471e-31 2622
2.20546 5.289094580583164e-35 6.266195267215736e-36 4.391211365884478e-31 3338
2.3433 6.743139479787241e-35 7.474727536897001e-36 4.804845728395443e-31 3722
2.48114 7.625798608808578e-35 8.640096476933834e-36 4.771846435762149e-31 4170
2.61898 8.997902077367204e-35 1.057309428212388e-35 4.984001708329909e-31 4358
2.75683 1.055045074503587e-34 1.172528538898891e-35 5.159014541115956e-31 5034
2.89467 1.189653071361414e-34 1.40335016185134e-35 5.238847104494643e-31 5714
3.03251 1.350016071104813e-34 1.61000697478756e-35 5.358658484345592e-31 5982
3.17035 1.484283813670833e-34 1.821509203576215e-35 5.342423774643097e-31 6602
3.30819 1.731938763231039e-34 2.077670226160069e-35 5.656373713483593e-31 7130
3.44603 1.945789512784956e-34 2.388174092037546e-35 5.817167384490751e-31 8034
3.58387 2.134506245475395e-34 2.634097379034455e-35 5.857830227916648e-31 8606
3.72172 2.412725338339828e-34 3.117492794782704e-35 6.113908620813757e-31 9066
3.85956 2.656289932342141e-34 3.412289794885292e-35 6.216788324971825e-31 9962
3.9974 2.939425235360427e-34 3.866811725275017e-35 6.384939614016643e-31 10550
4.13524 3.326199901674482e-34 4.174744672538411e-35 6.694575082406516e-31 11226
4.27308 3.70950511471049e-34 4.673047418255609e-35 6.958115204552968e-31 12146
4.41092 3.980729290687232e-34 5.068538506794706e-35 6.977416557972027e-31 12303
4.54876 4.251906634991907e-34 5.540536909673123e-35 6.984839421378914e-31 12584
4.6866 4.603262509710047e-34 6.107775793826246e-35 7.104116027433066e-31 12120
4.82445 5.059534331814426e-34 6.794253666398538e-35 7.345653500150873e-31 11180
4.96229 5.418527028502035e-34 7.158295928780586e-35 7.405064497362529e-31 11096
5.10013 5.834892549713757e-34 8.206895190157192e-35 7.545923557103039e-31 10056
5.23797 6.304627303879324e-34 8.599332695521027e-35 7.697346765329191e-31 9716
5.37581 6.763261360903224e-34 9.369386005094349e-35 7.822434035199794e-31 8604
5.51365 7.403338423966238e-34 1.033649383055787e-34 8.120033987611745e-31 8060
5.65149 7.789783340095686e-34 1.140924770982509e-34 8.127361356344834e-31 7320
5.78933 8.890513332815701e-34 1.214645533105141e-34 8.801851836513021e-31 6356
5.92718 8.658192739919794e-34 1.300462402217311e-34 8.184944412590541e-31 5348
6.06502 9.523472391366569e-34 1.383884229413684e-34 8.568882997565233e-31 4308
6.20286 1.011812113674895e-33 1.570606498202201e-34 8.706137589574262e-31 3563
6.3407 1.121518602340212e-33 1.571219985889603e-34 9.194102048404178e-31 2448
6.47854 1.171867996636861e-33 1.713188992602699e-34 9.193496077354303e-31 1868
6.61638 1.258061338206026e-33 1.843076836866015e-34 9.441802922468895e-31 1358
6.75422 1.380336859064986e-33 2.026045494010208e-34 9.924369808623555e-31 1062
6.89206 1.300654600761526e-33 2.07486883010641e-34 8.999909575201455e-31 776
7.02991 1.443831001676546e-33 2.382278686978184e-34 9.609866565552507e-31 432
7.16775 1.912091894837595e-33 2.373014314498455e-34 1.21098408588634e-30 200
7.30559 1.602524983360592e-33 2.327786765298945e-34 9.775847367678412e-31 168
7.44343 1.978245993699583e-33 2.911875004880699e-34 1.163262398935691e-30 56
7.58127 1.024044077119092e-33 3.817527349542003e-34 5.980378248612553e-31 7


0.137841 2.672884841081813e-07 9.949030042150178e-09 4.520434339683062 18
0.275683 4.237058649985607e-07 1.539912734812007e-07 2.885482131679798 62
0.413524 1.117430497409933e-06 1.986223888660313e-07 1.363463131979745 98
0.551365 4.400182664307618e-06 1.926330379758483e-07 1.291527937257735 210
0.689207 4.426500704838021e-06 4.542387855874475e-07 0.8920191536219612 350
0.827048 5.951180026241623e-06 5.376705255147085e-07 0.6760811726343545 450
0.964889 3.998593782107957e-06 5.739147516443127e-07 0.3453897877199283 602
1.10273 9.516837192344092e-36 1.009480643602642e-36 5.043383301487069e-31 762
1.24057 1.186945537693383e-35 1.291268612426002e-36 4.578167589260509e-31 1142
1.37841 1.51893181144191e-35 1.689029992026692e-36 4.442284437728919e-31 1250
1.51625 2.070877291652975e-35 2.04374785791216e-36 4.58975740872424e-31 1458
1.6541 2.416187442558151e-35 2.658570522052944e-36 4.363806050530298e-31 1814
1.79194 3.028800788819037e-35 3.385574270051895e-36 4.481281595722325e-31 2178
1.92978 3.882900471085753e-35 4.293588543108532e-36 4.763017350532268e-31 2498
2.06762 4.794139762633509e-35 4.972362845047881e-36 4.905455231045046e-31 2622
2.20546 5.468006717637994e-35 5.727086474874969e-36 4.796036346460359e-31 3338
2.3433 6.580587176144963e-35 7.14902205000063e-36 5.024295628113503e-31 3722
2.48114 7.388659517050971e-35 8.451395015866172e-36 4.967091499268173e-31 4170
2.61898 8.768030179984665e-35 1.021212441391003e-35 5.204254429600282e-31 4358
2.75683 1.012325314175965e-34 1.140943715746683e-35 5.312892851970501e-31 5034
2.89467 1.161876118499744e-34 1.356330699458479e-35 5.47496375000116e-31 5714
3.03251 1.310515843545173e-34 1.570335917680677e-35 5.57055715855158e-31 5982
3.17035 1.453957035060324e-34 1.78775450036743e-35 5.601359447245991e-31 6602
3.30819 1.669828941861558e-34 2.030778783748218e-35 5.839139174708817e-31 7130
3.44603 1.899824107336523e-34 2.320428748404789e-35 6.071007884071007e-31 8034
3.58387 2.095705576438047e-34 2.572378001161108e-35 6.145107972622245e-31 8606
3.72172 2.425098057047943e-34 2.905648462160143e-35 6.533577594841339e-31 9066
3.85956 2.666225288170053e-34 3.163990797516064e-35 6.631301089138094e-31 9962
3.9974 2.903349561657056e-34 3.678401764975252e-35 6.717540040465717e-31 10550
4.13524 3.232007980776511e-34 4.024379520406329e-35 6.940535034010044e-31 11226
4.27308 3.585408189960262e-34 4.535192018708827e-35 7.179043486769794e-31 12146
4.41092 3.909929550804571e-34 4.808308197020048e-35 7.298877411768225e-31 12303
4.54876 4.151739665986693e-34 5.328241087715809e-35 7.270386805676721e-31 12584
4.6866 4.489004507817123e-34 5.902137691999382e-35 7.3856774931319e-31 12120
4.82445 4.973079067352449e-34 6.41909192836761e-35 7.685178569529467e-31 11180
4.96229 5.23607512688075e-34 6.987707596431343e-35 7.632773620808893e-31 11096
5.10013 5.788645429020955e-34 7.751309867635029e-35 7.96398456453881e-31 10056
5.23797 6.200081208222374e-34 8.309617788752887e-35 8.062986482085779e-31 9716
5.37581 6.624201486018832e-34 8.938295154702016e-35 8.1566222938236e-31 8604
5.51365 6.997039866730977e-34 1.016230237959204e-34 8.190472327788613e-31 8060
5.65149 7.64656066339739e-34 1.0902682577066e-34 8.492037312352327e-31 7320
5.78933 8.703704216091864e-34 1.163440558453268e-34 9.172495951508248e-31 6356
5.92718 8.570415023337574e-34 1.230375121657763e-34 8.617578539799511e-31 5348
6.06502 9.344806507552194e-34 1.326381210948794e-34 8.948772645432313e-31 4308
6.20286 9.729948265523347e-34 1.538986662141271e-34 8.923536612989807e-31 3563
6.3407 1.078968414038718e-33 1.549980655961259e-34 9.425222359042519e-31 2448
6.47854 1.116723027382352e-33 1.693357829503573e-34 9.338998749147262e-31 1868
6.61638 1.196129004465017e-33 1.802980553476046e-34 9.566492856366486e-31 1358
6.75422 1.31537860563673e-33 2.047859447702173e-34 1.008629587353256e-30 1062
6.89206 1.304733662589048e-33 1.910816214417494e-34 9.590410713745354e-31 776
7.02991 1.531748637102876e-33 2.158747633634066e-34 1.081009363259492e-30 432
7.16775 1.409364273013573e-33 2.84517038322151e-34 9.622457987941012e-31 200
7.30559 1.504535522192879e-33 2.386596641813159e-34 9.789326134974591e-31 168
7.44343 1.799552697851391e-33 3.279494976614383e-34 1.132378839587404e-30 56
7.58127 2.348549281840467e-33 1.246756669338666e-34 1.39622828489831e-30 7


0.137841 3.163245035978534e-07 1.907073582300567e-09 4.549863337683335 18
0.275683 8.97327905231833e-07 8.909445825025456e-08 2.966418731451846 62
0.413524 1.123512614277692e-06 1.720973857423936e-07 1.372590056516474 98
0.551365 2.898850192746368e-06 2.944732197409071e-07 1.220925185934234 210
0.689207 3.623206851506598e-06 4.624724730896736e-07 0.8710372058954114 350
0.827048 5.920835587442676e-06 4.465364367544223e-07 0.6890014213385853 450
0.964889 3.639918544461574e-06 5.295885317140605e-07 0.343647847614578 602
1.10273 9.273062852180631e-36 9.895681118884466e-37 5.334704323325059e-31 762
1.24057 1.211698884695066e-35 1.18303863621233e-36 4.912267224330055e-31 1142
1.37841 1.501233781555349e-35 1.579876953959793e-36 4.68164087620731e-31 1250
1.51625 1.821716345211354e-35 2.172201422642232e-36 4.538720336548336e-31 1458
1.6541 2.384621007795919e-35 2.507797568436036e-36 4.586507383332432e-31 1814
1.79194 3.066645348706969e-35 3.219536921653781e-36 4.817158368314981e-31 2178
1.92978 3.768876164180343e-35 4.180143366145111e-36 4.961900230791075e-31 2498
2.06762 4.36584730670236e-35 5.103515168090833e-36 4.890593657238318e-31 2622
2.20546 5.157984787491779e-35 5.74262172515152e-36 4.88508469207111e-31 3338
2.3433 6.194010030988015e-35 7.07365071160713e-36 5.094442855787085e-31 3722
2.48114 7.233199046222292e-35 8.266728422890257e-36 5.200394393906132e-31 4170
2.61898 8.646052521045231e-35 9.656380500938412e-36 5.455453655728528e-31 4358
2.75683 9.60197562059357e-35 1.128471558638231e-35 5.404583142770166e-31 5034
2.89467 1.136489066837731e-34 1.312917259778508e-35 5.710776121817555e-31 5714
3.03251 1.28254973555699e-34 1.523228443871046e-35 5.810522447522009e-31 5982
3.17035 1.410794255049091e-34 1.74788539639508e-35 5.799953251074278e-31 6602
3.30819 1.643036478386749e-34 1.966685357229887e-35 6.116686305358485e-31 7130
3.44603 1.852133258495269e-34 2.230373566118609e-35 6.298178788024665e-31 8034
3.58387 2.036376563146722e-34 2.492220182995231e-35 6.357009424491526e-31 8606
3.72172 2.384165243019985e-34 2.793219857576531e-35 6.827710722676465e-31 9066
3.85956 2.529967333328925e-34 3.124952324738041e-35 6.713469397139488e-31 9962
3.9974 2.817553123715176e-34 3.562028842471221e-35 6.93631636260015e-31 10550
4.13524 3.092318519409834e-34 3.955080394109576e-35 7.07505653645049e-31 11226
4.27308 3.513752451715467e-34 4.373358799308069e-35 7.474991632184252e-31 12146
4.41092 3.731172288940259e-34 4.764315093148738e-35 7.420242173044928e-31 12303
4.54876 4.092835607627551e-34 5.182313276794769e-35 7.613453752508625e-31 12584
4.6866 4.364178055817312e-34 5.712806285934259e-35 7.629773034437309e-31 12120
4.82445 4.77991592786297e-34 6.36051552413751e-35 7.86060927722013e-31 11180
4.96229 5.07107930621321e-34 6.786072412153177e-35 7.855253422760611e-31 11096
5.10013 5.71388789217935e-34 7.361225198954184e-35 8.336879997870597e-31 10056
5.23797 5.911171387699469e-34 8.216289723784797e-35 8.178032589525207e-31 9716
5.37581 6.509738138358465e-34 8.536585955078702e-35 8.503513138669914e-31 8604
5.51365 6.971623242483266e-34 9.592544400363897e-35 8.64790121533878e-31 8060
5.65149 7.546579750729838e-34 1.046784135745248e-34 8.889816262847287e-31 7320
5.78933 8.318191750186891e-34 1.135769925601514e-34 9.312709892516031e-31 6356
5.92718 8.608315135958095e-34 1.143390257597143e-34 9.163866145618933e-31 5348
6.06502 8.988582032160123e-34 1.273227460517776e-34 9.136349371528219e-31 4308
6.20286 9.789688997685785e-34 1.459303195863657e-34 9.510449029740319e-31 3563
6.3407 1.011804192948499e-33 1.542936538022585e-34 9.398773335072234e-31 2448
6.47854 1.068257653650389e-33 1.638040486179121e-34 9.485046663017646e-31 1868
6.61638 1.157293132372604e-33 1.726723198823589e-34 9.818006131418972e-31 1358
6.75422 1.29805306464615e-33 1.974219121710355e-34 1.055456760821127e-30 1062
6.89206 1.262360451123377e-33 1.912682497322912e-34 9.852826666847887e-31 776
7.02991 1.395087828707376e-33 2.261427637836751e-34 1.048539059123667e-30 432
7.16775 1.759209217293531e-33 2.209373562176184e-34 1.258091592505742e-30 200
7.30559 1.654853133932762e-33 2.194410827539224e-34 1.137141724177435e-30 168
7.44343 1.920263970576576e-33 2.959785661088938e-34 1.276016991293659e-30 56
7.58127 1.02743499333446e-33 3.661840718466868e-34 6.791536106354406e-31 7


0.137841 1.84385603317563e-07 1.278507383434081e-08 4.502323375917935 18
0.275683 1.273896363216348e-06 3.64675195688534e-08 3.036819054474266 62
0.413524 1.477466863654321e-06 1.133532509208079e-07 1.412330437806035 98
0.551365 1.562148296723185e-06 3.857447312951234e-07 1.153231572608333 210
0.689207 3.578989461860648e-06 4.020530577598212e-07 0.8812385756585732 350
0.827048 4.328505247023114e-06 5.294446983934522e-07 0.6460545797192783 450
0.964889 4.878627432889563e-06 3.300501336814444e-07 0.3852922501257371 602
1.10273 9.099999061338664e-36 9.817369957570057e-37 5.663172131941996e-31 762
1.24057 1.119173789843334e-35 1.252874411150554e-36 5.081652451282612e-31 1142
1.37841 1.489217300481496e-35 1.538214950196081e-36 4.965335633574126e-31 1250
1.51625 1.988134159879366e-35 1.861807229130982e-36 5.022820774216137e-31 1458
1.6541 2.247787467475112e-35 2.488603776900775e-36 4.695166674558864e-31 1814
1.79194 2.972444905839871e-35 3.228642460493052e-36 5.029747558429117e-31 2178
1.92978 3.71869177303183e-35 3.925547542553228e-36 5.190386468842568e-31 2498
2.06762 4.545040448041099e-35 4.637518476616088e-36 5.315640218277264e-31 2622
2.20546 4.967601105772898e-35 5.634011864758837e-36 5.039262148825245e-31 3338
2.3433 6.041617279290193e-35 6.840877031139017e-36 5.296226624719144e-31 3722
2.48114 7.140657459562897e-35 7.935871273193366e-36 5.451254473177692e-31 4170
2.61898 8.423503815889858e-35 9.341812527229117e-36 5.657584572015188e-31 4358
2.75683 9.339853046731344e-35 1.099114676478031e-35 5.59894396159024e-31 5034
2.89467 1.112000704578944e-34 1.261961932574213e-35 5.932609683080827e-31 5714
3.03251 1.266107549305915e-34 1.47997186987539e-35 6.091559974457037e-31 5982
3.17035 1.368265951563427e-34 1.6932254881316e-35 5.980175144322694e-31 6602
3.30819 1.613545268507014e-34 1.90212413431978e-35 6.373544086974459e-31 7130
3.44603 1.799666761940022e-34 2.15003685248685e-35 6.494546756887742e-31 8034
3.58387 1.987000441910632e-34 2.427727295930392e-35 6.585973337439553e-31 8606
3.72172 2.305360867498036e-34 2.745999698784639e-35 7.014074366539915e-31 9066
3.85956 2.453750840918461e-34 3.100594488666663e-35 6.920028600348174e-31 9962
3.9974 2.809403496749916e-34 3.376104547441688e-35 7.311527577770448e-31 10550
4.13524 3.050022684406615e-34 3.810223663862203e-35 7.388284677014885e-31 11226
4.27308 3.429695065849456e-34 4.244070935981685e-35 7.732938014954293e-31 12146
4.41092 3.655179340975877e-34 4.632551965515541e-35 7.701275951281034e-31 12303
4.54876 3.995922146937046e-34 5.049589776015289e-35 7.875848497647996e-31 12584
4.6866 4.297561075052999e-34 5.405030781343624e-35 7.94440796477048e-31 12120
4.82445 4.807013111023455e-34 6.047654176244197e-35 8.351332029118639e-31 11180
4.96229 5.039355421794511e-34 6.482842189915648e-35 8.252479411028521e-31 11096
5.10013 5.484236777474056e-34 7.250228857093451e-35 8.483832832776264e-31 10056
5.23797 5.943679007300703e-34 7.748746162450557e-35 8.682745552990899e-31 9716
5.37581 6.258640324685112e-34 8.444069521033686e-35 8.66506831257117e-31 8604
5.51365 6.914308669548264e-34 9.072178257149088e-35 9.062110611707622e-31 8060
5.65149 7.493705389488091e-34 9.832810937278029e-35 9.323443742921334e-31 7320
5.78933 8.161008328543681e-34 1.101548979986623e-34 9.665768760168755e-31 6356
5.92718 8.349411608303337e-34 1.115160087956669e-34 9.40681566899017e-31 5348
6.06502 8.86425405459349e-34 1.207123022791844e-34 9.520382885287067e-31 4308
6.20286 9.803846512783818e-34 1.39092457116872e-34 1.006016542964066e-30 3563
6.3407 1.005648236805349e-33 1.494119479464498e-34 9.874894222969981e-31 2448
6.47854 1.016423294738671e-33 1.594818320279021e-34 9.55536568915065e-31 1868
6.61638 1.149830083904137e-33 1.676434187632661e-34 1.031201601018555e-30 1358
6.75422 1.299192503047134e-33 1.87870749300516e-34 1.115698058258537e-30 1062
6.89206 1.22966433948464e-33 1.906331563455183e-34 1.015965427344628e-30 776
7.02991 1.392994102049306e-33 2.030754201242592e-34 1.103894346496547e-30 432
7.16775 1.732482861877835e-33 2.126769388988452e-34 1.309115137755764e-30 200
7.30559 1.45468467071736e-33 2.412891974555452e-34 1.06299446463177e-30 168
7.44343 2.284267850050119e-33 2.576701730287234e-34 1.594071435650764e-30 56
7.58127 1.253511687554379e-33 2.469398729401516e-34 8.554322436659119e-31 7


