0.04 2.06674556282212e-05 9.95412107315258e-08 4.081325217576379 18
0.08 9.54226242856305e-05 1.338053997370061e-06 4.115773133599266 62
0.12 0.0004036841244334463 4.579240197824522e-06 7.235814175009586 98
0.16 0.0007185128961786084 1.683379772334395e-05 7.040593940629235 210
0.2 0.0009719026077586444 4.12322550406108e-05 6.122486208045735 350
0.24 0.001428552622360802 7.916685815133341e-05 6.253248690749323 450
0.28 0.001888190615842606 0.0001504243370782406 6.013089307393942 602
0.32 0.002346028009697025 0.000249831197455701 5.680072495074308 762
0.36 0.003398060848130512 0.0004074548725351296 6.520247027238464 1142
0.4 0.003873964528180792 0.0006275075921291134 6.039601919758 1250
0.44 0.005311193882602211 0.0008537949247577189 6.815724853411067 1458
0.48 0.005939975030800217 0.001332096814858628 6.386622005981065 1814
0.52 0.006921863838348574 0.001883154623492982 6.348128929670359 2178
0.56 0.008045234570462526 0.002474860352163361 6.364223646243939 2498
0.6 0.009061098713165374 0.003142052912955638 6.22683526341631 2622
0.64 0.01033251305103874 0.004106909775824091 6.235707256324563 3338
0.68 0.01139827140298293 0.00533628033394972 6.103430816016937 3722
0.72 0.01314967638325113 0.006428266035169188 6.286462732298105 4170
0.76 0.01442152868936713 0.00856062814566729 6.182525910522612 4358
0.8 0.01616235877043725 0.01031071328960073 6.24681860687468 5034
0.84 0.01812514589260877 0.01257214682971111 6.357816216962518 5714
0.88 0.01924602386642476 0.01524844790310139 6.152255251805956 5982
0.92 0.02196570046740193 0.01846026598024397 6.41960041724717 6602
0.96 0.02313050865035173 0.02111165550904999 6.204898481328633 7130
1 0.02545533461800072 0.0248815776540337 6.294403621907103 8034
1.04 0.02804342110372243 0.02926797392456233 6.414293184594348 8606
1.08 0.02985987184214745 0.03477719228416284 6.333326479598551 9066
1.12 0.03174755577220579 0.03900299624897238 6.260626892083676 9962
1.16 0.03348360554021914 0.04643819507041271 6.156259646421586 10550
1.2 0.03657141780494499 0.0523090548383604 6.281523938116933 11226
1.24 0.03858512727656308 0.05793354849901122 6.205576256163134 12146
1.28 0.04119738860679653 0.0662348393466575 6.215349310780461 12303
1.32 0.04471039268389496 0.07287383662604974 6.340397035122594 12584
1.36 0.04582656425195811 0.08503203849438856 6.124506888558769 12120
1.4 0.05011512514027845 0.0962513558549413 6.319740932354615 11180
1.44 0.05148175410663268 0.1056886136682617 6.136071575082906 11096
1.48 0.05522769211678272 0.1168877126371635 6.231997858476195 10056
1.52 0.0590122353072732 0.1329609390031837 6.3131896629328 9716
1.56 0.06009970882345094 0.1444839529146113 6.10351405377561 8604
1.6 0.06311168114382551 0.1653077849136096 6.091994251192542 8060
1.64 0.07000218967028923 0.1786590738720981 6.431005440955151 7320
1.68 0.0710778273906046 0.1973723971753422 6.225328569825607 6356
1.72 0.07252607389162624 0.2082195436763162 6.059021602315851 5348
1.76 0.07796290468570674 0.2301156286828885 6.218045810460078 4308
1.8 0.08510775591685943 0.2468818789441126 6.489311864283731 3563
1.84 0.08289626959953632 0.2740844414412624 6.052051350574777 2448
1.88 0.08967012769735928 0.2833580723759783 6.266980483601749 1868
1.92 0.09336456632363513 0.3185869337511149 6.251636146578268 1358
1.96 0.09734412233815268 0.3554758712356477 6.253355564823143 1062
2 0.09056096747904863 0.3515668953195342 5.59506999779084 776
2.04 0.10323789791371 0.4329898444733885 6.139424404463649 432
2.08 0.1146133443080348 0.4290205557065251 6.533213125619939 200
2.12 0.1117191297488126 0.4966300931952439 6.12066505430252 168
2.16 0.1413743709594685 0.2396345499296791 7.466684762118752 56
2.2 0.08400918361952299 0.2536054875246409 4.282000915869186 7


0.04 2.684578431171233e-06 1.099673162534029e-08 2.080026897168301 18
0.08 2.250339725833315e-05 9.690347014247314e-08 3.777900921632935 62
0.12 9.255773346861938e-05 3.271626576700017e-07 6.453040661205646 98
0.16 0.0001574907883521753 1.315942923468666e-06 6.0036094386804 210
0.2 0.0002409734328362284 2.860700805670021e-06 5.902631676255822 350
0.24 0.0003314476254241459 5.844920935132578e-06 5.642495288390305 450
0.28 0.0004783963010035113 1.004852824941792e-05 5.923038580972646 602
0.32 0.0005554972499583861 1.791914754910265e-05 5.230092748621309 762
0.36 0.0007810528261768791 2.977148197030404e-05 5.828263641406052 1142
0.4 0.0009839451575454881 4.231845673719877e-05 5.963639970877544 1250
0.44 0.001263392129727526 6.157292775054428e-05 6.304136310206816 1458
0.48 0.001617213338624934 8.271642980422051e-05 6.75837285411099 1814
0.52 0.001815786785668514 0.000122328986882382 6.4732783632366 2178
0.56 0.002186286206264951 0.0001553422458763927 6.722108357722052 2498
0.6 0.00242758749850504 0.000199224210425494 6.484395943644279 2622
0.64 0.00275688308317902 0.0002624621810825889 6.467134012117217 3338
0.68 0.003191720980555161 0.000326284334089063 6.642215305144056 3722
0.72 0.003541749502764992 0.0004068476598018112 6.581307903684634 4170
0.76 0.004244495659242182 0.0004989140444824047 7.070908416913808 4358
0.8 0.00445404063988602 0.0006416306516988479 6.690863409725935 5034
0.84 0.005074333551934195 0.0007722022274372326 6.917727011908949 5714
0.88 0.005730903305944541 0.0008847790624446278 7.118716668458722 5982
0.92 0.006337244542734139 0.001107443008595722 7.1976053480456 6602
0.96 0.006963580188171224 0.001217037597619306 7.258761390975542 7130
1 0.0074927366568627 0.001469569348741778 7.199848135368965 8034
1.04 0.008449537975806658 0.001690788437120544 7.509934294023689 8606
1.08 0.0093792709036098 0.001959652615896291 7.729643100208209 9066
1.12 0.01015758281008154 0.002164067056108423 7.782736236614594 9962
1.16 0.01101283293445118 0.002548593885646548 7.86662364319112 10550
1.2 0.01197908777957902 0.002870493015518756 7.993967809557434 11226
1.24 0.01252994825635681 0.00322103984972584 7.829610305367715 12146
1.28 0.01383213563361792 0.003595017198834387 8.107510059122225 12303
1.32 0.01452248753982843 0.004015335445189862 8.00171121949151 12584
1.36 0.01574463625586345 0.004495859271258032 8.174510686729079 12120
1.4 0.01683253204942322 0.005196405607478642 8.246693214066724 11180
1.44 0.01807671162202594 0.005484691132180836 8.369871396827618 11096
1.48 0.01882136518535741 0.006231472768607925 8.251131505533529 10056
1.52 0.01998665952437915 0.007145002622059598 8.306965001656121 9716
1.56 0.02094640143684976 0.007600505658766838 8.263962565857874 8604
1.6 0.0233927866531078 0.008339678868518659 8.771056816642341 8060
1.64 0.02511595908701861 0.009141585960944373 8.963508938738334 7320
1.68 0.02665381054832887 0.00982598002240188 9.067997281088269 6356
1.72 0.025497866775025 0.0110680419416713 8.275401489249772 5348
1.76 0.02769627295709725 0.01202903751014897 8.581405469903361 4308
1.8 0.03121063525767525 0.01228257486600337 9.244699669476999 3563
1.84 0.03010914928005886 0.01421072615147117 8.53923212894577 2448
1.88 0.03071296306939758 0.01520431021535161 8.339579017010337 1868
1.92 0.03489404182224361 0.01584410038797465 9.076256850195302 1358
1.96 0.04410718998317432 0.01423949586065471 11.0035307264994 1062
2 0.03335753484901763 0.01835641562689925 8.005883592608232 776
2.04 0.03129198718683177 0.02635518511288197 7.231398861588434 432
2.08 0.03323669669363132 0.02651868335062233 7.363091648782937 200
2.12 0.03468184256263195 0.02975523783322486 7.383401342888956 168
2.16 0.03495084292209503 0.01659323626919803 7.176143584394935 56
2.2 0.01729187419505227 0.01887114342454207 3.427645435378913 7


0.04 1.226498467921835e-06 4.637774789253003e-09 1.668974462123912 18
0.08 1.025216048494072e-05 4.017805085769837e-08 3.0078130795078 62
0.12 3.069000331320799e-05 2.048120595666248e-07 3.742361825275816 98
0.16 8.616270434861809e-05 4.495315170051742e-07 5.727034120606299 210
0.2 0.0001245950758123267 1.045690132790066e-06 5.322186273899284 350
0.24 0.0001820314195419091 2.004825316658879e-06 5.402456022555057 450
0.28 0.0002703727681018745 3.345600412120179e-06 5.835043736498074 602
0.32 0.0003461728377332649 5.428505991437341e-06 5.67926052130044 762
0.36 0.0004378054348059393 1.004508500051342e-05 5.69471709307355 1142
0.4 0.0005742978356970815 1.363495241762625e-05 6.066550072090554 1250
0.44 0.0007160033852860051 2.047328321620992e-05 6.22739693274231 1458
0.48 0.0008451024593321543 2.997860978249549e-05 6.157366973058594 1814
0.52 0.000999830323083217 4.195031839546505e-05 6.213373390872199 2178
0.56 0.001210615680162151 5.300416838490058e-05 6.48833299026353 2498
0.6 0.001355315166369906 6.750419002483104e-05 6.310330949311308 2622
0.64 0.001574372278870004 8.672203387667032e-05 6.437067100210246 3338
0.68 0.001772992610792886 0.000111105655485652 6.431558038935045 3722
0.72 0.001983119599554407 0.0001372965069668179 6.423220119866985 4170
0.76 0.002308027288611704 0.0001735216553623136 6.702425819444531 4358
0.8 0.002568001772650874 0.0002103037254856894 6.723518399589925 5034
0.84 0.002922426971918942 0.0002531778134875811 6.943878459659341 5714
0.88 0.00321822790628912 0.0002987057379450308 6.967857765746275 5982
0.92 0.003697556459138331 0.0003600969172521713 7.319208212328124 6602
0.96 0.003942665360483324 0.0004053970637096677 7.16325632731207 7130
1 0.004320195193565842 0.0004816038852037109 7.23533720718638 8034
1.04 0.004924175409705635 0.000549371312201074 7.627811461979027 8606
1.08 0.005139341449729898 0.0006710699741113309 7.382749038513749 9066
1.12 0.005825624844345705 0.0007095080724061717 7.779644236872202 9962
1.16 0.00625881119698942 0.0008440617879287743 7.792294122041572 10550
1.2 0.006854113779123458 0.0009477324200819402 7.972035018486128 11226
1.24 0.00722559904651226 0.001055916688291659 7.869321302681469 12146
1.28 0.007868403467338555 0.001189701637910107 8.038357133849164 12303
1.32 0.008271797156330578 0.001333361386898971 7.943740286390324 12584
1.36 0.009219577449093323 0.001446922510322251 8.342552001860643 12120
1.4 0.009805742967695007 0.001683750806321277 8.372865437994014 11180
1.44 0.009929622693234151 0.001886124298300591 8.013908061041077 11096
1.48 0.01064584060995741 0.002076357130464655 8.134474610875165 10056
1.52 0.01189924836706501 0.00227710446121248 8.619253920044413 9716
1.56 0.0121387350494266 0.002477198790904051 8.346807938462323 8604
1.6 0.01295504327910613 0.002839741459628718 8.466651367277759 8060
1.64 0.01409256394512392 0.003069823342181567 8.766172407396793 7320
1.68 0.01489411384839443 0.003328729893146302 8.832072356156335 6356
1.72 0.014887212597798 0.003584244576453702 8.420954459687007 5348
1.76 0.01639789315599476 0.00383781191434066 8.854779834388179 4308
1.8 0.01731408741182673 0.004194913897340323 8.939017366279217 3563
1.84 0.01596420582359395 0.005003504820700507 7.892281040692521 2448
1.88 0.01867662520162522 0.004722132436395583 8.838012854498164 1868
1.92 0.01895545061332642 0.005515872034114987 8.594171908346388 1358
1.96 0.01884097104653125 0.006504858219620419 8.195928624554274 1062
2 0.01864341980608572 0.006151537057604706 7.798926063797417 776
2.04 0.02923765399862965 0.005392661981339461 11.76712924422578 432
2.08 0.02711318636286872 0.00640300268811097 10.46299368945924 200
2.12 0.0266350114158123 0.00786894884184226 9.878099462992171 168
2.16 0.01974795259241861 0.005543954981069954 7.067077507530222 56
2.2 0.01379370961097546 0.005096960003119021 4.762755483817904 7


0.04 1.101865265347904e-06 1.631092696231939e-09 2.129191889344266 18
0.08 6.988035516152537e-06 2.020719565099848e-08 2.927072599999376 62
0.12 1.839874732940785e-05 1.138081958985713e-07 3.206003388725497 98
0.16 4.968710394852715e-05 2.746733198426255e-07 4.716557814126827 210
0.2 8.481700329787728e-05 5.249947664710639e-07 5.168852301360563 350
0.24 0.0001269288503062309 9.855054702234433e-07 5.373530917023165 450
0.28 0.0001622277389970955 1.924422350824367e-06 4.997045303127596 602
0.32 0.0002304777986261051 2.807309190101205e-06 5.394351135161472 762
0.36 0.0003110142910655927 4.883581511918049e-06 5.77005402601436 1142
0.4 0.0003838074448118666 7.037914628533261e-06 5.783796103580473 1250
0.44 0.0005085670616297567 9.893914960633898e-06 6.308723498327658 1458
0.48 0.0005934089785670226 1.476013986683506e-05 6.166780650597316 1814
0.52 0.0006835001880653896 2.113103354248358e-05 6.058907632384803 2178
0.56 0.0008569335931735709 2.57876556779721e-05 6.55054399626906 2498
0.6 0.0009480250347083275 3.324213922615235e-05 6.295789340339412 2622
0.64 0.001067784646588492 4.399714712445242e-05 6.227611589026171 3338
0.68 0.00127486044185381 5.31006510734556e-05 6.595585305369926 3722
0.72 0.001378741187855859 6.797137702311633e-05 6.369577576614191 4170
0.76 0.001619603455699679 8.533966752664258e-05 6.70830501102941 4358
0.8 0.001824106461443843 0.00010181144510561 6.81157639001889 5034
0.84 0.002044627348209807 0.0001248004459075377 6.929276967292919 5714
0.88 0.00223817830045251 0.0001475252472331989 6.911887546020476 5982
0.92 0.002561870463506194 0.0001784085046770988 7.233182025480813 6602
0.96 0.002729313442235692 0.0002018442372931684 7.072930642255367 7130
1 0.002974332183356361 0.000241021229408414 7.105190966456632 8034
1.04 0.003372243739518071 0.000276463231638129 7.451092431607451 8606
1.08 0.003704086387981126 0.0003217508714606686 7.588850521412673 9066
1.12 0.003920257451805365 0.0003632794607943757 7.467611460004516 9962
1.16 0.004437138689397525 0.0004092969964070154 7.8790889234178 10550
1.2 0.004766609143765398 0.0004689395802837991 7.907602013166628 11226
1.24 0.005132158004051252 0.000512855800587703 7.971923633454479 12146
1.28 0.005589547921723574 0.0005767982779066211 8.14434785093445 12303
1.32 0.00573383582997907 0.0006629877963317057 7.853998759781482 12584
1.36 0.006342171549134234 0.0007284102833463736 8.185662918961931 12120
1.4 0.006879254695409135 0.0008253342188381895 8.378065402434364 11180
1.44 0.00697536580507995 0.0009245557598633134 8.029466210238501 11096
1.48 0.007384775312926741 0.001032713933056983 8.048341102127679 10056
1.52 0.008093298168469583 0.00115185955650859 8.361986296315775 9716
1.56 0.008413117912672866 0.001233147666416749 8.251323489483065 8604
1.6 0.009220009768237431 0.001377095527997585 8.594147046419348 8060
1.64 0.009884749093030299 0.001510113954252297 8.769921601455671 7320
1.68 0.01084458008180212 0.001573270077767733 9.171553072660783 6356
1.72 0.01071504591602485 0.001714503246104169 8.644341133145524 5348
1.76 0.01119766460653177 0.001939736335032682 8.624756624333967 4308
1.8 0.01198095075153834 0.002088934261143316 8.822676861151367 3563
1.84 0.01236185824488484 0.002246635545193344 8.71512346539631 2448
1.88 0.01243658082012972 0.002443861799088405 8.394666568054246 1868
1.92 0.014751913284882 0.002430462768492583 9.537975184107179 1358
1.96 0.01527872805706191 0.002777500520274521 9.477343889267829 1062
2 0.01378209589500722 0.002893431844740192 8.222373060020418 776
2.04 0.01535677743343157 0.003694042313929782 8.818954414974195 432
2.08 0.01866495001325365 0.00320749426473009 10.27358550116242 200
2.12 0.02400939587932931 0.002750948270928743 12.69617354598807 168
2.16 0.01253288536025686 0.00299797300944808 6.397929658536278 56
2.2 0.01467344179783267 0.001459689034542953 7.222667645253858 7


0.04 4.64214666117878e-07 1.836198794805467e-09 1.192674824943031 18
0.08 5.274551228123593e-06 1.184193777784053e-08 2.872064204987396 62
0.12 1.363210385592269e-05 7.087282096277047e-08 3.088271481733186 98
0.16 3.578299264160019e-05 1.720454048935199e-07 4.414845656844933 210
0.2 5.839144601046998e-05 3.496132327833468e-07 4.625431721353397 350
0.24 9.389770816222809e-05 6.086884483269527e-07 5.164736794934126 450
0.28 0.0001270399091765179 1.122613061705303e-06 5.082834118611649 602
0.32 0.0001687040132826422 1.752520723686148e-06 5.130072713970094 762
0.36 0.0002369116900788718 2.936987827463174e-06 5.709551476150168 1142
0.4 0.0002972906088623473 4.137660136880371e-06 5.81918860063647 1250
0.44 0.0003567601604502248 6.451073764703922e-06 5.750379336942192 1458
0.48 0.00046444390873296 8.58389762735039e-06 6.269037935671177 1814
0.52 0.0005243247194290834 1.257060459289852e-05 6.03737799219251 2178
0.56 0.0006082318528860853 1.659345305340617e-05 6.040854818086933 2498
0.6 0.0007125083681518985 2.017350775457754e-05 6.146624302737187 2622
0.64 0.000819577039075332 2.616952263845012e-05 6.208907815654011 3338
0.68 0.0009375054501163605 3.301523601400097e-05 6.300950184479299 3722
0.72 0.001074484353365506 3.983387580076893e-05 6.447556747148711 4170
0.76 0.001256913916912473 5.016892440658592e-05 6.762102020569269 4358
0.8 0.001365966297923326 6.209693217613226e-05 6.626013177833711 5034
0.84 0.001562726464306543 7.443071015690731e-05 6.879317278517398 5714
0.88 0.001706001296354405 8.836776080376157e-05 6.843429011712923 5982
0.92 0.001995350883264798 0.0001046622469916547 7.317452406453542 6602
0.96 0.002069178335512821 0.0001216886785881402 6.965328824496085 7130
1 0.002315213758145677 0.0001413885290354602 7.183660827986294 8034
1.04 0.002538389605581426 0.0001676243683211057 7.285552760254761 8606
1.08 0.002876477931472936 0.0001884946970736733 7.654650729730684 9066
1.12 0.003110874944926113 0.0002089910256386789 7.69662468534368 9962
1.16 0.003289177123502697 0.0002526743595351436 7.587119992282298 10550
1.2 0.00369322306965547 0.000276827000866768 7.958205414010031 11226
1.24 0.003902368173272236 0.0003069602580879351 7.8737217639369 12146
1.28 0.00420105423593989 0.0003508634523329769 7.951306234951819 12303
1.32 0.004445463378858506 0.0003903445110597803 7.909250263797474 12584
1.36 0.004772151672364181 0.0004409149522138341 8.000691411914651 12120
1.4 0.005192238156200683 0.0005014523384021157 8.21399165860772 11180
1.44 0.00540212357019883 0.0005442089009834689 8.077134876551922 11096
1.48 0.005764769121241131 0.0006030468275289785 8.160511435315668 10056
1.52 0.0061942243262714 0.0006874655185141349 8.312940318871556 9716
1.56 0.006544093490657374 0.0007229280386787867 8.336542827257006 8604
1.6 0.007188649523295981 0.0008053341092857605 8.703360761251524 8060
1.64 0.007593215248202524 0.0008973808929658988 8.750561775837884 7320
1.68 0.008002396121270542 0.0009732026184781245 8.79142066338459 6356
1.72 0.008051735972941043 0.001041721246202388 8.437694492287221 5348
1.76 0.008375555732614068 0.00118401084449974 8.37980082159102 4308
1.8 0.009501026133245266 0.001199364453857667 9.087328570274105 3563
1.84 0.00993118109848177 0.001272965928900533 9.093656268425297 2448
1.88 0.009558684229548559 0.001452158778348723 8.380699767731791 1868
1.92 0.01091274427643423 0.001506190260005823 9.16528905146949 1358
1.96 0.0115613221627797 0.001681931623867054 9.315310583823786 1062
2 0.009957536220923767 0.001810245804364595 7.717140314488765 776
2.04 0.01421024581895701 0.001819951932454936 10.59684384193469 432
2.08 0.01207611944770021 0.002270118905851166 8.636004209927545 200
2.12 0.01087025509017676 0.002845132019816388 7.472199182095555 168
2.16 0.01096856949221377 0.001566993523989839 7.271745865426722 56
2.2 0.007053672629028163 0.001541673381244141 4.512489746659052 7


0.04 3.777415282722633e-07 1.277137777584432e-09 1.197307065802255 18
0.08 3.313881786692228e-06 1.032193581157199e-08 2.230180327123851 62
0.12 1.066432415653313e-05 4.921061587274728e-08 2.974765535041196 98
0.16 2.814232597473307e-05 1.174005379049701e-07 4.273180779453273 210
0.2 4.654217117350101e-05 2.343953970424934e-07 4.536339825240771 350
0.24 6.291036633382348e-05 4.853486646414812e-07 4.261316789547147 450
0.28 9.788525946795915e-05 7.834258602802857e-07 4.819218545954716 602
0.32 0.0001386605222575426 1.14147069690545e-06 5.186866678095376 762
0.36 0.0001798784786684876 2.068750034756045e-06 5.334358052587687 1142
0.4 0.000226404507268605 2.922883249486835e-06 5.453041180031322 1250
0.44 0.0002884755817195285 4.289364544663015e-06 5.720102331797903 1458
0.48 0.0003506778879719304 6.119077326942295e-06 5.824401874266871 1814
0.52 0.0004430349535554692 7.998247149906681e-06 6.274673122634852 2178
0.56 0.0004949336732420515 1.096318367898901e-05 6.046936922825468 2498
0.6 0.000574230563521997 1.344710854493515e-05 6.094024457406372 2622
0.64 0.0006552955835113911 1.759181203738399e-05 6.107235350561733 3338
0.68 0.0007765322786699027 2.139326363454841e-05 6.419852555039597 3722
0.72 0.0008569455406110018 2.681922914919273e-05 6.326001755598427 4170
0.76 0.001021307608016175 3.315531113527549e-05 6.759113240156275 4358
0.8 0.001109033226276262 4.10768783791891e-05 6.61781824683682 5034
0.84 0.001277595186337903 4.894151934241482e-05 6.918397710195021 5714
0.88 0.001386091923106311 5.850030303876232e-05 6.839800966800284 5982
0.92 0.001611464470572888 6.958269546127295e-05 7.269816606290613 6602
0.96 0.001702765817561872 7.934270591757518e-05 7.050821254010901 7130
1 0.001824826712956131 9.638369563484822e-05 6.965705011128789 8034
1.04 0.002067290000107116 0.0001108026041954387 7.298934957678322 8606
1.08 0.002172650449664036 0.0001339156751392204 7.113535005279656 9066
1.12 0.002408607788618128 0.0001454774570081412 7.33140923326765 9962
1.16 0.002709757263051479 0.0001651801588865033 7.688869138628945 10550
1.2 0.002904733252698466 0.0001891639329437126 7.700184857142297 11226
1.24 0.003132501409997397 0.0002054173020767036 7.775144548539582 12146
1.28 0.003538168248366049 0.0002233166973175432 8.237233820342032 12303
1.32 0.003689223210035443 0.0002516180527004714 8.073977651852825 12584
1.36 0.003831552695005293 0.0002947986580025643 7.902280385272314 12120
1.4 0.004279350688327786 0.0003255986225876564 8.327564431044348 11180
1.44 0.004409467780759697 0.0003583810831878525 8.110160325123433 11096
1.48 0.004714248310954089 0.0003961608482696014 8.209118722640678 10056
1.52 0.005027941351196098 0.0004543931967078248 8.300650244492568 9716
1.56 0.005302397755573889 0.0004804836617318952 8.309327026806816 8604
1.6 0.005785184154517974 0.0005374818716860385 8.616242351511154 8060
1.64 0.00604675140035068 0.0006053615204611568 8.572386709213928 7320
1.68 0.006635285770271029 0.000630155571543057 8.966794910162855 6356
1.72 0.006561759609169777 0.0006874558384001187 8.458754356369734 5348
1.76 0.00713390261012991 0.0007457878494210834 8.779395530898356 4308
1.8 0.007435078350215875 0.0008272886179402465 8.748490493040185 3563
1.84 0.007409091781661419 0.0009187249315811488 8.346770405965868 2448
1.88 0.00784677981079244 0.0009505490507607921 8.462907748371935 1868
1.92 0.009293611233694732 0.0009438645281058009 9.601054746022653 1358
1.96 0.008983691678214757 0.001161432035951826 8.904891893753474 1062
2 0.008218382596682733 0.001182153180092339 7.834895283194617 776
2.04 0.01104769724244205 0.001266274123536485 10.13507060562295 432
2.08 0.009886311988491638 0.001491234617274052 8.696969762856664 200
2.12 0.009982061547902021 0.001730888758116795 8.438932432461613 168
2.16 0.008653359936152424 0.00106972318905167 7.057382886952636 56
2.2 0.007946645774106777 0.000728761139313793 6.2509577648639 7


0.04 4.430252781292232e-07 5.716015577975736e-10 1.643438733200391 18
0.08 2.206391362964771e-06 9.093307051708553e-09 1.773335720886816 62
0.12 9.062475072987267e-06 3.516473024297746e-08 3.00189871081008 98
0.16 2.25431445381433e-05 8.777851342239622e-08 4.065973164612826 210
0.2 3.642658064987857e-05 1.791206952562835e-07 4.217213109780016 350
0.24 6.316063299681856e-05 2.875167992964538e-07 5.074363543640579 450
0.28 7.594490529500861e-05 6.000584243484115e-07 4.440723943987829 602
0.32 0.000113411261897288 8.348637320063164e-07 5.036965177556065 762
0.36 0.0001458018493736208 1.525001525587689e-06 5.133856296082517 1142
0.4 0.0001889009929989928 2.098000389313094e-06 5.401373831098763 1250
0.44 0.0002563511162549685 2.873212170032299e-06 6.033113772407407 1458
0.48 0.0002962797382402835 4.337222379777972e-06 5.841654686612276 1814
0.52 0.0003633074103945114 5.829901756635872e-06 6.108843346570589 2178
0.56 0.0004261908895718907 7.609414593953632e-06 6.180900443617387 2498
0.6 0.0004802580647559673 9.617237929609469e-06 6.050528218512961 2622
0.64 0.0005499469908625713 1.253849563590511e-05 6.084478621786059 3338
0.68 0.0006437592115429367 1.543537802471834e-05 6.318278221954397 3722
0.72 0.0007121856159505264 1.929006515804719e-05 6.241305107879024 4170
0.76 0.000823683428703051 2.455086340854696e-05 6.471948401856181 4358
0.8 0.0009290183631452753 2.932673852122378e-05 6.580956542405896 5034
0.84 0.00106559707227321 3.502385821157948e-05 6.850194088775829 5714
0.88 0.001174340553353581 4.126292830891697e-05 6.878998485669324 5982
0.92 0.001308190919559961 5.124408423073348e-05 7.006515419039075 6602
0.96 0.001404975978493743 5.747108232268109e-05 6.906572717673222 7130
1 0.001559184672392539 6.751407349410963e-05 7.064993847098878 8034
1.04 0.001736532269215997 7.846376187628981e-05 7.278251916394331 8606
1.08 0.001921801566102579 9.064241369305288e-05 7.46857825461439 9066
1.12 0.002053847289504715 0.0001017035228558109 7.420977896251032 9962
1.16 0.002232498517198142 0.000119582471725976 7.520199306807007 10550
1.2 0.002441497865604667 0.0001344164424897936 7.683129903760032 11226
1.24 0.002690117589591465 0.000142604566584999 7.92601810782321 12146
1.28 0.002871138420911336 0.0001644411258733364 7.935491885597863 12303
1.32 0.00304183708976021 0.0001830765488380143 7.903025675850999 12584
1.36 0.003310805814462285 0.0002044416262321363 8.10541010355993 12120
1.4 0.003541746295994121 0.0002349106529574634 8.181948504615685 11180
1.44 0.003711760757749717 0.0002549916370914708 8.104182201102835 11096
1.48 0.003907958094103091 0.000285487554655081 8.078516029400838 10056
1.52 0.004280641344651739 0.0003189115993571162 8.388924154857712 9716
1.56 0.004471721857458158 0.0003400086202385457 8.318617353746177 8604
1.6 0.004854503495192214 0.0003825859527608749 8.582870685543558 8060
1.64 0.005128671716950856 0.0004265969465936325 8.63104427576206 7320
1.68 0.005557668136676883 0.0004504645984894781 8.915776871126148 6356
1.72 0.005499162524301691 0.0004892474951853745 8.415306055355268 5348
1.76 0.005952947103322749 0.0005345280440508359 8.696823140272976 4308
1.8 0.006147370351544025 0.0005966789519057574 8.58685688539722 3563
1.84 0.006793106460035198 0.0005972293051031552 9.083305401665108 2448
1.88 0.006736152528550463 0.0006610791795110433 8.624025136741208 1868
1.92 0.006736195169515078 0.0007818309854552203 8.263019581979783 1358
1.96 0.007678893280954077 0.0008126892602182941 9.035375016773729 1062
2 0.007048759318151778 0.0008269463830988174 7.976846367570201 776
2.04 0.009344676109834821 0.0008933635721283627 10.17654541517557 432
2.08 0.008465543026045517 0.001043564374747598 8.840183170504805 200
2.12 0.008766426091817107 0.001189446273371445 8.797192794253256 168
2.16 0.007238005929011635 0.0007646857348661835 7.007545140915497 56
2.2 0.007369157092059658 0.0004421212208396462 6.880480202544497 7


0.04 1.699504412527507e-07 9.453273567084882e-10 0.7718773737799662 18
0.08 2.296606327615132e-06 5.810041470786682e-09 2.129042128655342 62
0.12 8.162945213666616e-06 2.522651596998527e-08 3.129487180164639 98
0.16 1.862602251288483e-05 6.856738863829454e-08 3.891367015314787 210
0.2 2.9266701900026e-05 1.434641664265078e-07 3.924951006433754 350
0.24 4.465069479495969e-05 2.655869998143811e-07 4.157742949991251 450
0.28 7.562832663930744e-05 3.861485163605449e-07 5.115858241375234 602
0.32 9.009370523766451e-05 6.769714450072987e-07 4.634025905398319 762
0.36 0.0001231791387732334 1.163160093913134e-06 5.02162735581919 1142
0.4 0.0001599400126381615 1.598542213851928e-06 5.294697916810643 1250
0.44 0.0001961080488619599 2.421493758721963e-06 5.345352399726036 1458
0.48 0.0002537093590889123 3.256723513181891e-06 5.791026459397258 1814
0.52 0.0003144936195486178 4.339984901692434e-06 6.121594353776393 2178
0.56 0.0003666606150017885 5.70423780297573e-06 6.155850534022102 2498
0.6 0.0004069447132890204 7.315662777792316e-06 5.935410733409078 2622
0.64 0.0004745531464586487 9.369539218597625e-06 6.077952465373466 3338
0.68 0.0005438617371606603 1.176262516851111e-05 6.179598752163931 3722
0.72 0.000615524909645906 1.437483131081435e-05 6.244438883113815 4170
0.76 0.0007090609144784775 1.839090279365233e-05 6.449551848284532 4358
0.8 0.000797337890209069 2.2045951833807e-05 6.538556401773314 5034
0.84 0.0009087889402437915 2.651460731391846e-05 6.763241072591121 5714
0.88 0.0009895254581446281 3.154618343388793e-05 6.71045959345098 5982
0.92 0.001136302449317738 3.81112721743215e-05 7.045062401634278 6602
0.96 0.001199829832152118 4.339514359444439e-05 6.827967572502338 7130
1 0.001353258475203237 5.004885643804993e-05 7.09828530632806 8034
1.04 0.001515020060561573 5.799358659361622e-05 7.350497560788468 8606
1.08 0.001692199275753664 6.652235351184635e-05 7.612495041695302 9066
1.12 0.001794594029730433 7.495355514557198e-05 7.506050841913201 9962
1.16 0.001964217475485874 8.742709672260023e-05 7.659008116247138 10550
1.2 0.002130472299699649 9.897581654805298e-05 7.760867836910409 11226
1.24 0.002230071505976004 0.0001113941069137153 7.606872711095518 12146
1.28 0.002474508665897793 0.0001233136823670095 7.917272354720625 12303
1.32 0.002665502472477869 0.0001345541959598639 8.016545495155667 12584
1.36 0.002815864054343121 0.0001550135291943559 7.980497304903504 12120
1.4 0.003069807142437853 0.0001754516705671218 8.209424809723986 11180
1.44 0.003232875933551386 0.0001884090125405566 8.170976694016396 11096
1.48 0.003193762612629471 0.000224703916964598 7.643571997525689 10056
1.52 0.0036014527109745 0.0002443257452709958 8.17072504615758 9716
1.56 0.003799259595103971 0.0002579942117773621 8.181859537913777 8604
1.6 0.00410980997458551 0.0002921872633607072 8.411821160029781 8060
1.64 0.004472223839826981 0.0003147820290993923 8.712384552333514 7320
1.68 0.004431221149289381 0.0003618131359871069 8.230263557197569 6356
1.72 0.004856885268756237 0.0003574354300239176 8.603556555588439 5348
1.76 0.005121113662304217 0.0004015853660003443 8.660839786612867 4308
1.8 0.005435672807233066 0.0004344287977298213 8.789074797348931 3563
1.84 0.005309547116035468 0.0004921907961673712 8.219939468577072 2448
1.88 0.005770273361557826 0.0004967494111437495 8.55190437830586 1868
1.92 0.006018612626441639 0.0005668345518269509 8.545920994043154 1358
1.96 0.006699667622801504 0.0006010602639215458 9.125507798756875 1062
2 0.006260685083098585 0.0006005079290161522 8.201309853103446 776
2.04 0.00715416842387877 0.0007534390825042125 9.020657879345068 432
2.08 0.007888651776723425 0.0007235969002076405 9.535018523373322 200
2.12 0.009636997762172023 0.0006904840575415371 11.19116720289053 168
2.16 0.005715665599136013 0.0006218477546403056 6.406665474847063 56
2.2 0.00659537450241272 0.0003085611462489747 7.128317935134397 7


0.04 2.5513512132019e-07 4.912053327398871e-10 1.266154773868265 18
0.08 1.962694644178959e-06 4.554851958801787e-09 2.06974608243794 62
0.12 7.137128779891829e-06 1.944586571189122e-08 3.109957992449605 98
0.16 1.581982564760837e-05 5.502892433734284e-08 3.757212063175996 210
0.2 2.460621169988889e-05 1.161997256602607e-07 3.751170750078739 350
0.24 3.709409012258899e-05 2.161258119968473e-07 3.926287257160343 450
0.28 5.446943953566896e-05 3.676935723141175e-07 4.191077942492472 602
0.32 7.956407000244241e-05 5.244437784322559e-07 4.649844491358825 762
0.36 0.0001091426687995624 8.996362301953497e-07 5.055328447670995 1142
0.4 0.0001416625014881955 1.22855812649033e-06 5.328186602012313 1250
0.44 0.0001730096691079553 1.87396610201404e-06 5.357963751782415 1458
0.48 0.0002289387294797394 2.461383812197467e-06 5.936735466837948 1814
0.52 0.0002719413693002848 3.421600552109359e-06 6.014535390778694 2178
0.56 0.0003159935721017024 4.510549567834276e-06 6.028074088243224 2498
0.6 0.0003553367142890356 5.713165440448835e-06 5.888599976175809 2622
0.64 0.0004154152466722291 7.296026936172131e-06 6.045141011429716 3338
0.68 0.0004761674686640021 9.168182578652917e-06 6.147275380093874 3722
0.72 0.0005399351038705407 1.119045473955668e-05 6.223537887030012 4170
0.76 0.0006283314111978838 1.416828962791573e-05 6.493349755121408 4358
0.8 0.0007023428962509047 1.705319734259174e-05 6.543783999153791 5034
0.84 0.0007929777295277859 2.071028717207158e-05 6.705085965242271 5714
0.88 0.0008818068205809418 2.414272753470822e-05 6.793994616263138 5982
0.92 0.0009970740133365065 2.95850240909977e-05 7.023635454497486 6602
0.96 0.001073582926731391 3.30992412872369e-05 6.941121819014898 7130
1 0.001186705170743221 3.894844926826319e-05 7.072293670650552 8034
1.04 0.001309119390179435 4.589598006356363e-05 7.216701571022035 8606
1.08 0.001470932579094435 5.221804307005983e-05 7.518326155423435 9066
1.12 0.001573710729780892 5.842613046731275e-05 7.478506060050933 9962
1.16 0.00174886890638777 6.687218428686916e-05 7.747618358412112 10550
1.2 0.001864683012587029 7.723631417521371e-05 7.717650216590515 11226
1.24 0.002003492251038324 8.447751976801275e-05 7.764166294482874 12146
1.28 0.002161765858931281 9.611148762524859e-05 7.858517306247236 12303
1.32 0.002303095998313226 0.0001059253842395538 7.86999462727105 12584
1.36 0.002456806854736249 0.0001206820439845949 7.911057591581559 12120
1.4 0.002662741314475727 0.0001373913960839328 8.090598580204954 11180
1.44 0.002745221437175331 0.0001513203375545467 7.883741567360404 11096
1.48 0.003005016837586846 0.0001635266530839378 8.170002481135931 10056
1.52 0.003098193914088922 0.0001939766354129394 7.986405039492772 9716
1.56 0.003328978135720191 0.0002005355206282791 8.145280288080894 8604
1.6 0.003720279313501337 0.00021908012792978 8.650844162489898 8060
1.64 0.003814933160569013 0.0002517598007136174 8.444311959153039 7320
1.68 0.004069321198025925 0.0002700548401429899 8.58654256114642 6356
1.72 0.004129881345015629 0.0002864389112382174 8.312321747816506 5348
1.76 0.004484244555245514 0.0003120177679785982 8.616412248501387 4308
1.8 0.004802859594558017 0.0003361431080669477 8.823209314659834 3563
1.84 0.005117678093258609 0.0003501197683087362 9.000313153510406 2448
1.88 0.00507518476715121 0.0003862269146933611 8.545909983089096 1868
1.92 0.005672162061352118 0.0004086060421851224 9.149558564949722 1358
1.96 0.005852488093902936 0.0004690820385670699 9.057076352125492 1062
2 0.00593447463185955 0.0004307924745258304 8.831457102117666 776
2.04 0.006855016162530977 0.0005365964869402847 9.819027991130742 432
2.08 0.006518358650947713 0.0005959956011277383 8.952343094196019 200
2.12 0.006176700936311295 0.0007306168949207026 8.153337317854517 168
2.16 0.005757463911873162 0.0004203346177228318 7.330826907769532 56
2.2 0.003436890228341472 0.0004390374001688761 4.22330552257609 7


0.04 2.104666445032329e-07 4.162945209564334e-10 1.177354587732832 18
0.08 1.320471037668761e-06 4.791968572334245e-09 1.573302002321036 62
0.12 5.837857310469343e-06 1.693592626609819e-08 2.853336212335135 98
0.16 1.369553024207372e-05 4.51885718785647e-08 3.644434820166852 210
0.2 2.119319184708062e-05 9.60090326691399e-08 3.619725268438345 350
0.24 3.641446009619954e-05 1.573767244286177e-07 4.313954371019082 450
0.28 5.319783343586805e-05 2.678006238959596e-07 4.581675097022057 602
0.32 6.844845859658022e-05 4.337947047916881e-07 4.480734354604685 762
0.36 0.0001001088926682764 6.996358209234151e-07 5.192190842580352 1142
0.4 0.0001235508437434571 1.002363677447856e-06 5.204569600317779 1250
0.44 0.0001609838171824182 1.435031120012569e-06 5.582244925822927 1458
0.48 0.0001954799054450249 2.051492688723637e-06 5.677666198118529 1814
0.52 0.0002338456027425073 2.836917284161805e-06 5.792731099847053 2178
0.56 0.0002729707309691736 3.717926808746451e-06 5.832206014625974 2498
0.6 0.0003133981087565173 4.613181975854658e-06 5.81635608307975 2622
0.64 0.0003688154994084691 5.851169946576606e-06 6.01041490612276 3338
0.68 0.0004266458337342137 7.295178603451123e-06 6.168064813307384 3722
0.72 0.0004667395929762881 9.214883127988746e-06 6.025269469361676 4170
0.76 0.0005482253726026878 1.15514622323432e-05 6.34498502080615 4358
0.8 0.0006229530990467663 1.369457006981927e-05 6.499870838900663 5034
0.84 0.0006840204714448781 1.708708054938571e-05 6.477639903313351 5714
0.88 0.0007909344858469519 1.915686853418635e-05 6.824121657090588 5982
0.92 0.0008927288593100874 2.353344687228028e-05 7.042245653074709 6602
0.96 0.0009273121534356738 2.724987652443339e-05 6.714556612123286 7130
1 0.001067467453275374 3.081665333168033e-05 7.123989139079727 8034
1.04 0.001174817405128341 3.632199298834202e-05 7.252410729690676 8606
1.08 0.001280033469279526 4.265924638145892e-05 7.327146783731544 9066
1.12 0.001365498116774606 4.780268862831523e-05 7.267207495978758 9962
1.16 0.001521613370514934 5.482583022798881e-05 7.549187318424708 10550
1.2 0.00167696523379836 6.126141776898486e-05 7.772430707356972 11226
1.24 0.001791257036148899 6.721068752951311e-05 7.773596934093892 12146
1.28 0.001922553588586965 7.669117736708272e-05 7.826562060096844 12303
1.32 0.002070030291429865 8.390599353954888e-05 7.921212465234272 12584
1.36 0.00218126423955304 9.695623290718243e-05 7.865674887083125 12120
1.4 0.002370050827385059 0.0001102982886654851 8.064398411000697 11180
1.44 0.002512795502749994 0.0001175836596525154 8.080686387698362 11096
1.48 0.002556570967329876 0.000136788032194339 7.784545421171705 10056
1.52 0.002944419912530361 0.000145389985055556 8.498602180964848 9716
1.56 0.00302922780016995 0.0001573418515662824 8.29985788934345 8604
1.6 0.003317934599210693 0.0001753335822733112 8.63993518900952 8060
1.64 0.003490073796790361 0.0001962063687430639 8.65069324544751 7320
1.68 0.003524394922962244 0.0002211958244364423 8.328409727409884 6356
1.72 0.003827579220992196 0.0002203082214245184 8.626585422324265 5348
1.76 0.003708156085770319 0.000267411865848723 7.980193441526222 4308
1.8 0.004227719776605746 0.0002715665003905114 8.697624139003604 3563
1.84 0.004412560053374383 0.0002887981930896889 8.690742144659856 2448
1.88 0.004313588345263254 0.0003221447758510611 8.134643827174031 1868
1.92 0.004883282740505202 0.0003392036370810516 8.821598585487566 1358
1.96 0.004988543354170412 0.0003908781161718164 8.645935543987409 1062
2 0.005218461096959552 0.0003489499969214627 8.696805344650858 776
2.04 0.005735014665236112 0.0004564035430752401 9.200163104101653 432
2.08 0.005852131553197281 0.0004729951028069258 9.000495886247533 200
2.12 0.005547957069801107 0.0005804021724386081 8.200969233501194 168
2.16 0.005145990911692923 0.0003347315921372962 7.337491701833122 56
2.2 0.003341942662554932 0.0003294919195948478 4.598150262182048 7


0.04 1.038457332816767e-07 5.623133410254819e-10 0.6837938979767292 18
0.08 1.337808502439283e-06 3.576239338293729e-09 1.759473437423673 62
0.12 4.793809984813206e-06 1.526555151568936e-08 2.599104632664611 98
0.16 1.201973665143376e-05 3.788552782490478e-08 3.54266223105617 210
0.2 1.85067137642238e-05 8.102223318179208e-08 3.500781709485921 350
0.24 3.317327961943532e-05 1.271939508928234e-07 4.35072373188249 450
0.28 4.623460798831139e-05 2.289439818208786e-07 4.409477232754531 602
0.32 6.293143158951024e-05 3.473719195615054e-07 4.560270002742968 762
0.36 8.702490765810273e-05 5.901792627890174e-07 4.997698133755724 1142
0.4 0.0001066123006419129 8.561822065010826e-07 4.97286080244495 1250
0.44 0.0001444621127354315 1.177579939735103e-06 5.545738212662039 1458
0.48 0.0001637106222769826 1.799375786621023e-06 5.265581563568051 1814
0.52 0.0002122253157874684 2.2989252215226e-06 5.819780903441585 2178
0.56 0.0002503292919524213 2.990304930686327e-06 5.920635386650567 2498
0.6 0.0002810146371233881 3.788462450120346e-06 5.773729943809356 2622
0.64 0.0003292880323556513 4.830330751570818e-06 5.940868164978633 3338
0.68 0.0003817986011875 6.007680990778486e-06 6.110681152673028 3722
0.72 0.0004286326512228603 7.394307747765783e-06 6.125256922689509 4170
0.76 0.0005035746840547159 9.272566428038984e-06 6.451682606364356 4358
0.8 0.0005466094098991726 1.150049733105751e-05 6.314282868151064 5034
0.84 0.0006350830853591196 1.360081713788988e-05 6.657383794756198 5714
0.88 0.0007117510404726342 1.570497056111617e-05 6.798264893824959 5982
0.92 0.0008065886670200836 1.917456155721188e-05 7.043705262396729 6602
0.96 0.0008473792788663104 2.197803160938083e-05 6.792251801203331 7130
1 0.0009308545975761131 2.602581883677841e-05 6.877766255764548 8034
1.04 0.001042936047182073 3.018608375166979e-05 7.127661455934573 8606
1.08 0.001173056945120999 3.440544155218525e-05 7.433212090104689 9066
1.12 0.001235221254313745 3.895545474663083e-05 7.277417678064992 9962
1.16 0.001381753831448445 4.458309332856643e-05 7.58891419446582 10550
1.2 0.0014887655699157 5.086826881627623e-05 7.638941168112383 11226
1.24 0.00160524360375429 5.531503644915896e-05 7.712049274117246 12146
1.28 0.00176948148703818 6.183056189109785e-05 7.974103841692567 12303
1.32 0.001864000375280922 6.875404195687059e-05 7.896254865061397 12584
1.36 0.001991278888561652 7.827437093987534e-05 7.948904181598887 12120
1.4 0.002179475649919372 8.82386371512746e-05 8.209310973770057 11180
1.44 0.002230632702304306 9.772765573121821e-05 7.941293943090151 11096
1.48 0.002343254958994651 0.0001097357672520286 7.898367780996034 10056
1.52 0.002575266975109981 0.0001223789626599365 8.229109357725733 9716
1.56 0.002822992645129869 0.0001240002278308365 8.562084702575289 8604
1.6 0.002949827065163725 0.0001454011508895063 8.503707843171773 8060
1.64 0.003174764782935473 0.0001588125817440025 8.711209261561594 7320
1.68 0.003390634757919967 0.0001697012176972363 8.868823619603805 6356
1.72 0.003258016355806864 0.0001906328535225146 8.129616400996976 5348
1.76 0.003645567607879377 0.0002020661190928994 8.683839154131835 4308
1.8 0.003816587472845706 0.0002223463289426085 8.69215277053242 3563
1.84 0.004032001281732218 0.0002330139785402787 8.790934702033397 2448
1.88 0.003876701835603128 0.0002645296031219308 8.093251038934259 1868
1.92 0.004693416828065651 0.0002588300146440731 9.385075167362698 1358
1.96 0.004885733136870844 0.000294393965329014 9.372752893833422 1062
2 0.004442682298141955 0.0003032698314228477 8.197084959000343 776
2.04 0.00556952651187119 0.0003472142269909355 9.889803134003408 432
2.08 0.005759573542591901 0.0003537483457069703 9.804901741557259 200
2.12 0.006965977168872883 0.0003392489567791332 11.39350485839031 168
2.16 0.003920169504141767 0.0003230910678351821 6.189350347151925 56
2.2 0.00323038918779715 0.0002551223781388733 4.919836349808833 7


0.04 1.942774683650376e-07 2.21310485222781e-10 1.31218097117304 18
0.08 1.237823298414544e-06 2.888597606856769e-09 1.785510585444382 62
0.12 4.205103897722433e-06 1.324689937167919e-08 2.503233556864063 98
0.16 1.060241612725979e-05 3.256040711633527e-08 3.429106466890435 210
0.2 1.644777932855266e-05 6.919791041285494e-08 3.413478933676518 350
0.24 2.892149425823914e-05 1.111864852124299e-07 4.161448396189974 450
0.28 3.970156001978335e-05 2.02094766545467e-07 4.15432746129925 602
0.32 5.165917483230766e-05 3.203078633761084e-07 4.108003809214361 762
0.36 8.017806248117334e-05 4.873171191884643e-07 5.049652847723555 1142
0.4 9.536595924718953e-05 7.272587568930755e-07 4.878968073256523 1250
0.44 0.0001248378544315052 1.033281839627985e-06 5.257035518652535 1458
0.48 0.0001469641475142727 1.518084750560911e-06 5.184424295978858 1814
0.52 0.0001899603581392105 1.950248461795481e-06 5.713371399690065 2178
0.56 0.0002244731477098057 2.526777975300695e-06 5.822824313310253 2498
0.6 0.0002624557724850906 3.077959793914948e-06 5.913351118993564 2622
0.64 0.0002975042819815341 4.05792087271428e-06 5.886625730474777 3338
0.68 0.0003362811618519404 5.159060826245171e-06 5.903238767406434 3722
0.72 0.0003904507714716679 6.152357350290603e-06 6.119130564614855 4170
0.76 0.0004513253719710892 7.857110852311549e-06 6.341703696726172 4358
0.8 0.0005193216416273146 9.173327377758981e-06 6.578272626479413 5034
0.84 0.0005699128111975617 1.144282113540507e-05 6.552110398108345 5714
0.88 0.0006358928669655817 1.331727242255345e-05 6.661312398186945 5982
0.92 0.0007186813584168913 1.628543779762944e-05 6.883243369980961 6602
0.96 0.0007910295338794419 1.786761867538836e-05 6.953182531195716 7130
1 0.0008279716799012793 2.219836101157606e-05 6.709528552903754 8034
1.04 0.000964666773787904 2.474151802184381e-05 7.229890687268233 8606
1.08 0.001047663921799474 2.916697451526993e-05 7.280837225887748 9066
1.12 0.001137061852986594 3.207156063004194e-05 7.346612474260888 9962
1.16 0.00125244167791094 3.733282163738836e-05 7.543854232381827 10550
1.2 0.001369721975007152 4.188598102777843e-05 7.707444253425521 11226
1.24 0.001480812113605754 4.553266336572624e-05 7.801874298231077 12146
1.28 0.001576637642822505 5.239310137008038e-05 7.792319600238983 12303
1.32 0.001643681859390216 5.925462491589914e-05 7.636676011015616 12584
1.36 0.001776286166545427 6.654566285113635e-05 7.776565679160171 12120
1.4 0.001963478239482996 7.434014203593105e-05 8.110946189348478 11180
1.44 0.002037410605179781 8.113752398919801e-05 7.954631899930946 11096
1.48 0.002208049349933977 8.834824737333013e-05 8.161656797389597 10056
1.52 0.002332307100497396 0.0001024776440953284 8.17338176090993 9716
1.56 0.002416071771564769 0.0001097828793425352 8.037287339653831 8604
1.6 0.002705322568105845 0.0001204638413842156 8.55276651479509 8060
1.64 0.002785888210476991 0.0001372332985819212 8.38379789712268 7320
1.68 0.002921848536015557 0.0001493636528483415 8.382357929903989 6356
1.72 0.003063881189218693 0.000153258505427117 8.383829873014331 5348
1.76 0.003341166534621149 0.0001672314671317869 8.728114228548497 4308
1.8 0.003458252584166406 0.0001862525464308689 8.63760248212964 3563
1.84 0.003576034689657157 0.0001985441099661092 8.550951248079219 2448
1.88 0.003669815053516567 0.000212446555886181 8.401484283020334 1868
1.92 0.004009457264356365 0.0002305477013699118 8.793424928192199 1358
1.96 0.004308927521771136 0.0002533261197904648 9.065852215647359 1062
2 0.004103081898095291 0.0002489314085926447 8.302226073249924 776
2.04 0.004814794285165137 0.0003049872633227828 9.376951191275726 432
2.08 0.005592106924062129 0.0002728623099780571 10.43924988413189 200
2.12 0.006016705089820363 0.0003032377384548686 10.79303249002255 168
2.16 0.003658540522025326 0.000263410038432881 6.334491768770875 56
2.2 0.001839906692529068 0.0002818528096845512 3.075765908712283 7


0.04 9.356698330586565e-08 3.910356104242603e-10 0.7332101982878634 18
0.08 9.137262764965787e-07 3.028218423169236e-09 1.446822019600298 62
0.12 3.827834418896828e-06 1.127132105884241e-08 2.480844330107354 98
0.16 9.237643174798002e-06 2.907207020077023e-08 3.254053127569541 210
0.2 1.49897618867411e-05 5.912048948460853e-08 3.385950517034176 350
0.24 2.53654333341583e-05 9.865087325449329e-08 3.973240810307088 450
0.28 3.704758866600196e-05 1.674309934457528e-07 4.218194543733695 602
0.32 5.187635919491559e-05 2.47277768938658e-07 4.48688890100992 762
0.36 6.865430008010699e-05 4.408785120170705e-07 4.706960664335016 1142
0.4 8.893272415380761e-05 6.0443371710733e-07 4.950743393367969 1250
0.44 0.0001071891950838366 9.31283860551218e-07 4.913439019600864 1458
0.48 0.0001354056780685056 1.280890389156367e-06 5.197856120082966 1814
0.52 0.0001715715288395894 1.677270557977293e-06 5.615728549875563 2178
0.56 0.0002035197762210333 2.162941664018721e-06 5.745092561994134 2498
0.6 0.0002243810030406551 2.788474498787841e-06 5.50268250980536 2622
0.64 0.0002683236638956756 3.486442650355707e-06 5.777726247401059 3338
0.68 0.0003085565178788734 4.366768565562715e-06 5.894156418578231 3722
0.72 0.0003520486978267474 5.296146644481002e-06 6.004111870177027 4170
0.76 0.000416159761391058 6.610139674571913e-06 6.363073004693044 4358
0.8 0.0004671203791387891 7.922698374531973e-06 6.439130265669441 5034
0.84 0.0005162133148028087 9.820376450651497e-06 6.458279017118691 5714
0.88 0.0005826978522270018 1.128778568367326e-05 6.642285905913651 5982
0.92 0.0006712307316875998 1.356758157338578e-05 6.995277953893623 6602
0.96 0.0007164378731424692 1.528625374746921e-05 6.852971405261632 7130
1 0.0007702744032467906 1.852015685053982e-05 6.792050083363698 8034
1.04 0.0008574669797392382 2.163122982721546e-05 6.993637711163892 8606
1.08 0.0009310279490457536 2.539891196607168e-05 7.041275111048011 9066
1.12 0.001048141887508253 2.707932558430449e-05 7.369102537327431 9962
1.16 0.001154689631829757 3.131748009965904e-05 7.568137984449557 10550
1.2 0.001260563636628217 3.532807846171028e-05 7.718525227824716 11226
1.24 0.001354071322690589 3.856979491505215e-05 7.763132444323496 12146
1.28 0.001457399922575213 4.403207170591052e-05 7.837928888751436 12303
1.32 0.001507826223079553 5.0130638275229e-05 7.623108721947279 12584
1.36 0.001647593472961492 5.566704660791147e-05 7.848902218536984 12120
1.4 0.001829388138641305 6.185673001768351e-05 8.223019227137582 11180
1.44 0.001856197885677009 6.913969145957896e-05 7.886165143059912 11096
1.48 0.001984653811304985 7.643693652529831e-05 7.983002742386009 10056
1.52 0.002174281823099468 8.520985367016612e-05 8.291085207819256 9716
1.56 0.002248945302006241 9.173905887748963e-05 8.140682631926554 8604
1.6 0.002375074578243649 0.0001062061805462785 8.171346603140098 8060
1.64 0.002603982758057919 0.0001143219902519687 8.526969350431195 7320
1.68 0.002788381239808009 0.0001218180904810078 8.704100535247916 6356
1.72 0.002809451228391343 0.0001303279770151749 8.365413858631031 5348
1.76 0.002998733942549766 0.0001440931758726799 8.524494586793313 4308
1.8 0.003195868923041494 0.0001556726521886662 8.685832127586822 3563
1.84 0.003224077127634973 0.0001711568068657377 8.389286455107497 2448
1.88 0.00327887025193781 0.000184330706829543 8.16862872739631 1868
1.92 0.003674344147490302 0.0001955070285031385 8.768927659827463 1358
1.96 0.003759455900032489 0.0002250002975145244 8.607830201540738 1062
2 0.003549304573693918 0.0002223346340178917 7.815593520744614 776
2.04 0.004592646380466987 0.0002475019916546235 9.732245600817036 432
2.08 0.004477731974244797 0.0002681903312525451 9.097670594278719 200
2.12 0.005711482904233946 0.0002451518720660765 11.14824887519654 168
2.16 0.003257742212063299 0.0002285968409487239 6.138093542246136 56
2.2 0.002519002044660801 0.0001901535012283439 4.578705739062928 7


0.04 1.071916535803492e-07 2.911788719666439e-10 0.8875321462055806 18
0.08 9.350914596137217e-07 2.37728866476369e-09 1.595421863291139 62
0.12 3.532490841847653e-06 9.632145100472556e-09 2.475827096606446 98
0.16 7.942522795505513e-06 2.6785216842893e-08 3.028372037568869 210
0.2 1.396316654635489e-05 5.039094923358641e-08 3.40985414954344 350
0.24 2.267579492850094e-05 8.737495355181022e-08 3.841069242722823 450
0.28 3.371162317209666e-05 1.455485931539856e-07 4.150059852358905 602
0.32 4.526356352205797e-05 2.252112102048588e-07 4.23375698170635 762
0.36 6.609100691927062e-05 3.623756173172071e-07 4.89749415167399 1142
0.4 8.268669241846011e-05 5.140060115159373e-07 4.976001631736771 1250
0.44 0.0001021006181226696 7.787253218038201e-07 5.058841459345481 1458
0.48 0.0001293755770196533 1.065857246361614e-06 5.368132036949122 1814
0.52 0.0001584071235674396 1.437651122317925e-06 5.605057141698201 2178
0.56 0.0001855952382787853 1.878870499667961e-06 5.663983286250104 2498
0.6 0.0002141283485621503 2.319122169566117e-06 5.676135004255763 2622
0.64 0.0002555236121476992 2.898758545350085e-06 5.947346360491369 3338
0.68 0.0002937438517827765 3.636587271344578e-06 6.065300695687975 3722
0.72 0.0003252231135326453 4.538799611555093e-06 5.996063230365653 4170
0.76 0.0003783687512052033 5.747329280223736e-06 6.254337717239482 4358
0.8 0.0004215824348972784 6.949478721295788e-06 6.282752704639193 5034
0.84 0.0004883346919250654 8.217316461608096e-06 6.604067854432801 5714
0.88 0.0005290278195090442 9.846790493677791e-06 6.519461949545776 5982
0.92 0.0006135562238682652 1.177265456006056e-05 6.912541353916555 6602
0.96 0.0006365398304539669 1.365599028179571e-05 6.582796829384171 7130
1 0.0007226356149355398 1.563736797200394e-05 6.888001420481129 8034
1.04 0.0008068041020683346 1.819351670587231e-05 7.113260114848559 8606
1.08 0.0008739853141232875 2.148855648471088e-05 7.145160239283587 9066
1.12 0.0009739607698796943 2.301003754748056e-05 7.402256050462291 9962
1.16 0.001061687455495232 2.695911517277282e-05 7.522467730715194 10550
1.2 0.001160873616266975 3.041298818037527e-05 7.684104263982773 11226
1.24 0.001212121144395002 3.405183217192404e-05 7.512861879172809 12146
1.28 0.001353347667579742 3.758427666497792e-05 7.867967434611418 12303
1.32 0.001428354884990038 4.181869422701193e-05 7.805984858231122 12584
1.36 0.001523509752977345 4.767519810543147e-05 7.845812406597362 12120
1.4 0.001653609409328526 5.430712565910027e-05 8.035502069469993 11180
1.44 0.001729146687524807 5.878755710609461e-05 7.941466947356899 11096
1.48 0.001818892445448428 6.604834709897366e-05 7.909154540590264 10056
1.52 0.001987624166478354 7.387775622728492e-05 8.19357659927438 9716
1.56 0.002044943580083259 7.985084679439886e-05 8.002224971539945 8604
1.6 0.002271352204618943 8.798435605785051e-05 8.447075530990313 8060
1.64 0.002411954698522614 9.748440383994147e-05 8.538011100722848 7320
1.68 0.002495815417727521 0.0001077952778779876 8.422546377176218 6356
1.72 0.002581180048479495 0.0001120397399589841 8.308479896066867 5348
1.76 0.002807320421479458 0.0001222850826849747 8.626760328351153 4308
1.8 0.002967758001543884 0.0001326979131146715 8.719283825465743 3563
1.84 0.002948222912300858 0.0001483195715362609 8.293200707677929 2448
1.88 0.003149850731355886 0.000152180410033667 8.482418101318663 1868
1.92 0.003273172535521536 0.0001734952067028816 8.444924446365889 1358
1.96 0.003543230124543205 0.0001891922765549845 8.76974748945011 1062
2 0.003591078108920526 0.0001744275065689091 8.546996585872396 776
2.04 0.004061281752771441 0.0002219257180003526 9.304147125624477 432
2.08 0.004328378434447222 0.0002199352633472803 9.506072649757209 200
2.12 0.003930848440773076 0.0002825493735556085 8.297926697201561 168
2.16 0.003657825082213483 0.0001609969218243705 7.448210767073883 56
2.2 0.003290493953057051 0.0001104288588626859 6.462603289612812 7


0.04 1.25270358562162e-07 1.830836607458582e-10 1.090730654893815 18
0.08 8.421156274835665e-07 2.111161953722303e-09 1.547348992862316 62
0.12 3.136995097553582e-06 8.762001376243162e-09 2.36677784178511 98
0.16 7.059942220286144e-06 2.424378129173233e-08 2.896333348688908 210
0.2 1.302064347964326e-05 4.350091778354689e-08 3.418374200774025 350
0.24 2.058200729244034e-05 7.745878346442103e-08 3.748786419359962 450
0.28 2.978955722291716e-05 1.328485119662257e-07 3.943797040452266 602
0.32 3.80430606794953e-05 2.149520923365107e-07 3.827790975380648 762
0.36 5.885930857662909e-05 3.284851780273799e-07 4.689819970166657 1142
0.4 7.123361257561586e-05 4.806364962793976e-07 4.610003234240877 1250
0.44 9.941230951631586e-05 6.417363243551543e-07 5.293812891288144 1458
0.48 0.0001247248666297771 8.905364954208301e-07 5.56232610508239 1814
0.52 0.0001458556536546969 1.256508139208412e-06 5.548075588502671 2178
0.56 0.0001736824551835308 1.615639769059817e-06 5.697639459805057 2498
0.6 0.0002103701001939632 1.890004480399157e-06 5.993335243113825 2622
0.64 0.0002266801535554502 2.632171767210725e-06 5.672469956126799 3338
0.68 0.0002601073774480031 3.301349990149692e-06 5.774316868679168 3722
0.72 0.0003055822599923059 3.889029797738865e-06 6.05605949836885 4170
0.76 0.0003400446289504576 5.14122196397974e-06 6.04284734923506 4358
0.8 0.0003923235453197815 6.011507689563474e-06 6.284947122393914 5034
0.84 0.0004481599682387114 7.213619069201088e-06 6.515307218542411 5714
0.88 0.0004977685186199842 8.413192647981632e-06 6.593788265067311 5982
0.92 0.0005646461563724878 1.028242558745902e-05 6.83850834419906 6602
0.96 0.0006143717327681089 1.13880236386207e-05 6.82905721848345 7130
1 0.0006783160242874527 1.341489907642144e-05 6.949997614242976 8034
1.04 0.0007454134281224239 1.582751192883652e-05 7.064694914184572 8606
1.08 0.0008130285174453302 1.857623476828115e-05 7.144989267181572 9066
1.12 0.0008731017628626667 2.070234798531695e-05 7.13371224649056 9962
1.16 0.000991152393806964 2.329938585740223e-05 7.549008194199987 10550
1.2 0.001082486446853022 2.619719470974425e-05 7.702214325371752 11226
1.24 0.001138103779276563 2.929581965118773e-05 7.582666404253321 12146
1.28 0.00123053548077683 3.315063132922802e-05 7.690501802030582 12303
1.32 0.001310061550202752 3.675169161175079e-05 7.696347389405213 12584
1.36 0.001429816109372835 4.091733352278995e-05 7.91503831534114 12120
1.4 0.001509233527699566 4.781873137273053e-05 7.883893878248178 11180
1.44 0.001618322489127737 5.055724599700067e-05 7.989438710682334 11096
1.48 0.001670753283473048 5.77902308258788e-05 7.809685344254072 10056
1.52 0.001859940350377069 6.355651499594044e-05 8.241773903696542 9716
1.56 0.001956694714911244 6.702322373739052e-05 8.230295494890534 8604
1.6 0.002062557430007238 7.804024135145727e-05 8.24585315126062 8060
1.64 0.002247879405986414 8.407504978371537e-05 8.553539165700803 7320
1.68 0.002383130740355644 9.070416432296905e-05 8.644591004572467 6356
1.72 0.002416136910546166 9.626552207704293e-05 8.360011554839392 5348
1.76 0.002577618923787484 0.0001069050975541036 8.51472314253118 4308
1.8 0.002775599090953674 0.0001141019710465837 8.765808211770093 3563
1.84 0.002718585597028065 0.0001295373303541836 8.220518942356927 2448
1.88 0.002781366769380399 0.0001381716582882649 8.052182941750408 1868
1.92 0.003067610226735304 0.0001493110209037223 8.507641543861594 1358
1.96 0.003459237358737538 0.0001560087895019348 9.202817883717671 1062
2 0.003465271866709845 0.0001448978747686959 8.865204298678062 776
2.04 0.003999085329405687 0.0001810341616702623 9.847426811723448 432
2.08 0.0035371964938414 0.0002146772993257983 8.352409597604417 200
2.12 0.004200368102833349 0.0002171213393388026 9.529276536456848 168
2.16 0.003140430503314796 0.0001524809903336405 6.874674869089971 56
2.2 0.003261332562544024 8.561326488251829e-05 6.884910776073608 7


