0.018171 5.513714310237985e-07 3.166354297264205e-08 0.8338045315971777 18
0.036342 3.649925257830938e-06 3.011145109657773e-07 1.546529524721418 62
0.054513 1.22354551042119e-05 8.244783419344153e-07 2.243615185010617 98
0.072684 2.976440403916617e-05 2.839880626556786e-06 3.039255897394638 210
0.090855 6.145045898374258e-05 6.219669744927437e-06 4.066856227628714 350
0.109026 9.252215542735354e-05 1.006278099758581e-05 4.274379857282568 450
0.127197 0.0001539522270223423 1.520695800793979e-05 5.18465940714452 602
0.145368 0.0002176226434846624 2.380447709955352e-05 5.581429262986307 762
0.163539 0.0002950801271781748 3.983072190002575e-05 6.007664942925476 1142
0.18171 0.0003978351331456097 5.347850846440496e-05 6.585007568517444 1250
0.199881 0.0005000261079058446 7.386800806416271e-05 6.818825526592776 1458
0.218052 0.0006926008121150361 9.59487931700654e-05 7.914125902796976 1814
0.236223 0.0008177209519187952 0.0001272346496471543 7.973057253014412 2178
0.254394 0.001039628437775232 0.0001635125307397229 8.745944253386488 2498
0.272565 0.001250144532405777 0.0002172321212979463 9.138826268964278 2622
0.290736 0.001433346327224097 0.0002616423126845206 9.203358748072738 3338
0.308907 0.001650231136414557 0.0003165219162547529 9.402339248875551 3722
0.327078 0.001945447806138106 0.0003914846247570743 9.898561583505355 4170
0.345249 0.002198020984918444 0.0004719072472968473 10.02851751122356 4358
0.36342 0.002428429058094011 0.0005793887540892301 9.990875005964019 5034
0.381591 0.002825451122424255 0.000683395275271623 10.55050452777905 5714
0.399762 0.003129323187179829 0.0008007271557216696 10.64892483860881 5982
0.417933 0.003595643841406045 0.0009592088535044671 11.18780129449094 6602
0.436104 0.003857176551159779 0.001077740530165158 11.01657948727191 7130
0.454275 0.004289007586477051 0.001290317281434299 11.29261896822832 8034
0.472446 0.004635931148856653 0.001524133990714719 11.29149544855849 8606
0.490617 0.005076817350562765 0.001733877132423584 11.46628104480433 9066
0.508788 0.005540816107123384 0.00201681167508205 11.6358607645127 9962
0.526959 0.005986842612150425 0.002247913261487761 11.72123904780011 10550
0.54513 0.006417487927876531 0.002531589252295677 11.73860990857033 11226
0.563301 0.007099211578890105 0.002857784020902963 12.15953988908032 12146
0.581472 0.007564379437437147 0.003209302465036917 12.15404009996523 12303
0.599643 0.007944210798886341 0.003587408180616612 11.99922048259531 12584
0.617814 0.008485301466687731 0.004067633418213924 12.07756575675014 12120
0.635985 0.009126665836673179 0.00463814236015812 12.25819469795026 11180
0.654156 0.009309139120155798 0.005001294260990106 11.81767050681828 11096
0.672327 0.009899830943567329 0.005544643500214916 11.89887265815945 10056
0.690498 0.01084663305442307 0.006232359072179163 12.3596367860606 9716
0.708669 0.01149972874674264 0.006691046357016213 12.43914796167202 8604
0.72684 0.01240168879881187 0.007564936479203575 12.74990647581794 8060
0.745011 0.01276193931714077 0.008140378944943337 12.48869592887583 7320
0.763182 0.01369712935297889 0.009078630873895785 12.77822255036694 6356
0.781353 0.0143422933715201 0.009851725683140728 12.76299420941073 5348
0.799524 0.01493225760081872 0.01053923547874933 12.6861595519229 4308
0.817695 0.0161010406103143 0.0108276338494871 13.07835867159058 3563
0.835866 0.0158976974131143 0.01254565252748454 12.36336932815796 2448
0.854037 0.01799734793529958 0.012915415796818 13.39966738509313 1868
0.872208 0.01759267139532643 0.01474812271143504 12.54921536943868 1358
0.890379 0.01786001747560317 0.01352006143267139 12.22143788123829 1062
0.90855 0.01970865239592408 0.01734959339849173 12.97076712921072 776
0.926721 0.01867216406603756 0.01920092581966984 11.82836003983696 432
0.944892 0.02053930047490029 0.01281589449798642 12.47227477968021 200
0.963063 0.02663649242917637 0.01942546194546737 15.54334735286408 168
0.981234 0.0199655666314982 0.009442713521532477 11.24173132612055 56
0.999405 0.03283299403556948 0.002071331476246987 17.83148130385805 7


0.018171 14.9517129237396 0.3841014707048567 174780226.4172855 18
0.036342 119.5836256702216 2.213560557632618 270291061.7653231 62
0.054513 359.1453932222414 3.888397706648153 327006786.4217239 98
0.072684 919.2444896866742 4.135258026011654 451532769.5059701 210
0.090855 1677.743223197305 0.6274890250725886 526359195.9458169 350
0.109026 2087.821334606846 7.263539220205858 454134825.0117394 450
0.127197 2414.152816951735 43.45462655490502 381857791.7849071 602
0.145368 2031.12244234755 121.1880474557469 244616450.4585121 762
0.163539 1133.402048762594 218.214213942034 108817045.8587532 1142
0.18171 343.401434506489 317.0235408790465 27586685.13114581 1250
0.199881 30.1706587718374 330.0171597240604 2706352.900878129 1458
0.218052 444.1499565015913 284.2093936317726 24099098.01071394 1814
0.236223 1261.716626162636 149.6460197247052 57386234.87218628 2178
0.254394 1950.792417139804 42.33817648798954 76309832.83459859 2498
0.272565 1982.781245120645 5.532489546687475 67338613.42966461 2622
0.290736 1300.230571313873 36.94102514406735 38791169.8336773 3338
0.308907 579.4799332928615 91.80552262540964 15367238.23924781 3722
0.327078 135.7243135662109 114.5995281851949 3243803.978361967 4170
0.345249 95.19943846056316 95.25193848130452 2041690.013168145 4358
0.36342 256.1751972503168 54.74023115012242 4902702.65853065 5034
0.381591 382.6402927784662 23.28196521715587 6633557.642369589 5714
0.399762 376.3282256029303 13.63423032042346 5943057.973848374 5982
0.417933 285.2602680482784 15.79818495040625 4119204.336229977 6602
0.436104 183.6632880849882 19.8289215872802 2435186.401722117 7130
0.454275 136.3328173040977 19.14037586185104 1666510.278453383 8034
0.472446 113.7370095158777 16.54633759143506 1285966.809298497 8606
0.490617 103.839542967433 13.49005585589317 1088451.318297645 9066
0.508788 93.40937866697266 12.28379653500265 910295.3938463355 9962
0.526959 77.27931110242375 12.33292780663215 702152.9746620256 10550
0.54513 61.28475551468805 12.25841410001654 520287.2582772159 11226
0.563301 57.32427380869029 12.12802221935597 455689.0028965469 12146
0.581472 45.16299807312372 10.46833927877878 336783.1250899972 12303
0.599643 39.3712399045697 6.776537522241814 275898.0017116421 12584
0.617814 33.60653108727093 3.797159346440019 221852.7196845483 12120
0.635985 20.92215068107608 3.390286232620671 130347.9570511748 11180
0.654156 14.68485095259909 2.360806604303529 86466.32495522544 11096
0.672327 14.5610816838868 1.39707949357743 81153.68894420174 10056
0.690498 12.91759438853487 1.047826103594721 68248.58449506039 9716
0.708669 9.295512785107713 1.097417708336595 46624.73245461654 8604
0.72684 6.928354364985911 1.191945287493925 33032.93377672782 8060
0.745011 5.265667396887966 1.033138027390325 23897.66021442582 7320
0.763182 4.099518589383684 0.9581357031238934 17737.82404894497 6356
0.781353 3.285850865743828 1.046219638681133 13563.82281607224 5348
0.799524 2.488128330269384 0.8237382950312291 9805.562283085466 4308
0.817695 2.178583746365693 0.6337401369482394 8207.696341582321 3563
0.835866 1.784689787415607 0.3467148216234897 6435.548346774967 2448
0.854037 1.69372086320381 0.2537807919882532 5846.749391921665 1868
0.872208 2.199758065566689 0.127703225376951 7273.40582969458 1358
0.890379 1.886036058496031 0.0425247084277435 5982.077775529153 1062
0.90855 1.866458005215887 0.06718799129958869 5693.471788330318 776
0.926721 1.361462216572191 0.1322743724934869 3997.676781346161 432
0.944892 0.9648113201158632 0.1460117801001712 2716.306028001872 200
0.963063 0.9686797932183562 0.2658601395073902 2621.147366281768 168
0.981234 0.4683099276996015 0.1926483127084692 1223.075310158161 56
0.999405 0.357018658221598 0.1824282910614237 899.6006274409403 7


0.018171 7.925563117660947 7.521580831605097e-05 169610409.913393 18
0.036342 59.34019929084591 0.04871802300947732 243744962.2384982 62
0.054513 160.5013578852818 0.7833064212068841 265104992.901969 98
0.072684 350.8716414545697 5.664108766628181 312860580.7909863 210
0.090855 465.6715332735102 25.27648853681928 266856490.0848128 350
0.109026 340.4056545601032 58.60908791171106 137618213.902389 450
0.127197 144.8175381909777 107.69471515797 45895471.59754889 602
0.145368 15.72996268393664 135.9168470920167 7076025.096992025 762
0.163539 268.9254909095737 109.6549484343336 47564633.3770131 1142
0.18171 865.5680717949467 52.87475225325907 119954728.0546535 1250
0.199881 1238.237234985273 6.093548987794614 140538132.4023891 1458
0.218052 1118.687793229182 20.42483624575811 106370425.6305245 1814
0.236223 439.4474272931951 75.73317633600689 35882105.05393945 2178
0.254394 48.76921627952271 104.6706726178016 3710102.755666786 2498
0.272565 218.9731576361451 70.89764555364705 13438865.75066911 2622
0.290736 513.7506871082899 18.53604315012942 27389598.32239148 3338
0.308907 505.70266416979 7.906001959763577 23897336.33891242 3722
0.327078 225.6345272894715 27.8144384132299 9544380.149570189 4170
0.345249 67.08093405677914 36.08357640657681 2567005.34476216 4358
0.36342 107.6525305375893 22.89468408984216 3685109.830949353 5034
0.381591 159.3037594415598 10.49419001460074 4933127.406273794 5714
0.399762 131.8916414017891 9.427844956400678 3721393.236168076 5982
0.417933 88.24094823049626 10.62053549867896 2277725.675182762 6602
0.436104 73.58433424994543 8.605746638080781 1742976.899448265 7130
0.454275 69.90022807377386 6.315322025545437 1525404.94352138 8034
0.472446 53.7306194273047 6.111307272699471 1084776.857904593 8606
0.490617 37.27267499922977 6.41542119799049 698128.7987922893 9066
0.508788 30.91428212111739 6.147548244038227 538427.862149531 9962
0.526959 29.77389140428207 5.401651738372461 483275.9788226407 10550
0.54513 29.75141700972115 4.512288439505198 450971.0320236952 11226
0.563301 27.92476273980379 4.466334673768737 396333.2606952972 12146
0.581472 25.27089188851921 3.502011288999806 336356.1209746685 12303
0.599643 19.76410965826565 2.43004402253403 247233.8487358968 12584
0.617814 12.10035347082803 1.856759703855897 142655.7778051835 12120
0.635985 9.966037240250483 1.251573387866439 110838.2470500321 11180
0.654156 6.929763525148531 0.8910656591956322 72839.1122777581 11096
0.672327 5.707051837695945 0.6594581217052125 56786.84186620238 10056
0.690498 5.386051162152289 0.4654024401428016 50797.33416102251 9716
0.708669 4.009207230919585 0.4509306386417373 35897.53473985253 8604
0.72684 2.877049658534468 0.4965708376164966 24489.8725580742 8060
0.745011 2.124144495391215 0.4359514544620213 17212.27360105753 7320
0.763182 1.740893978345257 0.3855393075601814 13448.40611004654 6356
0.781353 1.693800294177846 0.3724414958742848 12480.22248153606 5348
0.799524 1.565769170713414 0.2551067083983452 11011.03033773812 4308
0.817695 1.151832526526374 0.2213701968459877 7745.107642870794 3563
0.835866 0.6862780978378672 0.1533015486673184 4418.295105223209 2448
0.854037 0.5943232257947185 0.125990303225247 3663.024143804457 1868
0.872208 0.6452757466230665 0.104968726925622 3809.318072987215 1358
0.890379 0.7809310078490078 0.03002490448876818 4420.669518764637 1062
0.90855 0.9155683814336117 0.01758833945692762 4984.039849057062 776
0.926721 0.7602070501110448 0.03031844730748037 3983.324362207994 432
0.944892 0.5452194749256998 0.04016128459612521 2739.198598990144 200
0.963063 0.524276182970838 0.08859252685522223 2531.747795531526 168
0.981234 0.2341188719474211 0.06980214986363269 1091.360016567445 56
0.999405 0.1681784014009074 0.06810432086185292 756.4794214081047 7


0.018171 3.309588470159968 0.1338562709018863 127607955.0080699 18
0.036342 21.44369419463399 1.369097242337905 146524240.6992951 62
0.054513 45.60332843028218 5.338960888874875 123688066.8979134 98
0.072684 67.19484121385482 17.24780562086314 101385825.8516781 210
0.090855 30.05511300364725 39.07405823963952 38507219.44880601 350
0.109026 8.308646075053597 52.82640337814384 13863909.27073455 450
0.127197 140.7770613715768 55.47472067552901 62834524.4731866 602
0.145368 471.6674017356102 29.80703217536067 147866834.7194875 762
0.163539 729.6550381412771 3.753911690552143 179018809.8328341 1142
0.18171 662.6056311200545 14.97370681278804 132117184.1341988 1250
0.199881 243.5582311340312 54.67293837619199 40700036.56041659 1458
0.218052 30.76717046082075 77.13444128535228 5074922.284507263 1814
0.236223 273.3960667135767 40.56568682770792 32241033.43842743 2178
0.254394 534.438493918046 5.480274936914696 53813058.60911101 2498
0.272565 369.9814412713628 15.23775761393969 32400382.76611454 2622
0.290736 76.97301190368854 35.42375577929588 6030500.83811712 3338
0.308907 86.8687223196363 27.16769944353847 5986839.194508991 3722
0.327078 201.9184370320204 7.857980113060145 12282910.00762495 4170
0.345249 157.7093855390223 7.505910752988246 8601154.508621151 4358
0.36342 67.95688301458848 12.7220750503864 3354341.949335438 5034
0.381591 58.25521185677791 10.0205543134337 2606972.126723076 5714
0.399762 64.98790295571416 6.751300174726031 2644351.338665614 5982
0.417933 50.28889634312473 6.183041932968469 1871089.937945913 6602
0.436104 39.96579960015574 5.261415761620502 1364716.080357289 7130
0.454275 44.79253382367106 3.180451185882462 1407883.002841092 8034
0.472446 36.94002582043488 2.875943643893519 1073947.431028104 8606
0.490617 26.77042150066095 3.095075790998595 722003.0291570385 9066
0.508788 22.12501768767628 3.044993386094172 554889.6679386403 9962
0.526959 20.05776276583833 2.789145882044068 468891.4034052877 10550
0.54513 17.86207144679548 2.537187631230494 390056.1506566629 11226
0.563301 16.87207339862089 2.499099954777674 344966.3741636748 12146
0.581472 13.96806791800865 2.102362862137051 267869.131581353 12303
0.599643 11.19063424382179 1.431809520385838 201658.9571120103 12584
0.617814 8.048848098356276 0.9427721531458483 136646.3701409522 12120
0.635985 6.38222477186637 0.6501108753774525 102216.8230318971 11180
0.654156 4.04960450676132 0.5116031548444181 61308.9878897612 11096
0.672327 3.157880838631197 0.4038697909580038 45261.16899748935 10056
0.690498 2.332785675404463 0.3711351634433847 31703.79336609678 9716
0.708669 1.869558210108143 0.3161757870808269 24119.2607586957 8604
0.72684 1.866454428999691 0.2574225862609473 22878.26759053233 8060
0.745011 1.733246962045688 0.185012931643169 20216.68983678497 7320
0.763182 1.619177084637366 0.1432125252796488 18001.29296432568 6356
0.781353 1.660058874798485 0.1277929735864553 17602.39114136535 5348
0.799524 1.196728003537191 0.1104087373885957 12115.38566590626 4308
0.817695 0.9507431416518624 0.09021880264259764 9202.356705342563 3563
0.835866 0.4515671023928594 0.08010689804238103 4186.247039523843 2448
0.854037 0.3560500709094392 0.07029322456389457 3160.368545599138 1868
0.872208 0.3499418076613896 0.06382500989371878 2975.394383997305 1358
0.890379 0.4492205560907389 0.02013254006318281 3661.54142521982 1062
0.90855 0.5345676107810834 0.01276255015482648 4189.898780549654 776
0.926721 0.4366249769835664 0.02019957969453058 3294.170675401028 432
0.944892 0.2965052580364378 0.02685868724896026 2145.092710696988 200
0.963063 0.2413884733141171 0.05919149960852222 1679.183491403761 168
0.981234 0.08740936513497828 0.04578574767857015 587.4016521857526 56
0.999405 0.0533155438532197 0.04402382699436003 346.0131071793037 7


0.018171 0.5424465912157644 0.2607583815342404 82449611.25050129 18
0.036342 2.212545351712251 2.155995988874774 59819840.44484825 62
0.054513 1.416550411168405 6.534042448504429 32971295.09819059 98
0.072684 1.844237567499829 15.88432106004501 26344170.11266379 210
0.090855 45.70047153864246 23.34064945032965 63267961.17660298 350
0.109026 178.808973839193 17.35942344968373 137452698.273287 450
0.127197 395.7034155040636 6.094328852002844 212897891.2191272 602
0.145368 491.6782225394466 2.253799964152531 199682372.8260613 762
0.163539 290.1525888020255 23.73350162388347 94471174.52638693 1142
0.18171 43.31487849509781 51.8681221054145 13289110.72812165 1250
0.199881 94.33583428283553 43.27691093640706 21340104.76502639 1458
0.218052 393.8487548565354 12.03762418962871 70719821.08134265 1814
0.236223 386.4436266289424 6.119627737371635 59026803.43006958 2178
0.254394 110.9782044384898 30.39919403123821 14902745.63621346 2498
0.272565 47.91475920990722 31.3710821758612 5715942.341968871 2622
0.290736 190.0975011585195 8.562263624539467 19103613.2392965 3338
0.308907 171.4375940900402 6.116643413022556 15266823.33757998 3722
0.327078 51.96248672578074 14.50400574253852 4177293.281495156 4170
0.345249 57.16287708133754 10.2650374003825 4096710.832040394 4358
0.36342 77.60233377857422 4.92856790968668 4987299.220077582 5034
0.381591 51.63453879458044 5.35868058626859 3014679.224727985 5714
0.399762 43.96087691177922 4.513987568108646 2337674.608295774 5982
0.417933 39.19983929125043 3.528452073727775 1904371.832061851 6602
0.436104 25.1052317647518 3.713077048456268 1120851.134104958 7130
0.454275 20.26301898074 3.231226784620348 833813.7440716437 8034
0.472446 21.37491264174003 2.304223362074545 812336.0329931515 8606
0.490617 19.64642767473918 1.8755140462262 691973.1793662768 9066
0.508788 17.91014667353798 1.691327773397317 586378.3496296952 9962
0.526959 16.85719460921201 1.486167228227564 514364.778045211 10550
0.54513 15.32808798645769 1.322906854883022 436869.2072527295 11226
0.563301 14.73618912341095 1.288552413927726 393225.7833499381 12146
0.581472 10.7465613924793 1.252970906594695 269084.6195190393 12303
0.599643 7.676408616546138 0.9388364775898094 180672.2147973505 12584
0.617814 5.565971694645119 0.6130678682887311 123407.1969131061 12120
0.635985 4.213997721815203 0.4447131052632359 88147.10546387109 11180
0.654156 2.735444787570859 0.3405267089729838 54086.91576656421 11096
0.672327 2.147187282192007 0.266483478321026 40191.48873340368 10056
0.690498 1.614706033902751 0.2413819178119226 28659.01263380812 9716
0.708669 1.349263879882769 0.1994746622806667 22730.16359350802 8604
0.72684 1.444929347411049 0.1492991153184616 23122.74499661396 8060
0.745011 1.343563760466769 0.102761073868881 20458.8322827243 7320
0.763182 1.130005126437788 0.0916538900341098 16403.3527495303 6356
0.781353 1.090559573767865 0.08975371040855427 15099.83818569115 5348
0.799524 0.6823132499573954 0.08945792384103224 9022.445051357125 4308
0.817695 0.6120731868883375 0.06403362691836931 7736.276714324837 3563
0.835866 0.3987394257149217 0.04100496634280753 4824.714460018166 2448
0.854037 0.3512182255845934 0.03247591541262532 4068.244124789629 1868
0.872208 0.3167742382528021 0.03234218538963862 3515.346008988422 1358
0.890379 0.09650316378913081 0.04060587171278576 1029.463930463839 1062
0.90855 0.08573470679735798 0.04448961630519378 880.0078114112141 776
0.926721 0.1587236417864346 0.03103145207946371 1564.853738536288 432
0.944892 0.1948216988272638 0.01833953735250119 1840.317327900994 200
0.963063 0.3858149034171156 0.009821486200326133 3500.636945115247 168
0.981234 0.2756595952020434 0.001826949779555826 2413.311232077335 56
0.999405 0.2540869686506443 0.0004829626403884167 2145.811983631948 7


0.018171 0.05112110079796811 0.2242599359058562 74726754.73688969 18
0.036342 1.319612759516169 1.593255356465813 59539653.89023133 62
0.054513 9.583895292207767 3.864118933775355 63753350.55093227 98
0.072684 47.33624005032791 6.821010087268907 115334654.0946027 210
0.090855 151.5833486196655 4.866851210365957 206782795.1911141 350
0.109026 249.6763083379595 0.5034761657225094 229279549.0048896 450
0.127197 284.2996757514732 5.1405228441922 189780214.2577234 602
0.145368 142.3416121721741 24.1735898909226 74951700.1650964 762
0.163539 15.38654826873912 37.49601526321282 9499047.189498242 1142
0.18171 143.3667712669792 25.88587475138715 47638954.65441888 1250
0.199881 337.9412071908989 3.504699607794709 89465433.58874497 1458
0.218052 271.1542843196814 10.82640493658509 60270461.04291219 1814
0.236223 40.28489948264213 29.90477509521096 8217444.609455108 2178
0.254394 99.25086288990275 19.96113070447206 16430994.72678871 2498
0.272565 223.1234385044728 2.932712625211497 31494611.82506591 2622
0.290736 106.018820851322 9.911144471840258 13211334.48258796 3338
0.308907 32.59847812923659 14.30673556530754 3680855.15437886 3722
0.327078 84.99216949674292 5.426782465373075 8357086.995842371 4170
0.345249 71.03220376963154 4.375514417437545 6257210.958677322 4358
0.36342 36.46978661641486 5.809388470358425 2908340.938660176 5034
0.381591 37.3259838378583 3.921006497914858 2692721.079207045 5714
0.399762 27.65791462624296 3.771251773406328 1819321.498662904 5982
0.417933 23.82022494082313 3.09998173747676 1431409.697717599 6602
0.436104 25.92808960915306 1.865191351690094 1426634.238442005 7130
0.454275 19.49777920472448 1.845223008399587 989286.4641377697 8034
0.472446 14.43809136229673 1.816340236494537 678003.1604507776 8606
0.490617 12.35838354045012 1.586404148324795 537971.9323611644 9066
0.508788 10.9699153722481 1.462917122236454 443903.4841028894 9962
0.526959 9.655084495965122 1.374639449173079 364200.3359223302 10550
0.54513 9.279543703451202 1.174683437038608 326818.3780214468 11226
0.563301 9.0177090826657 1.129414860106503 297311.2292948298 12146
0.581472 8.329431512329483 0.8569390660652654 257446.3362146898 12303
0.599643 5.884222714619077 0.6533017755673973 170959.0048987106 12584
0.617814 3.844002954774572 0.471977477643555 105244.1823499503 12120
0.635985 3.102758261582575 0.3215618056042158 80122.6024323763 11180
0.654156 2.164701089074835 0.2287522604089958 52827.47609949252 11096
0.672327 1.57525854327856 0.1931792756094498 36400.99085292614 10056
0.690498 1.234038489667836 0.169221072388353 27036.38288077191 9716
0.708669 0.9771976213831488 0.146113091635165 20323.92817871358 8604
0.72684 0.961522473512057 0.1198820879882543 18998.53447666424 8060
0.745011 0.9402023837202419 0.08014132875003119 17673.06275009732 7320
0.763182 0.8235508745604574 0.06734787113767363 14756.00751263766 6356
0.781353 0.8231409366987246 0.06261637083226639 14066.55737755817 5348
0.799524 0.5371173389454589 0.06042720271057885 8765.628650665427 4308
0.817695 0.4906310531691701 0.04148931908696002 7652.923304204446 3563
0.835866 0.288390162505787 0.03041537721493015 4307.172634908611 2448
0.854037 0.2175836992522882 0.02860147362992553 3111.789874398586 1868
0.872208 0.1459001004532134 0.03406704121390526 2000.594464766656 1358
0.890379 0.1127401434869101 0.02388113327094332 1482.660278721432 1062
0.90855 0.2092356308121709 0.01386916320521586 2643.167799994749 776
0.926721 0.2732358944366999 0.003202443217909845 3320.743887166975 432
0.944892 0.2284361930451305 0.002988057625681849 2661.691535641161 200
0.963063 0.2583650039363065 0.01085222889807621 2893.325236695892 168
0.981234 0.1210898890097424 0.01185778772075037 1309.012084412908 56
0.999405 0.08782425728763922 0.01299770411078462 916.1293509068829 7


0.018171 0.7795830624243481 0.09659918279296482 100003038.4259151 18
0.036342 7.672756350525238 0.5441008751335258 119019865.9055953 62
0.054513 28.09774956794084 0.8556428614059146 144060686.9224532 98
0.072684 81.87408240258202 0.6212879871743956 210285010.9288648 210
0.090855 148.8385556898478 0.5384391436090832 238527356.9920017 350
0.109026 135.4655636825066 6.343179683105029 152492706.5314671 450
0.127197 62.5453003320364 20.11822718523684 56444366.22829935 602
0.145368 9.212436486851898 28.86474696047848 11429810.42408493 762
0.163539 131.4958813036154 16.36762089773164 64291850.76984904 1142
0.18171 287.0813649015091 1.712915924243327 110146372.4500738 1250
0.199881 185.0595169818972 10.7395963390757 58889696.22247366 1458
0.218052 23.96381495659566 27.59596252505915 7439081.71218356 1814
0.236223 109.6775873963757 14.64161378755719 25046567.34353996 2178
0.254394 202.0051902884357 2.283075091301592 39112595.2133248 2498
0.272565 74.29092192965786 12.67010470169684 12683498.0497282 2622
0.290736 33.33645438573372 12.66632736207008 5076379.887656074 3338
0.308907 96.21923071598576 3.452686672100196 12605741.45706175 3722
0.327078 55.84818541804656 5.275890153406142 6554653.884924901 4170
0.345249 29.07324188188052 6.100190727191175 3078301.80464559 4358
0.36342 38.90169695149159 3.299398299406969 3682039.509024986 5034
0.381591 27.58961667731866 3.161090685377441 2371887.976722849 5714
0.399762 27.42808202992925 2.244818339909547 2143857.11734089 5982
0.417933 22.40529620056225 1.952920891259541 1600705.422750508 6602
0.436104 13.43935944044049 2.153235289018007 883415.6489270247 7130
0.454275 13.13088357018985 1.620897696314172 794069.7827288572 8034
0.472446 12.43184246918551 1.253639720212685 694565.6677622575 8606
0.490617 11.01201722900558 1.060722310759509 570198.9022855533 9066
0.508788 10.34524034007389 0.922185526898293 497791.1880334576 9962
0.526959 9.634502514424202 0.8208211445795317 432027.86107526 10550
0.54513 7.894670086164242 0.8263088239844384 330818.1257993627 11226
0.563301 7.886997073473595 0.7705115834940893 309341.6781607221 12146
0.581472 6.10930271086601 0.6949522225947101 224807.4821782847 12303
0.599643 4.348926652936952 0.5232209216794207 150421.5376481318 12584
0.617814 3.11077606081294 0.3474317986744029 101351.857396407 12120
0.635985 2.239268136495979 0.2651900434415088 68839.60390480272 11180
0.654156 1.673005826326046 0.1756411397643162 48590.57000149587 11096
0.672327 1.279281788341006 0.1414683822481638 35176.07612761779 10056
0.690498 1.081153628622393 0.1153951887224918 28178.09488936347 9716
0.708669 0.8344724706371284 0.1032403406495229 20648.28704122397 8604
0.72684 0.6287019705277481 0.1052852222177042 14792.75815799498 8060
0.745011 0.5849425272792773 0.07792550392988308 13092.44866845434 7320
0.763182 0.5557324856054485 0.06105704256834719 11852.98502911067 6356
0.781353 0.5945822129979178 0.05293372244651991 12092.35653746236 5348
0.799524 0.4394625337216944 0.04360169413215759 8533.1323661269 4308
0.817695 0.3779838134642457 0.03207913351659291 7015.52360756936 3563
0.835866 0.2188238615358195 0.02390324448101868 3889.088543103484 2448
0.854037 0.1630104713428476 0.02256238158914317 2774.39387105879 1868
0.872208 0.1140594793772965 0.02586867787946401 1861.266629347259 1358
0.890379 0.1220056302093389 0.01410377911535661 1907.767254876207 1062
0.90855 0.1904975651123329 0.007346210109294628 2862.526097888455 776
0.926721 0.1961033443686724 0.004571197941159667 2835.771017634061 432
0.944892 0.1408904616883657 0.006818621411275488 1953.656609235146 200
0.963063 0.1147614969472881 0.0187262177951687 1530.552990189957 168
0.981234 0.03714535254194256 0.01590887693569583 479.0162217470416 56
0.999405 0.02002960415793896 0.01570212522668418 249.8057511909324 7


0.018171 1.300639408539575 0.008437292243046296 122623916.6940535 18
0.036342 10.31366706663207 0.01207514614506741 156183754.7844435 62
0.054513 28.92454698298256 0.03904644459662109 165489754.8082174 98
0.072684 61.19034198274034 0.9776309590808194 186272844.8206078 210
0.090855 63.04730641274084 6.231595653918268 128245449.0302519 350
0.109026 18.34224459045398 14.3335387753268 35460377.03213341 450
0.127197 11.77015839718013 19.96987581549623 20081183.9989571 602
0.145368 116.3586476430595 11.80337241398475 84272764.03887768 762
0.163539 219.7998192368123 1.347531765060167 121020616.9885248 1142
0.18171 147.9245376574017 9.986394980417206 66951428.27786969 1250
0.199881 15.0291631176745 22.37895095939793 7225207.828223501 1458
0.218052 102.4338874531029 13.32368599119842 32053984.08678102 1814
0.236223 182.8090960808094 1.892275396016718 47685485.9528935 2178
0.254394 61.48989168061284 12.39320078259588 14165244.84024222 2498
0.272565 33.8006158301074 12.75907860389568 6872387.433421399 2622
0.290736 97.66508213239 2.67354670826409 16741428.34794044 3338
0.308907 49.73267567968234 5.703025788576013 7615646.778510482 3722
0.327078 27.52477781284972 6.017903167015443 3788710.736175656 4170
0.345249 44.17599925693283 2.661270643437428 5378803.600527665 4358
0.36342 26.78315169232893 3.123372305459326 2948770.982368257 5034
0.381591 24.04316454252644 2.319373897104162 2397139.742688181 5714
0.399762 17.65768830904415 2.263150455229511 1605743.2281403 5982
0.417933 13.67031519223032 2.021569963074297 1136802.332206021 6602
0.436104 15.09623337805936 1.254059616101324 1147997.310428018 7130
0.454275 12.28836951088048 1.112238832589946 861245.968286295 8034
0.472446 9.767230990108139 1.027384452181319 633293.9397209431 8606
0.490617 8.078738469782248 0.9302157223136615 485674.4022038386 9066
0.508788 6.776106547781819 0.9018684339494182 378824.4189125946 9962
0.526959 5.954215688333826 0.8477592453291648 310290.9829860028 10550
0.54513 6.003361865448989 0.694376096173928 291940.8357959681 11226
0.563301 5.408699564292341 0.7143556241045574 246322.7962358817 12146
0.581472 4.995374442016717 0.5456607820394046 213217.64668057 12303
0.599643 3.894711730525723 0.3741054769039358 156181.4830529891 12584
0.617814 2.515265618840553 0.275401519654474 95056.0642081508 12120
0.635985 1.817993309139237 0.2097015184894677 64825.50924368227 11180
0.654156 1.244823219275599 0.1514454233786341 41949.98750125357 11096
0.672327 1.032041380497506 0.1124954023916099 32914.26759351583 10056
0.690498 0.9151386010312385 0.08684089578316559 27658.13477847635 9716
0.708669 0.7599471491132808 0.07228180959270973 21799.898496252 8604
0.72684 0.6438467225585368 0.06850647521887179 17554.85931672736 8060
0.745011 0.4490419105022346 0.06469995653606164 11659.32376126969 7320
0.763182 0.3643788417057586 0.05807551527286547 9020.123375160871 6356
0.781353 0.3343571228651501 0.05849847538689157 7895.762120076614 5348
0.799524 0.310625066707047 0.0396303271087964 6997.562479381677 4308
0.817695 0.2504978858322067 0.0316734156086058 5394.676823980685 3563
0.835866 0.1760589350056298 0.0190533091549257 3628.76074305291 2448
0.854037 0.1361027101974653 0.01739586973523791 2686.165332890283 1868
0.872208 0.09410688953557722 0.020312971307865 1781.013073803358 1358
0.890379 0.08221802709525304 0.0131278577690514 1491.648435194999 1062
0.90855 0.1448393346896722 0.006914381047445995 2523.937217363833 776
0.926721 0.1641151776227358 0.002972737634272228 2751.632450899701 432
0.944892 0.1229452940301702 0.004344398303760975 1976.580755098084 200
0.963063 0.1071333842091145 0.01315806010319944 1656.401556335767 168
0.981234 0.03647417940636476 0.01185384257011071 545.1518982722007 56
0.999405 0.02044762925794839 0.0119473177026771 295.4511589505685 7


0.018171 1.017194177637356 0.01296639860320079 118080740.958455 18
0.036342 6.703282662080893 0.1968566643170398 130561358.7678075 62
0.054513 14.06056382469047 1.040276701695313 108507964.7158953 98
0.072684 18.63111856002887 4.071678010459056 85116041.97800854 210
0.090855 4.511357933309309 9.985803492104102 31689852.65424455 350
0.109026 14.6915438805353 11.80835275444553 34244679.19594006 450
0.127197 95.54574602759406 7.592315569210519 105014587.4222957 602
0.145368 183.5163027292743 0.7513552203794471 146020850.9122974 762
0.163539 121.6742625980299 7.325809200821606 77839984.72249162 1142
0.18171 14.0868559138138 19.34614101451125 9955289.252685128 1250
0.199881 74.9290429552178 11.88511435365337 32400642.21174516 1458
0.218052 175.7633113312696 1.549119841626969 61317968.38567194 1814
0.236223 65.95134854653075 10.43344805526865 20094864.64729793 2178
0.254394 28.58852832682008 12.45300448065128 7782070.893868151 2498
0.272565 105.9013493661304 2.352464217855539 23552312.05567209 2622
0.290736 52.41618794897462 5.192875511462442 10316098.42868321 3338
0.308907 24.31401709393323 6.424660325419127 4308329.56885526 3722
0.327078 47.44880214940564 2.349172334773542 7337813.323320479 4170
0.345249 26.26187759329325 3.281889032173487 3660523.303772036 4358
0.36342 23.04733403342416 2.463942759412139 2888602.948549844 5034
0.381591 18.07759728809203 2.098352134077395 2055318.832705463 5714
0.399762 15.35876791366633 1.776804729037587 1589621.457647107 5982
0.417933 15.93490517534812 1.168649841422274 1503039.39288344 6602
0.436104 10.88457429346288 1.204635425695788 943651.1638386436 7130
0.454275 8.447155900603846 1.094655656457522 675232.7523390357 8034
0.472446 7.402656732055604 0.9145508944719171 546867.1908581458 8606
0.490617 6.681947455394108 0.7635887282412219 457292.7748548114 9066
0.508788 6.687512141751735 0.6246255892950139 424993.8839067734 9962
0.526959 6.442768388250767 0.5339065975081692 381423.8399065548 10550
0.54513 5.400577287270311 0.5252996893617107 298752.9940491453 11226
0.563301 5.61190863026032 0.465117259141816 290471.7457626525 12146
0.581472 4.208418070898484 0.4400999714948798 204412.4850020452 12303
0.599643 2.83720954861751 0.3491011055591622 129576.7068379083 12584
0.617814 2.087384884102741 0.2256221530467011 89773.47383547544 12120
0.635985 1.605796076444653 0.1610148613188672 65139.64600734931 11180
0.654156 1.10424603146829 0.1161693544587091 42333.24189197875 11096
0.672327 0.8152208992471727 0.09665851007216979 29592.67189513959 10056
0.690498 0.6402037015755859 0.08436565791334115 22033.96998067284 9716
0.708669 0.5565601118565495 0.06734648715632813 18176.21656083421 8604
0.72684 0.5687984758527517 0.05212660132627598 17642.34791971659 8060
0.745011 0.4875796129015091 0.04019235148018697 14390.79527787542 7320
0.763182 0.4050618601031148 0.03616006330602888 11397.1999003735 6356
0.781353 0.3671301020679157 0.03798140780569557 9854.594321798691 5348
0.799524 0.249525072517154 0.03340996969631627 6396.745867860097 4308
0.817695 0.2107716387129264 0.02568412457575124 5164.507889907654 3563
0.835866 0.1442943367254512 0.0157851280123557 3383.940275523516 2448
0.854037 0.1238383981575157 0.01298396142399866 2780.101969539974 1868
0.872208 0.09886361510225387 0.01424364980777146 2127.184521594625 1358
0.890379 0.04001702551453417 0.01402468766152532 828.0686098674933 1062
0.90855 0.08623156100001682 0.009591764194284468 1710.80193507591 776
0.926721 0.1346389555817019 0.002595852987640472 2568.078047617506 432
0.944892 0.1214323045082698 0.001290993331422299 2220.321940654405 200
0.963063 0.1491428082190866 0.003769108847221797 2620.797880360631 168
0.981234 0.07036048613525392 0.005046112017683904 1193.651303975227 56
0.999405 0.05038528009798475 0.005899091829427763 824.9206870289761 7


0.018171 0.351357020888684 0.06279302313488186 95942800.86033529 18
0.036342 1.620271621592047 0.5783998233237813 79145231.4365111 62
0.054513 1.487181823502317 1.935446677021361 47918586.35341284 98
0.072684 0.5720461805087258 4.968928168423452 34752692.78884254 210
0.090855 17.58465368485331 6.97375502038807 61624451.35115153 350
0.109026 72.91742685125588 3.72149405680621 124896601.6734615 450
0.127197 138.2938358682938 0.4908345584402015 163939790.8833573 602
0.145368 108.0156763804015 5.486649725542686 98846902.08331692 762
0.163539 16.49318316481738 15.02617165101166 15775561.08500575 1142
0.18171 56.15695015197234 11.6666536755125 34109697.69571696 1250
0.199881 148.1007578042716 1.250579864168887 69404309.6347034 1458
0.218052 81.80157151821298 8.232745965231318 32700650.95609281 1814
0.236223 17.63269331531743 12.686554746733 6688159.665159883 2178
0.254394 97.09861375425578 2.883504817369637 27972017.78783748 2498
0.272565 64.77996397503757 4.578883816901142 16281568.64138158 2622
0.290736 17.92548211837383 7.097648963550209 4113667.719162533 3338
0.308907 50.50489891029416 2.263549413452782 9822498.580517249 3722
0.327078 28.32759184893966 3.219891652444699 4947781.856438369 4170
0.345249 20.86813075788506 2.887781590666915 3269984.586181419 4358
0.36342 20.23502386791664 1.992391089894122 2844684.495544416 5034
0.381591 15.61340997770188 1.728013295948849 1991618.332969831 5714
0.399762 16.16057188242034 1.157863276411986 1871418.32078017 5982
0.417933 9.931375569668923 1.357677556700096 1055069.476832104 6602
0.436104 8.379094155563825 1.096381795264617 816019.8228212579 7130
0.454275 8.285266270662444 0.7985205391337459 741802.938683422 8034
0.472446 7.353481735045849 0.6526701471950928 608417.6332587992 8606
0.490617 6.390065764381221 0.5630531643709362 489989.3558901068 9066
0.508788 5.257911180596098 0.5673507716298452 375010.2450856754 9962
0.526959 4.377872853389912 0.5626743259157381 291199.8740622805 10550
0.54513 4.094729240705215 0.4905427920831114 254258.614969776 11226
0.563301 3.626856137043982 0.5100069730882607 210946.0092358206 12146
0.581472 3.367683972501373 0.3898041925350688 183516.199981861 12303
0.599643 2.644981545196213 0.2665068815999355 135384.4198287028 12584
0.617814 1.723342112455998 0.1938879715116144 83127.7169235818 12120
0.635985 1.229454544563444 0.149239550079075 55958.87434478257 11180
0.654156 0.9068591021992058 0.1004809200287345 38991.07203715555 11096
0.672327 0.7441339873361534 0.07515540448025571 30277.83594989898 10056
0.690498 0.620881573996911 0.0621189279740012 23945.21407883416 9716
0.708669 0.4955462903445949 0.05387488329431183 18142.3004123623 8604
0.72684 0.3745542666732315 0.05555301323606579 13041.45683448653 8060
0.745011 0.313151664247176 0.0446652857317826 10375.25711092228 7320
0.763182 0.3013385614727755 0.03486335117715918 9511.149467163288 6356
0.781353 0.3332288451366021 0.02931316772852384 10026.02670155661 5348
0.799524 0.2533714943391222 0.02331956038297676 7277.707612642346 4308
0.817695 0.1936859726748045 0.01986198703271801 5319.4600664216 3563
0.835866 0.1265924276546805 0.01275417550570321 3328.112418887949 2448
0.854037 0.1096503962237412 0.01033898396724934 2759.397876766296 1868
0.872208 0.1187177243036148 0.007948329916480555 2860.786463004647 1358
0.890379 0.04844412143947553 0.01011811642471826 1122.067228726839 1062
0.90855 0.03642921928248752 0.01224456650891041 812.7444722751087 776
0.926721 0.06006996699910624 0.008343727204946909 1286.370430434144 432
0.944892 0.07406994640007657 0.004359979728331973 1519.077741745193 200
0.963063 0.1443132599812151 0.001066428874798232 2842.137637395697 168
0.981234 0.09547709769116768 9.977393066241788e-05 1814.333278339941 56
0.999405 0.08284538785513509 0.0003267206597421566 1518.710557703204 7


0.018171 0.003497754444763817 0.08416794764401805 83259209.35054851 18
0.036342 0.07103491328289391 0.6294598925069504 62549581.47618071 62
0.054513 1.842068417746129 1.596890138209754 52301044.5606316 98
0.072684 14.2629459261998 2.840024687951204 84404003.46619464 210
0.090855 56.12645508641922 1.768922629337798 156679234.4297021 350
0.109026 91.90571784482587 0.1987545354664558 168415033.1548172 450
0.127197 82.69252146449884 4.14462513092613 112499249.1961109 602
0.145368 16.15664660821733 12.56486255913601 22839711.32189252 762
0.163539 33.42961155430633 10.85521236018982 29815119.68387247 1142
0.18171 128.6865236089973 1.706491179414333 81708382.73015957 1250
0.199881 89.28620565775262 5.016570436446995 47085570.6206715 1458
0.218052 12.21341653375598 13.03058911449011 6715855.912919126 1814
0.236223 78.24554498468716 4.310272972163201 29219115.50868164 2178
0.254394 77.39889783888097 3.121434226424264 24784842.57477356 2498
0.272565 13.58608446091757 8.282627079279269 4119274.288456288 2622
0.290736 47.28582290692329 2.744623265950375 11537210.36114362 3338
0.308907 34.99651485936965 2.828580974741157 7583428.837081684 3722
0.327078 18.04558304552013 3.406067618944227 3527521.593250776 4170
0.345249 24.78576346048592 1.754167600365621 4281342.014378413 4358
0.36342 15.78515449528496 1.87517543683277 2466286.529676465 5034
0.381591 15.31397649837831 1.278490893817028 2162012.799759263 5714
0.399762 9.023070417706984 1.504338591793955 1166982.72941288 5982
0.417933 9.539681923591312 1.053896405937639 1122136.906769933 6602
0.436104 9.21764978215168 0.7261995882676979 992304.443980288 7130
0.454275 6.970853515971622 0.6996850405337901 692173.7342469428 8034
0.472446 5.497005646438447 0.6455690853980398 505026.580785702 8606
0.490617 4.40909972303478 0.5964335101917112 375702.1191292047 9066
0.508788 4.17328294355019 0.5216912663910453 330257.9657940402 9962
0.526959 4.161015175277283 0.4385950294995117 306548.1329793702 10550
0.54513 3.770334596051321 0.3935149074511867 259376.2491145572 11226
0.563301 3.86815681553966 0.3561586968655943 248956.728640414 12146
0.581472 3.138346559583789 0.3077069452686081 189451.7387980528 12303
0.599643 2.209106206506667 0.2351906078353482 125355.4829328842 12584
0.617814 1.547854523537837 0.1588190667740141 82730.63264239267 12120
0.635985 1.168448298490044 0.1155443190179238 58907.32265399966 11180
0.654156 0.7807552529621242 0.08585320330933469 37205.19445915218 11096
0.672327 0.5880425827223434 0.06993699530487689 26530.54526515101 10056
0.690498 0.4963413581390571 0.05718699205847078 21222.80817914338 9716
0.708669 0.4246814650138941 0.04619289054846866 17231.1966834971 8604
0.72684 0.4358317675652466 0.0350478097829198 16792.63574164777 8060
0.745011 0.3355213328827994 0.03096982248459253 12306.62778166778 7320
0.763182 0.2553953985713203 0.03027913267980548 8933.943350993366 6356
0.781353 0.2065661804857029 0.03390213258861843 6897.725507175466 5348
0.799524 0.1889221934208802 0.02312210106167029 6016.832945072584 4308
0.817695 0.1451016023226262 0.01932458070169676 4418.585472334816 3563
0.835866 0.09723831885407348 0.01221757329553862 2834.059017799791 2448
0.854037 0.08142567611462238 0.01029134319518948 2271.864444146725 1868
0.872208 0.08791863348175334 0.00838737751175294 2348.609433682098 1358
0.890379 0.08745407244036324 0.003464891247400482 2239.054278121646 1062
0.90855 0.0563129072266211 0.007652711102795011 1388.475626358649 776
0.926721 0.01496200549502503 0.01131566505734629 358.178357948354 432
0.944892 0.01105058585859263 0.00971210497896562 253.9615403581316 200
0.963063 0.03806966364498791 0.01067656951394577 833.7105983081401 168
0.981234 0.04433206752946896 0.004367638425084549 934.5175479572448 56
0.999405 0.04898898903834271 0.002798297939998097 995.6323671156315 7


0.018171 0.1788519341412308 0.05506278140595471 92310557.51180309 18
0.036342 2.190076766243219 0.3286943554135466 93534999.75012621 62
0.054513 9.655471998501911 0.563015075878908 105782487.9000774 98
0.072684 31.94005474484545 0.4711946096253427 157616106.0127382 210
0.090855 61.70678116708363 0.2331185708784676 183868874.9061686 350
0.109026 50.65801356258706 3.197304327044514 108445880.0476781 450
0.127197 14.0238260178577 9.549349072123055 30753787.55047646 602
0.145368 18.75240338999896 10.4135047800308 27260481.95249946 762
0.163539 96.12898825689341 2.53771951330453 83637823.82416293 1142
0.18171 97.48774546432871 3.013138865465002 68530736.66167367 1250
0.199881 13.14525968466276 11.01792261338519 9528056.405153919 1458
0.218052 55.83018857479119 6.629616219257114 27464211.97828304 1814
0.236223 89.40850414981911 1.566757498635354 36395834.97196859 2178
0.254394 18.10248281382565 7.823626824692079 6874719.358048112 2498
0.272565 41.30227182663096 4.119073109109209 12733549.68394744 2622
0.290736 46.03580599454738 1.894200649520288 12311332.30194664 3338
0.308907 15.18401498166727 4.047151224951462 3708939.046602899 3722
0.327078 26.84269061234978 1.795309032790087 5687411.151956557 4170
0.345249 17.20077172792763 1.9875517362796 3280498.374961119 4358
0.36342 15.599916608466 1.433196601058123 2671426.397527756 5034
0.381591 10.48980210510958 1.410925523473392 1634434.120407372 5714
0.399762 10.64348819460556 1.012351667405041 1504034.345791158 5982
0.417933 9.727961778922209 0.7675236758383904 1254017.937612241 6602
0.436104 6.514460309335233 0.7910993110732079 772495.9796380308 7130
0.454275 5.466863730235081 0.6711267748177067 597059.0677495498 8034
0.472446 4.833441449255887 0.555738928626911 487655.70163551 8606
0.490617 4.585474478219558 0.4392655630413779 428222.6402291387 9066
0.508788 4.412888874102837 0.3710999490563197 382713.6125943091 9962
0.526959 3.876841981529302 0.3549166001336981 313415.6868166625 10550
0.54513 3.442550202439415 0.3249786790230215 259925.2316448968 11226
0.563301 3.233788268492796 0.3243394520461357 228590.3782336047 12146
0.581472 2.537990654381489 0.2881343097992657 168316.4688734995 12303
0.599643 1.843470210077407 0.2126909234296034 114889.0076798395 12584
0.617814 1.286107984568685 0.144586184064407 75494.59923041795 12120
0.635985 0.9511011645887544 0.1076532296881529 52665.75191334062 11180
0.654156 0.6892852118470214 0.07358317634098628 36056.45979891696 11096
0.672327 0.5577782388332758 0.0558125347827615 27611.74931057527 10056
0.690498 0.4546708483564145 0.04729809056987941 21335.68182933064 9716
0.708669 0.3667915571477214 0.04049977548610799 16338.01610201553 8604
0.72684 0.277580692742763 0.0415738146892367 11760.62175940525 8060
0.745011 0.250844256143264 0.03139456456095784 10107.60726325604 7320
0.763182 0.2425337495066101 0.02407769805445652 9309.033430575371 6356
0.781353 0.2737959096709611 0.01916729418499294 10016.11428800144 5348
0.799524 0.1777151169162653 0.01868016241099616 6210.631705215906 4308
0.817695 0.1580489912427899 0.01332083600584655 5277.908374264465 3563
0.835866 0.08875932062346061 0.01015660501017516 2839.005735742393 2448
0.854037 0.07401257004031751 0.008602008760497194 2266.286897686298 1868
0.872208 0.05104908769915009 0.01015697965352722 1499.546517935325 1358
0.890379 0.04972268111145989 0.00597011767675722 1399.074147222882 1062
0.90855 0.08000936078311585 0.003155604139618064 2161.967597037932 776
0.926721 0.07230661314931647 0.003165059820650276 1880.562904305409 432
0.944892 0.04492907342865689 0.00447476672197171 1121.19724232915 200
0.963063 0.02104125002093839 0.01066240091742436 507.5358451127926 168
0.981234 0.00195971072175953 0.007936857205109393 47.86119610415984 56
0.999405 3.378132540999368e-06 0.007248921459415618 2.267291493234723 7


0.018171 0.5059130220050704 0.01280573157872077 109453250.5251123 18
0.036342 4.361182594918812 0.04060217587744442 129130389.8471736 62
0.054513 13.29088477283626 0.007191134115097701 137384245.9911714 98
0.072684 29.79829687667439 0.2499107836581273 159674512.2980652 210
0.090855 30.79187181754721 2.626948919141036 112426838.9194535 350
0.109026 7.01693179218895 6.665246243800698 31058527.8665721 450
0.127197 11.63400140047791 8.456194144758685 29350289.54240295 602
0.145368 75.25709934479688 3.120068126972314 92058729.91827293 762
0.163539 93.11845737495129 1.38574143992858 87962298.08750926 1142
0.18171 23.10768983492014 9.117396595046753 20401756.49146216 1250
0.199881 27.8494059723904 7.990801898254061 19059821.88443734 1458
0.218052 94.91202940746165 1.121303235478928 49454551.44527614 1814
0.236223 33.19926046627068 6.101846586682284 15356713.13562303 2178
0.254394 25.65137950500645 5.857545056473654 10251574.26680855 2498
0.272565 59.97254094947513 1.18660823104488 19869080.11858628 2622
0.290736 16.92905306879056 4.12395212011505 5105061.902853198 3338
0.308907 25.32668697436028 2.308828775842306 6588050.645238068 3722
0.327078 21.9604416396386 1.761264757847119 5081229.287174107 4170
0.345249 14.00706177782653 1.865007843352273 2919294.349792377 4358
0.36342 12.76199733142263 1.364151880017412 2386233.214777781 5034
0.381591 10.33627473187555 1.125568647027194 1751575.513790354 5714
0.399762 10.56593350103997 0.7670414967184476 1623955.152938328 5982
0.417933 6.618312550838858 0.8803788902800561 933832.7757184756 6602
0.436104 5.769854225144894 0.6915727044550953 745607.1234209322 7130
0.454275 5.344433707855156 0.5349397923219195 635088.7716551379 8034
0.472446 4.846355497403087 0.4271874349009611 531873.8995628111 8606
0.490617 4.120391406216923 0.3781471568536641 419125.3683349877 9066
0.508788 3.252523213160673 0.3937137909965839 307931.8708311012 9962
0.526959 2.909270123691821 0.3653464054300382 256672.3339764424 10550
0.54513 2.566813357972622 0.3351601963438501 211494.1414905073 11226
0.563301 2.452136342022513 0.3268942134258261 189108.0551911535 12146
0.581472 2.312632591977694 0.2451943531194852 167019.6467046736 12303
0.599643 1.748094026521273 0.174075379907562 118599.0108052459 12584
0.617814 1.162749191508625 0.1240312655130863 74329.98728244496 12120
0.635985 0.8520197493393884 0.09308724663805355 51382.31234043819 11180
0.654156 0.6047956112502497 0.06499488694146421 34459.37282249537 11096
0.672327 0.4556615724168946 0.05295948604638485 24580.38170301925 10056
0.690498 0.3789109367465406 0.04391458899568827 19372.57437966249 9716
0.708669 0.3263242881757622 0.03526029266733138 15829.96195102497 8604
0.72684 0.3357346560585628 0.02667154991097599 15463.2348528409 8060
0.745011 0.2533567936251959 0.02413075252977478 11109.91863757094 7320
0.763182 0.1966946849208044 0.02304808154250894 8225.592190949426 6356
0.781353 0.153887361502669 0.02637632634603024 6145.374472841088 5348
0.799524 0.1500013026381753 0.01711700280422724 5710.007037662305 4308
0.817695 0.1046372601153113 0.01550229447242165 3810.516106034258 3563
0.835866 0.08609310306365422 0.008059686551891855 2997.559307264249 2448
0.854037 0.07103748402371662 0.006914157484201052 2367.907611507693 1868
0.872208 0.07848709230734564 0.005205825143645121 2504.615076256288 1358
0.890379 0.02951365633094002 0.006857906066476222 906.2275191935755 1062
0.90855 0.02927769498705712 0.007375305220690701 864.6831931075144 776
0.926721 0.05333035555046568 0.003925416033110275 1511.048225006973 432
0.944892 0.05944024594596718 0.00170148484294642 1613.353159353047 200
0.963063 0.09933296987795665 0.0003345122881789434 2589.635685206807 168
0.981234 0.05694580886998792 0.0008056371873307532 1432.804314150618 56
0.999405 0.04521874115199789 0.001321640038589318 1097.762910802487 7


0.018171 0.5532711701917302 0.0009062622664823227 113979215.0039333 18
0.036342 3.863967063292895 0.03839636266727844 126617746.851733 62
0.054513 8.691443306355318 0.3288297975027898 110347749.2674875 98
0.072684 12.39220009014581 1.670120869247032 92762014.18904392 210
0.090855 3.470839798074044 4.781997361534034 38626237.41678138 350
0.109026 8.195640400821722 5.711351659162601 35205593.19412048 450
0.127197 54.32031829804563 2.996327255724731 97769654.7400589 602
0.145368 89.16852715457567 0.5057367763554932 115633201.7809711 762
0.163539 35.37533427247455 6.120630349157268 39389168.88468266 1142
0.18171 12.81169115536138 8.880287747470369 13812728.10144763 1250
0.199881 76.76139039040761 1.742515828861077 52123610.36276568 1458
0.218052 57.13917829498136 3.831852747770748 32818754.22106963 1814
0.236223 11.56910223543615 7.264816627957059 6492609.854021129 2178
0.254394 58.46562313131319 1.516779492968398 24226378.38215606 2498
0.272565 28.61886811673321 3.628625727777208 10494382.90687779 2622
0.290736 16.98138026461607 3.455640863372103 5520654.992891826 3338
0.308907 29.16627324296102 1.367158530321377 8160336.499534025 3722
0.327078 13.00729620949541 2.244119244450882 3302943.475596902 4170
0.345249 15.74112859504987 1.314237928065425 3531578.371773115 4358
0.36342 10.51897608390054 1.299837140798611 2134257.493735889 5034
0.381591 10.87971762910996 0.8240441450769602 1989388.883822948 5714
0.399762 6.315067777349313 1.005082875815869 1059542.298106358 5982
0.417933 6.38694870744976 0.7290635477636815 974189.06357584 6602
0.436104 6.060452686351145 0.5177209307388311 845470.2775917576 7130
0.454275 4.938659488229624 0.4561441953094738 634865.8547001285 8034
0.472446 3.816884065476704 0.4315875740688328 454153.9911408251 8606
0.490617 2.957616166319264 0.410481902286208 326590.7446073855 9066
0.508788 2.980481315103329 0.340317983483794 305283.3528237112 9962
0.526959 2.827879299390681 0.2993850686851359 269724.1717116902 10550
0.54513 2.690601109617418 0.2548149724647744 239477.2742788367 11226
0.563301 2.7021327441856 0.2355713201786382 225007.703172974 12146
0.581472 2.09460823144344 0.2140977750974937 163661.7031544582 12303
0.599643 1.520048933717967 0.1583577028275281 111608.8881914317 12584
0.617814 1.063533532840981 0.1071203676481018 73545.55291352242 12120
0.635985 0.7958334523059905 0.07875121294864545 51908.2899021787 11180
0.654156 0.5264993412394319 0.05899312455346768 32462.58904723225 11096
0.672327 0.4331587877046146 0.0440628631312647 25268.85073459401 10056
0.690498 0.3680676412787963 0.03570788592339479 20347.32996781875 9716
0.708669 0.2918100471218098 0.03118463433094024 15314.37468151502 8604
0.72684 0.2204440288321572 0.0321635651910786 11005.68408935098 8060
0.745011 0.1934348704796766 0.02487137447813987 9185.121568255947 7320
0.763182 0.1818967715756948 0.01971566113357758 8227.487642003549 6356
0.781353 0.2122233712333009 0.01526442503486119 9145.92617105868 5348
0.799524 0.1404659535123959 0.01446798907472591 5782.931062972702 4308
0.817695 0.1251904534794822 0.01027813910637801 4924.516235374943 3563
0.835866 0.06299845243656897 0.008661174275233035 2375.142994468809 2448
0.854037 0.05535867404344883 0.007010352896349227 1997.406282522794 1868
0.872208 0.0482122988659608 0.007008693976232182 1666.942492094816 1358
0.890379 0.06077469624162411 0.002263289132151906 2011.150576369575 1062
0.90855 0.04787874900040723 0.004142156542619728 1525.078691884388 776
0.926721 0.01574389878361923 0.007021723748436429 485.8281536064151 432
0.944892 0.007244158292197587 0.00658596254487923 216.0169934069571 200
0.963063 0.01597550872377199 0.008330874768465512 454.4926022452649 168
0.981234 0.02348579937175688 0.003724177573473737 640.6617322067236 56
0.999405 0.02807722221149346 0.002512913733516236 737.9505607612997 7


0.018171 0.2904916578525589 0.02193343431974683 102188698.8975311 18
0.036342 1.518357396908823 0.2340532540524859 92364998.45033807 62
0.054513 1.902047636239081 0.8981892604483802 61279767.96916327 98
0.072684 0.7112009966544617 2.560161564736981 42406200.94784367 210
0.090855 7.170119908260882 3.863443762639811 51923763.60899612 350
0.109026 37.99593952776556 1.974045249715498 104489605.9897636 450
0.127197 72.07526929561999 0.3006061757542652 134007036.5723864 602
0.145368 44.55673402528929 4.104107870366722 66304902.46820879 762
0.163539 6.189978828996066 8.101187934214664 12049855.18202362 1142
0.18171 57.22237608947462 3.246320105567674 51990586.22525819 1250
0.199881 69.95110544588393 1.466344993206538 51145422.44906675 1458
0.218052 11.48721672316323 7.53291058879407 8531212.575316198 1814
0.236223 42.96292358080635 3.137521642059981 22602545.46607994 2178
0.254394 45.67632244020222 2.073298221694782 20480916.33957963 2498
0.272565 9.897722280190981 4.879041766169742 4227093.502155648 2622
0.290736 32.15715751820758 1.342313060330229 10931723.6662306 3338
0.308907 16.05879513431858 2.278594156864967 4917410.512296736 3722
0.327078 15.03133028154268 1.658484092345534 4075284.84203174 4170
0.345249 13.16245691546924 1.280173967808504 3185812.107723651 4358
0.36342 11.15937549198128 0.9847307522851387 2427693.656757457 5034
0.381591 7.614623898378476 0.9634750487052761 1507541.678277546 5714
0.399762 6.878948186760232 0.7727871450120392 1236969.624203844 5982
0.417933 6.773928534880332 0.5447569902761411 1108694.861534731 6602
0.436104 4.898280906291142 0.5207847054517185 736809.5063605515 7130
0.454275 3.827798150703224 0.4719938253749075 530912.2534620002 8034
0.472446 3.289396542506932 0.4008639334288548 421526.0269102756 8606
0.490617 3.242491227337656 0.30587005743552 384187.0914798555 9066
0.508788 3.037990820688965 0.267000044468526 334298.2297148579 9962
0.526959 2.772514608972258 0.2437378294445933 284247.5176686165 10550
0.54513 2.42267787018292 0.2275678479697814 232002.0586192301 11226
0.563301 2.229379572397593 0.2319208657835848 199911.64563552 12146
0.581472 1.829434073570855 0.1970753951131233 153838.0618160826 12303
0.599643 1.27397049144142 0.1514007225993213 100710.1783758954 12584
0.617814 0.8827012056280824 0.103597695777176 65719.59829047132 12120
0.635985 0.6522041257780304 0.07713222495153048 45802.70812448641 11180
0.654156 0.5061151598705733 0.04926841379804003 33552.63860283584 11096
0.672327 0.3730341073812085 0.04117813248039468 23418.12129053285 10056
0.690498 0.2918312653766579 0.03611575341811447 17371.44062894949 9716
0.708669 0.2565843660741662 0.02850499190367066 14487.83444488821 8604
0.72684 0.2614648639239824 0.02195756937507063 14015.4669375781 8060
0.745011 0.2111825237018613 0.01826028945155464 10773.6479053149 7320
0.763182 0.1718829662474497 0.01674928412305705 8360.381647013108 6356
0.781353 0.1333729632335587 0.0198543843815883 6195.656215977938 5348
0.799524 0.1190119399425366 0.01371584718600292 5272.095714449092 4308
0.817695 0.08695849679845789 0.01196486321528116 3684.439905792105 3563
0.835866 0.07131487477185583 0.006139827181181608 2888.580941814624 2448
0.854037 0.05692974307624893 0.005487759339232948 2207.944495585149 1868
0.872208 0.05216712187850837 0.005311459872176147 1938.280334372677 1358
0.890379 0.01885956448999372 0.005958415589649536 675.257505414328 1062
0.90855 0.04224687306227407 0.003779113856000363 1447.463925944586 776
0.926721 0.06129274660415623 0.001081099983315736 2018.133625296915 432
0.944892 0.05073443981332476 0.00102168423872843 1601.559351437972 200
0.963063 0.05016740314384506 0.003527851985495932 1523.130478559269 168
0.981234 0.01699564805916657 0.003802575079742356 499.2546863842099 56
0.999405 0.009111719211069345 0.00404147633334703 259.1309012134155 7


0.018171 0.03408408037196967 0.04315830395823696 89381548.77446426 18
0.036342 0.03796202528548041 0.3475751924789263 68946695.57515799 62
0.054513 0.2727519384507782 0.9577975700309307 49380028.61790362 98
0.072684 5.214490057109606 1.840427707387726 66100231.4543923 210
0.090855 28.1587215671317 1.265991126945074 125025849.6630338 350
0.109026 50.50687478934977 0.1313615455591745 140867316.6100744 450
0.127197 42.63997354826837 2.588960297780961 89909906.92700224 602
0.145368 5.456289540836381 7.27497313255907 16767374.62269325 762
0.163539 32.02446843583221 4.588947565791901 41018651.82094631 1142
0.18171 74.30784601591228 0.6180316770057824 70732081.91677955 1250
0.199881 22.88425119122027 5.482696515901049 19625729.20607705 1458
0.218052 22.67999104733489 5.521225735542431 16033499.23419344 1814
0.236223 57.41853477292328 0.9227780541242613 31833543.23586974 2178
0.254394 13.58924003224917 4.734569703978535 7065648.289103269 2498
0.272565 28.04953678347421 2.422163554519536 11788387.85781781 2622
0.290736 25.98695633396822 1.537192195888925 9499684.940696593 3338
0.308907 11.62824833719046 2.353096564459225 3861344.008547876 3722
0.327078 17.09604332755544 1.134321399951253 4932451.792130641 4170
0.345249 10.28329511222544 1.323603023992024 2679672.734995206 4358
0.36342 9.749569404873084 0.9245000695165744 2274411.319193607 5034
0.381591 6.692987848786218 0.889264329451908 1421042.565039511 5714
0.399762 7.869144938861837 0.525830837839561 1508268.028465976 5982
0.417933 5.228194894545804 0.5856493649855999 919447.9112059708 6602
0.436104 4.058400333191079 0.5084188241556812 655056.4481215486 7130
0.454275 3.670088070398973 0.404120827428143 544622.0719370703 8034
0.472446 3.4906803176006 0.3078268228692669 477799.933056333 8606
0.490617 3.036467692047252 0.2653121281968621 385058.0645623703 9066
0.508788 2.437305729040514 0.2735417848619948 287661.5644911296 9962
0.526959 2.136869870707567 0.2587537833539093 235075.2106540839 10550
0.54513 1.809782471530845 0.2454255266125164 186031.62193591 11226
0.563301 1.82410578610132 0.2292305861094425 175349.3032304271 12146
0.581472 1.639355782963705 0.1794509953253434 147609.6998781756 12303
0.599643 1.277142311240216 0.123498774433547 107975.1017841492 12584
0.617814 0.8689174613392046 0.08600946050802495 69202.1858742374 12120
0.635985 0.6433380312054637 0.06392361878203487 48328.83347782051 11180
0.654156 0.408450928905859 0.04971524323595944 29017.38404644447 11096
0.672327 0.3411427210556122 0.03674545542568241 22923.96447585189 10056
0.690498 0.3049615620623506 0.02820695168516694 19410.31708634066 9716
0.708669 0.2420129588083989 0.02465994288671022 14623.32027640316 8604
0.72684 0.1948384452784119 0.02429946367973794 11194.96699462368 8060
0.745011 0.1500800950592207 0.02085532140814206 8209.505467753857 7320
0.763182 0.1310416712268355 0.01772543209394569 6830.634001671182 6356
0.781353 0.1544293612291651 0.01426239833118545 7666.546340706218 5348
0.799524 0.1135426259276359 0.01174531494050487 5382.110549583694 4308
0.817695 0.09618297854120703 0.008899757412640735 4356.946196548028 3563
0.835866 0.05129109415437685 0.00698300380593907 2226.524619095304 2448
0.854037 0.04583579192904046 0.005566958878855385 1903.895479278727 1868
0.872208 0.04650989499180994 0.004857164379900902 1849.73779685617 1358
0.890379 0.04731726883024043 0.002065020692331225 1802.529865576765 1062
0.90855 0.02647929476908613 0.004707550483262577 972.8951679284629 776
0.926721 0.009472162684133589 0.006020214260384921 338.1495037809342 432
0.944892 0.01275504669041157 0.004551422451495922 433.8867108021337 200
0.963063 0.04118071354571502 0.003622460242393414 1338.582096454053 168
0.981234 0.03833842904998404 0.0008956367762741549 1200.951427997296 56
0.999405 0.03829848969651734 0.0003349889506488869 1156.957987245211 7


0.018171 0.03837436668545387 0.03841566354875851 90256774.28606999 18
0.036342 0.7032572406109958 0.2470643107877054 82070929.64994137 62
0.054513 4.092640211577812 0.4761618101174346 84374405.47434416 98
0.072684 16.25496995791917 0.4936704288199144 126832611.6611076 210
0.090855 35.90841089040619 0.1000695150062702 159161133.1090117 350
0.109026 30.6070601007203 1.697219742086255 97888955.40358 450
0.127197 7.511827035275608 5.558942786397067 28435918.12832471 602
0.145368 15.990183265496 5.469799010875899 32869071.9716876 762
0.163539 61.3711739807386 0.8616139045911785 77668159.52271891 1142
0.18171 39.84279683333529 3.424535700826905 42202468.31743109 1250
0.199881 6.802621265608542 6.416091156560118 8091927.670286862 1458
0.218052 55.16663163557398 1.459052168528601 38566415.01474056 1814
0.236223 30.11549958665283 3.127573690392557 18335883.94752238 2178
0.254394 14.62374320756723 4.060842137706819 8002194.54756152 2498
0.272565 38.33676645998504 0.8802626182549618 16929665.78634994 2622
0.290736 10.94646922243949 2.711059850028575 4449291.613132636 3338
0.308907 18.37342918978671 1.32879083399119 6357197.748526121 3722
0.327078 12.48650840686846 1.350850067106186 3871615.327841822 4170
0.345249 10.64198570443257 1.067884116433993 2946650.075155756 4358
0.36342 7.409897738500653 0.9923543190883026 1854515.756287456 5034
0.381591 8.029372556101851 0.605731436716764 1805516.548856321 5714
0.399762 5.409635751981351 0.6608618282748056 1113011.50201709 5982
0.417933 4.399814144134496 0.5689606178496066 826894.3366782262 6602
0.436104 4.210488162859028 0.4079361811695056 722828.5667842486 7130
0.454275 3.776442070300658 0.3215674378631472 596264.3517207261 8034
0.472446 3.001164897638746 0.2980377945119103 438434.7430820026 8606
0.490617 2.211749348229319 0.2987586135254258 300181.948451719 9066
0.508788 2.153291799412825 0.2550877416602007 271109.8441569566 9962
0.526959 1.974225629419686 0.2319519506729542 231516.6276272323 10550
0.54513 1.985727232362463 0.1873023899053019 217064.0082087667 11226
0.563301 1.900156749369916 0.1831247889860855 194403.1821578421 12146
0.581472 1.556428527973376 0.1562650849455963 149326.4508603843 12303
0.599643 1.144244986240512 0.1140739989542297 103140.9214996632 12584
0.617814 0.771372552815014 0.08020160709331071 65503.40529454007 12120
0.635985 0.5663252592728208 0.06013125795525536 45364.13448105447 11180
0.654156 0.4206137318413054 0.03995738718978863 31814.98341349337 11096
0.672327 0.3180438593362129 0.03258108301316581 22775.61532893798 10056
0.690498 0.2458158944529769 0.02900985143956674 16693.58290150461 9716
0.708669 0.2077548876718857 0.02373729245873718 13386.58421910315 8604
0.72684 0.1914959293939034 0.02053501503211051 11720.55846963034 8060
0.745011 0.1746472823526825 0.01487595081532915 10163.95146510585 7320
0.763182 0.1563554089039784 0.01213531267433398 8670.454330999537 6356
0.781353 0.135340350524643 0.013535966928778 7162.58517644736 5348
0.799524 0.1012566151208803 0.01089215430351297 5116.144873886153 4308
0.817695 0.07915961047607421 0.008993678223401679 3823.941733710935 3563
0.835866 0.05804123141025536 0.005106207487193085 2681.795864689932 2448
0.854037 0.04614245263986423 0.004577711559257336 2041.505136858061 1868
0.872208 0.03973874185678861 0.004702418955091022 1684.941566311138 1358
0.890379 0.01835334740690266 0.004567144428538688 748.8204183091407 1062
0.90855 0.04109836883429232 0.002410971005101015 1604.934510918742 776
0.926721 0.04870410127012045 0.001091076753681255 1828.917706215964 432
0.944892 0.03483747132278942 0.001604203059033452 1254.800107893328 200
0.963063 0.02371009612603609 0.004815378130403848 823.3056302040466 168
0.981234 0.004382760306050864 0.004160365463992794 149.0447684041585 56
0.999405 0.0009946612481671038 0.004014861886306035 34.54057629453588 7


0.018171 0.2301881941136788 0.01513230636179994 102241116.5327125 18
0.036342 2.219585401572994 0.0644898832381718 112415462.1292113 62
0.054513 7.579456643615432 0.04305047731238854 119572104.9580384 98
0.072684 18.75913886311042 0.05519068720188084 146205330.2516722 210
0.090855 21.51698217393248 1.255989304130544 112734348.2733194 350
0.109026 5.448700828575412 3.861687986627106 34786815.31616357 450
0.127197 7.647274159044064 4.9940690308188 29905005.23455581 602
0.145368 48.77693297802445 1.493654484807493 85129474.7028389 762
0.163539 49.75733600992396 1.452101658596223 67725486.21228282 1142
0.18171 6.753467946636901 6.179267714428025 11119059.2831755 1250
0.199881 33.82271554391685 3.018064884661669 31105460.26466148 1458
0.218052 50.55290729699171 1.333809850983623 37579282.00349081 1814
0.236223 7.873892377315664 4.883485715603163 6008674.813833881 2178
0.254394 35.59460051498875 1.416908631129986 19381730.85827066 2498
0.272565 20.99550467600973 2.26412829307474 10077725.37003693 2622
0.290736 12.3358804717185 2.233556386485462 5262710.802801948 3338
0.308907 18.35310160217014 1.057195163367999 6729616.761324801 3722
0.327078 9.456341681241085 1.437460480546349 3142910.275847774 4170
0.345249 10.3207045607029 0.9157440419802985 3031839.217331538 4358
0.36342 7.715067448436097 0.8093361204360324 2043874.677020681 5034
0.381591 6.71136107804144 0.6201382236992692 1607273.906150678 5714
0.399762 4.418423856857457 0.6586708345515931 969435.5756134482 5982
0.417933 4.8076519386932 0.4384674086603887 956004.7942419597 6602
0.436104 3.976025066801696 0.3601167600239136 724698.8634143905 7130
0.454275 3.04534394166253 0.3367086797554935 512056.8235132695 8034
0.472446 2.37440985624068 0.3111237369656785 369548.0399038796 8606
0.490617 2.292359191317114 0.2447567434257027 329755.6354084571 9066
0.508788 2.2094817502768 0.2081808813076593 294945.81647359 9962
0.526959 2.137202977519845 0.1773672543355385 265548.5298116991 10550
0.54513 1.861695270272551 0.1666012286370996 216065.6136534882 11226
0.563301 1.766587580947199 0.164505241578334 191910.7643531188 12146
0.581472 1.398969985268738 0.1454227450746939 142574.8231948298 12303
0.599643 0.934380081409063 0.1160625702364945 89569.90915591399 12584
0.617814 0.6668096698911918 0.07738635649595442 60172.24499379996 12120
0.635985 0.5064383364336715 0.05615562159753146 43090.42512602697 11180
0.654156 0.3595500812577309 0.03920992636137396 28898.79000329062 11096
0.672327 0.2777206052699671 0.03118295007126207 21128.27359612062 10056
0.690498 0.2364785055917115 0.02527431028634535 17045.4956894465 9716
0.708669 0.2029278544660274 0.02031985429718737 13876.57607788978 8604
0.72684 0.1895776451988485 0.01725303184740507 12312.85216578721 8060
0.745011 0.1344347821135853 0.01630684254142541 8318.103682407345 7320
0.763182 0.1028310968520776 0.01538802048782572 6069.823778216586 6356
0.781353 0.1012020108508115 0.01476983044762151 5695.563438666207 5348
0.799524 0.08975075963437169 0.01026237796258385 4815.9793109863 4308
0.817695 0.07232875802342319 0.008218003857526822 3709.793981726764 3563
0.835866 0.04352756190405802 0.005707309780315821 2138.023699848577 2448
0.854037 0.03906246403751492 0.00452394802107124 1835.792157981022 1868
0.872208 0.03907640963005093 0.003995371887680036 1758.391747904588 1358
0.890379 0.03829765897299713 0.001840164930820864 1650.66532950375 1062
0.90855 0.01990463682047202 0.00413670823783302 828.2780235255821 776
0.926721 0.009744629185745014 0.004784923259701967 392.8296255171095 432
0.944892 0.01451419358633477 0.003348361203362999 557.3701304143104 200
0.963063 0.04248277990236408 0.002118866462713374 1560.985136504804 168
0.981234 0.03580232492734994 0.0003295428824303474 1268.234918971747 56
0.999405 0.03409128836029875 4.788153544103e-05 1164.728973996126 7


0.018171 0.3448632263168092 0.0002960897756448797 110268925.3668875 18
0.036342 2.590047824565433 0.003297054001321074 122374650.2774971 62
0.054513 6.393098530111393 0.09932491887142307 112104717.0306226 98
0.072684 10.23079459156532 0.7706998216879081 102459294.9848374 210
0.090855 3.889721062051448 2.781125970467718 47705600.87492819 350
0.109026 3.963580014975855 3.649994463290691 31815763.55808271 450
0.127197 33.39601305973034 1.881556355633732 85545288.24595436 602
0.145368 53.93657113590332 0.446044367490065 97946641.9602832 762
0.163539 16.16579856477 4.373514469657141 27476081.66980305 1142
0.18171 16.15570311528271 4.646333180145126 21657468.29157587 1250
0.199881 52.92580295917948 0.5314080595116119 49667556.06094196 1458
0.218052 18.46493302658457 4.112657998279866 15785551.03384293 1814
0.236223 20.14168196987404 3.150150020684626 14119342.48137539 2178
0.254394 34.96676840360191 1.076152606202614 20115175.8846117 2498
0.272565 7.468874137259115 3.299584939312741 4154187.802130838 2622
0.290736 21.3684358566065 1.014993046365596 9361014.81111943 3338
0.308907 10.91965043644556 1.588617896524091 4323698.63494406 3722
0.327078 11.08924713707082 1.071283103062765 3865431.897890266 4170
0.345249 8.401517004799228 0.9547526295113179 2626024.524693237 4358
0.36342 8.128056994183028 0.6359561109638272 2271308.862822341 5034
0.381591 4.73433995236043 0.7190120099871935 1211255.879886953 5714
0.399762 5.602831641896342 0.4445713943235025 1290345.052140028 5982
0.417933 4.470220331763783 0.3978780729714719 941013.6995427763 6602
0.436104 3.222930831131178 0.3758195081613954 623816.6047539314 7130
0.454275 2.590882158936375 0.3310445450921602 462114.6090769712 8034
0.472446 2.514971496628851 0.2511442227569644 413245.4436732364 8606
0.490617 2.393563876973591 0.1950941290468869 363707.5655279151 9066
0.508788 1.999634688534007 0.1946323769929582 282648.3825015356 9962
0.526959 1.739451475572226 0.18655412525212 229203.0301307355 10550
0.54513 1.412218712934352 0.1843857471494482 174005.1285436348 11226
0.563301 1.423154726009197 0.1720783459318649 163951.9752357568 12146
0.581472 1.232920183838318 0.1391859337971921 133075.7644115104 12303
0.599643 0.9674593956959765 0.09525176626388093 98015.17208847591 12584
0.617814 0.6676832407382798 0.06533659343518168 63706.88834959157 12120
0.635985 0.4831112329297781 0.04975985627196293 43487.96638946598 11180
0.654156 0.3199950166040615 0.03713122393183459 27230.51903543149 11096
0.672327 0.2672411439854736 0.02738287318704366 21507.3050503588 10056
0.690498 0.230874688224073 0.02179424922423878 17602.03448411294 9716
0.708669 0.1771896485309629 0.01967096799206659 12828.7484698403 8604
0.72684 0.1407080410357101 0.0194156895183724 9689.814546166997 8060
0.745011 0.1292878104386087 0.01436517050010405 8462.586186549435 7320
0.763182 0.1251703061276564 0.01086540103909712 7801.124981897783 6356
0.781353 0.1344153748523104 0.00916727937286404 7983.683757622222 5348
0.799524 0.09027687977702689 0.008600077827347737 5122.939938861598 4308
0.817695 0.0723429850823525 0.006937512924718684 3924.251802058612 3563
0.835866 0.04847145260704199 0.004326369856067921 2516.211831881331 2448
0.854037 0.03788950823199295 0.003943341085665073 1883.62402857484 1868
0.872208 0.0353835801665284 0.003735497082854939 1684.973171682789 1358
0.890379 0.01491434719162238 0.003886590924647335 684.1431182010372 1062
0.90855 0.03434693716400319 0.00205314308987897 1506.6766098839 776
0.926721 0.04080080401401158 0.0009428284951102496 1720.847163465525 432
0.944892 0.02889161027211375 0.001395784344610575 1168.922557577344 200
0.963063 0.0187965252934117 0.0041618348132924 733.7155717871377 168
0.981234 0.0030209007656234 0.003556836358062807 116.2317126395567 56
0.999405 0.0004778661369582555 0.003400971416254452 19.97289688408348 7


0.018171 0.2486187481078197 0.007456436807101167 105344408.1269613 18
0.036342 1.444669457331255 0.1001964383803203 101596327.7330883 62
0.054513 2.253924273174107 0.4655654920789559 73468745.52879098 98
0.072684 1.399290055067598 1.534770867009064 52103612.68237706 210
0.090855 2.782903200813472 2.64621919265432 44520368.67900901 350
0.109026 21.9706702291996 1.489740074129818 86749897.92358726 450
0.127197 45.6516716528041 0.2218868943697493 116767579.5888198 602
0.145368 26.22509907042601 2.836102601430844 55263018.83762683 762
0.163539 5.432842882061915 5.005506456577326 13996574.14266533 1142
0.18171 44.00722568640804 1.298072383102107 54006761.17143683 1250
0.199881 34.72259981763774 1.952625924468257 35281210.24040662 1458
0.218052 7.457083476171043 4.777366434935387 7947527.648338838 1814
0.236223 38.26751205729282 0.882044176960495 26994749.94147824 2178
0.254394 14.74563361402657 2.805074998276925 9443720.339786092 2498
0.272565 16.50661801699491 2.048986889428797 8925804.821520306 2622
0.290736 18.7394128406942 1.042442446457254 8688574.484749813 3338
0.308907 8.843681750208141 1.592567509405581 3731189.413646075 3722
0.327078 11.48628916135076 0.8605323879945439 4210668.493971527 4170
0.345249 7.692149162859644 0.8876074717998672 2540739.834194904 4358
0.36342 6.381258045906818 0.7039732072304715 1893150.554396433 5034
0.381591 5.310073605813027 0.5657013222924619 1425298.55330322 5714
0.399762 5.139203241835681 0.4144380211226356 1249756.417722818 5982
0.417933 3.516781507229064 0.4307197048139269 784932.4426484227 6602
0.436104 2.957281985899315 0.3487139516035405 604444.0961723474 7130
0.454275 2.838724895917835 0.2590099016911627 532440.2585173892 8034
0.472446 2.520997706793354 0.2111375681273478 436539.209202387 8606
0.490617 1.86352606526285 0.2163298151714038 299833.2732715776 9066
0.508788 1.668825415761592 0.1980923038792375 249433.7092837485 9962
0.526959 1.426739069557941 0.1908925006944611 198851.6110313559 10550
0.54513 1.450850772063487 0.1547193458593832 188340.6355472331 11226
0.563301 1.363179794099156 0.1536902957952823 165647.1473153052 12146
0.581472 1.204412880609045 0.1215541510194927 137081.9564280043 12303
0.599643 0.9236889794929274 0.08475022258315773 98709.07957309563 12584
0.617814 0.5997009527291255 0.06209777925663294 60400.66780188445 12120
0.635985 0.4462953711429173 0.04591194165442426 42391.60366164443 11180
0.654156 0.3323771870760601 0.03037377981648715 29806.75069824063 11096
0.672327 0.2435233887985762 0.02561989214550472 20682.41030947513 10056
0.690498 0.183641657814168 0.02324811681202021 14795.50101124525 9716
0.708669 0.1673002156354585 0.01775967993315309 12777.77924023477 8604
0.72684 0.165645896314609 0.01412338636530275 12009.09335527938 8060
0.745011 0.1335505289278199 0.01176148263887607 9214.466984773944 7320
0.763182 0.1063829318366872 0.01101619568081139 6999.686989796371 6356
0.781353 0.08247250130226717 0.01289357112037102 5184.970353283985 5348
0.799524 0.0735543888453864 0.008983912528430412 4407.905130244822 4308
0.817695 0.06111521557005784 0.006998229096505935 3499.805490035301 3563
0.835866 0.03722546919163913 0.0048083340552565 2041.352115806214 2448
0.854037 0.03453188099683763 0.003688663967515761 1811.280592953533 1868
0.872208 0.02988839436033902 0.003742856619612434 1502.460435250918 1358
0.890379 0.03416223056382969 0.001385908932682571 1643.07161689355 1062
0.90855 0.01911885962649998 0.003263556567022405 887.4570029100527 776
0.926721 0.007304865970970932 0.004155180359961863 329.7443859214591 432
0.944892 0.0102407893416653 0.003061371125050876 439.9097643759974 200
0.963063 0.03224964802311157 0.002215107070147731 1323.174904477885 168
0.981234 0.02908859078738391 0.0004280588433814726 1150.064123859036 56
0.999405 0.02842627389292371 0.0001038110077914632 1083.843839507936 7


