0.04 1.201048132825357e-05 1.565540051744375e-07 2.390402512701879 18
0.08 6.92093472095752e-05 1.823703837544368e-06 2.995368059712192 62
0.12 0.0003248488246867983 5.663565659761227e-06 5.829252934273001 98
0.16 0.0006207914651137967 1.94440988721116e-05 6.087718196136058 210
0.2 0.0008799699326015733 4.551458361178723e-05 5.546365969270897 350
0.24 0.001329341755015216 8.503766921406243e-05 5.821040469913248 450
0.28 0.001786246645285084 0.0001588575082044256 5.690037263099804 602
0.32 0.002246125575540609 0.0002608875503165703 5.439410972208372 762
0.36 0.003281092341876966 0.0004217365086390841 6.296833565493351 1142
0.4 0.00376602965444504 0.0006454890872398239 5.872147693425801 1250
0.44 0.005186870109903536 0.0008741430319155615 6.656866194321031 1458
0.48 0.005821219541779729 0.001359080799793569 6.259541804955187 1814
0.52 0.006803769985525769 0.001915755449203648 6.240347388467872 2178
0.56 0.007926782427312266 0.002511942553479185 6.270967610093397 2498
0.6 0.008943398753300849 0.003183227609040529 6.146331031785099 2622
0.64 0.01022069623047053 0.004059929201407311 6.164127290959638 3191
0.68 0.01123798634916156 0.005113786871802661 6.008955997338432 3044
0.72 0.01329065896881502 0.006272764879442731 6.343629227545505 2736
0.76 0.01435878678416845 0.008133062103936122 6.143668093458128 2276
0.8 0.01615024834623264 0.009729048609813251 6.22996848169088 2016
0.84 0.01797274038809171 0.01219978621995699 6.291930906059535 1640
0.88 0.01827387514036495 0.01362646255447653 5.827530173236716 1056
0.92 0.02097094491460656 0.01553814324812353 6.114914763882819 683
0.96 0.02471864253951022 0.01760536272127915 6.627922272738795 350
1 0.0247549782117501 0.01660228268664909 6.12348050584401 192
1.04 0.03467970967611975 0.02030325286058155 7.908255651541293 44
1.08 0.03517740387527142 0.02397968987711477 7.383553744950635 25


0.04 1.429483101710079e-06 2.091290985493638e-08 1.14681392425165 18
0.08 1.132696375276937e-05 1.892258816045483e-07 1.92704653776949 62
0.12 4.463904285296027e-05 7.68000977744639e-07 3.134439142303051 98
0.16 0.0001057545858430208 1.957516628342664e-06 4.045563263308268 210
0.2 0.000183905743294882 3.739602433228569e-06 4.513657267222852 350
0.24 0.0002743918435192347 7.027337962436356e-06 4.677369530719687 450
0.28 0.0003790706518787032 1.26362996299797e-05 4.699495190571257 602
0.32 0.0005514301390972954 1.795767245569823e-05 5.193453085237374 762
0.36 0.0007679795899687185 3.043175312668259e-05 5.732422248659533 1142
0.4 0.0009725060385152988 4.318301400124039e-05 5.895691509504593 1250
0.44 0.001225580764358901 6.255960118021376e-05 6.116871930947362 1458
0.48 0.001488028743826754 9.133396062419705e-05 6.221021083911871 1814
0.52 0.001928505011506682 0.0001180095914554746 6.874913472631363 2178
0.56 0.002329736980913848 0.000150852103904107 7.162960477452366 2498
0.6 0.002652912013275358 0.0001904318086352305 7.08558828730583 2622
0.64 0.003104935731484257 0.0002365425875724024 7.277061510726954 3191
0.68 0.003464533692511932 0.0002973471344561879 7.198677638453569 3044
0.72 0.004110827752381652 0.0003593965175148274 7.624691097073351 2736
0.76 0.004809038918447746 0.0004384064500527512 7.99444492726952 2276
0.8 0.005181877736717061 0.0005471854746448572 7.767090010918757 2016
0.84 0.005790103403599518 0.0006928301971007171 7.87620607094566 1640
0.88 0.006668130516980896 0.0006836595655306218 8.260705121490883 1056
0.92 0.006645701007805448 0.000891670910947955 7.530062872760633 683
0.96 0.006291487612146796 0.001182486650043841 6.558255833319547 350
1 0.008710349462980724 0.0007886337729267079 8.371746361011583 192
1.04 0.0101519490423006 0.001173554057437686 8.99774507922355 44
1.08 0.01265656625745644 0.001141072267305432 10.32216404642156 25


0.04 7.44781526303143e-07 7.575811517544482e-09 1.058755281785106 18
0.08 5.127333934299882e-06 7.964533670271362e-08 1.537361358143709 62
0.12 2.409059379579277e-05 2.605702546503499e-07 2.955434347230148 98
0.16 4.604810699177081e-05 8.475088991755653e-07 3.083149125218852 210
0.2 7.958568668661976e-05 1.617709874282294e-06 3.414353120317158 350
0.24 0.0001289850427245723 2.813748702016193e-06 3.838856743903639 450
0.28 0.0001870495930554859 4.821738233640601e-06 4.046726855028062 602
0.32 0.0002672126250561944 7.059350236731204e-06 4.390984983191549 762
0.36 0.000375027021293961 1.172203969004952e-05 4.883389378101184 1142
0.4 0.0004930105637464045 1.604133315615784e-05 5.212578446530173 1250
0.44 0.0006587468749039379 2.208103415936105e-05 5.732482164351012 1458
0.48 0.0007951297043024413 3.234728463318724e-05 5.795971405441409 1814
0.52 0.001006738674417734 4.257933349325255e-05 6.257579610689578 2178
0.56 0.001256356597461052 5.264169821777271e-05 6.734147369912961 2498
0.6 0.001435345234335907 6.642423413100763e-05 6.683193720405365 2622
0.64 0.001704197831718285 8.159795917961884e-05 6.962674844521746 3191
0.68 0.001962612651142372 9.897507235313414e-05 7.108137926976922 3044
0.72 0.002230561149762731 0.0001249500521682215 7.2120385009095 2736
0.76 0.002478110144246521 0.0001607174381820934 7.182057110737274 2276
0.8 0.002835424187642193 0.0001881227856666388 7.408425720913887 2016
0.84 0.003384733892387071 0.0002246639335553039 8.024775962911235 1640
0.88 0.003420232320912863 0.0002539818225005485 7.386742036157019 1056
0.92 0.003966553656205675 0.0002819016721686198 7.833006710862651 683
0.96 0.004114565727506247 0.0003505977387087448 7.473638395981534 350
1 0.004283652394692233 0.0003161079589744321 7.177653626422767 192
1.04 0.005927261906885344 0.0003761625660437694 9.15609576325731 44
1.08 0.002934333508980838 0.0007296491378884773 4.1789120477426 25


0.04 3.437230086020179e-07 5.592743907919216e-09 0.7376765926429767 18
0.08 3.625851795733393e-06 3.84437342453122e-08 1.554958401325342 62
0.12 1.603614098272035e-05 1.246805206169235e-07 2.811672720487625 98
0.16 2.867711068948866e-05 4.708708302245747e-07 2.74698045006976 210
0.2 4.951887060652545e-05 8.960321658600117e-07 3.036393070758485 350
0.24 8.723395760245482e-05 1.433300828457594e-06 3.70582675761431 450
0.28 0.0001350644306124485 2.302833548412785e-06 4.168325508417317 602
0.32 0.000183321264223678 3.534852578359309e-06 4.298282076803972 762
0.36 0.0002388744060784408 6.342392614883367e-06 4.43982243742357 1142
0.4 0.0003241022878777144 8.396593551012812e-06 4.889768989722913 1250
0.44 0.0004181819826033849 1.196407401858768e-05 5.193209191823726 1458
0.48 0.0005181084418964754 1.708831683312313e-05 5.388870577457017 1814
0.52 0.0006777412729483411 2.18319942896497e-05 6.009936456494733 2178
0.56 0.0008202207534088152 2.784647703091758e-05 6.272552845508637 2498
0.6 0.0009236319233970514 3.543597879916858e-05 6.13592579064182 2622
0.64 0.001095546026778089 4.362791252358679e-05 6.385981502731839 3191
0.68 0.001293316818561306 5.168126504277626e-05 6.682330236612818 3044
0.72 0.001513101100708445 6.34152110934978e-05 6.978756758454691 2736
0.76 0.001781434413670939 7.695500496892376e-05 7.363786420643256 2276
0.8 0.002005079521269334 9.190218044351635e-05 7.472404295692289 2016
0.84 0.002333826091410986 0.0001120614900017497 7.892544074573344 1640
0.88 0.002264120774762994 0.000131918359727545 6.975499798234435 1056
0.92 0.00265801195837736 0.0001442902309480815 7.487402003211477 683
0.96 0.003235340251878031 0.0001522674937797858 8.380232477270711 350
1 0.00256023359148255 0.0001806604581466299 6.120646972412857 192
1.04 0.00298836847106806 0.0002547796372492628 6.588191532286825 44
1.08 0.004997788995567963 0.0001821586374354127 10.13304509196457 25


0.04 3.118003587820734e-07 2.803327790067608e-09 0.8563400375122064 18
0.08 2.136728237027096e-06 2.993611573391813e-08 1.21102370324915 62
0.12 7.17909346164895e-06 1.335604636911476e-07 1.663716465571657 98
0.16 2.2194245806621e-05 2.773806586621453e-07 2.764019743610364 210
0.2 3.444308193230683e-05 5.882526255746197e-07 2.74918575077158 350
0.24 6.211872677295435e-05 9.175754682527602e-07 3.431651200976976 450
0.28 8.30719897218951e-05 1.708986427149674e-06 3.3374002879023 602
0.32 0.0001159237021825124 2.535174783393462e-06 3.536229902719683 762
0.36 0.0001847930579556748 3.761940734864191e-06 4.462150154988555 1142
0.4 0.0002300712610438782 5.399925440086843e-06 4.511363978958958 1250
0.44 0.0003130081114740418 7.280988618325775e-06 5.050330212324097 1458
0.48 0.0003798340555804148 1.06104551712316e-05 5.133308344032578 1814
0.52 0.0004857309340948608 1.391052968669059e-05 5.596877921504259 2178
0.56 0.0005949080492372186 1.744253668375745e-05 5.911077725599831 2498
0.6 0.0006921980740976622 2.16361003038529e-05 5.973980631091183 2622
0.64 0.0008270637851934127 2.644221405085252e-05 6.262829433566758 3191
0.68 0.0009232109558068185 3.308673670578173e-05 6.197589979246913 3044
0.72 0.001105612620302863 3.953422201518317e-05 6.624795900442407 2736
0.76 0.001294227472932203 4.82964333524451e-05 6.950267679183156 2276
0.8 0.0013580545479501 6.16021499239262e-05 6.576266072778897 2016
0.84 0.00167187293623057 7.110197346913308e-05 7.345392975515527 1640
0.88 0.001764079814800938 7.731092712510071e-05 7.059521351359749 1056
0.92 0.001914727860827511 9.137035834995709e-05 7.007027127138818 683
0.96 0.001821206364747628 0.0001221681611104246 6.131660532999643 350
1 0.002129816102611596 0.0001001195097373134 6.612775071417418 192
1.04 0.002987588466598613 0.0001179024723890574 8.551213235074774 44
1.08 0.003045787791124347 0.0001449494537675089 8.024206551268902 25


0.04 1.639162339296589e-07 2.842155728028267e-09 0.6034776029979901 18
0.08 1.615085357232193e-06 2.140660875899507e-08 1.135543577622986 62
0.12 5.770835691263815e-06 9.215404217794702e-08 1.649696541826306 98
0.16 1.680664539949248e-05 1.952539435699381e-07 2.580915398916141 210
0.2 2.617520419290884e-05 4.171222564912235e-07 2.574831919452571 350
0.24 4.630063096725633e-05 6.621672347143501e-07 3.150830759327451 450
0.28 6.362756683569975e-05 1.198057908580476e-06 3.14763354222501 602
0.32 9.588256134947039e-05 1.655302703706658e-06 3.598531233322941 762
0.36 0.0001379969387137901 2.697882077304284e-06 4.102215531161221 1142
0.4 0.000181727878117253 3.666019067343454e-06 4.384951491394269 1250
0.44 0.0002407733524557058 5.085640864487353e-06 4.780875903535937 1458
0.48 0.0003024947674495131 7.17664697029042e-06 5.030050675225189 1814
0.52 0.000380909897669926 9.519971474573486e-06 5.400534403639847 2178
0.56 0.000457520669952572 1.221956842914126e-05 5.593920333005935 2498
0.6 0.0005443274170333322 1.477743503132426e-05 5.780039348633315 2622
0.64 0.0006477247850412812 1.807830112462268e-05 6.034686924870837 3191
0.68 0.0007367990730186301 2.230844676193429e-05 6.085221390981757 3044
0.72 0.0008590525227879387 2.728693148897231e-05 6.333158026535114 2736
0.76 0.001034424401899698 3.246934267942548e-05 6.834117938825647 2276
0.8 0.001123576700118533 4.005277943851724e-05 6.692921998167699 2016
0.84 0.001273734771378093 5.019863191615299e-05 6.885476563931473 1640
0.88 0.001293084228040279 5.652457656208229e-05 6.367423748098634 1056
0.92 0.001615270912239318 5.79526508439231e-05 7.271135602778976 683
0.96 0.001545494991501273 7.87346128915852e-05 6.400436440966899 350
1 0.001838839111065155 6.114911843417311e-05 7.02258950612056 192
1.04 0.00270083583363266 6.528990742699843e-05 9.508038099552442 44
1.08 0.001911806051312444 0.000120495540727806 6.199221081274518 25


0.04 1.806138590993883e-07 1.542415016192011e-09 0.7531353364939307 18
0.08 1.385638466603705e-06 1.475919843982941e-08 1.158229267780039 62
0.12 6.124953824370048e-06 4.900084059380769e-08 2.061964638007936 98
0.16 1.129122142116677e-05 1.741236887959857e-07 2.073054636125524 210
0.2 2.161117293493258e-05 3.027289840798162e-07 2.52627161142772 350
0.24 3.666976856933182e-05 4.992837619306716e-07 2.965912630916097 450
0.28 5.262520170628535e-05 8.678376322107586e-07 3.092181491280522 602
0.32 8.022884161215673e-05 1.177747232012289e-06 3.575456563337971 762
0.36 0.0001134473372102499 1.964729894640774e-06 4.004963607081565 1142
0.4 0.0001435592902518839 2.777881506504021e-06 4.114493393814536 1250
0.44 0.0001834404443998831 4.000041234522761e-06 4.327122832688532 1458
0.48 0.0002480045930177565 5.236881538777815e-06 4.896792228205608 1814
0.52 0.0003074206337062789 7.048544493964894e-06 5.17562177805134 2178
0.56 0.0003925333400139879 8.476760420471419e-06 5.697279743890379 2498
0.6 0.0004399777368207812 1.089594289978413e-05 5.547341858382715 2622
0.64 0.0005106573440820564 1.37601400066486e-05 5.649544700073615 3191
0.68 0.0006197336582831771 1.583088665099694e-05 6.076346999131004 3044
0.72 0.0006861026455891115 2.043781506509324e-05 6.0057987263782 2736
0.76 0.000822793112607771 2.439720879934929e-05 6.454309400851478 2276
0.8 0.0009620825766503642 2.799362145212618e-05 6.803136531624203 2016
0.84 0.001095190467175073 3.50170205842406e-05 7.027857341292617 1640
0.88 0.001042705938731288 4.18258869209054e-05 6.096100563854759 1056
0.92 0.001269826866190368 4.434294416635346e-05 6.786870355619041 683
0.96 0.001364026081356438 5.352165187969954e-05 6.705196953572401 350
1 0.001132600201474931 5.897694558561506e-05 5.138441859160901 192
1.04 0.001184989286140896 8.724513132320215e-05 4.959408852494413 44
1.08 0.00238125369240114 5.676036197806667e-05 9.159340667769337 25


0.04 1.004392199825158e-07 1.778993414764711e-09 0.5412870910033731 18
0.08 9.080542230839711e-07 1.444772413483916e-08 0.9044195861403164 62
0.12 3.141473171899694e-06 6.229878636863191e-08 1.259224680410473 98
0.16 9.578333769982017e-06 1.333852015223882e-07 2.039272959732813 210
0.2 1.798831496718286e-05 2.338046958032477e-07 2.437543716333269 350
0.24 3.001227542943468e-05 3.926301003459216e-07 2.813399269173833 450
0.28 4.359588599027859e-05 6.754744263631255e-07 2.967940849032395 602
0.32 6.563408458215007e-05 9.286062563163448e-07 3.38856800454246 762
0.36 8.844787724205778e-05 1.62549457401095e-06 3.61848479638165 1142
0.4 0.0001215111825597306 2.112753946336236e-06 4.032700107323462 1250
0.44 0.0001619912899913471 2.91173174024962e-06 4.423372009991226 1458
0.48 0.0002029816202413426 4.128589979743233e-06 4.641475737608666 1814
0.52 0.0002519537507881237 5.549006101129564e-06 4.91220254677676 2178
0.56 0.00030745068823942 6.973205310931156e-06 5.168375446315842 2498
0.6 0.000386442182125999 7.986931278307653e-06 5.6403335338653 2622
0.64 0.0004264451857012139 1.057287156237814e-05 5.462522914312458 3191
0.68 0.000509639165456964 1.242473556658793e-05 5.785782440650294 3044
0.72 0.0005968322212206554 1.516654170408209e-05 6.047978807212657 2736
0.76 0.0006824426961878651 1.901818669016984e-05 6.198196639676008 2276
0.8 0.0007295820880517704 2.376451946414292e-05 5.974799317853651 2016
0.84 0.0008626301174554669 2.852053108339948e-05 6.409894409023201 1640
0.88 0.000911294904190231 3.105291687604533e-05 6.167592337367653 1056
0.92 0.001051904264012169 3.446224152769401e-05 6.509132320547551 683
0.96 0.001174170436401784 4.008645012586649e-05 6.68188511320164 350
1 0.001027193803443621 4.253259366868528e-05 5.394226643361831 192
1.04 0.001093156826846011 6.332480696895759e-05 5.295350472457911 44
1.08 0.001226746980951087 7.104718531553273e-05 5.468457399751252 25


0.04 1.204215306225728e-07 1.015065192968518e-09 0.6859253573027118 18
0.08 9.719258980947016e-07 9.144931046632844e-09 1.081319114335083 62
0.12 3.673981677929931e-06 3.783240875689721e-08 1.648254115382262 98
0.16 8.660724934019125e-06 9.994605526972479e-08 2.094996081970292 210
0.2 1.443186277418793e-05 1.987753381930425e-07 2.228054469013351 350
0.24 2.449969185659287e-05 3.284862804044296e-07 2.613673034249692 450
0.28 3.627381659593621e-05 5.538416548228434e-07 2.808838470002043 602
0.32 5.483923038488625e-05 7.583256614003979e-07 3.219241716811875 762
0.36 7.542680863485132e-05 1.298765943868817e-06 3.507736178254544 1142
0.4 9.310793195084386e-05 1.875956677598962e-06 3.515386230916051 1250
0.44 0.000121585300106157 2.6341398344989e-06 3.776943739249047 1458
0.48 0.000168405589818658 3.38953747833517e-06 4.377290713887944 1814
0.52 0.0002174512792456095 4.381011209621009e-06 4.817767854827006 2178
0.56 0.0002583136589753072 5.687773552308545e-06 4.935258751429282 2498
0.6 0.0003173962265907718 6.631848116757701e-06 5.265249732672934 2622
0.64 0.0003713969706196237 8.286521936251629e-06 5.405742756647618 3191
0.68 0.0004350053697168355 9.90634425210558e-06 5.611842292170697 3044
0.72 0.0005160059624351498 1.193436329791564e-05 5.941528897390801 2736
0.76 0.0005802850678541477 1.5230716314586e-05 5.988930293698901 2276
0.8 0.0006868769121547521 1.72121891246456e-05 6.389847861056037 2016
0.84 0.0007961261477418112 2.114776359393053e-05 6.720522545347375 1640
0.88 0.0008629399605744355 2.221115790796755e-05 6.634359722191692 1056
0.92 0.000943604169752026 2.61124079182151e-05 6.633853174547502 683
0.96 0.0009433041283735699 3.400962518384952e-05 6.100692517014797 350
1 0.000816518553107788 3.59147340418854e-05 4.873240006733142 192
1.04 0.0009418397140114301 5.029971721898293e-05 5.18411239720638 44
1.08 0.00172785256350625 3.435795366182821e-05 8.742026970574395 25


0.04 7.01341910527612e-08 1.237230115962354e-09 0.507819606717788 18
0.08 6.193975412628809e-07 1.021293042293371e-08 0.8046081538382962 62
0.12 2.85610999229302e-06 3.47734839907604e-08 1.448545486312785 98
0.16 6.547910875982842e-06 9.424367654323326e-08 1.786988480876561 210
0.2 1.199540953331849e-05 1.704400294220188e-07 2.07919183988473 350
0.24 1.97499755561713e-05 2.906362824930221e-07 2.365127551456816 450
0.28 3.037076878659124e-05 4.712130099313966e-07 2.637116971746319 602
0.32 4.7005796949855e-05 6.29549616178906e-07 3.092255506039629 762
0.36 6.593519178421195e-05 1.057547528244279e-06 3.435267429767306 1142
0.4 8.389760306512679e-05 1.485883917871042e-06 3.547606898383184 1250
0.44 0.0001186826059064665 1.927426833066538e-06 4.126383833541879 1458
0.48 0.0001490759819461859 2.72740867217616e-06 4.340025023358989 1814
0.52 0.0001882996710558826 3.601011844633032e-06 4.673183339958444 2178
0.56 0.0002271185359551548 4.599262217363644e-06 4.860095007291136 2498
0.6 0.0002609361212034519 5.75966072678668e-06 4.84973686006731 2622
0.64 0.000323629706305133 6.772336664319388e-06 5.275915889809245 3191
0.68 0.0003683039572771158 8.318632519507298e-06 5.322199246549973 3044
0.72 0.0004446846611789006 9.859687603991796e-06 5.734961333745321 2736
0.76 0.0005115237229457425 1.227877968515558e-05 5.91248162061017 2276
0.8 0.0006005129279748488 1.402760261281162e-05 6.256599433677376 2016
0.84 0.0006914546778534173 1.735384813667484e-05 6.537255239801144 1640
0.88 0.000677424384830254 2.02116797031635e-05 5.834685873957587 1056
0.92 0.000736214927474057 2.38045188565802e-05 5.7985710823407 683
0.96 0.0009289663543787438 2.458981298299409e-05 6.72637101459943 350
1 0.0009608732386175405 2.185792084306385e-05 6.417679333872361 192
1.04 0.001354908276636167 2.494957149897679e-05 8.341952070063453 44
1.08 0.001554252586358428 2.635303849059479e-05 8.806108969835442 25


